116.0,47.0,42.0,57.0
117.22752752204215,47.53492484957995,44.20866937966237,60.593874724586755
129.3840611698386,47.41775971345819,46.22173454213134,62.473588275459136
135.5718793800667,47.672913430305854,47.50167672338155,63.67022816697709
143.76735949085506,47.64485583978213,48.57175213735779,63.72634334802454
150.80454089400516,48.50483068603214,48.612937735459965,63.77083720607483
161.01537805182483,49.876236760679866,49.380793249914305,62.79381920928718
168.0872297695682,49.75645409711521,49.344044643240125,61.270015182814916
179.88740602256715,50.173551588259954,50.09558239188402,60.43582020052543
185.8286539075625,51.41596966757845,50.38431401597198,57.950984041888425
191.79145142500886,51.70865386603903,50.39390817097685,57.36561564496728
192.62314331870678,51.95095196322794,50.426636636703044,56.88101945058945
197.035160485947,52.67319014357278,50.048202106727715,57.125663050800796
204.32444109243937,53.93939108685812,48.964497872767495,56.28011828660817
212.27215446101408,54.348911845154674,47.976619087582,55.46107677001507
219.1761204144072,54.22303786197712,47.191676715448544,55.71282473637018
231.37217273362356,54.09334850539717,47.086878286992786,57.59135719686189
239.7756290082541,54.13382209730452,46.74396363774203,59.15680980304822
246.75293233604583,52.96586699335376,46.108254635633,59.82785780426543
253.22361846208616,53.620486706536,46.48515373613725,60.18340229697404
259.11789088460694,53.27666653036886,46.43108257342212,60.87104264930833
264.6878859717311,52.61497959331159,47.09286599814117,62.194416523422866
270.95881761921623,51.853531803502314,46.56963064650623,63.71731210304141
270.0009949037576,51.83210414548016,46.75373013591274,63.76016741908572
274.1695172731466,53.588315031876725,47.09277062419399,61.98296269170443
281.39791080914,55.21150321057826,46.34575988826614,60.45030837630873
287.916354462881,55.46945621807512,45.05597114428993,59.934402361314994
294.6395594610242,57.52112916185817,44.80344898564184,59.12952843315847
294.71835676692916,57.77145585176072,44.645854373831824,58.62887505335336
301.376451066996,57.750383140435304,44.31080611005166,58.6710204760042
306.3358113943823,57.385956956685206,45.7167863924921,59.3998728435044
311.2018912636661,57.60109107752555,47.54772064489428,58.96960460182371
311.7653834250751,57.94254834691265,48.09576181138699,58.286690063049505
312.1436314726462,58.22575197522658,49.01265707928363,57.72028280642165
312.90755893177777,57.65310589563528,49.16423685877147,58.865574965604246
314.83809160836364,57.17036771919303,48.70225359787732,59.83105131848875
315.2324097777537,57.10750860936642,47.91361725909719,59.95676953814197
316.1483578067021,57.60103246726809,47.7778186257905,58.96972182233863
318.38983638211096,57.38321622389406,46.65236582811462,59.40535430908669
321.8883700706531,57.34684339483699,46.32401404406946,59.47809996720083
326.0550344610139,57.79391012403073,46.305448233415376,58.58396650881335
330.7936767452129,58.021603164828115,45.073013490986604,58.12858042721858
331.0804653230163,58.46380620976332,44.49943633537972,58.866141847830306
334.952952224647,58.11299270601019,44.87380693082116,57.943899975596
337.1246403179836,57.727218953693125,43.76223592351904,57.099544890544564
341.6030399092931,57.73248928243787,42.729931578345074,55.50410526556609
342.0082377963394,58.422891702117724,41.91953580425243,55.66701972808146
342.46297555086215,59.228202392845844,41.010060295206955,54.05639834662523
342.5877199499289,59.49345266748128,40.76057149707346,53.52589779735436
342.3949234259681,59.775853660869075,41.14616454499503,52.96109581057877
342.37664279186623,59.27432590054272,41.18272581319881,52.485070064323786
341.50963704142407,60.079403471880156,41.44434098327883,52.34731125245313
336.7653998914115,60.973122169877726,42.085594283879445,53.50894752293283
336.38327203446937,60.824103246057746,42.84984999776371,53.80698537057279
332.5078774300017,61.22932269465921,43.00210013549205,54.51625428761129
330.21490654145236,61.1153320061879,42.988911085046254,54.74423566455391
325.65322827338144,60.9702914313588,42.89435464916307,55.0343168142121
325.531420342795,60.95944305275628,43.137970510335975,55.056013571417154
322.436068463613,60.76480560267756,43.15462689502408,55.445288471574585
317.9976244945179,59.00179545230645,42.73310012599493,55.87183720324368
314.8262962466715,58.942693795447816,42.87822225682253,55.990040516960946
308.5951293416746,57.81898314240207,42.91212600016461,56.68390806472097
303.6123336190439,56.467116930367084,43.48958738109265,57.82295214473538
299.47110393309765,56.23106910404169,43.81466549540686,58.295047797386175
293.5709068380531,56.24267578999573,44.387202622679524,58.27183442547808
287.8350029432261,55.379748499134685,44.56817234326522,58.384712140190416
281.40594934945915,55.96616898102803,44.48507056904213,58.82952229662335
274.94068211793865,56.4555013899698,44.430995289180814,57.850857478739805
268.95543001686474,55.76082885606859,43.54335501369327,57.63293448683778
257.17086885763257,53.42841007361627,43.270572331192426,59.118851384947064
250.107238237108,53.53950696734341,44.537067585858956,58.89665759749279
244.1809913087903,52.87763155145451,45.014921525905,56.970511310245065
244.06695694150682,53.19329820122889,45.24299026047199,56.3391780106963
238.28269694589417,53.23625513749454,45.630190272821054,56.25326413816501
232.8616230500558,53.81257105190359,45.25636419576413,55.1006323093469
226.8009804559859,54.495570077355445,46.32798758742517,53.734634258443194
219.30229192710277,53.6948826879339,47.15297701796251,52.18658956456875
207.28253122125147,54.50487177481549,47.733991500036865,53.69441231475598
200.5052965797111,52.26292366008023,48.51559634382627,53.38848437949223
188.8092948579893,49.83668770563449,49.44698092089312,51.82363661227609
183.14564440097587,50.71102070022098,48.0166572345274,51.66967369815218
176.1426128567724,51.21335873983982,47.896320836043046,52.234597561902405
168.81501774791175,51.00983981478505,48.363057741232794,54.21813022451545
162.30327272954136,50.16844241707377,48.46819749367389,54.28613123440054
151.3670959321477,50.15010162110143,47.69513347744724,54.32281282634523
145.07030866742394,51.1801745907517,47.44283581507696,53.86840091102191
138.68212629059056,51.6641187419277,47.46199968402256,54.49516271926005
132.34536038217558,51.48338752561568,47.29817722732133,53.25195586769268
126.40696940142529,51.44581147607403,48.09555138445533,51.74433542329504
125.4191442072394,51.326004738920616,48.49918261225961,51.98394889760186
120.7957263771739,52.39843181962175,48.252976647504525,51.421268340347275
115.97061965143114,51.923698242938315,48.486340751478814,50.801260602462264
111.08521191396446,52.506807828872425,48.876288085208174,51.19851945412804
104.2681400617009,53.426574393041236,48.32755552783139,50.934861466001955
99.65549515261984,53.10412633328382,48.174528250521305,51.57975758551679
94.30405448793522,52.63982802910879,47.882476002886165,52.50835419386685
89.42494350294689,51.99823783686283,48.15746814378685,52.21099627351279
85.01463090331455,50.32367825468069,49.07667610931151,52.39954854438108
83.25830001298516,50.0716043088331,49.39366473491857,52.903696436076245
77.93847177081736,48.50368329329354,48.758106437830904,54.428793498380614
75.69761057592115,47.533905374381334,48.366697891193326,56.368349336205036
73.41632674769255,46.728422517997984,47.98476454418007,57.97931504897173
73.3807758213801,46.05408489824227,48.05586639680496,57.66112134309036
68.8182791727576,46.44723512749737,47.20216597328389,60.20105212483553
66.11757029442879,45.31074731414962,47.538715254621756,60.78573825975778
59.32866755582813,46.66099831018807,47.494880896559884,63.19335120590456
52.21806678313992,47.89236707299502,47.80621473579879,62.46934714355784
41.783140355754995,47.67398773691155,46.1499182032366,61.173325093622324
34.80859982084271,48.19087461109834,46.6111198070725,61.82553627849734
29.366234403350695,48.6473041390645,47.27511134253477,60.91267722256501
27.0703214061453,48.97111049374821,48.46622269011126,60.26506451319759
25.113560415515217,47.56649481679142,48.96018161164851,59.65473280738825
25.131259877513877,47.1354240895858,48.92478268765119,60.5168742617995
25.340631062365883,47.18875265724686,48.506040317947175,60.41021712647738
28.299872353985833,47.41349912352388,47.725518368338,59.96072419392334
28.33964862585266,47.67075786254854,47.645965824604346,59.44620671587401
34.58190459315196,47.377818871333616,46.948959903251996,60.032084698303855
41.17050684795931,47.60011305624388,47.22446204913551,61.26908466042063
47.4088928623268,48.5242444489669,48.38750690043143,61.125798984978445
63.10940988391059,48.59767124568715,47.97706960777146,60.978945391537934
72.47296113554319,48.49793689977436,48.090611294116755,61.17841408336352
79.08400614318559,48.51827650193634,48.60998884929551,61.137734879039556
85.90249378545916,48.02565218407833,48.77695964575187,62.122983514755575
91.91376933721907,48.32763755756323,48.957447764792946,61.51901276778578
95.07519655749395,48.42879559088037,49.58248492925558,61.3166967011515
101.53316191753501,47.52060050815376,48.87454028272323,63.13308686660471
106.71240877855887,48.16862966428715,49.077984338492776,63.59735151730749
107.78137422097939,49.36129891059324,48.71078135212896,62.98274092317253
107.67204186964346,49.33715448697062,48.92944605480079,63.03102977041778
112.86452503764261,50.408659635387544,49.10242374159423,62.64767681071588
