148.0,170.0,31.0,97.0
143.4736827917766,171.48088258829455,40.05263441644678,94.0382348234109
141.5066120169994,171.75318417153593,43.98677596600118,93.49363165692813
143.1194577094829,173.24598665727223,45.020410998611105,92.637689894244
142.2008932431979,173.57014005275792,46.85753993118111,91.98938310327264
145.1693403563879,173.54272212018446,45.23563475225145,92.04421896841959
145.52696573324826,173.70879926230424,44.52038399853067,91.71206468418
150.00187710414346,172.36834358969253,41.90946470699765,92.28000821265094
149.9636680114691,172.65245661883642,41.985882892346375,91.71178215436318
150.17469904073187,172.73105364931803,41.56382083382082,91.55458809339994
150.67528611988254,171.43561503716228,42.62171257889617,92.08639941433476
151.62522332940895,171.81042260839916,42.807164556449614,91.33678427186102
158.4267996353263,170.67789199597135,41.66994367836823,93.60184549671663
157.45319373935615,170.62065284678488,41.5265056014982,93.71632379508958
159.03923062958626,171.3049818389107,42.53400549919197,92.34766581083795
158.9869869568369,171.60735414760626,42.638492844690695,91.74292119344682
164.85453155037382,172.49190938903587,43.38713270055535,92.054432217744
164.14125424257557,173.0007000875817,44.81368731615187,91.03685082065236
162.864577005183,172.75527272296983,45.25885007356759,91.5277055498761
169.37833679613686,171.44018796551075,44.969852348181426,94.15787506479427
168.36788936405927,171.38590175010307,44.83426378609324,94.26644749560958
168.6097103608843,171.31373632058427,44.350621792443185,94.41077835464722
170.00779723434565,172.8429703340488,45.85319583291995,91.35231032771819
169.89668837999645,173.2769178236745,46.07541354161831,90.48441534846677
172.5625040461622,172.6036353773946,44.98764114317563,91.8309802410266
172.02529198793658,172.73970430417506,46.0620652596268,91.55884238746566
171.90560438188328,172.75501613621793,46.30144047173342,91.52821872337992
175.47245796771216,172.19064277816844,43.44999917984056,90.51583249959644
176.59061134639882,173.86101758581663,43.29058529595554,89.25197575778836
178.6678075019699,173.7445845723635,41.19186420114178,89.48484178469465
180.34212745870877,174.0992538270995,39.86568779170277,88.77550327522266
180.18716946760335,174.52868999286835,40.17560377391361,87.91663094368491
186.96278881204555,173.219041301327,40.497416787938974,90.53592832676766
186.33948738506598,173.63100821584408,41.74401964189812,89.71199449773346
186.05875594858082,174.86001488815842,42.3054825148684,89.2894074922421
191.23870046390982,175.45835497320047,42.14095189340971,88.09272732215797
190.89513387224656,175.1915422767616,42.82808507673619,88.62635271503575
190.60653492357065,175.37433986070297,43.40528297408806,88.260757547153
192.06510672017234,175.08398639324886,42.53131782884013,86.79828603410571
193.1902033691594,177.25139151209572,42.28776335531133,84.47011462085729
198.56620384826348,175.75233159195201,41.377564556602294,85.49987402924489
198.13264301959734,174.8556263421731,42.24468621393459,85.32565071331021
199.0579070170602,171.53518235882805,40.39415821900886,89.98640306167941
200.00099502565135,170.81953216718165,40.523745186068176,91.41770344497226
200.3489305460326,170.29618054648444,39.827874145305735,92.46440668636663
202.72952928963775,170.1587758013519,39.15007732482604,92.7392161766317
202.7367773398352,170.3109560100336,39.13558122443115,92.43485575926833
209.4616764700784,167.83558768604235,39.888973161293585,95.35656523620098
209.24731871045495,167.152656005798,40.31768868054047,96.72242859668965
208.46931590025102,168.58269574773914,41.873694300948344,95.97426641665041
209.1976614603373,168.2658839572142,42.54563042669247,96.60788999770021
208.58166390571714,169.8265964700293,43.77762553593278,95.6361157038667
210.82262061301344,170.18501458176786,43.6100825040809,94.91927948038953
211.26581550463226,170.34499152392206,42.72369272084324,94.59932559608116
212.72841941434513,170.75482182100512,41.92212554831439,93.77966500191502
212.7745160137654,170.95637207041915,41.829932349473815,93.37656450308694
213.7475402329654,170.60258313657096,41.974077422274505,94.08414237078334
215.29372488580213,173.00982954863008,43.08769742246777,91.37264419959845
214.84443833787105,174.45383168851868,43.98627051832992,90.56771369226628
220.44937418664225,173.47467381403857,43.2112722217239,90.43905476103924
220.43837050508415,173.88764673780756,43.23327958484012,89.61310891350125
220.50877136696087,172.25649683758112,43.092477861086664,90.81546080104245
220.28881113764794,172.48509471785698,43.5323983197125,90.35826504049072
221.58960241036502,173.1671001790101,43.00684265339781,88.99425411818447
221.84208838307416,172.73505745371864,42.501870707979535,89.85833956876738
222.94515144174915,172.61985288435804,42.34653295079724,90.08874870748859
224.10432731498284,170.42397599791445,42.079616891317414,94.48050248037576
225.24256949031428,168.38667030478018,41.9137332260793,96.44451318121949
224.82471413065838,168.1099444972381,42.74944394539111,96.99796479630369
225.82648363083567,168.83943926392303,42.90479940349329,95.53897526293383
227.16210895035638,168.6813966678136,42.37401212330904,95.85506045515268
228.0868164525733,167.64930560073486,42.660312432095054,97.91924258931019
229.23983678784924,167.2893202719083,42.52494376880417,98.63921324696324
229.20129401286374,168.24936031816523,42.60202931877517,96.71913315444941
229.05842167578797,168.38449485338703,42.88777399292673,96.44886408400582
229.3020158059897,168.53556023959038,42.4005857325233,96.14673331159909
231.8404686984537,168.24935716428195,41.60450330182958,94.57872778509883
232.0983051885928,169.90829801507718,41.08883032155134,93.36450873915402
233.47707701224095,173.13566148111687,42.48524769319634,88.98676231654524
233.4129606852782,175.4360199262684,42.61348034712186,86.42383654578641
234.57737753153455,175.89344888171726,40.28464665460914,85.50897863488865
235.5598324245733,176.4477428732409,40.26847073211568,86.34912451542539
235.3046929624128,175.10828729782997,40.77874965643673,87.06734827101745
235.0989073385466,174.3460495764067,41.190320904169084,88.59182371386403
236.03848171166777,174.07068401248267,41.320616005852216,89.14255484171207
236.22879409395802,174.27286035469743,40.939991241271755,88.73820215728257
235.74325797145764,172.61644363841458,41.911063486272475,90.0438399903063
235.50815118502055,172.51370011834234,42.38127705914665,90.24932703045076
235.40238814932366,171.47879889400622,42.592803130540446,90.26474824403653
235.50467839301285,171.2857140010338,42.388222643162074,90.65091802998134
235.8614442083259,171.3549462507428,41.67469101253596,90.51245353056332
236.09753994166155,171.44741251177226,41.20249954586465,90.32752100850442
236.1091367729291,171.11566306108892,41.179305883329576,90.99101990987111
235.99798732851804,172.747086641241,41.40160477215171,87.72817274956697
236.6448360051263,173.41659544140754,40.10790741893517,86.38915514923386
235.9595730437425,173.3657300891939,41.47843334170277,86.49088585366113
236.22771010436426,172.78411443619467,40.94215922045923,87.6541171596596
235.4032467642718,171.92628410708795,42.591085900644124,87.37832104781492
235.54319590627597,169.81980574417554,42.31118761663584,89.5751254621571
235.62922777875383,169.75570101855396,42.139123871680106,89.70333491340023
235.4889230137211,170.74127894440744,42.41973340174556,89.77438032485364
235.68597241971452,169.09422944004956,42.02563458975874,91.0203469970268
235.94075155628067,169.69812087923637,41.51607631662644,91.87195345666434
235.66800733045972,169.36015647004984,42.06156476826834,92.54788227503741
235.51667220186587,169.39849034201904,42.36423502545604,92.47121453109904
159.30256578155013,172.7186133331188,48.74330411118697,85.8309685488995
158.2344642258642,172.06424918129036,48.780444008409994,82.9415704242586
156.97606296992407,175.27762128178267,51.29724652029022,78.57167488956779
156.5572283736465,176.15201416300158,52.13491571284538,76.82288912712997
160.2563083663571,182.27406688224377,50.80127486822743,72.66480920971658
161.22633178023224,182.85192862658005,48.861228040477144,71.50908572104404
162.938356608484,183.30326702616767,47.32436698834974,70.60640892186875
163.3634173311201,184.6666607967866,46.474245543077586,69.72772883322567
163.88147140739537,184.65766579613114,45.43813739052707,69.74571883453663
166.25035113081327,187.80845669102058,44.3079637412108,67.05172284227729
166.99241656387272,189.05050666943797,42.8238328750919,66.31215084575668
121.55398789298764,167.90935517800577,36.30497215441672,77.83791128258572
166.94472237895303,187.53242648904643,40.96992673141588,68.6397168147972
171.45067586789156,191.8801695732383,40.5196748713569,65.08122371710421
233.33530826839868,191.69506057969522,40.62959451011954,72.0583315409785
241.6949580949488,182.05042083844995,39.72575531370998,77.28942395085502
241.6555369867336,178.54071928875675,39.80459753014036,82.4899604398814
242.3295237375371,176.6944005426514,40.35296748605151,86.18259793209208
241.7070462989758,176.6108817975334,41.59792236317415,86.34963542232808
241.47066851574704,175.0643439448519,42.07067792963167,87.45884048642684
242.4852855650379,174.33749055114566,42.049726933796194,88.91254727383932
242.54053903748985,172.94516851388255,41.93921998889229,89.66807192535094
243.9615504709968,171.44874309283185,41.135394483797135,90.62272540553361
244.03303123048528,172.84027204874505,40.992432964820196,89.87768140306399
243.3798629905644,174.29358859435186,40.27408790235825,91.02041139645775
243.75923144708744,171.85166143044475,39.51535098931214,91.84696051676497
243.4928209306081,173.37855975203175,40.04817202227081,90.82040764054784
243.58785332398918,172.7525006311128,39.85810723550869,92.0725258823857
242.09152803538825,172.53701332621995,40.81419539577408,92.50350049217147
241.62568539374053,173.0703155623653,41.745880679069515,91.43689601988076
241.62176059334416,172.90073595065834,41.753730279862246,91.77605524329464
241.17767438521176,173.41534215968815,42.641902696127055,90.74684282523502
241.0677973155158,173.51250970595234,42.86165683551892,90.55250773270666
240.67414529928274,172.96489342853323,41.581781431015486,91.6477402875449
240.84157100190063,171.6635874926248,41.24693002577972,92.18961796203561
240.75143939704347,172.0687052225074,41.42719323549403,91.3793825022704
191.38170625134134,168.26234408437523,43.62282256931818,84.61323544442706
187.60981377907626,169.74984113186164,43.192582328078885,81.63824134945422
194.79408360799593,165.7901725586628,42.42078445530408,83.73040344511
195.2702102457439,165.15928182069544,41.46853117980819,84.99218492104465
196.252592020661,165.96207243835602,43.42736502424905,83.38660368572351
197.0840414957216,165.8165483747497,43.736594860866845,83.67765181293619
196.8741286560371,165.76139828007342,44.15642054023587,83.78795200228872
197.93470316048897,165.80272270188863,44.02583130243096,83.70530315865832
197.7310702837448,165.3706001037072,44.433097055919276,84.56954835502117
237.23290998947564,171.12062945776586,39.681212410677595,91.13073702247083
236.55341781737246,171.42180107589752,39.020392597674224,92.5481979434172
236.35405930070036,170.66601744284378,39.41910963101845,92.03114076467426
235.9806731338894,170.8682479636003,40.16588196464036,91.62667972316117
235.92891263973223,170.5257578822284,40.269402952954664,92.31165988590504
236.53360948075428,170.1480901972837,39.06000927091061,93.06699525579444
237.06322976401563,169.5915710218075,38.0007687043879,94.18003360674679
236.99875138172052,170.020395294934,38.129725468978116,95.35642711085825
236.6556544581048,169.65894088750946,38.815919316209566,96.0793359257073
236.59363610823522,169.29422610655246,38.93995601594874,96.80876548762132
235.59396135279943,167.98107262426936,38.85065605962926,97.34642298499645
235.40168648027557,166.61778260122242,39.23520580467697,97.9782066738405
227.98495935098978,165.5925865816327,43.514883344605245,97.91784336929125
226.80788829254504,166.78783532502138,45.86902546149477,97.71305100466296
225.80924253812606,166.2224752969474,47.86631697033269,98.84377106081087
225.56327868091307,164.3340195170062,48.35824468475866,100.34542314426122
225.291801515091,164.36535835616948,48.90119901640281,100.2827454659347
225.55374907165333,164.7801819601294,50.6915591636666,97.13884299762638
226.3456092287648,166.64007282610976,51.40697002367231,95.71819243989435
227.41596212461596,166.7871023743698,49.26626423196999,95.42413334337425
227.37731389820848,168.05970112301438,49.343560684784975,95.1283520491158
227.58614621974593,168.2485130636064,48.92589604171007,94.75072816793174
230.80949872753905,168.71013232073562,46.94652686533865,93.8274896536733
229.89752945720045,168.51697389963914,46.584500925176854,92.02784201502726
231.37284612159422,167.44372479705834,45.78721194528772,92.02099587129042
231.4231222219276,168.14420451563217,45.68665974462096,90.6200364341428
231.67803188850726,169.28603974164548,47.29404381995171,90.45356939060622
231.59817807109582,168.95228722831567,47.453751454774604,91.12107441726585
232.72258569527057,170.15208225073064,47.35995944040981,90.87650760642057
232.58717448721117,170.94035337652156,47.63078185652859,91.44978209805035
232.15490043141432,171.04555559101104,48.49532996812228,91.23937766907137
235.0107749188734,172.13663548508947,47.132892518846724,91.2318736437358
234.84443604879746,171.68218350467194,47.46557025899862,92.14077760457086
235.4535187591405,173.0335009408807,46.247404838312555,91.60834282624036
235.72115100573225,173.43151184079935,45.71214034512905,90.81232102640308
236.85752559070764,169.1110333372511,45.55985189005951,93.09189588885603
236.9607753604041,168.59280006018636,45.35335235066659,94.12836244298545
237.42039047732732,168.57227576534325,44.434122116820134,94.16941103267169
237.19847187260675,168.5161690838603,44.87795932626129,94.2816243956376
235.26675959542507,167.36462118694212,46.58469633094331,94.42803263979268
235.00919221877135,166.982649311457,47.09983108425074,95.19197639076285
235.7819562124369,168.38192867903,47.7628905373673,94.60200509606452
238.28771736519053,170.31050963762817,47.17421490181573,92.95626651384609
239.85155943466748,171.9996604283379,46.223667084767285,91.755101254332
239.8137070041149,172.78241272832273,46.29937194587245,90.18959665436238
244.22022518510795,172.42613143064696,43.85073949435231,93.02362721986925
243.4105822720592,170.6100776066444,43.34958349034349,94.53529303776804
243.2481054130494,169.77744344127143,43.674537208363134,94.066877733291
244.39938685537342,170.52699914050112,43.50453053478243,92.56776633483163
244.82031472909034,170.40302051490738,42.66267478734861,92.8157235860191
250.237274288064,169.78141188501118,42.31201464581625,94.05894084581149
249.38853186891566,169.40887494460623,41.900932662426015,94.80401472662138
249.88053038066272,168.4002986488752,40.91693563893192,96.82116731808341
249.72670285643227,167.52126539086828,41.22459068739282,96.45526487231663
250.94497287761953,167.77760726485087,40.91217557032236,95.94258112435139
251.14755045881927,169.33236337125422,40.507020407922866,94.94425321179675
251.2684384303196,170.1396029775749,40.265244464922226,95.41935408984094
251.24771777267335,167.76012942098274,40.30668578021473,95.99396698842418
251.3028939042896,168.96081095842618,40.19633351698222,95.69380679203985
250.80952869029957,168.53794282186146,41.18306394496227,94.44463233588698
250.7099818103806,168.84705444310583,41.38215770480021,93.82640909339823
250.912286828661,170.14779989998235,40.97754766823941,93.31376005449481
251.8904617146755,171.01255916028975,41.095482404481366,93.65852604215101
251.6275651895218,170.710625253565,41.621275454788744,94.26239385560046
253.50400937716628,170.90240813221527,39.96775973636471,95.97820075516492
252.98106514820785,170.87818332354118,41.013648194281615,96.02665037251307
252.86788401311497,172.47755171283947,41.24001046446733,94.94210871860616
255.00560474777828,171.73569591996895,39.06706925578628,96.42582030434721
255.1143754131876,171.55813320374168,38.849527924967646,96.78094573680175
255.17621073826297,171.35856554514987,38.72585727481691,97.18008105398539
256.4392144800482,172.15921213156753,38.290023549227435,97.66896163913097
256.4489915062781,171.47309155109164,38.27046949676751,99.04120280008271
256.02377411066885,171.9102839213274,39.12090428798608,98.16681805961122
257.05457509406324,173.41376269572098,39.170731865332904,97.27129005495965
257.5433940901519,174.366581931909,40.292520094644,95.3656515825836
257.74421697412663,173.56228464017602,39.89087432669455,96.97424616604957
257.7991592242258,176.97573036506986,41.888958603164625,92.2553234929303
257.97572305068456,177.0504396313093,41.53583095024699,92.1059049604514
257.42001678992824,175.84338420268386,42.647243471759666,92.45343359074367
257.1315127966644,175.4709612133048,43.224251458287355,93.1982795695018
256.7891478426508,175.34811031117425,43.90898136631465,93.4439813737629
256.8094486540006,173.86888870073682,43.86837974361491,94.27484238286809
257.9463842792704,174.40808809071268,43.73348002026577,93.19644360291639
257.9994763977029,173.8524206749592,43.6272957834008,94.30777843442334
259.21052417262223,173.93928943795498,43.34043568240213,94.13404090843176
259.7705506091767,173.65319735663292,42.22038280929311,94.70622507107586
260.3461138721799,173.03007819055685,43.18560687022713,93.83611281628767
261.27632392384197,172.98806022745453,43.44583233718231,93.92014874249232
261.5421987031171,172.81996361038014,42.914082778632014,94.25634197664107
261.7547036043653,173.47588312033025,42.48907297613562,92.94450295674085
262.02676884902166,173.9880612457883,41.94494248682296,91.92014670582476
230.7013424137991,161.05376939370228,42.464005840099446,90.86495495255708
230.35682345154333,161.7226105532501,43.15304376461094,89.52727263346144
232.21985993309974,158.57944123874253,41.484270399933,91.69901206560684
232.85116775834086,158.4606605619585,40.221654749450735,91.93657341917493
233.11555199598087,158.43491282876425,39.69288627417077,91.9880688855634
257.5696448030929,172.97672111999628,39.56283501134979,91.35836400808452
258.8362658444593,174.70747913863175,39.05060390665379,91.93886992688735
257.6851136833597,177.7911256931547,41.352908228853,91.83263696121364
258.1423030334999,176.48894112368262,42.49793247080618,92.37760315792417
259.606761322979,180.85827104064637,41.65641225239902,91.98852876620116
259.7861664625003,181.15236733604738,41.297601973356485,91.40033617539916
260.84431738432147,181.52466181205997,41.23345485777753,90.65574722337396
261.8323317090101,181.910196416455,41.29763950684831,91.92489131303205
262.82994392132053,181.00015752645265,41.36218675030583,93.74496909303672
262.38876889171877,180.3373658577051,42.2445368095093,92.98324281006532
262.0718121574817,180.44241723066372,42.87845027798343,92.77314006414805
237.80721694306382,159.90704967537664,43.11203918183134,89.74789117364625
237.41908519116157,160.35924920675384,41.82849656124259,88.84349211089189
237.959049103137,161.93198088521237,40.748568737291684,87.72228284025937
236.7801902855707,162.09616190119473,41.11722039287724,85.40485482874766
236.4910945557167,162.4979239303554,41.69541185258528,84.60133077042633
269.11344410728543,177.7229407513415,39.171413478804304,95.31175698209437
269.6179862857008,174.84441924414105,40.233526879623106,98.99760223884577
268.8690922398731,174.40865873637358,41.73131497127846,99.8691232543807
274.4932768951861,172.33524212706368,43.577550657621934,101.83352230683899
273.9821854324176,169.80830210053455,44.599733583158965,104.64387760379108
276.4349178450587,168.08902305653223,44.29876595406866,108.08243569179577
275.5647785244344,168.48527908753778,46.03904459531723,109.63648291960607
281.63703535075626,169.53377093684085,45.89400168934053,107.5394992209999
280.3247001165093,169.1984461387923,46.1516535793555,108.21014881709701
280.77362802124526,169.11197388674256,45.253797769883604,108.38309332119648
280.8678265204735,169.2033678400365,45.06540077142709,108.20030541460865
280.8142130290229,168.9485914958389,45.17262775432839,108.70985810300377
287.8744368642522,168.47800709161854,42.90788939565769,107.27988504908696
287.6636904495484,168.1689186064856,43.32938222506519,107.89806201935286
289.32506484250035,168.89566663217155,42.33326646273594,106.4445659679809
289.46335171672104,167.61003744795894,42.05669271429468,106.7278961038827
292.4071033317899,168.18082994217806,40.743309560861896,105.58631111544446
292.51322418955897,167.71634124687773,40.53106784532378,104.26815950786029
292.55322748417825,167.91785185897902,40.451061256085254,103.86513828365771
296.7450044192733,166.39243583225002,38.71900429757633,109.13313597434275
296.33003008099644,167.68531375434452,39.54895297413004,108.80878417777771
298.286228172295,169.35336125895378,40.1801613198764,107.74449143273095
297.91700774559837,169.4298321186406,40.91860217326973,107.59154971335732
297.68537406424446,169.43930370001527,41.38186953597752,107.57260655060801
300.9701949569803,173.07529087654143,41.67354934051466,104.87484659089498
300.6758495526306,174.28463778809453,42.26224014921411,102.45615276778875
302.54368384141844,174.068744087148,42.98497100779181,102.88794016968183
302.1138566285837,174.27479377518205,43.84462543346133,102.47584079361373
302.8960557664542,173.1719365284557,44.53776522845229,102.42401721633458
302.61611807592874,172.23753540700866,45.097640609503145,104.29281945922861
303.9933677660699,172.69760570708326,44.649111895866035,103.37267885907944
303.7557778001482,172.76267786096577,45.124291827709406,103.24253455131444
303.8266200395006,172.67827801067068,44.98260734900461,103.41133425190455
307.69418298831056,172.57845899648606,44.12101546680943,103.61097228027381
307.29943749290794,173.12774238746493,44.91050645761466,102.51240549831604
313.14899384509687,171.83171052425004,42.318935592337354,102.82758376497078
312.98660306717613,172.67552378541905,42.64371714817881,103.37552263163374
312.95009980704504,172.42401968319683,42.71672366844098,103.87853083607818
312.77529565871805,172.53747211059022,43.066331965095,103.65162598129143
312.81627811247756,172.47588455566253,42.98436705757587,103.77480109114678
314.5714865609761,171.9158299277555,41.73500688496032,104.89491034696084
314.69922807647293,171.85245114064625,41.47952385396666,105.02166792117936
319.36823208095456,173.5071575375241,41.15031447017263,106.21665444000824
318.98875268660015,172.1134601175831,41.909273258881385,106.7405680875523
320.6359463921386,171.5499012014263,40.89949056642101,107.86768591986583
321.9676918825002,171.71685421970224,40.518675963513395,107.53377988331397
325.0662322379717,169.78470154023807,41.13470699466288,109.12704799487815
324.694128162937,169.3101098714477,41.878915144732346,110.07623133245883
328.999407930872,169.35120179523037,42.59622146921562,109.99404748489356
328.4087270388845,169.24291231224046,43.77758325319061,110.21062645087336
328.1903647710913,168.87042436114092,44.21430778877703,110.95560235307246
334.7599404669246,169.92467235698211,47.78025479311698,113.61999161739193
334.3877787503088,169.95226171129124,48.52457822634858,113.56481290877365
334.14486968104114,169.65193432437982,49.010396364883974,114.16546768259649
333.5155417005479,171.33562492461834,50.26905232587041,113.31605177998438
333.4756155754885,171.6160248422149,50.348904575989174,112.75525194479127
343.7101473952426,170.24195517764718,47.52773640995185,115.50339127392667
343.8970686478641,170.1214430128099,47.153893904708816,115.7444156036013
