15.0,36.0,24.0,27.0
16.101152664633698,34.0827417097315,21.797694670732604,30.031714432444094
19.59926205787133,33.00039144562407,20.49690025515555,31.3827829076735
21.994162217408146,33.40764996353273,19.76957008108641,31.380759900857086
25.06341554735986,33.470215297265646,19.233245288128415,32.05594092866916
25.648114216496033,33.86088468417708,18.86521624494621,32.075970449936435
28.37320273063996,34.55588859017702,18.983194451794958,32.27686413368987
28.596784035833767,34.921413625605425,19.336461571731043,32.346243793156766
31.253938729415395,36.24062449445704,18.866723373264495,31.322679118352433
32.199497700695524,36.77667061694023,18.544156299332858,31.034862307700365
35.3161867143299,37.3228694170511,18.50719898615803,29.94246470747862
36.4224409304817,37.7079180189765,18.567656224032405,29.930022727020482
37.76426686645272,37.9746339574059,18.15945819015026,29.396590850161694
38.31928304721396,38.06420013509849,17.79309475042126,29.2174584947765
41.114720725443966,38.76050919162259,18.08092470696114,29.294516709978282
43.37857265666749,39.745622223041835,17.99818095401198,29.54677070188871
46.19276012852541,39.383749995450515,17.57218477788242,30.270515157071365
48.47441201491071,39.6910886568027,17.489466729175017,30.402602121710853
51.30899456842096,40.855405937282065,17.79886567231346,31.063249585831603
51.58311160797638,41.15801215110735,18.01299253531007,31.220398100288477
54.734204737921885,41.868933506035305,18.625711977201895,30.566878246186214
55.170475545721075,42.169026821418335,18.522129673880208,29.96669161542016
58.36282078122,42.68619843165352,18.203579352862636,29.690615913697314
60.747738975216365,41.78456548204515,17.9265206651921,29.99628924614
62.51545858105311,42.160166400400996,18.883173463585276,29.2450874094283
64.21609179554565,42.285502997874765,19.249512229234117,28.99441421448077
66.5348560643636,42.50587484149794,20.658880873289355,29.3095326749458
68.2974300961192,41.747063581970735,21.053485475555927,30.043204660844644
71.35575626876708,41.531995091407545,20.54770296107558,30.47334164197103
72.60094885270674,41.508244157541725,20.456330586895284,30.52084350970268
75.25225634883932,41.34256573924519,19.946929851194007,30.852200346295746
77.71699998946262,41.20902285830658,19.789629705634297,31.119286108172957
78.10944241603949,41.86234960067879,20.59821762904505,30.60936901171078
79.42602808045578,42.37941758752465,21.977829783355986,29.575233038019068
81.68364697246128,42.64928909260253,22.320505524881316,29.035490027863304
82.07418631425844,41.82123701854057,21.539426841287003,29.077542934199165
84.08910362959563,41.56715464498649,22.279020394298254,28.790802984026378
87.28386100921603,40.96538420815294,21.50779714302137,29.994343857693472
91.08855379983842,40.552596311541436,21.17311031525864,30.01161978941849
92.84981079156442,40.38327089907939,20.862791324821938,30.35027061434257
95.08314920098412,40.39304394539714,20.41130255352752,30.33072452170709
98.3879243369255,40.01419495891592,19.368577267122102,30.293161782458476
99.28779369714567,39.492290722254666,18.34616809538366,31.336970255780976
102.98451758578106,39.00905222771391,17.158290748436304,32.303447244862504
106.21398045747426,38.435247346867754,16.85730150013425,31.911572882783716
107.31208371070366,38.38103071076519,16.937527719711113,32.02000615498885
108.02370916112572,38.50200733446286,17.03784326572481,31.778052907593498
110.6208916486618,39.5094460328569,17.16307359701274,29.763175510805425
112.41535628564476,38.519039325180955,16.503367732579257,29.547071369007966
114.43604243964457,38.252258242218545,16.051465829600282,28.64484537292452
117.6659468849924,38.09448730435915,15.863389648452856,27.56666886874371
119.90174324191133,38.41729842392816,16.135706469019254,27.59874799166344
121.070668475439,38.53729762948464,17.211813647567773,27.358749580550473
123.51799322684711,38.17657215518354,17.198519371620613,28.080200529152677
123.27785362042962,37.25844194572423,17.678798584455578,28.500692866565558
126.37555348369493,35.77213284510184,17.26121175617383,30.028857843248137
129.09076985364737,35.90640987629731,16.996139992289265,30.498212491717243
131.95562038249284,34.31499690735247,16.44887454660629,30.719646651316648
132.83561956353645,38.12203404184776,17.62592798913969,28.245413040412203
133.8898070423446,38.505546742408825,17.670135497763834,27.478387639290084
132.3316742870692,6.772611833244937,17.959227171506157,31.573606884639815
131.00831099041082,11.615573898595407,19.060666969051404,32.70469032433947
131.91880527294117,12.604218540359774,20.472047626408735,33.15167795762426
139.23949298506372,29.645314429442514,20.08594470535788,32.61130383403345
134.06623963775726,14.939241491493284,21.36848802898594,34.007562926887914
141.73336351846416,30.748399554908048,21.628837936600227,32.71207560094636
142.05721053349123,32.014553654075385,21.832444872680014,31.03106836874561
148.41377711695216,39.05432522993466,21.559403441938983,27.732938055050454
149.8768674550763,40.51431166807243,20.182690398514325,25.58769899518674
153.27091446547212,41.4761209153689,18.431348300277428,24.38361648953018
156.904617891949,41.48941621339112,16.544905441945506,23.684405394158016
159.68163132484344,41.277420478517136,15.408111930685365,23.47736352754472
160.38187332229444,40.57594624653761,15.225757053728643,23.05311831458588
163.02621956364646,40.3744764435482,15.333986137690388,22.85639996871295
164.19034563177058,40.827333901361484,15.39973225357246,22.549184616118946
164.7468431406063,40.75748123087929,15.476664008088504,22.093926570989574
167.2377988470172,40.63612110362717,15.209665440985866,21.747282719778923
170.18827950178306,40.48436493242855,14.52616751057161,22.05079506217617
172.14521414725994,39.49933955536373,14.623017322376114,21.729006329015363
173.5756927643296,40.756819157657006,15.180451398756212,20.923242779688522
175.4166154475989,40.043671412118,15.465933666465666,21.216016089552795
176.15514126460698,40.17065051100728,15.716556371902481,20.962057891774244
178.7450918386531,40.08649920775596,15.145754125499124,21.13036049827687
181.703301993258,40.16138675383068,14.35330893498588,21.549915974871496
183.78236316385895,42.81220418209403,14.133094987318081,20.74874785381236
186.30211115502004,40.98340535152535,13.468357927068826,21.125276323395028
188.1610652849561,43.321221887684914,14.081931218061927,19.698254414224785
188.26111349104727,43.01261360886851,14.411964907066015,19.255210769484652
191.48010699391756,43.202905924022836,14.31979921532641,18.874626139176
191.77226012356817,45.44026796679333,14.257008049829455,18.05050771026491
192.423362534684,46.202318007319356,13.462705421693759,17.542212017404818
194.76828013376996,46.705899874398085,12.670539386233763,17.02225692858635
196.79048288868185,49.3576479718902,12.823247254579385,15.915874111771455
205.38494880164237,53.08963202283898,12.355688360617389,16.134698978611837
208.26688902677316,54.25394117482622,11.516284711932203,16.49215893004269
208.32895577667543,53.77906388580958,11.392151212127647,16.123910731839075
209.88554195056798,54.1864143391636,11.30101247004639,15.740928911660143
210.01392152449392,41.00485362511231,11.044253322194484,16.214434514734688
212.52562347197878,39.89849766840039,10.72154470516325,16.717802690726387
212.86998808898608,40.45493793636933,10.462344006856341,17.323036297619087
