173.0,55.0,10.0,20.0
167.01776174274804,53.73935466920681,10.318650169819634,19.726292338862148
166.6178030570193,54.55576500665052,10.651253459659074,19.028099827210774
166.70521192925565,54.82770709923187,10.476435715186346,18.946929448469202
168.0214904558943,54.8791032318676,10.59508706200832,18.844137183197745
159.57797246588186,54.69235833613298,10.038708932587532,18.75858976126051
166.51035894191662,55.0994008090932,10.070399036415793,18.841050818946393
167.19510767973182,55.09265553028422,10.05099267686776,18.854541376564352
173.41743780263468,55.86300544894081,10.203428391312588,18.663530392135154
159.8387677287994,56.0387438957875,9.929645517146604,18.76174403978338
173.4184107158063,57.82148715827856,10.003740772238533,18.3213996230593
174.90130376181946,57.57125651047558,9.685340596120419,18.380629932680556
170.30344587738796,56.79234269038824,9.71143672788185,18.19186335626447
170.35640218716154,56.90413631608324,9.605524108334716,17.968276104874462
170.41343524129363,56.45869257193005,9.491458000070502,18.000740980294765
170.3461235509207,56.350689519394386,9.626081380816363,18.216747085366098
171.40731413717174,57.82375526182102,9.66980346131405,18.30316015471254
171.5869716132679,57.70596010016809,9.31048850912174,18.103508110724633
170.82939864007466,57.055048553633824,9.12112070475115,18.55307432841463
171.98891790275673,58.17783562888997,9.378719191754946,18.454697688208928
171.73174147141242,57.68567937130558,9.460615582947554,18.574097260385603
171.69966933549594,58.44285150210655,9.524759854780484,18.36661486488331
162.3459306863704,57.224670361901715,9.150250631212753,17.76720656227635
171.84361920162547,58.31801625437447,9.40272737102652,17.67267279584431
171.81709954331126,57.78794178404925,9.455766687654931,17.468674204648075
171.7927679574602,57.83930398166552,9.504429859357067,17.785236185681036
172.24148300582382,58.60804936585364,9.45656654314067,17.94687897832661
172.45698686982922,58.21895208050983,9.451899497409414,18.29873286673474
172.54468127636642,59.358908460766116,9.707940928594901,18.17597132752167
172.99448093132366,59.35290226433203,9.676391444205683,18.187983720389838
173.17042178833103,59.370322115378684,9.758170488796505,18.153144018296523
173.1308276305308,59.24759662646977,9.837358804396953,18.398594996114355
172.2690588715041,58.43712010297404,9.802811707869102,18.26146342852455
173.65741159354664,59.352955652155,9.64756411062523,18.177430894723443
183.06188082725384,59.45718955805759,9.45809566644392,17.968963082918258
174.96078002147652,59.787410959239565,9.446012833382749,18.161903672376216
174.13603392182983,59.64262897584828,9.378226724296258,18.02214806206382
174.02865356420216,59.62186417166931,9.166887146971906,18.063677670421768
174.33055501212354,59.56610322501444,9.409218488846232,18.17519956373151
173.7535166714432,59.73762190184051,9.276650578845967,18.26104374053302
183.7092993485811,59.75697527387429,9.046435120689464,18.222336996465465
184.03436748821588,59.75071676953117,8.81960658389954,17.811546262672117
183.81044104493705,60.194798365965354,8.854091024736132,17.336751515524846
177.7011845379602,61.552741604401774,8.862300862137694,17.4699357798475
175.1177934327624,60.591827268353406,8.710723371504015,18.164450674783655
176.94905076264772,60.236908485285355,8.797909621723162,18.04102137203313
177.34493460797788,61.72607598390459,8.838835794035944,17.97711489520063
183.76204837680112,60.52294280607988,8.904425078890926,17.470519387704563
176.25575383427582,61.36804871395737,8.752924025372394,17.829508942026493
176.05819128859545,61.57915701061445,8.7355740362852,18.23224250960828
179.8505277289141,61.29768184984785,9.09394721051081,18.377137775622405
184.51872820959042,60.91458058018669,9.138248149135958,18.716944774036634
183.70856014414585,61.38164317876412,9.462188838524554,18.6470832045488
183.63948745091247,61.809733369943736,9.600334224991276,18.66433845497146
182.91818697500705,61.02479069003826,9.724873473745781,18.476808210707304
184.6554018516168,62.32406561361622,9.321637008638042,18.5107097533615
185.2079057630024,62.208140596464844,9.513503039450327,18.31026850313642
186.0696968403909,62.627624832213506,9.520561757667629,17.903960249887675
181.74271223662575,62.80180770837707,9.211569274692726,17.982402197108396
195.01819915103937,62.59242200085932,9.287308892125619,17.97852736696517
189.691250021804,62.47776699814156,8.91994689842849,17.7839427473173
196.06049015719594,62.30745057828723,8.622507242734223,18.124575587025966
186.1140504427788,63.694827938473274,8.618636636935657,17.42239899526147
185.97879903663718,62.329202244893175,8.889139449218867,17.324294427105528
196.17981084527742,64.1566416080545,8.858705032230809,16.928869972829666
182.7922761304515,63.670330081788876,9.16109539520042,16.69818943142082
183.9117353382985,63.78738130295389,9.3394882182484,17.26985740200478
185.42112406615465,63.99008143064215,9.221273933613952,17.693189481221943
186.63732695006647,64.25338485658241,8.881705420893397,17.58515008036204
186.0270892528643,64.33491944262374,8.868795976196399,17.422080908279383
181.19246913862924,63.35574933757009,9.14218778113765,17.337845374141303
182.81798500501657,64.67535105146504,9.187034961845011,17.5825359956482
181.78339213601765,64.17134880947978,9.174457180486108,17.75783507187602
186.22477533739814,64.51128440400136,9.084622594305204,17.496674921717634
185.67644487532772,66.25066443523991,8.941295029131467,17.32455083074598
187.08795574165498,65.67737245644467,8.976613496400628,17.654466159786846
185.00764247618386,65.38655000659773,8.999407301447583,17.408544514301663
171.13724725863872,63.10280360413768,9.232122810836948,16.63864964707085
170.8168634405723,65.81537272383666,8.663236145135684,16.455346715620717
170.7978525383247,64.30821910726556,8.31047697895802,16.34340618338031
183.8509834100248,66.41402648470196,8.635576586457411,16.72854992431614
185.24149087278468,66.16519459116594,8.614795746646632,17.226213711388212
185.6741240532939,65.98368766249511,8.552041802293484,17.58922756872985
187.11919746699078,65.96779823407458,8.905710041674476,17.621006425570926
186.42821891510982,66.81305166370672,9.051461889607564,17.166704822135536
197.2270193653314,65.2128013822916,8.665174753761317,17.511836224346958
188.3510133809523,68.34534532367489,8.539617858738684,16.93506570732881
188.04517504937644,66.89174045623699,8.755602356093634,17.072430281627106
188.67306502914812,67.26980150080537,8.7041251140855,17.119176670847157
187.60100467157787,66.38721060571083,8.842086855184426,17.279431281803006
188.41592430952574,66.67917910212816,8.836096760542189,17.507418879595093
194.71787144913102,67.19283945871105,8.50824075243091,17.29850071783594
189.633068926562,66.83407817544266,8.265676346941566,17.61555522857935
187.16194191686193,65.79685701495565,8.397439917413081,17.284752325089045
187.11921072332626,67.07423876400051,8.881246237538114,17.518396358374996
187.8901352326704,68.16750621220945,8.979965481449689,17.382571790206953
189.3807006148941,68.65198768345937,8.867799699134535,17.23331312831632
190.159038305161,68.30019605786886,8.934039933078115,17.531167475877986
187.9501809534298,67.71405499250982,9.239348196171346,17.880968318522235
189.09005613358337,68.83207417899533,9.067779595615828,17.75311170530287
188.46922949831279,67.79118669407217,9.05902397719885,18.167674823204997
192.38854140598872,69.03105625265295,9.252189570583717,18.647016014525388
189.76992649478262,68.62921657945772,9.292397269669534,19.017610183971975
193.785990211702,67.4806696380001,8.7266895327241,19.118698273683314
205.3500284965534,67.83537715665801,8.86223833055136,18.4092832363675
193.60413869633382,68.73929351441421,9.09767899804855,18.29282062506905
193.14682809699448,69.34666179264295,9.161847114974949,18.778990232116087
193.1777915278583,69.02699631725977,9.099920253247348,19.41832118288245
192.7327073619964,68.35232077426392,9.10669686892792,19.884280552830987
194.11019409620744,69.15859845055265,9.491884317242341,20.0661028669601
195.15397491791285,68.68528465400566,9.694187559523467,20.096784505777325
195.31894447043697,69.38035212610795,9.364248454475188,19.630536259082724
195.08347097363736,69.45554682298359,9.38579718290756,19.92954513049834
195.69165099222784,69.72326149420273,9.531834816082632,19.848248344845416
195.42483670614405,69.67381609022499,9.60997156840452,19.947139152800887
195.66567981881056,70.2006342708469,9.58657972110608,20.268385925660777
196.1661860335276,70.14229403359134,9.51071219372001,20.3850664001719
195.86553927583964,69.95976862075622,9.649057861064968,20.75011722584212
196.31177380158735,69.78125445179285,9.697947841391802,20.636466047857777
197.65746319275408,69.58397307711152,9.35596196759095,20.56115021551389
196.19872268830738,69.7889769006056,9.959440629887148,20.613943037845146
197.12508309997773,69.86950935546587,10.003140819130216,20.45287812812463
198.3268071853182,70.16833386307721,9.96225146398232,20.327740876008576
197.98320599040272,70.65186189262026,9.709507271329999,20.300631399405745
196.95703379479193,70.8524097949752,9.901113472399773,20.364720142233807
197.9033350577668,70.73872478803469,9.88631976524967,20.59209015611482
210.8194272697969,70.61141933640467,10.042430309610705,19.90167215143228
200.16566578921234,70.13590363788485,9.489002571512474,20.38757693784918
197.52882400509233,71.29667282623103,9.674030788656,19.916458688828275
196.82792653559932,71.5095065147297,10.157905819116806,19.949751266093564
198.1426139500091,70.85624011263825,9.867658363759514,20.320633120891546
192.99811487863965,70.25851394465091,9.855660756037269,20.579631297733393
197.48403013507007,71.20028844726134,10.319811634518747,21.055077640348117
198.61463871139736,72.04717644969564,10.49263627391447,20.334918352299603
198.32467011142478,72.27301862720185,10.114078106854375,20.841729364292437
199.21903364105972,72.48699451823397,10.245827346634755,20.413777582228185
196.01045701351975,71.78015024545061,10.473106439389936,20.87517779512956
194.3516314957499,71.49128454858506,10.382935002210374,20.966077407043635
197.26762081748865,73.16113702475522,10.39017309319312,21.032582216471774
187.76199860913405,71.67051770244575,10.381132689626487,20.59992358565659
194.87947680234524,72.3872704779961,10.582474454609255,21.091257788076568
187.50128868903104,71.33616857174206,10.582222373033932,20.734023549217355
196.00833673747357,71.61875098012959,10.11415603120121,21.142154600386537
188.68332830106783,71.36470297694085,9.744503172591568,21.165745131556882
198.8211663982824,72.40368718946328,10.039860593933634,21.47975735950864
207.89884176028974,72.5761991378933,9.945326283939947,21.62286363600056
199.8410075891084,72.59153230605237,10.427089894599423,21.592197299682407
190.47614964176233,71.80261485171461,9.792615937001887,21.680479142797186
198.83925868923387,72.42646506640203,10.101598286507967,21.89293875151798
200.5028558150153,73.38497215964836,10.240963310563519,21.46159282600464
199.6854308976669,72.91730917461874,10.401694104427976,21.905545782453093
199.96656291265833,73.09061477563273,10.340077085482932,22.0595815914629
197.91292392625797,73.06094176822427,10.934638176778233,21.6171109089219
205.79899003094897,74.64508584797751,10.332845589673013,21.4828906738708
202.65798431735635,73.9251912454257,10.202176730995282,21.442830582236837
202.81409763721356,73.41374330040337,10.380373834059085,21.48487898672506
206.0583883604908,74.50605713227287,10.315595579799544,21.7709448584841
192.7226946203236,72.5046873537524,10.139044886935825,21.796212093569757
191.1796179467464,72.40506941534657,9.763906857393083,21.9954479703814
201.95029695228754,74.40940219846658,10.30794490458666,22.403861615796565
194.24266305029042,72.79635232917812,10.02898500884611,22.592368896360284
205.68931704281616,74.51572679420762,10.324622925885976,22.17826508396535
202.25358354413143,74.19557887307134,10.150242842402818,22.315286134748458
207.68909551946834,75.17509719104379,10.327947725567718,21.862894339781533
194.31989093047488,73.75440346435076,10.134419755345029,21.711844332255417
193.9644779927592,73.78508059582589,9.858923224424695,21.650490069305157
195.2366759344544,75.41298393460869,9.751764636979406,21.806815606062756
