179.0,163.0,20.0,43.0
178.20978697311497,162.9869121008128,22.555882820127103,42.05071903201734
177.95964692254464,162.59045205062054,24.061943330845136,41.83785872282455
178.93455438618275,162.32545520181583,27.253678676304006,43.396162474981
178.0679102228017,162.4679200459417,28.986967003066106,44.216544376479234
177.7395079592288,162.5667686472424,29.643771530211893,44.0188471738778
178.3780177988118,159.51113373738997,29.521257718497303,45.51209352377702
178.85676704737713,159.5954584096661,29.738659165787226,46.51834412364539
183.78288570704837,158.05470045166135,28.2416736914279,49.59986003965483
186.7427288098116,156.1741812840811,29.607548509282196,50.932378033688394
186.5932818164128,156.06472286399185,29.906442496079848,52.408476382400664
186.28604901978943,154.07762773939714,30.520908089326547,53.814402549418055
187.11832431371255,152.7584611750632,30.17174692654538,55.13734625302092
187.9282714603742,151.25542618213325,29.880842912783535,56.81442595931938
192.4679341388183,150.2087705182697,30.242472858180598,57.55902938672002
191.4209443142439,150.72364225541224,30.970583762331678,56.529285912434915
192.9711749749415,148.96400446625154,30.59647291769872,58.68538625237515
192.82280613210608,147.44313556361035,30.893210603369603,60.33861523444756
193.56484591766886,146.71143093615447,30.82702138950691,61.80202448935931
193.40586746446257,145.55238788688584,31.144978295919465,62.68191973096691
198.0823379728698,147.16555978042547,30.531475661735875,62.368722071431264
196.82569721906353,147.2329014327973,30.162042400104102,62.234038766687576
198.88917375345872,147.06180487177264,30.334011856072937,62.57623188873691
199.37299424011184,146.3730162319807,30.807330669666186,62.512849381421304
200.31141083654953,145.9238985636029,30.378746767898512,63.41108471817685
200.43824045515962,144.82709564713375,30.12508753067835,64.15076693082926
202.41510719093054,145.7317245349967,30.55220904737164,63.80179415118177
203.08277086917886,145.53653403344606,30.679524927729418,64.19217515428299
205.97812465204132,146.2444129411232,30.77103579556682,62.77641733892874
206.32301435225048,146.817996255495,30.08125639514849,61.62925071018515
208.54555239261754,149.85000797220022,29.90439027353368,58.41070058285425
209.7882063112363,152.12231160834142,28.791639055317184,55.23864992959291
211.0192916923237,153.28991012876156,28.943115592641533,52.90345288875263
212.09702418254747,153.2793779034734,28.062690478875233,52.92451733932893
213.27112532887045,156.4784227243282,28.235039262097963,51.56752984935672
214.03162544357417,156.88457874752194,27.957270943124144,50.75521780296924
215.00019007350843,157.77004996569462,28.47314098399837,51.43727466736661
215.5928977475126,157.6448376947771,28.53309891184835,51.687699209201654
215.51521310752975,158.14109642636265,28.688468191814085,51.94527617583921
219.24623387182575,158.15365637035092,28.765720291641053,50.66360734979286
219.26369616880731,159.44407514817271,28.730795697677905,49.321684429489586
219.90314653481374,159.20593687358482,28.670327956037113,49.7979609786654
223.56999500772025,158.2406143466169,28.683461787274137,51.728606032601235
223.606008416424,158.23673254152084,28.61143496986665,51.73636964279335
223.70160546839568,158.5838818169993,28.42024086592329,51.042071091836405
226.227665865455,158.94191728265977,28.322650893951128,51.564632866052094
226.3516963008181,158.92103828438331,28.07459002322491,51.606390862605
228.0992048949786,158.19514610883124,27.0616988683122,53.05817521370912
228.39490903237987,158.38744179783544,27.715305704623546,52.67358383570073
231.30890278554702,156.85421692301333,26.88979918472772,53.23879309212571
231.77754740194715,157.19105410770015,25.952509951927475,53.809813477799
233.03351487906343,157.38573876689028,25.914173382469855,53.42044415941869
233.76285832326914,157.65524662831237,25.68593420292868,54.11187614544481
234.96464072953273,158.1841702993025,26.992063411620112,53.054028803464504
235.3350416269311,158.82497434418886,27.49501422298126,51.772420713691815
236.64483253640938,159.17977999301615,27.34259726956691,51.0628094160372
236.8740475872414,159.6256740662662,26.884167167902895,51.391544070780675
240.05501979637745,159.9215708038597,26.60967422520929,52.01724089070942
239.23243677503137,159.5661425900935,27.03288986284965,52.728097318241794
241.17977084318682,160.02785550481838,26.85725156445885,53.044348101432114
240.9595178293708,159.64767801765205,27.2977575920909,52.563420034694445
243.4727287072267,159.95119922737047,25.996801332493,53.198199447295636
243.85398918741922,159.7938708663201,25.234280372108003,52.28422011089853
247.3470457414746,159.21058003219866,25.460403816793395,53.45080177914143
246.52309484833017,159.9744408938413,25.885309707991055,53.14607595094743
247.48112073501514,159.82603289684158,25.195196678802326,54.6688306891281
248.16332998628445,159.04809709672566,25.066882197257883,56.22470228935997
252.2148415162756,158.81257847204458,25.759037366330546,56.69573953872213
251.81651845080455,159.32470635269576,26.55568349727261,56.946930483524895
251.9701917226341,158.73375487268964,27.541381684805444,58.12883344353716
252.22115433064147,158.56337626891107,28.366921901910132,58.469590651094265
254.0797581682195,159.90029187785245,32.730546803364916,55.79575943321149
253.32065575786356,160.15000530329732,35.63098622111136,55.2963325823218
254.7216140308742,158.78381882407308,38.523187091388394,53.758117478546495
254.63849088087682,158.55738403697427,38.6894333913832,54.21098705274417
255.8376050926253,158.31960275588054,37.749089856810386,56.14443450385574
255.9209971647961,158.49927518946743,37.582305712468795,55.78508963668199
256.6109152980923,158.38942996131783,36.202469445876275,56.00478009298115
257.8417507021878,158.39699807926138,35.18448554216884,55.98964385709405
259.4166126548194,158.6709262469082,33.46119849413201,55.44178752180039
260.81077852398306,159.72917806931022,32.06217469104333,54.71459181223501
261.4707027848961,159.927393161909,32.09719917952283,54.31816162703745
261.69372969174856,159.15481505306923,31.65114536581786,54.51374078255563
263.5127644288461,159.21487973715503,30.702941651120817,55.73854429413302
263.99128111103477,158.86283721901043,31.09284241423552,55.09569520293018
264.674401932306,159.56432565442424,31.070677480364793,55.036795040774365
265.54774963034555,159.37046132560062,30.66681028688082,55.42452369842158
265.3193812121857,159.10515225320952,31.123547123200538,55.95514184320376
266.1659029874425,158.82412370219652,30.787810871892287,56.517198945229765
266.09213203314084,158.89913198965235,30.93535278049562,56.367182370318126
267.02677735435657,159.88654711522392,31.78642473341708,55.75253341685146
268.80785532351257,159.70052661161984,32.32103619296683,57.490163556680216
268.5964879913156,159.64738294771263,32.74377085736079,57.596450884494615
269.0197047517922,158.81132321716478,33.30649507155769,57.85941261044024
268.9237190974759,158.83239316279884,33.49846638019028,57.81727271917214
269.06287804958066,158.5250663272019,33.22014847598074,58.431926390366044
270.52288073066046,156.81095876478153,33.159387976777246,60.430519083728726
270.6411880395763,155.77391510683006,32.92277335894548,61.04647626755034
271.20817353461035,156.7969445568607,33.25197029005518,61.92675320984458
270.506988428829,155.51079641168178,34.65434050161788,63.01727533138251
271.3754730943822,154.62889769399476,34.43920723306049,63.259236704207524
271.5910153898497,154.74262043677956,34.00812264212548,63.031791218637935
272.2412355050134,154.88609301917046,34.218685439620586,62.74484605385611
273.06124035986693,156.0187095835557,34.089049963492975,61.98998715866507
272.3910725427922,156.64307019293386,35.4293855976424,62.23828724924351
271.95858861773195,156.897827094477,36.294353447762944,63.25229233561382
272.0307146769509,156.67291496957554,36.15010132932502,63.702116585416796
272.3204857221908,155.99328826194053,35.57055923884512,63.5039313225235
273.1876642996226,155.49665205310106,35.38084928946205,64.49720374020245
272.98486893905584,154.86082779155925,35.78644001059562,65.76885226328605
274.03468676821075,153.63175458623869,35.26857955872252,66.64522346749048
273.74736422072016,153.36047113573974,35.84322465370369,67.18779036848836
274.0489533789509,153.6480588949958,35.24004633724224,66.61261484997624
274.36319734142785,153.93615618925222,34.611558412288296,66.03642026146343
275.26866385442355,153.2478746070413,34.36619953439141,67.41298342588526
274.92313373890306,153.05562555691574,35.05725976543235,67.79748152613641
274.8471942496609,154.05531284451666,35.209138743916704,67.39721989214681
275.13573192707213,153.78284000969379,34.632063389094284,67.94216556179258
275.8389817098552,154.04455002474697,34.81947014046878,67.41874553168623
275.7794614919011,153.95736396399698,34.93851057637702,67.59311765318618
277.01041713157156,154.0588990682516,34.07066681783056,68.98411496547146
277.1104603939681,154.9405168402225,33.87058029303755,68.82033611775842
277.07053726967905,155.51142674209325,33.95042654161554,69.27210917669397
277.01290332203007,155.85030178209945,34.06569443691351,68.59435909668159
277.0941464702283,156.86040959665826,33.903208140517066,68.16781230891726
277.2809549827647,156.9462147059474,33.5295911154443,67.99620209033893
276.78419647227463,157.4712306669435,34.52310813642438,66.94617016834671
276.7014811862083,157.59418585121284,34.68853870855708,66.70025979980808
276.71402581158367,157.07952776552833,34.663449457806344,67.7295759711771
276.4830472134285,156.84596839601133,35.12540665411667,68.1966947102111
276.9121253324729,156.65915991215914,34.26725041602783,68.57031167791546
276.9276801603081,156.64884598323127,34.23614076035741,68.5909395357712
277.08133873506546,155.07195652865084,33.92882361084273,71.74471844493206
276.79850006365956,154.81337067438648,34.494500953654594,72.26189015346081
276.06974914788714,154.28156246705637,35.952002785199355,73.325506568121
275.85658235095576,154.49026789325976,36.37833637906219,72.90809571571423
275.83880374354703,154.36749804449107,36.41389359387965,73.15363541325162
275.6405614475691,154.11720915719656,36.81037818583546,73.65421318784064
275.65059143645954,153.36010943345264,36.790318208054565,75.16841263532847
275.8034680688213,152.93500773072685,36.484564943331065,76.01861604078002
275.72142738606516,152.31439043857443,36.648646308843325,77.25985062508485
275.47696836207524,152.23754712870706,37.13756435682314,77.41353724481964
275.35248956057427,152.10645617071162,37.386521959825174,77.67571916081053
275.01767315289726,152.14226003673986,38.05615477517914,77.60411142875405
275.5499126339304,152.20293543711858,38.786280395511646,77.4827606279966
275.1829825221541,152.38282753530376,39.52014061906426,77.12297643162623
276.513899137773,151.81209595819064,38.67118719249898,78.26443958585247
276.930017394207,151.55746626537058,37.83895067963099,78.77369897149262
276.7376478486666,152.6867362887279,38.223689770711886,78.32307112047252
276.6306737997422,152.87941110233865,38.437637868560614,77.93772149325099
277.52213087271724,153.2521077023453,38.46082179096149,78.99842636158853
277.25732652779044,153.06149958817758,38.99043048081509,79.379642589924
277.3410844964455,152.723739357895,38.822914543505014,80.05516305048916
277.4743590948489,152.61783575021946,38.55636534669812,80.26697026584027
277.287174327898,152.0879952465508,38.930734880600006,81.32665127317757
277.3768380142378,151.7830566498725,38.75140750792031,81.93652846653416
277.2896296172285,151.78841020106165,38.92582430193897,81.92582136415587
277.4659800617956,152.14146668026962,38.57312341280475,81.21970840573991
277.07090321906634,152.9253250312709,39.36327709826333,81.50836600618845
276.9133121926628,152.58014808038362,39.67845915107049,82.198719907963
