104.0,114.0,17.0,33.0
105.40461938665334,114.03974854958324,14.968018718299811,32.14324540922699
107.97042426758783,114.20985051613476,13.483807489126583,31.803041476123965
109.01193656865998,114.11509803138576,12.797660837063813,31.99254644562198
110.81357929075497,114.11798247988033,12.639247617872215,31.986777548632823
111.75295548830147,115.00519551980406,12.818679410518902,32.270535656524984
112.21223384219451,115.62619455607248,13.286823800406037,32.41523868166138
114.07085623590683,116.41121565757592,13.792265006753423,31.548977477616475
114.37110159233208,117.11069390531698,13.891986932763515,31.550446259855534
115.69072078555489,117.57607265067637,13.358722320109568,31.321680027067316
117.56001046716092,117.3010344482727,13.066472363924,31.87175643187466
117.98709163664091,117.24116204249046,12.904334280937812,31.991501243439135
120.02283185594733,117.37795024920457,12.978028251732756,31.71792483001091
120.34669689476758,117.51704492352317,13.018530805898157,32.12796811317965
121.42975832630995,117.89304744577957,13.631862759179965,32.070826772758465
122.1896458004959,118.79222199537988,14.22688091853217,31.682339745373923
122.61555180087686,118.69324735694899,14.794658804136805,31.880289022235694
124.28252416797869,118.70726529854386,15.073824462613963,32.57487521758213
126.68088825084084,119.04068419877407,14.702762983241367,32.64564853151365
128.1633799987532,119.01260012773136,13.934190562372816,32.70181667359908
129.68783155146977,118.89728544145015,13.04350050631857,32.9324460461615
131.06803104824192,119.36209622480085,13.11066580686414,32.70971555298255
131.70540650776087,120.32654976246272,13.95057061610867,32.19057896318043
132.0265028334537,121.32927611318105,14.732972158745781,31.6097204557665
134.3725911133431,121.74089085976793,15.064035310533992,31.50409663567374
135.55038715457323,121.57595370623481,14.873966375668738,31.833970942739978
137.8241254763244,121.45011584718503,14.666492783977635,32.08564666083952
138.34427037274207,121.22061225760794,14.349568519728109,32.54465383999371
141.00140219586555,121.31325953701347,14.106533833094813,33.08382056112749
141.55889900720334,122.17626066499936,14.447494973800184,32.08579568684618
143.86404593601534,122.25882243920901,14.873886341125353,31.92067213842688
143.8824558375188,122.78079687113745,14.837066538118474,31.601317991856384
145.42235530048268,123.82529616260801,14.634472893014042,31.670223369532813
147.4938862895423,123.46275446885639,14.791994616714515,32.39530675703604
148.94989008460666,123.2009648031883,14.070183839951948,32.91888608837222
151.44187717944027,123.46324138089776,14.160853927553564,33.119282115420276
151.69623423815804,123.45317262505915,13.652139810117994,33.868870717829296
152.29170696153048,124.90582335022357,13.923665945312171,33.88851243137852
154.32596018826902,125.45794972034221,14.273283763556023,33.52061373642806
154.71600967916288,125.66142475824013,14.230428453326432,33.11366366063223
157.469430624553,126.04029531301252,13.837785597255207,33.08652241318877
157.88573978937544,126.30538974341614,13.728422461520363,33.27958874629153
159.62631932503743,126.52009988481068,13.867762110821868,33.574268207627576
160.0520874203025,126.16250872564329,13.747053300869545,34.28945052596234
163.04790304989365,126.04286549273364,13.667303613340184,34.52873699178164
163.6925752796701,126.13886846707479,13.859968062068798,34.336731043099356
163.8637775433199,127.72815507784401,14.259243548489717,33.38319786272251
166.47495637673305,127.74156631570582,14.181943228763144,33.35637538699886
166.60409327198832,128.5552546545028,13.923669438252603,33.928756513556
168.52637058785325,128.588566004026,13.76378720248629,33.862133814509555
170.81023157651128,127.72499364965249,13.594835446250967,34.85615015307648
170.77326350164697,128.21778178767505,13.668771595979573,35.359404178299286
172.7735902727058,128.25162856831474,13.432969097509726,36.0446808257495
174.2795556526375,129.24764350719616,13.455281798348935,36.32833354351363
174.5805945484978,129.79417536185966,13.616230542256137,35.998296369814376
177.53922342788977,129.5983709176872,13.788538681798471,36.38990525815935
177.48091122427678,130.01167482244472,13.905163089024438,37.10312022065944
178.54276082975775,129.59033312808177,14.12817305233895,38.72804000081084
179.8489506843416,128.8828123792546,13.944383772495788,39.33355135535696
182.43934350987658,129.49996844983232,13.652744186573742,38.914096891726224
182.33186567156082,130.60952229784695,13.867699863205225,38.30213388466841
183.91922379423625,130.74790661723307,13.887890074208151,38.0253652458962
184.34816462848022,131.46660629025712,14.620273181061195,37.383098287518585
186.7220912999505,131.78117101859127,14.666998671850562,36.75396883085029
187.2426564988209,132.43094927071397,15.207634717518228,37.82706199171763
189.62286572601,132.19899893015207,14.527118685089562,38.29096267284142
190.33086277769306,131.84106036141108,13.921585306504841,39.0068398103234
193.21669340438888,132.0229015616773,13.818360857945626,39.452934096195655
193.2853765376877,132.756980392782,13.68099459134792,38.79904987545193
193.5840119876272,133.39722043183343,13.886166779187217,38.32101288506729
196.24410596992655,135.0493932793199,14.16129418372849,37.41465949115438
196.53608019575086,135.53523102212006,14.36865873326374,36.44298400555408
198.88754622661,135.73156206632143,14.352192327142916,36.831399526417556
199.01836029861815,135.43568256803266,14.090564183126592,37.42315852299511
201.32747260041046,136.22684840679736,14.213313191390448,37.42115138274854
201.66555233324186,136.44400721411904,14.329495236689212,37.77917527906674
203.2526936297725,136.61185546969276,14.353477204598573,37.4434787679193
203.3791033769634,139.24917782163234,14.895837809725933,36.939914661095244
204.4577679690621,139.43146700869352,15.131439455303333,36.57533628697293
204.69709277829799,139.89928712736275,15.449371049314735,36.436277262117564
206.13000419029984,139.6729540653465,15.784396239056466,36.88894338615012
206.6917333137667,140.15343917539937,15.473623428119513,36.74065860204111
208.7150961414874,140.21553439112606,14.647058427028742,37.42150833417537
208.68601473512905,141.75067751757499,14.705221239745455,38.35186276437717
208.57561286207203,142.03003758204034,14.92602498585947,38.60767723429903
209.60600935805866,143.11356851658445,14.50957146641506,38.907124574004136
210.33994282787316,143.8267279222205,14.6796612924359,39.11876252838188
210.6823605447224,144.77394152043934,14.819901432607868,39.69956205355542
210.95496036905823,145.03663284450616,15.110627487972572,39.174179405421796
211.27096861742365,144.9509437875418,15.312227445771267,39.345557519350486
211.00923436596585,145.19525507485145,15.835695948686848,38.856934944731215
211.5587958260609,145.00974321929593,15.578583252389945,39.227958655842244
211.85557039365247,145.5478269475323,15.82780158341236,39.83732613178059
211.73224987974524,148.2614948076413,16.0744426112268,39.54591860995333
212.1645314205317,147.98689204037768,16.066071056738906,40.09512414448055
212.37256074193436,148.68276840464284,16.513965410584323,40.431277409251855
212.76331373385602,149.43004317659089,16.609237529599184,40.69028407107216
212.65290495256693,149.87971062626235,16.830055092177332,40.67315678810344
213.43015258577356,149.7990407679024,16.161447278023868,40.83449650482334
213.8837307130249,150.33025026846357,16.13058765269153,40.648374132871375
213.93421987215555,150.4730355339415,16.029609334430216,41.23587112159049
213.70681802494522,151.07372361278763,16.484413028850888,41.79390923116648
213.49909340607218,153.45914098065995,16.899862266596998,42.39829836940179
213.67472575809185,153.3390355547628,16.548597562557635,42.63850922119608
213.6107489112912,153.41691522518633,16.676551256158927,42.48274988034906
213.67010748484955,154.01085474424977,16.55783410904226,42.20408381080205
212.99833756555333,153.81751792629697,16.9982918988427,42.590757446707634
213.0136317961522,154.35194172717212,16.967703437644936,42.438427856088936
212.92124311081102,154.9244692203751,17.15248080832731,42.207152174651
213.61289210050535,156.20072545291626,16.682925888126775,42.39586888713306
213.42900483811763,156.90207750208307,17.0507004129022,41.901242650062095
213.93902548491025,157.72238628064792,16.938180918430774,42.07566869116006
213.90237849233537,158.2421920346503,17.01147490358053,41.94408670222672
213.5271956027702,158.37382211256823,17.761840682710854,41.68082654639084
214.09935188581613,158.4879594129305,17.534491138360252,42.36951496740757
214.1895433453905,158.5628639611739,17.354108219211504,43.1425855754686
214.17458651080574,158.73389666765374,17.384021888381053,43.73133254851108
214.15892289711334,159.32520745203095,17.415349115765817,44.42835352249673
214.12622461419272,159.91123000171814,17.48074568160709,44.20671457798212
214.12085116095682,161.05397508504439,17.491492588078856,43.818002312995894
214.16491429112665,161.120083692627,17.403366327739224,43.685785097830646
214.29194559104633,161.07271996689045,17.14930372789985,43.78051254930376
214.33367486713385,160.9647825533607,17.06584517572481,43.99638737636325
214.8204275619429,161.29717895944557,17.0302778830134,44.26953266110019
214.70342313586195,161.6223437956342,17.264286735175265,44.56042589398398
215.35351051964767,161.49467848021513,16.91370981669773,44.81575652482213
215.2965263447764,161.70223547013663,17.027678166440275,44.40064254497911
215.80590238937197,161.72539817794737,16.951984526558643,44.354317129357646
215.7819970820542,162.37809132800305,16.999795141194177,43.98996507726193
216.4110987331031,162.738139310736,16.67825339531924,44.20653066801896
216.2919983164312,162.26923337234012,16.916454228663056,44.210349456849286
216.30669365674422,162.26172197195453,16.887063548037034,44.22537225762045
216.3437205723399,163.01854786028656,16.813009716845688,44.58775566082555
216.1995486394997,163.80489072670545,17.10135358252604,44.898838597220355
216.11373931997676,164.9204895031446,17.272972221571912,44.57070416469355
216.00704389359265,166.7884322481271,17.48636307434012,43.68452228893222
215.95594637833676,167.53137806724177,17.588558104851913,43.13960568788554
215.77695778766082,167.8335977997283,17.94653528620384,42.535166222912515
215.0921009195635,168.07071468034763,18.383666868633792,42.06093246167384
215.35353226937303,168.54185088646025,18.79425156461471,42.05210744504855
215.91260966659922,168.70090322152046,18.616644235367094,42.674550240132916
215.76792204253695,170.71858076065732,18.906019483491672,42.42497204777003
215.81116864047593,172.03698398385794,18.819526287613716,42.63193251678292
216.1495668915206,172.83183222465996,19.09213158857723,42.94103964128466
216.3961987034768,172.94802143213838,19.557549573403886,42.70866122632785
216.8642216394222,173.25845249447306,19.58498050985468,43.05127591
217.57740464148407,173.09701358767128,19.12755159129793,43.37415372360356
217.9150199574665,173.33793283300696,19.417906311265053,43.85790058486421
217.72983613857272,175.17875438459038,19.788273949052616,44.08709936569548
217.73789463144078,176.00378877979742,19.77215696331649,45.39967421037611
217.51858822536454,178.14399651223613,20.210769775468975,46.15073334803708
217.39026652849245,178.4336177168466,20.467413169213145,46.596399720540674
217.15718712991983,179.06910940737652,20.93357196635841,46.361305764948064
217.29919497388104,179.08361443843702,20.64955627843595,46.33229570282703
217.12004816925983,179.11632285355032,21.007849887678404,47.30214489532243
216.8387531376905,180.0162828060128,21.57043995081702,46.55786100147172
216.9771157596391,182.32760019992804,21.293714706919825,48.263376540256026
216.90918529537663,183.6258309604718,21.42957563544481,48.890731102987615
217.4542720040709,183.93733204768063,21.425493245253627,49.35381995576735
217.36547330861268,184.06604571500958,21.603090636170087,50.18911916110632
217.71519050081199,185.7197390842809,22.011609579117238,50.205592404601134
217.57600485201553,186.66013900571483,22.289980876710153,49.440193415199786
217.53812031865644,187.89657707141197,22.365749943428348,49.1857078628267
