119.0,101.0,9.0,19.0
117.34280723516835,101.83984522352367,9.711240210490539,19.48959731892998
118.76997787149728,101.70482825633998,10.030447989786289,21.119723704134636
119.89460396735348,100.55857231191945,10.677517253332462,21.96407486534642
120.09666523809743,99.98692021293544,11.792295612167912,22.094778463098862
120.57006920166802,107.19778538193468,11.372940606812794,25.606447465826314
121.67422614821842,105.55185486847202,12.02195824826651,27.75537587892982
121.53035313056091,99.59671016140172,12.309704283581528,29.226947491911133
122.00665927716466,99.39891470943815,12.637919254693024,30.903365660157256
123.80008325095417,99.46321601098197,13.744127535135704,31.445199661072706
122.7491105996216,98.80297567522672,14.450351786341145,32.76568033258319
122.59368983016445,97.789697341799,15.490633385127673,33.33335687969421
124.91130658476135,97.1026194480778,15.391021259773982,34.707512667136584
124.36975423775095,97.32192478521561,15.699972620318825,35.04305532633694
126.90782321501378,96.66736770600865,15.330556996617386,36.35216948475088
128.54331451914777,96.57670074983716,15.247142258430245,37.33039536461404
128.84590507697726,97.3077928971176,16.261018074658125,36.67773953599662
128.50966877685696,97.05566102987791,16.933490674898742,36.36396898473904
130.80047474518312,97.9347446477762,16.478218608667706,37.08160567119526
130.3436657459375,97.90603436656505,16.564123624137395,37.13902623361755
133.39306543690483,96.74604393393133,16.27572123516596,37.79889367232407
133.4855533966183,96.53756470638862,16.0907453157391,39.05038669726284
133.33075533125958,95.97501664868172,16.4003414464565,39.32614573849491
134.18261978375187,96.05526774008806,16.414243701788934,39.16564355568225
135.44278832658566,96.17645131176124,16.46414050968032,38.92327641233586
135.0295563674569,96.26102847074023,16.43647690655488,38.75412209437789
137.7751901909037,98.14623114183516,16.9035589607873,37.53729519552771
137.5666317087193,98.77029703139576,17.320675925156014,37.13096439524311
138.2494910903583,96.94606449428812,16.79815642437998,37.406632419450794
138.99193195980408,96.98795601731968,16.151327723346746,37.32284937338768
139.154390779149,96.52542350722936,15.826410084656919,37.422466742204605
141.7559164466719,97.09681623578822,16.371356331414432,36.27968128508687
142.88056216235466,96.90975741583381,16.56465604940729,35.839601875209546
141.8983802372507,97.42404371778,16.906643856345642,35.62221729295198
144.31885621937192,97.3824684693896,16.94965566108607,35.705367789732776
144.9116850687099,96.94203785348039,17.39590965672229,35.77027317439513
145.19593614991427,97.07369051210698,17.652075036306773,35.50696785714195
147.50905750268066,96.33548630152357,17.1521355446403,36.983376278308754
147.18176342315758,95.8741487374705,16.96861854030736,37.90605140641489
147.57487124288426,96.40645556460368,17.878995972818515,37.68973428813082
148.35478859317521,96.0939744871803,18.041327128598247,38.314696442977564
148.6044850818971,95.4734857166162,18.41495607558754,39.555673984105766
151.1516511609567,95.04889354210731,18.70633586079122,40.404858333123535
150.77213776799312,94.90459156302373,19.465362646718376,40.6934622912907
150.63120284974624,95.11177175903177,19.747232483212123,41.21162290597384
151.52010732560166,95.13581875319969,19.85939780752195,42.10851605564828
151.69768874445506,94.64425872630501,19.504234969815094,44.0516548297855
154.1519623813978,95.14021116707916,19.505884503722793,45.02382867135444
152.81701652302303,96.34674270951147,20.183468485133226,41.61461171882027
155.93107244313535,95.61974360787283,19.706093850946907,41.151697520084774
156.51687821269437,95.90305506317554,19.47787908321208,40.585074609479356
156.73035405092506,96.59495102798307,19.982084949427424,39.2012826798643
156.95565237912038,97.43891470987066,19.53148829303676,38.43300888765649
157.00489639121287,97.00693357200512,19.433000268851792,38.39635914598999
159.04847861517533,96.61499657904426,18.93933236966106,40.07860726909523
159.4087062483389,95.53137430554092,18.21887710333388,42.245851816101926
159.95071341174366,95.57511250129038,19.001296074412764,42.158375424603015
162.17970416103793,95.38792191708033,19.271949718073145,43.47848362147286
161.9650121929102,95.32201678033988,19.70133365432863,44.579933816845156
161.61341498944273,95.51175221820758,20.40452806126354,45.193631392452254
161.3655258128063,95.42753242446095,20.90030641453635,46.37650504587021
164.590978770461,94.74956953004825,20.691280669789908,47.7324308346956
164.5730022268891,94.53647127797208,20.727233756933753,48.15862733884792
165.77779118210157,94.32897598959426,21.50694420235803,47.51052179698719
166.65180468748855,93.91692140752752,20.82634614747168,48.334630961120624
166.55652124254703,94.15175807615938,21.016913037354705,47.864957623856924
166.69123015002333,93.95302499072028,20.74749522240208,48.26242379473512
167.13213247803222,93.76084251968206,20.930646594047438,48.64678873681156
167.94136833727046,94.02498278186624,21.459682922120454,48.1185082124432
170.021372744673,93.93091944270448,21.601372879139518,47.2312101978107
171.68666541048188,92.86264255081919,21.465865648053466,47.23771191456012
170.86894343722528,93.1036368383613,22.03856426831397,46.75572333947592
172.35018049940686,92.63640431097218,22.273339088268038,46.6244387461484
171.79747198077982,92.76065858735535,22.31082826952852,47.44385804937558
172.3958085754171,92.50487888897793,23.275207119314135,46.87489142660035
172.02821628156997,92.37570375289613,22.92140649844822,48.222226907324185
174.88457895413094,92.80607099564418,22.721270353643362,49.566528101954916
174.8407810253197,92.29771685560735,22.808866211265872,50.58323638202855
175.38318504297166,91.18429089168379,22.85896001565767,50.540284630484294
175.28018183229122,92.1329721739532,23.064966437018523,50.913236671616005
178.30700511966415,92.03884786247318,22.732264018283402,51.10148529457605
177.69491684275545,90.94605373083787,22.815363447163,51.00491930797104
178.01486635878854,90.99657686579576,23.316601526451414,49.7627359267007
178.38437612502273,89.63164053695257,22.577581993983035,49.097029861131986
178.38865913271363,92.18438874150823,22.5690159786012,48.428536094182014
179.26270803068934,91.60820323235936,21.920292502948058,48.48153279218147
178.68778403456332,91.32663798387527,21.98135547509573,47.9558782690452
205.5452993791489,69.66418779153472,23.45940446706761,45.82765421043202
181.09439220793513,90.18532514123822,22.827226571072355,46.78159032186174
186.9757860187526,59.92066480277701,22.942819848138463,47.919006505278816
223.8693856237788,81.41253571336318,23.851477574728413,47.77553557423961
228.43624371572815,83.17393823967737,23.61490705334664,46.477016937240435
228.03840201679384,83.79315204842656,23.321558701310295,45.23858931974206
226.35995546259136,83.4811492992566,23.48103346871538,43.730982590748724
228.561167168188,84.36795958354494,23.26412280137157,44.05011839409677
225.67645978610363,87.89678608722906,22.749403330056595,44.32395532812622
226.30668551216309,84.69955743634645,22.531475145316158,44.46327302562038
226.7191220056395,84.43482589559054,22.747408293817692,43.95192997167787
224.9206231429148,84.34893909206052,23.233320951749015,43.086675222898556
228.1672740292472,86.3383447931355,22.935882131586794,42.205795296999895
227.307268370978,85.44328107913597,22.626753448352222,41.96678272522594
229.03157346742347,85.55481219597905,22.19541601780196,41.743720491539776
229.18994709540726,84.83795758133479,21.878668761834405,42.18234861683514
226.75608981524073,83.46221985426124,21.765949105129252,41.9455635407593
228.13172853767568,85.70333790611393,21.986679187941476,42.416673316524175
