624.0,257.0,25.0,59.0
619.5420777632021,256.82657506328275,26.143078117156705,58.051388814028016
617.7759910662448,256.7621167100008,27.07150164550042,56.87843058780651
611.938526933361,257.5369060896118,28.338058213401645,56.62989829081779
606.3102295623356,259.40420576714996,29.039423023146004,55.534106418818155
605.4837734215787,258.23526034812863,29.37690893419825,53.92571814547623
601.4690892335378,258.95885077678344,29.621077425369457,53.77607060231841
586.4629628712024,249.31388787201166,29.744924978019817,53.57355825619641
586.7669292665581,251.74823715992272,30.43560991869407,53.8993306059174
591.5947620808672,260.9814707728485,31.30151186828123,53.845606641925166
590.0704330458184,260.3234060982919,31.69197448123133,53.83263826246451
585.2642499036074,259.14254551588834,31.95574566699052,53.5233322562252
583.9441449950918,260.14448566382026,31.925211436005952,52.85482398436919
581.2659625103613,261.75044538562787,31.981942025360205,52.29272173080733
580.5379716387173,262.66417649767766,32.12043485044954,53.10023734310512
580.3432347552898,262.06624105372487,32.50990861730463,54.296108231010706
579.0116361965978,262.97729943985894,32.460670177337995,55.18642701609326
575.5575317167963,264.7572851543127,32.525775657744695,55.732317674703566
575.8441349172949,266.0361167165285,31.95256925674748,55.93030900733309
572.4996502260524,265.35073918827436,31.786319372656454,55.930020210526244
570.6378928466587,263.7989584977624,31.405187740411314,54.9289352005177
567.096314795405,263.43210078153885,31.753763440752685,54.31573455253158
563.1433663090882,265.5991909348036,31.597266202820933,54.01275135128486
561.3521471540577,269.02901778299605,31.16994660568723,55.172613469289104
556.7657638298743,268.52147345402824,30.91702926488221,56.187702127224675
551.9196730221086,267.88025086868817,31.108675994897837,56.112928028545454
548.0709780837363,268.5034800648097,30.649756377253716,56.22585455203371
544.2277389626753,268.46716020852955,30.216934543965735,57.6517109438291
539.413457028015,268.00399343741105,30.27795202937783,57.21125214550777
535.3323774841215,267.8685958943106,30.27193088191965,57.48204723170866
530.4067054449272,267.77909177941825,30.566574679923963,57.66105546149337
525.5358512717526,268.30143454066354,30.697741005828117,59.362239087701255
521.534362965148,268.5387127308268,30.299560961361507,60.28787548365402
515.9638759588059,267.7274953395372,30.185367518381973,60.50341433427525
511.2344110134684,268.08920232538634,29.78776188919872,61.18807686541395
505.6869755542097,268.8407222471353,29.593074192864982,61.09623184877244
500.2756790362909,268.87734610755615,29.163899498382378,61.02298412793067
495.29779233605,269.7389948997581,29.33412110917134,60.69762251348301
490.3324435837122,267.9461110406432,29.49177144783895,60.09494144628077
486.04075506742345,272.0206067612464,29.734650496718196,58.89636499148952
481.8798257443806,276.57775827479077,29.796027894709738,58.042543212495005
476.682702755913,277.97640196162087,29.26797821991616,57.97582975176704
469.03109746956306,278.86451327274335,29.664039723926475,57.55480249940294
463.4857932903763,274.6782029894696,29.90781166885871,56.43644120418935
462.148986632752,273.8326213155863,29.8942020129678,56.78399306638609
452.78145807145074,273.2765560806346,29.750400486268077,57.89612353628955
448.98186426497944,273.723360252399,29.17547623122059,58.364867170759084
443.65107809613903,273.0859461511021,28.962697891589297,58.28040153868888
439.1453702543671,272.2580553253878,28.4934932513644,58.58180885815066
430.12505014836256,272.4259484503025,28.975769841997515,59.596665963811716
424.5741333359792,269.81664242645184,29.08684638141424,60.69374410450672
418.0808823919458,266.7101647031712,29.547224634166295,59.94774197589321
412.15686938786723,267.44246322651804,30.284110137352016,59.87203749232089
406.8827014898256,269.5029508026184,31.028689697421882,59.95267215555464
399.72121838965984,269.0312288022562,31.206049380133763,60.89611615627909
394.9002474084772,267.93364668820936,30.827746968092246,61.659816902314574
390.18463931576684,267.413911356287,30.206111665019204,62.69928756615929
385.8005205687295,268.61845808087094,30.33115261777285,63.17125963076509
380.50805587963174,269.29200552570524,30.768909492919047,63.273760812960745
375.32597609877394,268.68616666980597,30.92214643977008,63.02673529406432
368.6708745004997,267.32652215185914,31.112566263935147,62.83051691387279
362.6760517822625,269.75168246448953,31.436725908340257,62.35475346063795
356.4326834904114,270.73351037947793,32.26882249577856,61.84792763019409
351.04160184783655,270.499908020901,32.804808217080506,62.31513234734803
346.7076809626559,270.2307889273042,32.59373192933755,62.85337053454161
341.59364992892574,269.09365107272384,32.43309729048022,63.643546714228336
337.0528142015102,271.6642682163089,32.5572094488891,62.98109207526927
330.850301816781,271.85233803017127,33.07946535688583,62.60495244754469
325.15409003657913,270.26403272313627,32.56149923966652,62.80396564220894
320.13683966345036,271.08506281367625,32.21626599457086,62.644724602750856
314.86376859961473,271.0979001305697,32.440662401366325,62.61904996896399
309.4975960455776,272.414592487702,32.82684334337545,61.46368870699435
303.37841521768206,274.0088217854142,33.32384634454065,61.21056977522646
297.66579274402085,273.02535132034234,32.969504112642745,61.705062307967694
294.13696809076214,272.79122064872973,32.6588076496151,60.69965449728383
289.00614549443446,273.06511109728183,32.745685414129,60.151873600179655
283.9204847820549,274.52899144625144,32.78835455972669,60.11801355342932
279.04802254038077,274.13948948929726,32.4030168117219,59.449837148573025
274.5340802267486,275.31973490627064,31.41573352945943,58.52008458741582
269.83289712811205,274.8280390046524,31.017120224078,58.10333646170161
265.9397948984944,276.41356019965997,30.480293512798273,57.706637795191405
261.18201910910955,276.7539025744963,30.390976171444038,57.02595304551883
257.54453726868985,277.00054025247107,30.863061824999157,55.17210208411241
252.90622608810298,276.27100052356514,30.750614086569705,53.94859008489482
249.09019959494768,276.07079979642464,30.454990519543507,53.027712113619714
245.51169375775464,273.30961339759216,29.7962925702051,53.339611828801665
248.44699301404597,277.86852405973326,29.10983757972759,51.9980057876772
249.91884451589263,272.58350662196887,28.695155703876082,51.187445587917686
218.7335659252488,277.30749131611384,28.792481332396836,50.45772861701505
216.72817314434386,279.2206279188725,29.09430455863916,49.10409696854281
211.090608751358,279.83455353558213,29.377281907236558,47.876245735123476
203.8594415558587,280.5469266716098,29.3455412792135,47.65933904798662
198.4079940893424,276.99192647584704,29.411797884233582,47.54491388750377
191.18363071537408,278.7252461780124,29.418805645955445,47.688704229726646
187.19039668707552,279.64484717117006,28.96509395328856,48.260982171772575
182.03834786923645,279.4069031542477,28.409516408714758,48.73687020561729
176.17377996060003,278.20123170215663,28.095510894283784,48.739584843458644
171.29525455173692,278.79651313786144,28.260296251754973,49.94708833711276
165.58432142165492,280.4034832769778,28.70471052495006,50.392298721203026
160.30912661250585,280.5470736535418,29.3842126949701,51.33897889910979
153.60248342954506,281.3574914017822,30.203276610945466,52.236987892618146
148.88671414029176,277.586643608284,30.628424156617406,53.3455470275898
145.81406293788493,277.97053956954755,31.53264126706645,53.88802642865386
140.48025504847564,275.3225312379054,31.531131578693998,56.51676172514033
135.5079390156892,279.30929014091873,31.86789371649428,56.7785610000616
129.32024073217346,278.22537480390986,31.80386302223185,57.564233089491104
124.79526057882866,276.0463286162992,31.105078053760934,59.136969671809446
119.31410545710743,296.65644799077296,30.836275252099504,58.62951571136341
118.8584290540941,280.6138517370892,30.355818166079303,58.70308070165245
115.89330776510951,316.54493778447033,30.747553285681605,58.84150556565951
101.46723287448691,315.18500727560024,30.338280150827202,58.77456440091403
98.15669499435549,313.7384725221395,30.03248463651711,58.89688539800632
91.33183805184075,275.3813326660265,29.863227351042358,60.988720789509436
84.94362095410582,273.0789977704282,31.362925655718875,61.364614621658426
78.98301162195929,274.4601121382195,31.75581328217862,61.484468645534164
73.13725815630785,275.07627711043415,31.850743938658677,61.701710735457766
67.11755965024086,273.5181614959353,32.25497060618088,60.454753085225995
