115.0,225.0,298.0,237.0
141.54914835564597,202.3608647305863,295.37067021129576,240.22079810333776
160.782724828169,196.8975291344065,290.5968180069986,242.72414411051008
184.52893648297754,172.21229577893203,285.05585453343633,241.7528590181932
199.43058401825027,169.22098359000162,280.12013084329953,239.44629293591782
233.39799404884056,153.1099393462692,269.41645715615556,238.96486920964742
242.48303033025246,146.61179615999325,259.24879833105456,235.9563281067537
274.9046052228573,125.01045115233245,248.98009131504958,232.3809243198998
287.6962285745721,125.75072576062544,238.55556776056486,230.90037510331382
304.3074701765738,119.45373548770455,227.51136828462427,228.70883316378038
371.89953235383445,96.25876786457312,221.64939439009547,224.80682100893506
372.64618855118067,97.82884135617468,213.1253194104085,221.66667402573194
383.6641742853434,89.07801942982243,204.78292334036934,218.62795478100713
392.7184899876386,86.14830703112904,200.00828515890856,211.15338635526433
404.91304383096553,85.05110274572614,195.0423541748953,206.87340269185657
407.00886860060064,84.36225172517919,190.85070463562505,201.92240833574152
402.59259213809815,74.1335745489906,187.31367963535354,197.6406068375657
407.44043748855796,76.68198024603012,183.67971579530527,192.54379544348666
412.0816444730746,69.26570463911143,180.32167040692113,189.60324091537646
413.9813257955001,68.10540975252579,176.52230776207028,186.09869997410914
418.46197808791436,55.73602181548836,173.27107236949618,182.28712988691137
428.52156355847194,59.00020549975511,169.94857653326784,175.75876251837786
433.18173083707154,61.40261185445962,166.07225981241552,170.95394980896884
432.4396262116196,63.686613311509774,162.24910889262134,166.38594689486854
439.71061526019525,63.47603278228472,158.0576361951558,161.63185525347578
438.3011016427432,61.929393963887975,155.8422619133364,154.65632985682248
444.33978941446276,59.90626490518537,153.54435174216434,148.9231226019608
442.2693150844722,57.33731397560757,152.92217207816577,144.53476781315743
445.3142955514994,51.66601622228549,151.5161068280306,141.82567626804388
441.62887955118333,52.49659799242296,149.6490879492719,140.16451272776894
444.1823421114123,50.90103587088075,149.10554548235436,138.79225431731297
446.4942474200114,49.27053323523846,149.01483116102384,137.5201632927299
443.39181483585855,45.28873206516515,150.7082420223619,136.46085701894123
440.3082070097611,46.56658694400302,152.35450132644564,133.90514726126548
434.69136470538547,36.624539687983926,154.57681654875972,135.76650300042954
431.57346211892656,39.51075800979872,156.24268553455295,134.56400254392463
426.67714545327334,42.61785506246015,156.88241780934948,132.9262589668567
423.6943495236699,43.01550867903853,158.28799332154176,132.13095173369993
419.0531083636082,37.18643395669581,158.43270206102054,134.6513275977407
423.1740116719434,34.38669718758223,159.41428827237954,135.63910472195323
413.67961220131696,31.201369918292798,159.83213777098922,137.3670218998713
424.27970719770474,28.387278422041547,162.01673660844898,138.31824712632675
419.00669113485947,24.968944180303794,163.11076413447995,140.42891330997253
397.8721314440774,24.097561460572237,162.3885499745487,142.17167874943564
394.09617729609033,12.647806879251405,160.35329506873728,145.8968615085063
394.4462189951072,16.2362930270463,159.6532116707036,148.36287640412877
427.6571973785157,12.542383774296127,161.12890748963886,150.90086258207538
423.9577682039254,12.033620365861879,163.61457120834444,151.91838939894387
379.6408350637133,8.128538949811414,162.82138693775036,154.76038275598825
414.45783707095325,3.9104437102249676,163.19977185548524,158.19568831143152
432.11054588463224,5.282977251706157,163.3227014147193,160.5118136836966
427.86049405062636,-9.97586406669484,161.62338885386885,165.53095574834313
359.45580250392214,-10.46299680578987,164.48220071894616,166.5052212265332
333.00099656884754,-2.927138782610612,165.26805253636968,167.0706331959924
422.56500669138416,-9.70940350118893,164.0845009888768,170.16784094505607
434.0450418814443,-14.393314965322276,162.17882444616308,174.2720654139711
431.92869983670596,-15.670546556649057,161.1139250519611,176.82652859662466
429.88093044508605,-17.08569556844928,159.88900523271582,179.6568266202251
427.31826761092026,-18.248071146273517,159.66941838209732,181.98157777587357
438.2150996525372,-17.772788832382318,159.38560030833304,181.03101314809118
430.063863743547,-21.24254996721551,159.61352743328715,182.6123538534154
435.7089895137853,-20.677318199130625,159.09595702988383,181.48189031724564
427.5994790369205,-21.39710488547307,159.2333777659152,182.92146368993053
383.65618728418303,-49.10003582887067,160.9593859962584,184.47696602976845
326.21910125701,-22.175512628852715,161.66097066836846,184.99581838317826
407.97580446347337,-42.26593876441834,161.82963743740868,186.98418691185054
349.4318489344062,-33.93537249160737,163.63680850487447,186.79173150775267
423.9270856788535,-37.7112165138954,163.56610620751167,188.8278724711609
432.945014496733,-30.855578460386667,162.16808515887752,191.75443295126829
426.78946388403926,-37.2650960955485,163.34176206670867,193.43604390403576
424.001658150441,-40.69029028116982,163.30382459878717,194.6728833401604
435.0514197098699,-23.884186271378184,163.73236062138486,194.85276403276038
425.2742084249395,-26.238496828455226,166.36171101256795,193.9196944206886
398.5464661121004,-55.08096144026791,168.79104796678146,194.90890400935314
409.1898407375246,-41.00353235185965,170.39975893071755,195.3733711010173
420.60316758468394,-44.71741055030739,170.6005023936026,197.04427820861187
409.1813635999823,-45.24896926758835,170.30036552604395,198.1073956431738
403.14510196325534,-37.02520119274958,170.77776086201283,199.05255139972377
414.5535739210512,-33.6583363520712,171.2401870526574,198.13866424492608
420.40860051553966,-33.42510031078494,171.15639918307954,197.67219216235355
408.5479548134069,-33.550782305212564,171.6594083550141,197.9235561512088
408.3925925266682,-33.893742430638184,171.9701329284914,198.60947640206004
414.184893881892,-30.283944000515902,172.04978718711908,197.22200802635305
411.31749047237633,-32.97533408881985,171.97266892051908,196.7928631173298
402.3871801852215,-42.17297085211258,172.42116411531583,197.7760112644023
399.4571001508641,-45.69693970879567,172.45486682730967,198.99749162104754
396.5219168363875,-52.19175366985261,172.47932474917573,200.2953021289872
407.9300378805288,-40.13131275632034,173.12859997354983,199.63993761457942
395.8257998345449,-42.69542933562328,173.87044445020177,198.90151286935634
402.4133808344488,-49.77339636483091,172.42951231873508,201.3232170594306
414.41149520113436,-44.07853194227468,171.95916794948016,201.69643039637623
399.25288734289313,-41.567943671548726,172.87798584546596,202.55493341902366
384.14363194612326,-54.180474505318166,173.55794786383444,204.14915606642555
405.0072541024354,-39.67887042780795,173.4335524245588,204.8622685352256
410.5676571403228,-42.666668184329396,174.21729103751784,204.88559170390155
