644.0,474.0,44.0,98.0
647.4447508535708,471.8438832554621,45.89219711691685,93.53053466501736
646.8605082690674,472.76803024036417,47.060682285923676,89.51888612333988
646.4202494764821,471.6627052151628,47.94119987109406,87.48009933763078
647.7290128771973,467.65749934947786,47.43344485641131,87.05142392201003
647.4009606995025,467.61281134794575,48.08954921180077,85.04602853553888
647.6005346246247,466.6953116870867,47.69040136155658,84.80469683135144
647.8798795511742,466.33209208923483,47.13171150845754,83.46516574698964
650.2182300976068,462.8537876764335,46.52830680097101,82.27518180183519
651.1475054754704,463.49275259028036,46.67853329511442,83.00602922401234
652.4467234193571,462.9983249018504,46.102243013876475,83.99488460087213
656.2819522817741,460.738514018255,44.512579195256336,84.46064376392042
657.3752098722897,460.24507155308595,44.33263331549219,83.4409593929916
657.0861989466213,458.7824871507436,44.91065516682899,82.38916861423948
660.033772983264,458.9126702953741,44.964153104865844,82.12880232497848
659.5245421808453,457.5754726259067,45.98261470970324,80.84328739201291
659.1694475803397,456.71653309184006,46.69280391071443,78.60455475491788
658.8408902661994,457.19472250677205,47.349918538995,77.64817592505392
658.3950053366164,457.8158941001893,48.24168839816116,76.40583273821943
658.2290567692233,456.36651382717366,48.573585532947064,75.40382148847323
657.7388828593462,452.7461645111437,49.553933352701506,72.93983737752706
656.5767148540946,454.376726868445,49.9580425374633,71.5989394886658
655.2094898121985,451.968389960955,50.78580867291444,70.69556145862296
653.9160123570853,447.8172170576429,51.46610526175729,69.46461565832892
654.0897701004972,445.4772965892765,51.11858977493364,70.34617599712625
653.6134452716038,441.56691525663075,50.16440938787895,72.44644852789409
653.7507253593848,439.22684533286053,49.88984921231718,73.28080427585239
653.9834058651503,435.86279896084363,49.424488200786,74.21610332046222
654.1164222110826,432.2474431424568,49.158455508921385,75.63495793486534
655.3057408997198,431.02913950375415,48.73397972525988,76.11740361865795
655.2226222122124,428.3335925294294,48.90021710027453,75.64558254243006
654.9099164803526,427.64997290425435,49.52562856399423,75.06280926940049
653.3372801403668,427.94922535622914,50.71920976735935,76.41599584205727
647.039362463644,428.25185343409237,51.36377224836666,77.80261849840377
639.843163680003,432.4202353269276,51.5921223588207,79.58303146761041
637.1355468965307,433.7760362281802,50.845478322795266,80.97934806708508
629.9331183619222,439.40341379315487,50.81369443429078,82.0988566151828
628.5704307875187,441.42655000460536,51.46050505440935,82.20971324965848
623.4893293430475,447.0582085445452,51.1673465792948,83.49282980664705
622.4968885045146,450.7559333651652,51.04692618093942,84.51858846709266
620.7068616526303,448.28336250109214,50.38986137582253,85.22661168635318
616.6077151513289,446.00037922982676,50.11614011108478,85.5565710952137
615.4760886335448,442.0811843286827,50.26111732670596,87.04013343766053
613.2758790272295,438.46265948114655,50.37605074306163,89.99169733645782
614.4376541101483,430.5880990771297,50.24089651438202,92.61044252154328
614.0551406113258,423.18456610775564,51.0059235120271,91.84424346773531
614.1856911624,420.9802608910566,50.74482240987868,94.02634576361416
612.8903662249681,417.9672039676975,51.08122705225379,95.5439691453554
609.8789641009437,418.4613493943688,52.5393058693044,96.83804100751193
606.808750013286,417.56255013184136,54.02694385002147,96.30924443526784
603.4284493102308,415.578244586334,53.7556269989375,97.93388277388433
602.6978797285286,415.4430027114226,52.853418522596854,100.56771416345205
602.9946638772363,412.65790406556835,52.25985022518139,103.75122049384646
604.9341905339405,409.3565685462011,53.22716131690052,105.50752712745341
611.8880288217542,405.16316909835825,54.11326731557833,106.49743473598653
610.6347558646028,399.77782860328114,54.12437018287608,107.2863435381198
609.369912009899,393.08133198022244,54.146861002216454,108.14335233390223
602.064032342668,392.9457258869501,56.15792957688902,108.41456452044707
596.2568153423682,386.89886950284773,57.537079920391335,107.7141727172799
595.0537461000442,383.60184392608585,59.94321840503923,106.59157800880428
591.6937984174423,386.41441182343544,58.872876163707716,106.15993395179538
592.0653282648898,387.9861837976777,58.1298164688127,108.16065383667981
594.7774006373933,379.80993094554617,57.88356598392025,108.97947676059917
603.0142767919677,370.6034243819979,56.99050547764551,111.81179808482162
602.5914285304042,369.789256590423,57.83620200077253,113.4401336679714
602.9349850806192,371.25307832137236,57.14908890034266,115.8354770981692
604.1292526742136,367.23095165456095,57.445241478885755,118.51035490032808
603.9733115066726,368.3290092018641,57.757123813967496,119.04315760288907
603.7582174592749,360.517688609557,58.187311908763164,120.95520743943669
603.6255200974518,359.1037725676421,58.45270663240913,123.78303952326645
593.9060723858295,357.6700475643419,58.12798032385997,126.6504895298668
593.4951093014678,355.03135582873233,58.949906492583295,126.20899542145577
585.7315046830637,361.0778163979748,60.140162712148665,125.5856366967652
585.4011438298459,359.551918776088,60.80088441858419,125.75837067854019
585.7593387979853,355.5424801191667,60.08449448230544,127.99109573281078
593.1300081047445,380.080480928565,62.822092016514375,122.61243448333303
586.4364789826759,361.8186518586631,61.79900390794061,124.55174137663026
589.0288068171136,368.3136514795896,62.3998692793558,123.13278421535816
594.1226010950479,379.9705786621889,63.741774777965304,119.99554444549612
596.2823196084302,384.4745900632108,65.14113132918314,116.70631522143468
588.2050327098692,447.1125197184716,64.2868464226524,113.32727662042319
591.3991393037429,438.28609466044117,63.43921378804953,108.81780452390569
586.6571673116742,449.34557518848464,62.16686237414014,105.52236041440042
585.8646748698108,454.34615748556035,61.133230853687095,103.3770450327894
585.549962503219,453.89977852423414,59.19338483648916,101.70053220506065
586.295431908793,456.9180173791858,57.70244602534126,100.6871718046437
588.2647570875273,456.2728878397852,56.235050179024256,99.50617637229325
589.0926493299703,458.0029681776569,54.579265694138236,98.47485190936376
588.3315232787867,460.50775747827,53.71612726477644,98.23605437159584
591.3023728042094,458.27721279573973,52.50869190292667,97.96288004766038
589.2659940989504,461.75222612981116,51.89655703384483,98.04019179891743
592.0831892160677,455.109464989516,50.92834014405504,97.32719404617333
590.068738942826,462.055559563,50.34529959950998,97.27082817229062
589.0240034563573,461.1704953042173,50.139659363175596,94.45073427131214
589.1411127621406,457.1908522048249,49.90544075160898,91.15940090848322
589.1723899520298,469.0975589076695,49.84288637183049,89.32214807715144
587.9590114899622,469.0951073766696,50.10022670344365,87.15763454662942
588.1989718685076,468.4060676430936,49.6203059463531,86.3939581312152
588.103042912812,469.01563146172583,49.812163857744046,85.17483049395068
587.9305664947631,467.5075788271556,50.157116693841886,83.97600708579701
586.1771369107423,473.54165303881297,49.47301480719761,84.48074182653963
581.8202358034996,474.29242593946833,49.821134531552595,82.97919602522887
579.7920521133587,470.0217033420122,49.72753691540107,81.14572872905819
581.6894920807504,460.25204334794853,50.02484724630038,78.17800225593095
580.7571343872904,469.48051478871986,49.882827085280894,75.77494375790283
575.7400666970826,479.6015589904443,50.075301102545225,75.216178080757
576.2024202954447,476.8047893530572,49.15059390582108,74.92030203278969
579.7954458979765,473.71164054612234,47.79446544506979,75.27667690234705
578.3089776196471,476.3105162360689,48.84139211965203,73.93094528660733
576.286625977279,481.0185962772617,49.03948915964167,74.1313008160888
581.6587121986588,474.6499068016911,47.94336198111856,73.36141639729843
581.0005266136757,475.9586803979462,47.359934996040096,72.64366735983303
581.7695178045992,478.5968421033451,45.82195261419288,74.88456355996524
582.1940159055831,477.7049810815594,44.972956412225045,76.66828560353666
587.7535539312846,478.4712778017802,45.249580312179646,77.03497548832122
588.4166615791116,475.72410722014195,45.83277306873755,76.80109249496195
591.2388766444004,471.1061393686473,45.935700293292264,76.458099272731
592.6979785324843,472.8773413760962,46.84233488199959,74.82811444027088
589.5697728052133,471.7261075800106,47.388676991502564,73.32386913574928
586.930215053812,473.7426726867243,48.88782398398643,71.1807231774813
578.7962786986507,477.9804996790454,50.09427400813314,70.23578053592712
575.3608463484943,474.4357629267304,51.30019904881543,69.77200116104983
571.7583187311516,471.69912519431546,52.80197510131245,69.54199744369129
571.8641282327551,472.119433661704,52.59035609810542,70.62354310378679
572.6875224167784,471.63026676032365,52.87874169054237,71.60187690654757
572.602149056714,470.504825336301,53.04948841067137,71.897986510475
571.5927715077695,473.0949900835741,53.10617181156074,72.60387210692743
569.3641247085288,473.10912170528945,53.61601782622658,72.57560886349664
571.2280081285887,472.1613312067479,53.85155968694854,72.48953551015894
569.0999669451534,474.37751319545407,54.13923450594506,72.02557908062089
575.0731643938833,472.2228414537367,52.10208738510124,74.35307300873252
581.0723757462496,471.2594102721709,52.005850567481176,74.29623772401202
582.6833126619902,469.8711050296541,52.74647715270416,73.11034779234174
585.549562340127,469.91095230820156,52.94047943853014,73.03065323524679
588.909302756516,473.4938904503157,52.153439098456985,73.77469760795826
590.1824092757107,472.1843933137378,51.58302519791356,74.41789274326825
591.4898686860522,472.7165003610427,50.944209725977466,75.32978199740562
592.0343447415697,472.05671628262206,49.8552576149426,76.64935015424685
594.156972887077,463.7913829233291,49.571992597685416,77.33205177780292
596.102179129884,461.6421675750525,49.654578598958985,77.65748398746871
599.3265345537592,461.0604681997914,49.18412594769332,78.8208827379909
601.5465574443671,462.7294826906096,48.74862813096563,79.48740172084267
602.4539362886148,459.68020402136165,48.93877863042681,79.57123449546849
601.9869764588054,461.0321441546464,49.87269829004565,78.87670904092863
602.8481218342824,464.02978494050126,50.1650542441467,78.92536758438354
598.097455531707,466.5680628656587,51.585317521780084,77.88934639782721
593.2850208005322,465.25841181526357,53.096489843010644,76.45179992805792
591.684848873509,467.8711392335111,54.265008554003046,75.28999537767031
590.8319376831181,465.76253856891896,53.93732240793723,75.44017965315915
590.5862490265464,468.0825971896576,54.428699721080555,74.86084980374677
586.6673242038883,467.1640863611984,54.14779058717748,74.6681817658604
593.6623553278284,471.2798919614905,52.29064580000264,76.54733511586419
584.8346134269077,467.829118193594,51.76671762169487,77.38907865827392
585.0578946350712,467.47039726773664,51.32015520536783,78.10652050998864
585.1248055690706,467.3194964477284,51.18633333736888,78.40832215000508
585.9377326050304,465.8397202868568,51.59005264371219,77.30872771522304
584.9148090454768,462.09475523585644,51.61612444190055,76.71955653354826
584.3186170640012,465.76285258080037,52.808508404851864,75.41739664830963
582.9595629109793,464.8427948498006,53.515173702824846,75.24606910223838
589.7774288801776,461.8590267610029,54.02296781602391,75.15209411486424
590.4291021929569,461.70643849875876,54.747059402921856,75.45727063935247
597.5089051408881,466.2680614499628,54.89522287891987,76.5538600025592
596.9651183288714,463.20295920363907,53.919769079448756,78.5580096481975
596.7353678087487,467.27127324666924,54.37927011969428,78.73027964596706
598.1215071963488,465.71530325376557,53.69441708609334,79.75479389017477
597.0701779433061,466.6597473137599,53.70555522129707,79.95742614106783
598.487661014814,466.15843128840686,52.965343806747086,80.96005819177392
599.2722468186789,468.84487124166117,53.493682734756945,79.78219935674483
599.592388498202,469.3441965485761,52.85339937571075,80.87214914778951
600.9821595303563,469.0553433859223,52.16818326232769,81.44985547309716
602.2437505505624,470.7698399142075,51.73655242740726,82.20396482751059
602.2773208033744,470.20192414216694,51.66941192178328,81.24418384062392
597.614615967607,474.0223370134039,50.59415667666302,81.92389003147399
595.0780439645703,472.24108181760965,51.52276767498012,79.26960091142753
592.8733291260066,471.4770787268142,51.835992746178746,76.70140248708994
590.5651002925114,478.7551524806122,52.423010752727656,74.23357396081954
591.8668164389253,475.7206798716886,51.80676322442139,72.35378012058024
591.5626399528131,480.92988331598934,52.41511619664557,69.7296900228713
590.5333304745444,492.61471003765826,52.55503251334349,67.46576561776811
587.4307325480144,497.41699257687986,53.10090455117529,65.40696562629583
585.5498499552247,500.90431346426993,54.99892127910297,62.15982076681907
567.6785764215016,498.19479496818457,53.85831282127093,62.046384430198145
531.4926705852681,493.80089170133596,53.264852661955715,61.71353198492247
498.96554839786467,495.42293829093137,54.98797129613184,60.278899541178376
475.4065480948357,505.31433277687665,56.737267527588855,58.64359231912815
476.52424771190897,506.9252168222175,56.31882770663418,59.055743054829925
469.3238057795612,508.91971028108884,56.18535505625255,58.70034526585654
480.08125537484125,506.3884848899455,54.57072356542337,60.14456555728289
473.75696067695543,508.28450626322723,54.57726544281829,59.9645363873986
461.9546596398421,509.5655222163975,54.738849830062804,59.2058135339029
463.14436243879084,510.14700680390405,54.15350362598383,59.83690375270829
482.1707809322126,503.1580587800915,53.78656589708776,61.25283338101748
474.5752053115095,504.90415037252166,54.49219757682049,61.38203008657554
481.01207262642833,502.9438495507977,52.562369217316885,63.478647351634486
476.7256479170649,502.9951175447879,52.00824381862091,63.37611136365409
474.27862816850876,504.0271521099788,51.45767202192285,63.1269126645426
477.21842709998595,506.1348934163748,50.984496498423965,62.515711611387644
476.2306913032298,507.563805382869,51.17487089129369,61.44298487904157
477.41174224042356,508.49971861435324,52.356100306005175,59.57115841607307
