392.0,202.0,110.0,316.0
393.58458348879395,182.81855842606558,106.83083302241205,321.8148030392812
394.5253409493675,179.73707887736936,104.94931810126499,327.9777621366736
395.1423527842173,177.3898816362362,103.71529443156541,332.67215661893994
395.5662982332815,175.77409640803867,102.86740353343697,335.903727075335
395.9319206060086,173.5302364967956,102.13615878798277,340.39144689782114
396.2044455938947,171.09831642794555,101.59110881221054,345.25528703552123
396.2027012868266,168.84721760476404,101.59459742634677,349.75748468188425
396.245541973208,167.61514384528593,101.50891605358397,352.2216322008405
395.9359727607905,166.43885684420198,102.12805447841899,354.5742062030084
395.87222193396354,161.084892210572,102.2555561320729,358.37011849403467
395.90021790234607,163.0917263616878,102.19956419530781,361.3244397606355
395.5915724878823,162.2559727444268,102.8168550242355,362.9959469951575
395.3724272994656,161.79144308338363,103.2551454010688,363.92500631724386
395.08690395833025,160.92578967242127,103.82619208333954,365.65631313916856
394.84840290058463,159.83965785625787,104.30319419883078,367.82857677149536
394.319682772982,159.3623875612845,105.36063445403605,368.7831173614421
394.2873788871178,158.25361355050558,105.42524222576432,371.00066538299995
394.1838063656122,157.0167537059255,105.63238726877559,373.4743850721601
393.7877695345554,156.3323202865867,106.4244609308891,374.8432519108377
393.5118168131889,155.93831197315936,106.97636637362218,375.6312685376924
393.07101959172223,155.52589770865612,107.85796081655558,376.4560970666989
396.5836921003555,150.53812884873707,108.16050952144026,379.10374106438564
400.51992182410106,144.09023180122782,107.6589681770919,384.6286170562615
404.3055598999769,141.65837494078002,107.52718311316411,389.49233077715706
403.8642465484596,143.14677990540832,108.40980981619867,394.02111115190144
403.48004954529796,128.3312356323156,109.1782038225221,400.89430321901966
406.9926654851876,131.16674889998765,109.8501901191521,402.92049486008494
410.9281730359669,120.76986604371095,109.71755362292674,408.23750336197185
410.43837673271247,123.35256752809403,110.69714622943555,410.88285256270433
413.8368533151,126.45475248406984,111.76661192854213,412.54490151463426
413.0546483060626,125.82361434648618,113.33102194661694,413.8071777898016
412.08678727866203,125.41286736658947,115.266744001418,414.628671749595
411.40747462620254,128.59224410095612,116.62536930633696,416.27488853749844
410.59807802463394,121.8330121732995,118.24416250947418,421.7397280023066
409.99279686902963,115.2081662847281,119.4547248206828,426.8284256065737
408.93380003549635,110.01171947735344,121.57271848774938,428.9659008095641
407.13923888037385,105.51010911449913,125.16184079799436,429.64393501124323
409.3025183974896,106.78072561011271,129.2370021271591,427.10270202001607
411.8075541040679,98.54594510291582,132.6684172493532,426.6892899637087
410.02427228601744,103.30266766419197,136.23498088545415,425.67495365164007
413.05826618191793,89.94383127096046,138.71744766862108,426.74126271319915
420.88374540440407,94.37118774744326,140.28893631675146,426.49777330678495
428.8483778352877,90.32595709787259,141.6328515310928,425.95164456787205
432.65202718950206,76.7098182602771,142.67899032344582,427.2236097407179
440.25966341124007,85.77736625764268,144.8450810936546,426.4698769596716
443.27663219874034,72.26179089388236,147.53067155814847,427.34244356870914
446.2300562827386,89.85190853587972,150.40475179866763,427.28592191877715
449.81078424098615,93.19827496573546,152.07569161106164,429.42558478795473
454.13538932716887,91.51576851680812,152.3197699533274,432.7905976858094
453.5543870067861,94.0626420749395,153.481774594093,436.64262199887355
452.7089531873353,84.12073638331304,155.17264223299458,438.48268587958466
455.47125727536763,95.4773020528576,158.72688694105233,433.92726030874013
455.2125830732127,89.73478086194729,159.24423534536214,436.3342061781218
454.5882934760424,84.85796467844332,160.49281453970278,436.96594892512377
453.2098529024323,94.94329508765537,163.24969568692296,435.1022680547542
452.6496905262682,80.7008097640093,164.37002043925114,436.05770646074234
452.1182235262297,90.95308008830185,165.4329544393281,433.9739178312852
451.98621906797223,90.6652834396009,165.69696335584302,434.5495111286871
452.1429716830936,94.54277907392523,165.38345812560038,436.0071237636658
452.26087740657283,83.92452685681809,165.1476466786419,438.78786675611207
451.85908015779813,97.57630135223567,165.95124117619125,439.2748652290788
452.0193241446823,82.24445626433331,165.6307532024229,442.08367652066096
451.7223342190418,95.75459061591988,166.22473305370394,443.02178569515036
447.3795562311137,79.872568390362,165.5666862769413,446.7550218884094
452.07476673717275,84.75212740543651,165.561499541286,446.3811381347232
447.087345693198,88.87431909212512,166.1565560866666,447.5165403039149
446.80620270002976,83.12244942541275,166.7188420730031,449.61349901799827
445.3214411273869,84.47922773281852,169.68836521828882,446.89994240318674
443.56405817401003,85.33618726974566,173.20313112504257,445.18602332933244
442.23747656530776,86.13336860688781,175.85629434244706,443.59166065504814
440.68903096802103,87.43160134437582,178.9531855370205,440.99519518007213
439.4980329373896,88.41915530203684,181.33518159828336,439.0200872647501
438.40031637196694,93.26468679763565,183.53061472912867,438.88537151358867
433.89952476771185,82.08206109898595,182.93881373202964,442.0638544996697
432.67358535217295,83.03871299242198,185.39069256310742,440.1505507127976
431.92677357535104,87.64519634486328,186.88431611675134,440.58222416780507
426.6252098375222,86.92987968256875,187.81010715062752,442.0128574923941
421.3850747916093,75.97257027631298,188.5759706146505,444.49866304930015
422.3907680036178,83.83988066584243,186.56458419063358,448.2918397202211
422.7837672295524,83.49041495553448,185.77858573876432,448.990771140837
423.0568364476533,83.8424928311735,185.2324473025625,448.28661538955896
422.9549235533068,82.3795273380968,185.4362730912556,451.21254637571235
423.0940277829295,76.64550782123598,185.1580646320101,452.87546006739274
423.5564959739145,80.44869723695436,184.2331282500402,455.09323578960954
424.1260440141839,83.80564554524292,183.09403216950136,458.21898474132826
424.3652596879106,83.89908396790864,182.61560082204792,458.03210789599683
424.3590232368114,84.20865755115426,182.62807372424632,457.4129607295056
420.0006637149436,82.69650434722939,181.50037289152652,460.4372671373553
420.18842199886444,71.56094040211468,181.12485632368487,462.9728381557901
420.82896860645724,74.08921668524371,179.84376310849925,467.81379833710645
426.56761731920255,67.34395681883788,178.3105542992,471.36022945372684
431.83059693105923,65.80750978598326,177.75202419786282,474.4331235194361
432.2933846793744,69.23140836647372,176.82644870123255,477.58675905673374
431.82382600156694,63.7471130910244,177.7655660568474,478.5254178958796
431.2578753374057,69.17701826039013,178.89746738516988,477.7259220814252
435.98940665474964,69.30401715603313,179.50366289180207,477.4719242901392
436.05677897817407,63.0755227880195,179.36891824495322,479.8523796684407
441.2145316210197,72.25848561576046,179.1616392904422,481.7029066753195
441.60950873292495,72.25191376402512,178.37168506663164,481.7160503787902
441.74282015453946,72.04589013247542,178.10506222340263,482.1280976418896
442.1393433830001,66.21789428301406,177.3120157664814,483.6660517312266
441.9891903056705,69.81044223824387,177.61232192114068,486.6066927898032
441.89173587672155,70.01886034638474,177.80723077903855,486.18985657352147
442.0537359494772,70.06062916505292,177.48323063352717,486.1063189361851
442.2810009751821,64.74699022602178,177.0287005821174,486.56984317996256
441.36030448455404,65.61085971106115,178.8700935633736,484.8421042098838
441.12394412737905,65.9006030434175,179.34281427772348,484.2626175451711
440.4346973765055,67.42269289144792,180.7213077794706,481.2184378491103
440.4834136416957,68.958265432844,180.62387524909025,478.1472927663181
440.53806092923304,75.31400010832112,180.5145806740155,475.54220045760724
440.74735168661255,77.10216977590548,180.0959991592565,471.9658611224385
446.06082586454244,74.10730500284998,179.4772644994531,467.94737697249303
451.1935045558358,76.86642335105014,179.151334489152,462.4291402760927
451.3597412774626,78.747872650369,178.81886104589836,458.666241677455
451.5561815711833,79.59509501054484,178.42598045845688,456.9717969571033
456.9000269441311,85.12499415815336,177.50122328745059,455.6749322367756
457.09705244836175,85.90227126056482,177.10717227898925,454.12037803195267
463.0653200835051,91.32402676568992,174.86897166681376,452.97520167981367
469.40385432691494,84.49075667831829,171.83366729014963,456.9999777444016
470.4952966506067,88.49541714016652,169.65078264276607,458.6356260637948
471.1218798793551,88.63035397217274,168.39761618526921,458.36575239978237
475.5181404759667,84.50006518765736,169.20767514466587,457.02374981619323
480.5402472847479,89.78584212576601,168.7614477895209,456.05018220239333
478.8554168231784,96.70109438421392,172.1311087126599,451.7956705242347
467.40559299005497,98.66296186672707,175.87940028744518,447.8719355592084
464.92709158455034,100.4063725177713,180.83640309845447,444.38511425711994
458.3388147778145,96.29381815876226,184.38812026713293,442.985386530345
451.8613742947949,97.3884032961065,187.67520555385846,440.79621625565653
444.96608535178575,98.04312369866696,191.77135400540055,439.4867754505356
443.333517042196,98.58523751294621,195.0364906245801,438.4025478219771
441.7981440843072,104.44560727770624,198.10723654035763,436.47143949881956
444.76575130610723,106.74387966525512,201.98755325591662,431.8748947237218
432.0244664270682,109.05186452680033,207.83694268078418,427.2589250006314
439.48171186849555,110.11721281975412,212.62474998492561,425.1282284147238
408.2677331031967,111.61382152630333,215.63477851754567,422.1350110016254
403.868607126301,94.12915559249305,214.52190306296984,427.3709606441443
413.5297176184091,93.51452392605117,215.13697028441356,428.60022397702807
433.55565852756337,92.0663412043076,215.07422134947012,431.4965894205152
466.08427137689256,109.66030133608427,220.2872171029679,426.424478350743
459.2166219496268,106.37888994989595,223.96825342700836,422.9330385926286
453.37850672442835,96.74285880526068,225.57824488840652,422.0726229039016
447.9371835121312,97.21309402557864,226.3797014482567,421.1321524632657
462.9268811233723,102.10263551654353,226.64351918427323,421.4341404675021
457.7670435134845,92.76234745570531,226.87315636615656,419.93464051339413
452.0253735728781,98.10945266662873,228.2846218395863,419.31230449933025
449.3211177034017,94.91949210774334,223.60629031624518,425.69222561710103
445.61728569040315,88.66927030509817,220.91335205070644,428.0920669308555
475.4439238067092,88.80109401969315,221.79724188531242,427.8284195016655
479.37202565854557,90.07059507719063,224.04191554835393,425.28941738667055
462.07108820014025,98.0130989135863,228.3373007349241,419.50657295729263
451.70859039956116,99.39251830345404,228.88107847176647,416.74773417755716
442.24723982915066,105.07480118220343,227.68538508439707,415.44236568415363
467.14287886500006,95.90606801093583,227.991670259936,413.7408067277937
414.02551287075613,79.66726664301112,224.23050980161238,416.21952970542185
420.97136047216134,133.7738572493491,230.2825958906023,407.72525495174824
480.40367896729026,120.60707211581843,230.8149249505173,404.20958370626636
379.11336505675087,135.9703725925308,235.26060703377823,393.2964773266234
251.2551628668158,192.8265026275811,235.6568047999481,387.60430467001135
248.36527200049164,168.6632994040332,231.69464499172852,387.22100341276797
271.99231446390087,181.98214665354968,232.78788031413114,379.9222370134235
433.74326499712106,125.45365176313626,234.97788711764957,378.0291416636766
463.70669845422117,113.31616872580526,232.57731239938997,383.12867700635843
446.5588544954976,106.25728371838267,228.37932507380404,387.62302821044534
476.4030270296022,109.10448647110195,226.40766230587613,391.5480697550537
467.56010621795434,112.90067958581153,224.80486010018657,393.6000054401271
460.00656673209517,105.58770334039656,220.6168630411749,398.578419915592
476.5215332314886,103.40172379314117,216.53662237414997,402.9503790101028
467.56720872805784,107.3459816613956,215.15598020974156,404.7065088592289
456.97521819558307,117.25891111201466,217.0462855781892,404.1743256544925
447.4030656918149,107.77490194407943,216.84778097369198,403.79953437832944
466.8737088396687,112.83264336969489,216.55642997588245,403.34653535157304
476.7916231483475,96.85453065281894,216.02224220217983,406.3502995198427
485.53530156733075,101.10286064598483,217.90666400645094,407.5395288546297
473.71736544617397,107.4449579668204,222.07112129493174,404.5910416898749
462.9825159242847,96.91526798143417,224.01384330441832,406.1234446263554
482.662818810586,99.72226165116717,223.93033213226104,410.3287309370007
455.1649167199431,106.27375076200298,229.52658789261935,407.1056623995146
455.03441036094176,85.9192525057627,229.787600610622,408.103779176495
459.9080630285182,95.78509094190218,229.987221799184,408.26595535164574
327.7351673990025,165.23087445610636,235.5622369050085,398.75977639984086
435.5243535336121,97.32009295705853,237.92304071357208,395.8927728029838
284.82885691127535,170.56916767052567,242.20769313608167,388.04424909305936
192.8848742308689,171.14968006132756,238.78273220890605,386.8832243114556
193.45231479165832,173.96870695659405,237.64785108732718,381.2451705209226
199.92626844049926,165.53353829891847,234.38048207741073,378.754431260743
190.755434846997,173.10961559015374,233.54512106740108,373.19079077677964
190.89041317998897,185.48414818950502,233.2751644014171,367.4245581707772
303.47547199988315,140.55540174705328,233.72136093275972,363.2752534843761
309.12693352947474,151.0432692262471,231.76445216312413,360.99154710508367
314.0252921968771,161.84626582420492,231.2468508268184,357.9437859061661
433.922341585778,189.00478791833305,231.2977134307259,358.9755789598427
434.1405340565522,98.62577050599924,230.86132848917748,364.1523695237746
442.62713299345444,102.06692790306874,232.510793465294,366.5813861545961
418.27975247257325,111.73864747320312,234.3291831789802,365.98849554555784
435.9810016094393,110.98589099831773,236.51392188708286,367.4940084953286
469.28563800523375,119.47365208070738,236.09566012578122,369.4302037677743
454.54182718545917,105.19874908889267,237.1496737424065,369.54640172847996
444.52323738070015,99.55735738646825,238.19240566483103,371.33196128978204
439.48629969297224,97.47754542204564,238.7248917343532,375.4915852186273
458.3612010053305,91.38009097615739,239.42535063658028,378.0739287286679
440.48092725875415,99.26507357362004,236.5342097362022,381.629807730508
455.9621720559069,96.95056313859638,234.57449878661163,386.2588286005553
413.44311268971154,95.4257061549408,232.27953674616137,389.3085425678665
409.14152227750554,84.24784479574123,231.17233253952088,392.2434952241605
467.1105361484132,88.37819371166034,232.05798457613542,393.71810404052474
428.6483369788666,86.8605936409476,230.80489451589006,396.7533041819502
423.7648541900022,91.65911961203022,230.77581771426867,396.95229461913505
422.86352219539765,82.17588095459192,232.57848170347773,396.32176746117085
516.6990440492075,86.17354283908011,231.48096309112788,398.1461029077349
512.7053779987892,90.25499814433698,229.64013653466512,399.81135095452044
503.2840550019896,100.65488594254373,228.83949794169527,398.654859944676
522.7973627440296,118.44447506090518,228.97655455019097,392.4484357773847
489.3598786627937,114.68381573714325,227.94312490215452,390.26855473769314
523.632766554443,126.93815163999625,226.95680148441625,385.0625836078616
343.6785749744939,141.41071448203013,223.68548910560133,384.7895391505343
347.20771714023516,149.07724342475083,226.1251509615024,378.9544274524764
345.6045714658269,157.60300762076434,229.33144231031895,371.3554193233523
341.87478533146924,163.12720387857902,227.39771306845307,369.7003283183041
338.7616331638345,167.55290035664186,224.28789734161077,370.18505542429017
339.5094732165113,167.93360055856692,222.79221723625722,369.42365502044004
344.9055671071935,172.884631909714,221.25451990984385,368.7760827730969
340.34500471604895,179.38198625945137,221.1567161282984,365.0003026374567
342.40829970396277,178.3851735224793,217.03012615247076,366.9939281114008
349.1591304314395,158.9071693465382,212.64957731547685,369.46548599144484
354.70532203672246,164.80162989052874,210.64082111462704,366.76019191318
360.67304778344277,155.36087546979536,207.71482126653882,367.6227974639421
356.05955424575325,161.66548483600334,207.9692889983905,363.98609807505346
356.7624440626061,163.09712361976335,206.5635093646848,361.12282050753345
361.32035674274925,168.78091708374987,206.30440301454348,358.61195258970537
365.3034312608953,166.82619710779193,207.153369750798,353.70627676907463
362.2660008476594,175.69323702663962,204.47150223470075,353.4856536165173
363.3596575282517,171.71651440296026,202.2841888735162,352.73106563287587
364.2409633196322,168.2266851760774,200.5215772907552,351.0509766878067
365.9684454191008,176.86288642366577,197.066613091818,350.98844227993936
371.5901556037484,172.84258585140444,194.36846063268027,350.48377551430457
380.97023428317164,164.57710312256134,192.5919828088807,350.03106143694384
356.21100192538233,182.86593305230494,191.3813762614788,347.27278241944356
361.1956510793923,188.94362135464405,189.80553897196904,343.5108668332754
366.7440538099207,173.02855991968357,187.01975704713666,342.0968955582988
371.28781029149906,187.01661198679014,186.17483360799622,338.8485599961347
372.78477375507333,179.881161670912,183.1809066808477,336.7590142861648
558.4107165311264,99.75027697228145,184.44805771473204,335.0559851677779
566.8091215918546,99.1722029058271,183.8407682072578,336.2121333006866
563.0643198558045,98.12780447297192,183.22891994042956,338.300930166397
576.0610507936185,105.48129573141102,181.60084360336208,339.83753800855936
568.3814753380964,81.21645924886445,180.72688964202473,339.6678963565072
564.465374191755,76.68234201054946,180.46002199163752,340.6370608900673
576.7460660896461,81.1971298149306,180.22489719606332,339.71623828137433
567.8461738369731,73.10752890858075,181.84234253711227,339.71310092977706
563.4404775303838,74.30637821499923,182.53487593923325,337.3154023169401
559.3527382707223,73.88392229176344,182.6149615901105,338.16031416341167
567.2335175261891,74.29729709434244,183.07183575145473,337.33356455825367
567.7154523301788,73.55745274992361,182.10796614347532,338.8132532470913
563.8843366820253,64.70926451068942,181.66004102920033,340.2893169043957
559.4321607239488,68.07620909720646,182.44017412266163,341.67964655405353
563.3928679112495,76.3844104016313,182.6768219902644,341.3793684296126
554.4383614932719,77.66284944998137,184.27044048802625,338.8224903329125
549.6431171495542,82.82092340360677,185.71363017160607,336.65364142951717
554.0458147929602,86.56402795857926,185.04818267336836,337.3073801081462
575.1187595542773,106.59878671400898,183.59348315774926,337.92905260430183
567.0147500847701,108.28612988154447,183.5564053285555,334.55436626923085
567.3476992893003,108.97662719136375,182.89050691949495,333.1733716495923
568.2298243567232,109.71014148223529,181.1262567846494,331.7063430678492
573.2572589328186,113.83964883924682,179.05998209483639,331.4359228162041
586.2673876651527,116.85840035163429,176.8875337716907,333.34768950527
574.8231055832499,116.66779280149859,175.955513147692,333.7289046055414
583.0850770785358,117.22086669831583,175.291177883424,332.6227568119069
579.8393580975653,116.69901097531886,173.88048872500127,333.6664682579009
580.994910537495,120.1068613717436,171.56938384514177,334.7439885116594
578.2939865418217,119.95340339678273,169.10199323641365,335.0509044615811
583.4240640539925,123.6381632031219,166.67298741759222,335.512534054423
583.4488601284701,124.4943145671005,166.62339526863715,333.8002313264658
580.1399261340774,129.14430485241604,165.47129267919385,332.2702213340633
584.9568409053323,129.9592391465536,163.56509687379426,330.64035274578816
584.7983779686324,135.04093497264498,163.88202274719433,328.1477315560339
588.6487251308786,135.4704996771822,163.82111180462164,327.2886021469594
588.7479664946072,136.02889387207057,163.6226290771643,326.1718137571827
585.2103768498397,136.2216590532615,163.09144334405693,325.7862833948008
585.4304561373793,132.48681980494206,162.65128476897758,325.664430132701
589.3403055330846,136.81143320181138,162.41371800970646,324.5973353711016
589.8910383991259,136.36778671005197,161.3122522776237,325.48462835462044
593.979884936771,136.23056909123804,160.69087531906814,325.7590635922483
593.6662628061237,140.07933502949228,161.3181195803627,325.6110937727071
590.1606207285929,139.1602003983011,160.77113583884386,327.44936303508945
590.5055328580505,138.68835058472308,160.08131157992858,328.3930626622455
590.7558991308911,142.20005323563714,159.58057903424736,328.9471447775379
590.6290106767971,141.41294348700674,159.83435594243534,330.5213642747987
590.6989341830915,144.2597781178325,159.69450892984656,332.4319760359978
590.6012527709073,143.5679497233965,159.889871754215,333.8156328248698
590.3304433642393,147.3961322445515,160.43149056755098,333.8125937031414
590.192581067228,146.93358141561572,160.7072151615734,334.7376953610129
589.7750521451537,146.6643290241317,161.54227300572222,335.276200143981
589.1314718979056,145.92600456399097,162.8294335002184,336.7528490642624
592.2165803292392,153.3636058566076,164.40654581691027,337.37230483774727
587.4047672015937,152.8311201914406,166.24639423940442,338.43727616808127
587.3899161450881,156.61093232586768,166.2760963524157,338.7089245830572
586.9656941661067,160.17153358778558,167.12454031037856,339.4234811112981
591.2431898007031,163.60955003439727,166.4304699124084,340.4083690892975
587.4428408167639,166.71613076933207,166.16789124506514,342.0584842546495
582.7027264698394,166.9571701719238,167.7652953610896,341.57640544946605
532.7118187956845,190.0940949616794,172.90499071150273,334.8201058690785
537.8466383280596,197.15025356903323,178.4220961126229,328.60116088730604
539.3107585977666,203.7748036475681,183.3904239884905,323.24862914551784
521.161967608084,202.84266288693462,188.07919669415395,317.21070834835933
523.9142996827682,209.24201842556099,190.4666244154933,312.30408914181425
538.9861291934556,214.4831542434312,191.7602206318796,309.68113131551405
553.2926313731726,219.96552139208953,194.51496081126894,306.55833315290323
524.1267103105229,225.78329713808563,197.95668998710548,302.76422636797713
531.0722402909463,231.32533546992642,199.74976120683772,299.5222152945852
528.0141089232778,238.91161876218072,198.04281984276355,299.9960569088989
533.248257328594,234.7011557926473,195.37646255420057,300.6150433258961
546.889967352839,234.6369228254448,191.3934728047395,300.74350926030115
561.1348597278171,234.22136649853425,186.01032267725472,301.57462191412225
554.8595578598386,239.40070937076862,183.31213747711087,298.84033063770397
573.177632834474,238.71621208686906,176.82904321150875,300.2093252055031
541.6933564263265,234.7545082107169,172.75359187621004,300.68339916318587
595.4042579467401,237.4190584941583,168.75453330983518,302.74163748733537
547.8999493320903,238.1729564085141,168.2157215697457,301.23384165862376
552.5269168339082,238.82082601513625,166.28012296027944,299.93810244537946
542.7714336451578,235.75033161911165,163.99249213018192,298.81289216822915
594.9645076514053,235.08441668374235,160.55400088930975,300.14472203896776
593.3869414820565,230.81871605011264,156.53777775973833,301.50476783795807
552.1913688398987,223.64148926009466,153.46037526728716,301.6144634551996
600.0527559008764,227.3340542441503,149.6599325649279,301.3002820578265
594.5309694789308,225.7659302379419,146.70222414546387,297.43588943856577
585.0247796674214,231.71206050278232,145.0360139423868,292.43649218425026
599.0636916719238,233.68310328019248,144.12163842945782,288.49440662942993
592.6955368609648,236.0892477854897,143.4232704137492,283.6821176188355
586.3517232905244,236.98519187706967,142.84133759272333,281.89022943567556
600.498442020207,240.7977304010474,140.94177046147112,280.8636199697483
595.0929509248633,240.73470009561717,138.65155432391617,280.98968058060876
592.4388181021051,240.76659648605738,137.44702870966253,280.92588779972834
605.7844801633954,241.35626828890088,136.71956976668392,279.74654419404135
599.4697394228742,242.42222070605686,136.42684012000598,277.6146393597294
596.8053330673323,242.56291099017872,135.33078700539153,277.33325879148566
593.8150889225003,243.33276711803722,134.909541866931,275.79354653576866
607.1965754256762,243.14384287846508,133.6342565809434,276.17139501491295
605.8337319555123,242.56254845492367,130.00465252607512,277.33398386199576
600.9334650140015,243.34767174900608,127.18715907111962,275.76373727383094
601.4265763516904,243.72777571838392,126.2009363957417,275.00352933507526
598.2615643091394,244.34330998347716,126.32237080573603,273.7724608048888
595.0981222046096,245.27073890185287,126.45644315562136,271.9176029681374
599.0612645669341,244.8902349435067,124.69832571540223,272.6786108848297
596.3122685021011,245.2881716046188,124.0478481195352,271.8827375626055
612.4047263681427,244.89036945107813,122.49044884512557,272.67834186968685
610.6783999213532,245.5550016944897,119.83336735813984,271.3490773828637
608.6716893188025,245.00197312979384,117.80306311715691,272.4551345122554
605.3330681337912,242.34484113546586,118.45635623930596,271.74544925303815
602.3448942881959,241.78228251508608,118.40750085456597,272.8705664937977
602.0260732548062,241.61979792592908,119.04514292134543,273.1955356721117
599.1776465895621,240.90547612971005,118.68540562275233,274.62417926454975
605.4292534520971,240.4818994681759,118.32404486573935,275.47133258761806
602.5747588267938,240.13674303811794,117.95623254479895,276.161645447734
606.1191741774651,240.07031505604095,116.9476852668561,276.29450141188795
604.3568948828639,239.29910970821612,114.40789048744591,277.8369121075376
601.9762963599429,236.4550573672083,113.12753172997976,277.48346098624523
608.8219724936172,236.61546466387617,111.46354115325605,277.1626463929095
610.1835779485266,235.56446890123942,108.74033024343717,279.264637918183
611.0631611176362,235.77376681411928,106.98116390521795,278.84604209242326
608.7657577877665,238.97262650771518,105.65256986303012,278.37172340715904
609.824343227433,238.52645865434937,103.53539898369706,279.26405911389065
607.8315543217559,234.92646060958288,101.65358730407824,280.5966657124508
617.1081444816866,235.21234923857918,100.65780880908915,280.02488845445816
612.14605895711,234.76988457556473,98.92945048414691,280.90981778048706
611.9497053182118,234.7149829866811,99.32215776194315,281.01962095825434
609.1041224911335,234.32204640330838,99.1970661095283,281.80549412499977
608.2535899963486,234.71460620546446,100.89813109909794,281.0203745206876
610.7541826372968,237.6583475945357,101.74179411879878,280.97774004414214
595.4267524890803,238.13640006746772,103.0990870527857,280.0216350982781
581.6820146498566,240.84474050079274,101.23674020441403,280.4753187369919
590.8969493443,239.85098766031757,100.33643406019885,282.4628244179422
585.2090057106228,239.4378700089677,100.00176630589752,283.28905972064194
590.8130913453318,239.25139595432364,100.5156028743263,283.6620078299301
584.9353976458441,239.07391313990644,100.51967515285813,284.0169734587645
588.4303670803971,232.32344561424782,99.41053748806549,285.7563061014549
590.7318346077022,232.8748126362014,100.69307628126182,284.65357205754776
596.5395771947719,233.58979046953192,100.86367178819313,283.2236163908867
585.1805274153442,233.88275883412808,100.07893239318045,282.6376796616944
594.6455651021282,232.7244216846383,98.70816445627477,284.954353960674
592.0045291431516,233.28279388372113,98.12898454637812,283.8376095625083
590.2460713238693,232.67960662397445,95.81112050667468,285.04398408200166
595.7702206780011,232.46064158678973,96.38219462203875,285.4819141563711
599.0766571600847,232.47825908430138,95.59567877424193,285.4466791613478
584.5883851046837,231.42077966547538,95.51481863103298,287.5616379989998
595.9120086685908,230.23421180861973,96.2279766931817,289.9347737127111
602.4586471869209,229.85752341525742,94.90854514272712,290.6881504994357
604.9279480221302,230.5967922800693,95.84339763097202,289.20961276981194
604.7308767149453,231.32292795492702,96.23754024534172,287.7573414200965
598.5875582178646,231.72822145941143,96.81195592788477,286.9467544111277
602.1614270519965,225.82013702101926,95.5192876041784,287.05278459879764
607.6003534762106,227.14246624010684,96.30731970011601,284.4081261606225
616.2352632016604,230.6157575008383,96.46658707194234,283.2712392467349
600.7417812244606,233.92530966692811,98.47152249706383,282.4485406204109
602.8444107345811,236.83664758967652,100.08746125106362,282.4470625491546
596.5880944497173,236.3697440243062,100.89902427839881,283.3808696798953
596.8158326964071,236.058475137207,100.44354778501939,284.00340745409363
596.558606937867,235.9641175764901,100.95799930209958,284.19212257552743
596.4874494100352,235.75607224871217,101.10031435776321,284.6082132310833
596.4555935851137,235.58052212608197,101.16402600760624,284.9593134763437
602.1214973336062,235.62609699524964,101.64412635659103,284.8681637380084
604.1942507603138,236.923748505358,103.41197887540918,282.2728607177917
615.9824672255259,237.58512649939684,103.46850860761447,280.950104729714
595.6365539717434,234.64591999056574,102.92804789609289,280.93819100179235
599.4021481431748,231.41261139490248,101.27725520622572,281.52441254012325
602.9455295047694,227.66353821309417,100.04941331272208,283.16363807405435
605.6836309278383,227.70454306035072,100.43328845980214,283.08162837954126
610.0204807988681,226.6788087884491,103.49133683931004,279.26722286256074
624.7879183550325,227.01237440469498,103.28966190633993,278.60009163006896
607.3619232022362,229.28168219690264,103.02096978118433,279.914923117445
618.390703346856,230.59427412477257,104.43311503409154,277.28973926170517
600.7946427068264,230.2472996307968,104.49360713471991,277.9836882496567
614.3826231324601,230.96280386726164,106.64919300542567,276.552679776727
631.8621792162648,228.2552574596312,106.99717994639089,276.08325607389213
626.1287825365764,229.62343081814205,106.69594257041865,273.3469093568704
611.1790949782041,230.35183855731685,107.39880778947283,271.8900938785208
594.0547171031264,231.17565698331163,106.66195104055575,270.24245702653127
598.4884366584325,229.96238719007746,103.58857392491521,272.6689966129996
639.8049315415808,226.48634171026129,101.78894518942508,273.84727607043146
641.2527839629618,222.04749262962468,98.89324034666305,276.9666713946467
642.8163288818084,223.26630616567363,95.76615050896977,280.2796237716969
651.5958644868764,228.75907516062648,95.43007052128739,280.7760799300937
615.4066135784874,229.83235361445642,93.1633513513901,284.37146309833196
636.306843056046,233.7533041428161,91.62438385319086,288.03284531501777
633.303767769378,232.64190158823365,91.85515904391943,290.25565042418265
624.1629189030627,233.103533764424,92.70333895580357,289.332386071802
604.980911144832,232.83749104571194,96.18526994684028,289.86447150922606
609.938055418314,233.4012143903379,98.04126260811796,288.7370248199741
593.6370195330653,228.87923099777458,101.12824775353381,285.97495695506814
595.4633490025353,229.1530257401815,103.39539963201713,285.4273674702543
597.5949522440981,229.4097298942637,105.08526639978162,284.9139591620899
630.32927866436,226.2722493598149,105.35552858887483,285.21265522829503
608.6834383373615,227.2424099032349,106.74927141695757,283.2723341414551
591.962962509551,228.35018979361024,110.27655278730873,281.05677436070437
593.8991781740083,231.63002092459922,112.41835018843096,280.5113408287635
596.7585578510714,234.12014137229562,112.74424925270966,281.57575835177556
596.3392255311368,234.4279310816069,113.5829138925789,280.960178933153
593.7735305816109,234.71459422527087,112.64241207431432,280.38685264582506
594.561760123083,234.12869390194317,111.06595299136998,281.55865329248047
592.0603538123381,230.848789090958,110.03319738069919,282.0828946822902
594.8349163129782,230.79189718298514,110.50869285288492,282.19667849823594
595.1048119071348,231.18262887513862,109.9689016645716,281.415215113929
595.1528461801851,228.816279147728,109.87283311847118,280.1340411899933
599.9290117880929,229.70580484667843,112.30797722172807,278.35498979209245
635.9903014150675,226.52521243605798,112.32504831291337,278.70453708457217
633.2009913996443,222.28676235180953,111.88669186274137,275.1474842910322
631.120876818798,218.68046591151383,110.0890027545205,276.40215890171015
626.3077244815584,214.2485347469199,107.82745644612703,279.32209573946176
647.9326462495434,213.04487043104766,106.19557092788455,281.7294243712062
645.5179370485267,213.11824436001086,105.07434252295643,281.5826765132798
646.5987448174632,210.6094731843591,102.91272698508355,280.6718671813204
647.8662238296704,210.36179381843664,100.37776896066904,281.16722591316534
646.4831172567071,210.03658938055898,97.3064653875536,281.81763478892066
640.2911520053716,216.67735633326814,98.10840699419806,280.1180897795288
658.4427271157435,218.04637968248625,96.49328550008165,283.16138120219716
653.4287877992828,219.0831307525197,94.93050932943726,286.8832064639132
651.5244727625964,220.39471409183426,92.919389343596,290.079789844498
618.4967381219295,218.38444120570136,94.86391225638869,294.1003356167638
648.7343240649692,225.13945803688526,99.52107781018633,292.43254512528273
614.4758057236647,221.0588916350789,102.22868300657835,294.61100233923935
616.5716159006096,224.61260453098757,104.10013651791976,293.56665041265313
618.8937806472095,224.3676471343616,105.53798310592438,294.0565652059051
608.5951733127863,224.3366627075299,107.78945819349265,294.11853405956845
611.0930969256428,224.2361810668002,108.95047508719048,294.31949734102784
604.1799210165384,227.54156799952725,110.4154245718659,293.88942464234043
606.6261188063044,229.78907345688174,111.72396980128808,295.59535453658555
606.4744371573026,229.023216321259,112.02733309929161,297.127068807831
606.1275731515506,225.5397423837362,112.72106111079572,297.817643786639
654.8655252702489,215.64570610921876,109.72650760704319,298.70944618894504
607.4967425148551,216.06470039896814,110.60059973591811,297.8714576094463
609.9456273370027,216.22978022491407,111.96416954676589,297.54129795755443
658.3469662520168,215.37070348291041,109.37911919117768,299.25945144156174
656.1379702766495,211.94444260937547,107.5379501575724,299.8528122042916
655.1268545599287,209.48292090245923,109.56018159101404,298.5415247639328
654.2212818841437,213.8130634215574,111.37132694258405,296.13339695950424
653.3576717820018,214.5397367286811,113.09854714686782,294.6800503452568
652.971527391456,214.33248774131678,113.8708359279594,295.09454831998545
651.8913822538497,215.53241471065286,116.03112620317212,292.6946943813133
651.0515639668964,217.3492356563973,117.71076277707849,289.0610524898244
652.1102628797083,213.50281908592643,115.59336495145473,290.4917292862592
655.5209693277454,212.96786156775767,115.01694994060628,291.56164432259675
655.8062297626376,212.5709205601319,114.44642907082195,292.3555263378483
656.9431229281246,211.82246302553688,112.17264273984803,293.8524414070383
657.6763136993427,211.90406520125998,110.70626119741189,293.6892370555921
659.0924770469604,209.07533697972335,107.87393450217633,293.14338764052223
663.0715920545805,212.65222492453032,106.06013555342818,292.13404281740026
667.4452421889135,212.17912343355331,103.41004375510585,293.08024579935426
665.107402911038,215.58193704431136,102.02301951941504,292.33732136927995
662.5583447792617,214.68793424924962,101.09424263391334,294.1253269594034
660.3193224506441,217.0690794254917,99.53679883409228,295.39852506397557
657.2921024971866,218.90948164200643,99.56602756444896,297.74293180750453
656.9870873720981,222.2289635898897,100.17605781462592,297.1630910837479
613.5728785301651,221.0108577435447,102.13620846617027,293.5372837027006
656.6332307001637,221.75994026488743,100.66053356586156,292.03911866001516
653.4045768687621,218.93703069906104,101.11999971413259,291.68709627713565
649.1569529921837,221.31069000564963,103.6140600739212,286.93977766395847
658.28499310812,221.6351085340242,103.29395752743636,286.29094060720934
655.0932073486201,221.23191527282518,103.71394228878262,287.0973271296074
650.5037914184873,222.83011099316997,106.91005404164196,283.9009356889178
646.8528774964287,224.2926758800807,108.21724136609201,286.97044643476363
651.9916459908914,224.23076485062035,110.06405773957835,287.09426849368435
648.4468264023943,224.25779332381484,111.0565477647026,287.04021154729537
648.0650008000931,225.84558944552626,111.82019896930498,289.97880074177743
654.3199388666245,225.6932239454176,111.65048330387755,290.28353174199475
650.6003738655553,226.20550441266857,112.91820286035686,289.2589708074928
649.657066474563,229.338220501653,114.80481764234155,289.1729598846277
648.9303175594599,229.60200617280353,116.25831547254755,288.64538854232666
648.6575282099018,229.85414947205243,116.80389417166394,288.14110194382886
646.6992779946039,225.8479411886808,114.48764801181646,289.9207719201288
645.0356458197012,218.39046858915276,111.59788999792607,292.4016723917937
646.2101511650776,216.85541185048874,109.24887930717351,295.47178586912173
644.2032824062886,216.47108870354975,107.06002967758776,296.2404321629997
645.3208600529758,212.18664633522897,104.82487438421353,298.6352860111504
643.2217141622436,214.1059096019059,102.85545446317124,300.96447118030306
641.199275445249,213.09488328361778,100.7352493573092,302.9865238168793
634.819882469158,217.66651384629137,101.18375262748674,299.9984040325344
625.738846421372,221.4169645246091,100.98340553918696,304.7391154651466
616.5099961587416,222.14576645483663,100.88724477881037,309.4661320332374
626.0202334354819,222.87795342222554,100.61699879214383,314.2518342873977
621.111345777841,220.5236927314378,104.12167547710156,312.64725703864883
616.9254047364035,221.99036348901654,106.13896607611562,309.7139155234913
625.9293897297952,222.2401569627342,107.17997253248888,309.214328576056
622.084285174388,219.62925930485886,108.50868359764739,308.074625846151
617.8594861317442,219.43021988527641,110.58888891684205,308.4727046853159
614.6138087818118,219.6958778815299,110.66742711095912,307.9413886928089
608.5717075133003,216.29553595848964,109.93834036082642,308.3354278953116
628.027560496236,213.4233720311643,109.42101143912876,307.6806929092667
612.4318343117366,213.45818427509278,108.71083226059578,307.61106842140975
624.816314642574,210.2862054158185,109.40764898443733,307.5885817935792
614.9467683256796,209.4958554517838,110.01043754877617,309.1692817216486
608.4890321599379,205.99501193702926,110.10134204825493,309.7586848351554
624.7538414583819,202.96131230417114,109.68348872974359,309.4037310451963
617.1522204242613,200.27022876122697,112.06732807307718,308.37619676863073
612.2544146482793,203.13108554622397,115.42473940126378,309.09268342241376
594.9207381456918,202.3475407904314,117.54675313796008,310.6597729339989
606.3148639068647,201.744605854612,121.03744476814006,311.8656428056377
614.8569745835961,201.5107084714065,123.90238750390463,312.3334375720487
631.008682098022,203.76857088342965,125.1375779200335,314.5254338369985
618.9241418540078,203.0799840465525,129.0226704505928,315.9026075107528
609.5573732156633,198.58047539124726,134.05533071607752,318.05118631576124
626.834472886226,193.59445633570968,134.35525409470472,321.05239988288594
618.884870620102,191.72629558409503,136.21547319265858,324.78872138611524
640.4304797180073,179.10644776529983,135.76292316012075,328.70908294206936
632.1982282670963,184.54044690277385,137.91742321963562,332.1510875094283
620.5670788113359,178.52544659694476,139.4508936300346,336.9381452873793
640.1537204439284,175.56312006053753,136.9739209742745,342.8627983601938
621.3944103516982,177.28653514468644,137.58988290559168,346.7964998425246
614.1739592337381,175.7231728544518,137.13450194997162,349.9232244229939
622.064344266203,177.9628981735689,136.3236575082466,352.92873659636217
607.3532902406528,175.78155031779463,135.69129441241162,357.2914323079107
619.3063042262403,173.24289518197145,134.47991096307496,362.3687425795571
608.3094960314297,171.08878409193528,133.62597579103783,366.6769647596294
615.5936455854213,166.33597495864558,134.38188995454735,368.5204763904626
609.5512420276534,164.23385745965874,138.76454800828932,365.0225623266423
529.5606561086545,164.83937682444378,144.12497990884106,363.8115235970722
537.6181982941661,162.44271798089582,151.43905830681524,360.7951203611689
531.0904549181589,167.80980294006017,156.5980988401513,357.95739666151854
531.9386335252166,165.7257239170278,162.84835133875401,354.17894499486505
502.29563915101335,161.8437656551335,166.12334183432748,353.9412903396775
493.6688072437038,156.20257455669469,167.26627448320284,357.1683069536832
520.8908400413136,167.73633480818734,169.6784495658138,358.4677467411967
502.29376471475246,160.33248632799697,174.13923092774513,356.908759055982
479.12989085273347,158.09018891800838,179.27595648324052,353.1551494422506
484.57314587977345,159.60926355904695,184.93385761370078,350.11700016017346
481.8963137953368,160.7393223898715,190.28752178257395,347.8568824985244
479.3185050844432,165.8910622193628,195.44313920436127,345.9368060455725
476.8950458173248,171.16554773328846,200.29005773859808,343.8307505119112
475.02031765357333,171.5271280846107,204.03951406610096,343.10758980926676
468.775083748316,167.6723915725,207.98335570823542,342.27043666510775
466.9793992732126,171.94378329760252,211.57472465844214,342.3283131447588
469.6301928763527,172.52103323342274,214.93504796155815,341.17381327311836
464.2960469086121,167.70304888676677,216.90231365487807,342.10875572426886
463.23255972614317,172.83839875365,219.02928801981594,340.58600190536896
462.23693762681387,172.8587065672204,221.02053221847456,340.5453862782282
457.19002677489254,168.0747649754752,222.3210173279176,341.3199328673189
453.1041755553193,163.78959971507697,221.66607896978587,341.0636225908371
461.95941554767114,164.0403315612003,221.57934968312298,340.56215889859044
463.49409261557764,162.27834565814447,218.50999554730998,344.0861307047021
461.0960682351422,159.73359162936285,214.5016121358462,349.17563876226535
458.60336761176507,157.75474115292158,210.67377321446162,353.1333397151479
460.8767218277654,154.31178223486057,206.12706478246093,360.0192575512699
454.2471189131219,146.6323047051448,201.72034937733702,366.545251993496
451.64152408403385,143.50176706494318,198.07708342083438,372.8063272738992
450.56363072631734,143.19278355569466,200.23287013626737,373.42429429239627
445.5904292510802,142.14153106866195,201.24882386548444,375.5267992664617
465.599339072675,134.33260656343398,206.12511198472683,373.1870051719448
460.2620151875444,143.2096522942225,207.77206955817013,373.4882941040032
445.91551165673343,142.14376891368497,209.28439719334526,375.6200608650783
467.2521688634123,141.07420458675003,212.19859691083025,377.7591895189482
460.8150557236098,140.50745472910046,215.87406364971665,378.8926892342473
458.89829235451134,139.75122193615016,219.70759038791363,380.4051548201479
471.5252449268925,144.6117914449098,222.55019668744885,380.0495196173944
465.4276362527082,149.5940171785327,225.33703721275464,379.4934449732115
456.8602823548611,142.03934873283114,223.57728693821954,385.1555528295
442.91283470208987,135.1777372915967,222.96755321885647,389.3772327036669
451.55155480806684,139.33475812591502,224.79768943503626,390.6169792490972
450.85478615955515,137.21859891422434,226.19122673205965,394.84929767247854
445.2975911103867,136.31795502950393,227.6160340444918,396.65058544191936
440.81693227506344,129.19752731272956,226.83689643590853,401.15098559623834
439.529355568735,128.91759150096354,229.41204984856535,401.7108572197704
438.86119898705044,132.73524432929707,230.7483630119346,403.92146473018033
438.8332721985241,130.92623598864148,230.8042165889872,407.5394814114915
438.6868498359528,129.61865018074877,231.09706131412992,410.15465302727694
443.9896923853262,128.48989585715321,230.490921816793,412.41216167446805
448.4965608518046,127.69390494139549,231.49979606660105,414.0041435059835
443.45654993972136,132.20799895055148,231.51648842252496,415.0392849559141
445.0384431323843,131.65435142319944,228.35270203719904,416.1465800106182
445.67683217306535,130.87732869641113,227.07592395583703,417.70062546419484
446.3557340917056,124.71851975675474,225.71812011855656,419.9758339906706
446.6974623266669,124.29937261453784,225.0346636486339,420.8141282751044
446.42543452426685,123.94357955696677,225.57871925343395,421.52571439024655
450.4994040613013,124.62661642507112,227.5039250560532,420.15964065403784
460.0373177565277,131.1353692680773,228.60006682261525,417.2281195465329
448.79195902053306,128.33870253915887,230.96780913379405,412.75996542396456
432.7152198969106,128.8250407261172,233.01366157404496,411.7872890500479
446.4625725464488,135.3835751495417,235.68786252558505,408.72652228673775
446.4697105562487,134.3816685584116,235.67358650598533,410.73033546899796
446.65953536081616,128.90696765677598,235.29393689685037,411.5939029824639
447.679049375658,129.63946709292483,233.25490886716668,410.12890411016616
448.9045604203924,135.36617692010861,230.8038867776979,408.71133844255337
454.6185660641651,136.1873702161047,229.3490798147901,407.0689518505612
456.2587582860026,135.43131306198512,226.0686953711151,408.58106615880035
452.1974770759575,136.75319734601393,224.3006335691777,405.93729759074273
453.3725638185227,135.71804056638052,221.95046008404742,408.00761115000955
454.79599977147143,140.1607651568542,219.10358817815,408.9339926211146
456.40978226913774,140.83551679620422,215.8760231828174,407.5844893424146
462.23824841479427,141.76287870489634,213.92063213277987,405.72976552503036
459.0395837884636,142.09418874801003,210.67727259376096,405.067145438803
455.284754639589,143.02047214607583,208.61173492111715,403.21457864267137
459.92528915594926,149.36264631182237,208.84310096299922,400.0426653857808
451.8861848255758,148.82044990366364,205.98165664225343,401.1270582020983
456.60999469972904,149.77275536214873,205.97051912519223,399.2224472851281
456.50282254150096,151.08561543966115,206.18486344164842,396.59672713010326
456.1644450274428,152.75360371383945,206.86161846976472,393.26075058174666
460.7660239526914,154.50652511058058,206.9945426459076,389.7549077882644
461.3572284261507,154.77746897191884,205.812133698989,389.2130200655879
457.6037393150972,154.96327439642374,204.06058233485987,388.8414092165781
457.4036569862349,156.24440708699984,204.46074699258443,386.2791438354259
457.2320107000854,157.17918904404928,204.80403956488345,384.409579921327
456.8581604269124,157.800016049457,205.55174011122944,383.16792591051154
456.88879110817936,158.00746899281845,205.49047874869547,382.7530200237887
457.44732328728645,158.15270349701632,204.37341439048137,382.46255101539293
457.90852667763124,158.60244859069508,203.45100760979176,381.5630608280354
454.00224373837614,159.30386143007428,202.1581264400656,380.160235149277
454.5734353256397,164.7392597596019,201.01574326553845,378.35206443037885
455.30788824765307,164.00525356258902,199.54683742151173,379.8200768244046
455.9763126849479,163.74832297052524,198.2099885469221,380.3339380085322
456.92657520729847,163.05726314930143,196.30946350222095,381.7160576509798
457.7451266143346,157.98116384233145,194.6723606881487,382.88332317065544
458.1362853889509,158.4344386420856,193.8900431389161,381.97677357114713
463.0902561239571,159.34041842047918,192.92912420369055,380.16481401436
467.81134431728435,163.50805092357513,192.39081799353357,380.73341918466565
472.7349579624005,162.81454646101076,191.44649705769024,382.1204281097944
476.3204361600996,161.68850691574244,193.182439621357,384.37250720033103
468.06479820840366,155.63631679278492,191.75391342614446,387.5069863969439
458.062952438294,151.81410817681137,193.77549403931334,386.1603481653658
452.84269703458483,152.36231763853112,195.209664494259,385.0639292419263
453.1090037143799,150.9553184390466,194.67705113466872,387.87792764089534
457.53432518162447,149.4599060940238,194.8734934235336,390.86875233094094
457.51252265882937,148.10812842892665,194.91709846912374,393.57230766113526
452.1491463838045,148.52937807516807,196.50926228795913,392.7298083686524
452.8275981665007,148.20679742224908,195.15235872256676,393.3749696744904
445.2681162108236,147.02887044748815,191.99976817970844,395.73082362401226
445.89780899022367,145.4790270076387,190.74038262090835,398.83051050371114
436.8555788532296,145.24731101806944,190.5471246801509,399.2939424828497
436.960872158211,149.07142433634215,190.3365380701881,400.78796933306126
433.8022399581485,148.10213446181538,187.49343187920803,402.7265490821148
421.079912974712,147.74726437778378,185.52110800419018,403.436289250178
421.93279769250057,148.0861197095947,183.81533856861302,402.75857858655615
422.00726942618803,148.28613510529004,183.66639510123815,402.35854779516546
427.06425764798064,148.3414884049896,182.61908256403464,402.24784119576634
437.0572622580493,152.65221611628843,180.72646148377555,402.6730798431078
437.75058186972603,150.9769436345768,179.33982226042212,406.0236248065311
437.8118695783794,149.74887031646904,179.2172468431154,408.4797714427466
437.9225068454994,143.59014869401395,178.99597230887534,411.71990591090645
438.4726289402238,146.505108045397,177.89572811942662,415.01032938615907
433.9317751756265,145.85606303699737,177.82890332121264,416.30841940295835
437.87972990711927,141.46737112339238,179.09911984187315,415.91967724652244
437.7530467742123,140.86986272568407,179.35248610768718,417.11469404193906
436.97293430459075,146.2369606946271,180.91271104693024,415.5852242663317
436.7634039662355,140.12287081800142,181.33177172364068,418.6032692158365
435.8566889577843,140.38822400203586,183.14520174054317,418.07256284776764
434.27652555240786,137.24750371914467,186.305528551296,415.068470939553
438.1653528070425,139.10077615714528,187.82545057223118,411.3619260635518
428.8429639983144,138.1043584951478,187.92941391717824,413.3547613875467
432.4899537072738,143.85905587020832,189.93662389426595,411.1465560324322
431.44369918455845,144.39824333259975,192.02913293969658,410.06818110764937
430.4129280559797,144.66377602920323,194.09067519685408,409.5371157144424
433.9964990422015,149.4569427082388,196.27688583078853,409.3041349627492
415.59887697303407,151.25010561813664,195.5199870292238,415.1058448779284
424.798817624925,144.11017175594304,196.0389761949765,419.9262773675483
424.11114066276303,137.89468617855374,197.4143301193004,422.8185446522614
422.2547380919449,131.2821267820425,201.1271352609367,426.4388222758896
420.78797391798724,120.26543958506491,204.060663608852,429.0274218795469
419.3874542424078,124.7947368555862,206.86170296001086,429.78009126556304
408.79760912344074,125.38233126906775,208.299374944722,428.60490243859994
407.45594975261514,130.66731870813268,210.98269368637318,427.91376985730295
410.9731750166651,127.31010767580864,213.86355093637147,424.71288414385276
415.0365776940563,127.29621706325187,215.65507414632586,424.7406653689663
413.3375448734153,133.16285227402412,219.05313978760782,422.9570793518171
413.4086947849469,126.2665462098401,218.91083996454472,426.7675893576709
407.96451579719167,130.34374671253516,219.76361703370225,428.6487692586335
407.9911219721088,129.85194096414472,219.7104046838681,429.6323807554144
408.46421921982295,123.07332214069004,218.76421018843973,433.0982232469115
413.9110484901184,116.6627330250038,217.99642403228393,435.7935290938488
413.830469329877,121.53069143040645,218.15758235276672,436.20968809686104
413.345537588889,111.15017257182683,219.1274458347427,436.64881173990375
412.2022425565974,117.49581499306188,221.41403589932588,434.1416902733451
411.99773759639675,122.21850224875851,221.82304581972718,434.8832357601598
415.747603465818,130.23486710214672,224.52816582418637,429.0553577966848
414.5557790125541,126.87849347882545,226.91181473071407,425.6022221818668
418.24196332142037,129.06567309855794,229.6954625962185,421.2278629424018
421.69437787254196,125.02111980480527,232.92984688775954,419.177756136123
430.2582104925434,125.3063856426752,236.13049941971548,418.6072244603831
409.05934400525587,124.82095774119858,237.68732026539004,419.57808026333635
403.8375758687591,124.31144696123476,237.87978621246327,420.597101823264
424.9864635367069,118.24320398842914,236.65970741120896,422.4641636352149
419.0403989389199,118.89731466068201,238.275555779272,421.15594229070916
435.36536166971314,117.94332430694692,236.47890308626896,423.06392299817935
413.4135675416109,119.03463848071308,239.25421655167443,420.881294650647
443.9805116095175,113.83234254524714,239.90229579564016,420.9888919582824
466.15972440488474,102.01960687730761,236.78226449664044,423.9951661482941
405.8895475573886,111.26463528938535,233.71059300908607,426.10711352122973
469.0636252336926,100.10587843202222,230.7200597490227,427.86502355386517
397.5460657659265,106.6427840643106,230.19091654809813,425.0458024418924
393.6339347441022,112.12719116778635,227.8111948129268,424.2809720137609
400.41321497924173,117.21898938443096,224.40460868749162,424.24934992531547
396.3810714892463,127.65784322576772,222.3758020756337,423.55782942633954
342.62293611558596,126.68984615399859,219.3631967086473,425.4938235698778
512.5903836813671,92.27486252465707,220.26756587924666,424.15100111929223
536.9287980445613,82.70366512067216,221.69343877570907,423.2523152781217
555.9061494621826,89.33277552710766,223.86618028269942,420.0259555508089
545.6148887522218,89.3149437174958,224.40528876068694,420.0616191700326
539.5060630592981,95.26269209730268,226.5914657709725,418.1975967859806
529.9861858619682,89.38924895446797,225.54831906007448,419.9030325188711
539.927927129363,89.71974537496772,225.76228672028302,419.2420396778716
530.5927838133243,94.1569938485066,224.34727005888107,420.41019437753346
550.9463348089522,89.13449979615277,223.78261492470736,420.4195707679707
555.0129689107558,99.99233407089193,225.6754139668224,418.7560367099372
541.1104089257951,82.51817577500077,223.37852386667586,423.6023432316516
532.4629695384159,80.40048096850177,220.541483613783,427.8377328446496
564.1074694331082,72.41221781304426,217.72881302510507,433.7348709554468
549.6998156941113,75.36963784019386,216.19221543331912,437.93733259107427
535.2367298591398,73.73357178426042,214.66178102331457,441.20946470294115
561.3253516947053,66.9704876359776,213.3519057417076,444.562159321602
562.244891955182,64.74056210613816,211.51282522075445,449.0220103812809
578.305871403059,67.69990292367186,210.08875477278468,453.3359582288083
503.0073155374198,70.6332849636085,206.62736391390766,457.7397609882787
514.558514139377,74.5826133738405,204.07284269630432,460.11504216097035
490.21477702132603,67.6774291332764,201.44274331130998,463.6618959178793
551.993170785568,67.26314435719539,201.1087649040785,464.49046547004133
490.50650888448854,72.41349304817669,200.7860652472257,464.464436709663
552.6928918444066,61.432520791182526,199.6364271504588,465.88919325313975
527.6048967378375,66.31979466749078,198.46793449233536,466.3835420747755
578.2639642165082,66.67842700828862,199.70356247634967,465.6662773931798
572.3572048066846,67.08568055421864,201.25022245572038,464.8517703013198
586.9865486351255,67.61489346788457,202.83872400966095,463.79334447398793
567.2672751433531,66.60024022526406,201.0968949741798,465.82265095922895
542.6352110450364,66.20820980060537,198.89231283553144,466.6067118085463
538.4305696102166,65.29751282405138,197.0354830587402,468.4281057616543
539.587033705378,59.017121165046404,194.72255486841766,470.7293360337745
545.6258209305287,57.977990483171425,192.89671044053662,472.80759739752443
531.0485964097065,51.93069175193489,191.3034665652794,474.65296388769696
531.7494681121259,51.86569897923886,189.90172316044078,474.782949433089
532.2937099387682,51.29848200690009,188.81323950715608,475.91738337776655
532.7915408091985,50.703617628319705,187.81757776629556,477.1071121349273
533.137808086875,44.558877880094,187.12504321094252,479.17609814576616
538.4254845176284,43.72956012127537,186.787531000151,480.8347336634034
533.724622496773,42.59354504731638,185.9336277821852,483.1067638113214
544.1695522660168,41.880341043836296,185.58965895297015,484.5331718182816
560.0257158783674,46.1959524726814,184.73907503189952,486.1891967284682
626.1614345512771,40.74288938277681,186.31211369411983,486.799593984582
640.5987609431819,40.73372970415306,188.4357146818426,486.81791334182947
659.8128187108139,45.920388368864394,191.49208601561668,486.8157177296663
652.5627454902929,51.834357072948364,195.56639970064623,485.41361307751106
516.184332998836,62.69057187996427,195.88405214607997,484.6580428894393
522.4289361963341,61.73058424763204,193.86805558234366,486.57801815410375
522.5603362706859,62.2281516468951,193.6052554336402,485.5828833555776
517.9005133801572,62.34582450191817,192.4790312575415,485.3475376455315
506.9941694496257,69.77993511693401,193.4469910303855,480.9016804596093
507.768638473254,64.22732515331035,191.89805298312896,481.6312469892856
508.25903060102473,64.28708285073995,190.91726872758753,481.5117315944264
509.06247788526485,63.36484403281713,189.31037415910728,483.35620923027204
514.4893896983743,63.01743782275989,188.7936020009341,484.05102165038653
514.855997588911,62.471073004497185,188.06038621986067,485.14375128691194
520.3326156951439,56.92407800001956,187.4474947943657,485.89739650889635
520.4846443045122,50.57389687967205,187.14343757562884,488.25758092246264
520.4464962461032,49.9270193775987,187.21973369244722,489.55133592660934
520.554228711569,49.261735314885186,187.00426876151542,490.88190405203636
521.0020362008428,43.05762132930087,186.10865378296782,492.8863638258205
521.6503687648528,42.225272845367954,184.81198865494767,494.55106079368636
527.4293181027634,36.36820155290161,183.6710239236213,495.8482694341242
527.8593473218027,36.507283367677076,182.81096548554268,495.57010580457325
527.5205585753542,36.93489903034774,183.4885429784396,494.7148744792319
527.2379881573487,37.38661318754046,184.05368381445072,493.8114461648465
531.5009259882356,38.53864942602851,185.9204789034482,491.50737368787037
531.1630489134686,39.58787352533304,186.59623305298203,489.4089254892613
524.7228292905368,46.76259438920479,189.10137132569398,485.4347847346698
467.196406907542,52.69029689051399,190.15921646163895,483.9425615166009
410.60433027686906,68.20673413598172,189.3759622156015,483.99170725495185
426.10845342302446,62.60537039109917,189.40979716906548,484.8470743294586
442.4690018980328,65.95209900000634,187.7694813023198,488.51387747273463
469.2937191215556,65.23510693900246,186.0376659065433,489.9478615947424
405.8153262478151,67.87407988962411,188.51852427970357,484.6699156934991
420.236419312602,64.61572778003972,190.70158442637072,480.84487115392096
487.6565808356635,58.80192351607457,190.0969288873555,482.14665910438146
477.6585979055179,59.51806289874037,189.42542443287977,480.71438033904985
498.7635945992607,58.64389037796107,188.4199401450287,482.46272538060845
489.2709965318449,57.59191602509105,186.78860492732397,484.5666740863485
505.15496063786657,57.293219401822654,185.94842214322142,485.1640673328853
444.00361495971765,61.868099986890655,184.61816939410136,486.3170515048674
485.6470424618183,50.903090582614254,183.69443007668525,487.6562913917239
491.1455375257868,50.35501320209201,182.9954194546539,488.7524461527684
491.4082693639191,49.73182137131522,182.4699557783893,489.998829814322
486.6630230578307,44.04120257193455,181.650949740448,491.0705687629653
503.21207640621174,43.9348093044627,179.48308360107373,491.283355297909
493.3741685054494,45.40603563162975,178.61094024536453,488.3409026435749
494.1393243999165,50.56991796567942,177.08062845643033,488.22924903223173
505.2804080385626,44.481906323882754,175.17215073946008,490.2184275356641
495.2413354600301,45.02175905263468,174.8888503917671,489.13872207816024
490.32023760210217,50.207169398010876,174.57088810694734,488.9280593880834
500.2222106543985,40.272272519310775,175.06970939952063,488.4950857483176
519.8789610247308,37.24292551086245,176.3731568764261,484.3995427108217
503.6287466249289,44.7269704612888,178.51579009839972,479.5507180025124
562.8064756905651,41.32731518504454,181.22267976558732,476.26149957179587
511.11922204129417,64.82418088693018,183.69623358712553,469.6281495588261
564.2258920925848,52.41081634768665,187.9142299436432,464.33724142119536
509.5271777327964,73.00368432417599,186.88900758932624,463.30519676781444
573.3491753543301,53.92271011737094,189.31366973976859,461.4460198295754
612.1653213362687,59.71959756870808,191.85470797398466,459.87391120166274
620.8585335563465,65.43472975745453,194.55654114483778,458.4877756296743
614.0034783506679,66.92391355764505,198.1946563286628,455.50940802929324
622.4826877756403,63.02341798596527,201.4226410244718,453.2171973997759
611.6185620274869,74.42246187525348,202.91719818052889,450.6528039614494
525.8301686191596,81.58056978591497,202.69368735649175,446.4424880013436
526.9075748489461,83.73088710842922,200.53887489691874,442.1418533563151
527.8437287719574,90.67903991892484,198.66656705089594,438.18610537858683
542.862733876085,93.9686900851597,198.17931021745625,431.60680504611713
544.0447244322924,95.62469734121288,195.8153291050417,428.29479053401076
540.8672700962625,95.43608137342761,192.51370503629877,428.6720224695813
538.0086403088653,94.91850022698844,188.62687269566754,429.70718476245963
539.1657702573737,95.88527448243363,186.31261279865095,427.77363625156926
545.6736903054514,91.95986731797666,182.7786841071847,426.142539175794
542.7597684310452,97.45516023304808,179.21063191120476,424.54784929044337
543.949208107565,97.3626907690612,176.83175255816505,424.7327882184171
540.5936935331373,92.83196860344242,174.27260473983125,424.5240555824653
533.2184626282979,87.42185395448558,170.5796811330023,426.1225921721251
544.1158395989618,81.6651867269303,167.14278402951822,428.45699820831385
545.30401925874,85.30300961488507,164.76642470996183,430.33240631071976
542.0969351795561,80.1086653945681,162.0452237829047,431.58572566592886
551.7556702326395,75.19973773991356,160.93658310805452,432.29916625957964
560.9038594889134,75.36447206890529,160.82953523783817,431.9696976015962
570.671247029333,74.33789772143001,159.4707908240947,434.02284629654673
561.069557517676,80.74179861314036,160.48836409009834,430.3079473917811
578.9252704579965,81.88247278165932,161.00916525258796,428.0265990547432
600.745768502304,89.0164742903188,162.5418685588911,422.79333591640795
574.0591137977354,89.2487108534863,161.9919187945719,422.32886279007295
569.579925974034,94.96110542698298,161.97962427588163,419.8747438091727
556.3514079922113,91.49514565567006,161.63101580402494,417.8714485399645
639.7559300890014,97.31246881128587,163.9256230708741,415.1369944108607
589.0271998607012,91.012475037576,167.46129191838895,409.9330198475377
600.6435383850807,98.44413900082048,170.89898608627132,403.9598156599292
576.0898803563642,102.52883619985667,175.68158650464017,395.7904212618568
583.4720604860931,105.5715903619849,178.5794219902032,389.70491293760034
570.6336117261579,110.73471339868738,177.87551191356056,388.1722693963664
579.9304347151644,111.34639131096813,176.79984788724317,386.9489135718049
546.7463091908455,110.46920109003423,173.38919769343244,388.7032940136727
540.1557070502529,108.82414459882887,169.19445107607476,391.9934069960834
550.8017253675242,112.39759422556907,165.2258780910387,393.5082395673564
540.0801559384404,111.48462804724005,160.82880321158834,395.3341719240144
481.8001936211714,117.71242132816462,157.52609920542727,400.00181802512225
500.9632025535991,98.35589640590547,153.47953509340346,404.43541411680894
536.5607306631807,102.49531235608578,150.77223177084895,404.71755132852445
529.0411241142568,106.56641642646463,148.77889226288343,405.09161949067345
534.338415208864,101.91736960855604,146.66997855626244,405.9040446438971
551.1006905419338,106.98446662523793,146.98207952784514,404.2290135199639
543.2740673027118,84.72499214845857,145.753622139735,406.54370280713727
559.8739254511504,89.08846195554383,146.3607574740082,406.26847610075436
509.71699963362255,91.79486006714075,145.16930021742604,409.31445561853036
497.0066699290421,91.65136058261712,145.14783828842593,409.6014545875776
526.0995510739994,92.92008846760669,146.35299447490527,407.0639988175985
505.0668713706097,92.71758151411649,146.06831234136038,407.4690127245789
496.7328257260459,93.58090949405357,145.79512284049682,405.7423567647047
505.11326075655245,94.66874497727284,145.91627329557878,403.5666857982662
505.1631171635039,91.09898113673196,145.81656048167582,402.29411698133964
501.53064742899323,86.87435441148972,144.68940764788545,402.35127812901237
493.859350001606,86.76198659354958,143.28699088740677,402.57601376489265
505.288261658999,83.91524031260786,145.48006614443173,399.9192068028391
521.1199155635306,88.97287113536535,147.22489516013675,398.1559793635162
508.23925935852753,89.1013146122149,147.91126495665523,397.8990924098171
561.006879112562,95.04577185347694,151.14721734357306,394.3771926884459
571.7532789878126,96.95565945345331,154.77862434428445,390.5574174884932
562.6620725379611,98.11517433886277,156.1912398915943,388.23838771767424
579.8159844368339,94.11030555805235,155.39038097435304,387.87138405916903
559.7744904654725,88.95696546439507,153.68752517503555,389.8208954980755
551.7832432782839,92.49792709143347,152.96042570847752,391.0937691644663
573.5393741930255,91.55693170699953,151.24859068703805,392.9757599333342
561.7848816735979,94.5186018708977,149.68826643480926,395.4088560358993
571.2620970054265,89.08644891573468,147.46047592036464,397.909841871619
584.809826232532,87.84548433812324,145.44213485994706,400.39177102684187
568.4293948785671,78.11062539229374,144.77056398337925,403.14527212625194
576.9192148808355,77.73411250696682,144.56157615427156,403.8982978969058
580.9034753384884,86.43074439622771,144.98535763881452,403.2896389180816
601.4284917572488,87.31807402282291,145.89172763171985,401.5149796648912
596.697375090753,79.65296371956336,146.9716535970869,400.08058553616087
608.6821002803716,80.16720196342004,148.1460997161859,399.0521090484475
627.723003029855,85.94268646866692,152.00312517568725,395.8889062296473
629.8969288903571,87.44874930854277,156.06707544234408,392.8767805498956
644.0857481969099,93.37420556649474,161.45460591119533,389.46716030448084
618.1587612192707,93.57435636710142,162.37976495067173,389.0668587032675
609.5011549833366,93.02971266126275,162.69741218506186,390.1561461149448
618.0440315948692,92.00985373359822,162.6519514258527,392.1958639702739
625.9765329952179,91.15304735039186,163.88451023452257,393.9094767366866
625.9406674936379,85.90015890983838,163.95624123768272,395.81985366258385
617.8083366066758,85.50571884455337,162.97241278755834,396.6087337931539
614.2817527472836,79.73473174029391,161.40744128508342,399.5325687804135
614.4662131429262,79.67922148866202,161.03852049379822,399.6435892836773
619.0241086567169,84.05550385425494,160.55016938639505,399.5184644726695
618.7757367204715,83.90746834317076,161.04691325888587,399.81453549483786
618.7074276381235,84.03540465328328,161.1835314235819,399.5586628746128
618.850703250523,84.01204967429209,160.8969801987828,399.6053728325952
618.8769006842136,83.85200593277813,160.8445853314015,399.9254603156231
615.7215900292141,82.87619735824694,158.5271660408262,401.8770774646855
629.4120523342417,81.99276763982226,156.99045050299617,403.64393690153486
629.4708347286779,81.63524867006967,156.87288571412367,404.35897484104004
629.5500771041052,81.04159980250878,156.7144009632691,405.5462725761618
633.018664478591,81.40677481226444,158.4122287405443,404.8159225566505
636.9349009680936,77.0807585760472,159.23468898705255,404.8130218035714
644.9295646600945,77.56225243852137,160.58458479305975,403.8500340786231
652.8095361025776,78.13291587844859,162.18442838854742,402.70870719876865
660.8924271723538,79.33621461036637,163.40268337186137,400.3021097349331
673.0441877076971,84.54998629001136,165.13630643109204,398.55361441894877
663.8610090295283,84.7896978204621,166.13335127940888,398.0741913580473
662.7384856744824,85.41061810630657,168.3783979895009,396.83235078635835
646.5817884831328,84.40256176837406,165.82262701271196,398.8484634622234
638.450583104229,84.20248556236953,164.6828378941939,399.2486158742324
630.3303283136552,89.01754992424429,163.55009490446875,398.30511343591934
656.9875686660116,88.55472646441055,162.15287988904424,399.2307603555868
661.051155233135,93.28474614141476,162.6670594798781,398.4120737266592
664.6995101000521,94.19316132721337,164.0090582125373,396.59524335506194
655.6966019677582,95.33995119002864,164.7421308775922,394.3016636294314
655.7024781368996,96.15232474417047,164.7303785393094,392.67691652114775
651.729937614456,96.66846173716249,164.0828483205359,391.6446425351637
647.7473685697801,97.2258104064787,163.4817672471719,390.5299451965313
644.1158454379472,97.6638436746841,162.20535345682467,389.6538786601205
640.5704491307946,98.43684764092,160.79198445017636,388.1078707276487
637.6946743074928,94.81764009511198,158.08678366110834,386.88953538359317
634.8281067632274,95.59647904262218,155.4288403819027,385.3318574885728
631.1182845670486,97.66762446768627,154.5271992556541,381.1895666384446
640.9437203668253,98.37159585656298,159.61295367935315,371.53608185294024
641.517101516206,95.43678410485333,158.46619138059197,369.20929073205883
645.1763455235202,97.56629169008997,159.29018571679453,364.95027556158556
644.2015514105885,99.42025334277787,161.23977394265782,361.24235225620976
643.0483218017382,105.57825340100845,163.5462331603586,357.00230313045597
645.4461024741098,107.64439749762727,166.80551615302375,352.87001493721834
648.1534444370199,104.99250476540274,169.44249223547686,350.1221403933941
650.1613116808758,106.77778403017157,173.48424423642203,346.5515818638564
652.4491663584354,103.29937211102737,176.98390039632665,345.4330401871209
656.7934387156131,106.28991319251318,176.41477074065375,347.5713730828317
657.2151135582408,105.94603146802109,175.57142105539833,348.2591365318159
654.389569435322,104.20085980899722,173.08604545969186,351.74947984986363
661.8266776053631,103.46399674060098,174.50087225333448,353.2232059866561
653.2865308407489,102.90108566303883,175.19996426920858,354.3490281417804
653.9339424733078,105.72898346061058,173.90514100409086,356.91241575914256
664.7646660209612,107.55872758546462,176.94627350000582,353.25292750943447
668.1110575753424,108.05999823573018,178.48686765284646,352.25038620890336
667.5516877311138,108.37051110350518,179.60560734130365,351.62936047335336
663.4296193534768,112.68277153567806,179.5942218089986,351.2603618965868
668.9352586808989,110.65590357185607,176.83285684206163,355.31409782423077
670.1577768894358,109.28693307592465,174.38782042498775,358.0520388160936
675.3037052574236,104.1641090063454,172.3551879353956,360.0384627088685
683.5207149960178,99.25187752081669,172.42693100492377,361.61004440656774
695.3378510322739,99.13168185635263,173.62382099950202,361.85043573549586
705.8116426467861,100.73791458934613,177.58043531070984,358.63797026950886
711.6273144636367,99.07370126181883,182.59543052904812,353.64322749854375
712.3423667501761,102.49367049771465,189.50193522854568,346.8032890267521
727.4471141486171,98.59670611078474,192.7101856603888,346.2427814934307
721.6777689723756,105.07668753449624,195.8479656006009,341.6837290582785
725.169033892876,105.91110206572375,197.25225401139397,340.0148999958235
718.5574051627059,108.49381489832012,202.08961887648195,334.84947433063076
714.3502719549339,103.6803866556977,202.113017042817,336.08546256666693
724.2647485070943,105.33693289613012,199.1033876941661,341.182031963637
720.5269695647246,105.02688421142634,198.1443823930457,341.80212933304455
724.5349434761666,109.44354014695065,198.55595428028707,341.3963371721215
725.4278887814684,107.75887267871701,196.77006366968357,344.7656721085888
725.2010652842237,112.56978554932999,197.22371066417304,343.5919758472829
721.2173581957388,112.85023856825416,196.7526822470369,343.0310698094346
716.0058732813022,119.07682192746728,198.75351476525918,339.00004040165936
720.6011531964655,118.27258697824561,197.95920536547777,340.6085103001027
719.8834352757228,119.29719333252731,199.39464120696323,338.5592975915393
719.3891421594426,119.75020286924806,200.3832274395235,337.6532785180978
723.0771515525556,119.97820321059277,201.41100095026096,337.1972778354084
722.5164549133814,121.10473222400788,202.53239422860955,334.94421980857817
722.5536317730366,122.06738191234186,202.45804050929902,333.0189204319102
721.2391795203599,123.47870797831422,205.08694501465237,330.1962682999655
715.9747245130575,124.68571567125215,207.24395749628374,327.7822529140896
715.7965819745829,124.66775579025193,207.60024257323292,327.81817267609006
716.3646007810446,124.4257261610309,206.46420496030933,328.30223193453213
716.5844113527103,124.23271438935265,206.02458381697798,328.6882554778886
716.5050539852164,124.27226191069056,206.18329855196595,328.6091604352128
716.6912442368349,124.16700317445412,205.81091804872875,328.8196779076857
713.3643959413868,123.1386606676349,204.1011334822111,330.87636292132413
708.5627309859315,122.81123709038667,205.3389683636159,331.5312100758206
707.8933499258505,123.09424410650342,206.67773048377757,330.96519604358707
707.1644091475193,127.62244045243892,208.13561204043992,330.3188725275884
705.4773534939052,129.42755938452981,211.50972334766826,326.7086346634066
716.3655087846954,131.10238002549883,215.0150208631333,323.35899338146857
711.7128544202884,131.62519150114986,215.88502804795763,322.3133704301665
719.2793149922857,131.71405105873774,217.62017528856035,322.13565131499075
710.7855343158438,131.5695913147332,217.68741720251842,322.4245708029998
707.1755054765965,131.0531439153457,216.44184972465794,323.45746560177486
706.9066491012951,135.5301120546586,216.97956247526085,322.9640218078924
715.9532067232037,130.25002477550066,215.81044272495353,325.06219861945317
712.8083173657311,129.27825978427057,213.6260942240861,327.00572860191335
717.3772844634641,132.73962664612858,212.95511127646498,328.54994612604213
713.0473614619007,132.97143644065434,213.13603247477465,328.0863265369906
712.6377648035876,133.36151424631524,213.95522579140052,327.3061709256688
711.3584525160619,134.65854205657325,216.51385036645198,324.7121153051528
711.6292090737763,134.3430921992898,215.97233725102308,325.3430150197197
720.7903112227168,133.16079506056448,214.61221257637447,327.70760929717034
720.0862833335767,129.9858541884958,216.0202683546548,325.56357529231605
720.3403219806648,129.15402799628936,215.51219106047841,327.22722767672894
716.2779381128719,129.49815780712953,215.135267428823,326.5389680550486
712.8994323550721,128.05369529548884,213.4071980523296,329.42789307833
725.2485038477914,123.61975863588864,214.2079466225666,329.7961358789718
615.4040063860014,140.90522507421548,220.93418708199442,320.7807335380164
607.3607416376942,149.50698234160302,228.52607712911413,312.0718584527359
608.2979185932702,153.53927954322074,235.13962226142496,304.00726404950046
618.8756276723695,143.39916273762756,239.40370801971852,298.8679937441946
613.3800776107538,150.3896234699136,241.93102975667074,293.3508506659018
602.6250287683523,149.52658270098112,238.18140652693623,295.0769322037668
602.6012078172703,150.8920651621687,238.2290484291002,292.3459672813916
604.3823454213568,160.01706556652735,234.66677322092704,290.7852451460371
599.3278816428008,150.09840440168665,228.24964410740097,294.09651080508024
597.1121093778424,171.09324744894934,224.47162105065865,293.1546626438485
599.5991976065592,162.23276787904763,219.49744459322528,294.6083510312242
602.2833846268654,161.21985706043156,214.12907055261277,296.6341726684563
604.3131388757317,164.63331160387844,210.06956205488015,297.8245014682117
602.4877642145669,160.10598719005299,205.75188295308425,298.9107218717372
608.5600272549011,158.73325690827886,201.52087514437378,301.6561824352855
610.6549797934351,153.76165313069416,197.3309700673057,303.71466685591855
612.5725547715401,156.4402892007204,193.4958201110957,306.203287130819
624.6285156498491,152.92676385515492,192.84112433970762,305.41126249354005
631.6242437164325,160.9883812281929,194.44220548507906,304.88056502600216
625.9664280365494,157.93620452003935,197.94271740598862,303.1697990034525
624.4301208899209,158.92174136486085,201.01533169924556,301.1987253138095
618.3815871858628,164.28389929190058,205.24295506489756,298.3438535021942
615.2407329185833,162.98597588688042,203.62811741697365,300.9397003122345
623.1026256354205,162.26143310660538,203.72217085849027,302.3887858727846
600.5665350003001,152.20629506551936,201.2005729957485,306.6344689106291
611.3983797859034,157.6101371765299,203.3994706932669,303.78098044484983
595.9317586602306,152.66079482412144,202.54116058818133,305.73177706055884
583.8132258966207,157.14277966733104,202.88937209617814,304.7307587138807
575.6519740112134,154.17070150979478,203.30448437607862,302.72121928349617
574.6884984554354,159.75665283967143,205.23143548763454,299.4796833455161
581.5079514407848,157.42178591366252,207.41950112746383,296.2359313922699
570.4740463000917,162.3236608113207,205.7852404141345,294.33287192852544
552.8043080214941,162.9043507660791,201.8999492669825,293.17149201900867
558.5808513393968,171.7269167878253,198.11006888922697,291.05277249161577
545.7683231553511,177.18545770695675,193.06108387329706,295.47271134536345
555.8707382140036,167.12920782178915,188.158389428878,300.28307544281273
561.5730530320559,165.70469803318971,184.39491626241755,303.1320950200116
574.9821958482712,155.8220119692563,180.43798680220357,307.65656303306736
587.769203649297,162.11676089585194,177.72689874370812,310.30901687558
588.7427236037328,160.82207366960512,175.77985883483643,312.89839132807367
588.8540587748372,161.1786637243584,175.55718849262763,312.18521121856713
593.0032643746122,162.47217685916635,174.86404685263167,309.5981849489512
593.0913425281827,159.09285922463908,174.68789054549057,308.80161562046897
592.694793750618,167.41727263630523,175.48098810061992,307.23363130625336
592.5121348133182,163.92633378297566,175.84630597521954,306.6848254778934
591.9418282591425,169.8212761121634,176.98691908357097,302.42369592620787
592.070395749789,171.555357890052,176.7297841022781,298.95553237043066
592.6958796248639,172.9908775296812,175.47881635212826,296.08449309117225
587.6305178841633,164.41652300179496,170.8790927157444,298.5027550291597
590.2635562397039,174.54905935483973,172.93622942636054,292.88410916646484
593.6961132648781,177.08889539308194,173.34581475189952,287.8044370899804
593.8273536676664,176.25337047116764,173.0833339463229,282.2694182890726
595.2177398837994,151.91636700297144,170.3025615140571,288.22831226614227
595.2736349466106,154.9874618092903,170.19077138843465,289.2471309666726
589.3757709646522,157.52440045935876,167.6379915192921,291.34750758306524
580.8435678553271,144.7518343422365,163.21585434293195,295.4060964222994
629.4033806845091,139.33466677899767,159.00717800540275,299.0934354471744
628.6188032413515,136.64565120225632,153.44697566737466,304.4714666006571
626.0545453957826,140.93943092595921,151.46290203287413,302.9964964788899
629.1352099534236,141.83296960544325,145.30157291759215,308.2660966988033
631.7004044753264,139.5063982265015,140.17118387378656,312.91923945668685
630.3976776211605,138.01738032808785,135.77220670122264,315.8972752535141
571.8790280835284,143.4161405294399,134.31837864257324,319.03988745479984
569.8431692239621,144.936877329935,131.40032573471763,322.9881844807977
619.5552248121179,149.47262144775993,129.9048118488433,320.9115960516076
627.4621197590606,146.44615246239937,127.96769319007662,320.0261984047694
624.9791722530124,150.00121256423776,126.04255282705478,319.8071135762107
629.3502055128243,150.4344061557549,124.15397006667703,318.9407263931764
627.0541009794848,150.34396435566026,121.93895813085624,319.1216099933657
620.6025206715393,150.59362134857003,121.30195521466271,318.6222960075462
628.6671745655871,146.37060537934673,118.67559103561084,320.316856141471
619.5494818624594,142.23910660387114,116.72554971096423,321.851378115455
623.2417322773949,138.17369994817466,116.05626083684268,323.2669794710986
610.0124442297295,137.61693144584729,115.62148950872772,324.3805164757533
613.4630185590929,136.68138266949248,115.45171128005842,326.25161402846294
623.5134263041331,136.28398652675307,115.61595138529849,327.04640631394176
633.0214208111848,136.29504485907296,116.9080139488955,327.024289649302
628.9493270008528,137.0511227168609,118.259728943039,325.5121339337261
625.6423605311556,137.70520292112062,118.07833471522156,324.20397352520666
639.2596978552396,134.73154007151618,117.93698979224807,323.377966793117
632.2826011095895,134.6993938491061,118.37326560073996,323.4422592379372
628.2841989839226,134.89866557557025,119.60230618354844,323.0437157850089
627.6004299910735,139.11835301329958,120.96984416924673,321.3885884727608
637.6058034438779,135.6135206485932,121.31461791581013,321.61307965144937
633.6737520969407,139.77982843843813,122.38412338934498,320.07506129209935
643.8412509106803,139.68356147512853,122.42440902962032,320.26759521871855
640.056619646896,143.52418344813844,123.19842372109349,319.38159910879403
639.739108596658,144.2867950426537,123.83344582156968,317.85637591976354
649.8167273276995,144.37423222787356,124.03590051409519,317.6815015493238
649.6658555289688,144.97876254149725,124.33764411155651,316.47244092207643
578.6436956736535,145.0912307651123,124.10627549216437,316.2475044748463
653.8446272544944,141.9195233886512,122.59289671894844,315.82326084647457
580.0482809248404,142.47239687250922,122.02755235631265,314.71751387875855
566.2264390868233,143.76785616811227,122.83748516465141,312.12659528755245
566.5412371516816,144.09859907024924,122.2078890349348,311.4651094832785
567.0176836267176,144.17493381363607,121.25499608486274,311.31243999650485
567.8348008109498,141.28759628837548,119.62076171639833,310.4414433531531
569.2369474177796,144.71940132788848,116.81646850273894,310.1816941343603
567.487628965819,145.05691753935167,113.76536481559106,309.50666171143394
564.8653457853851,145.60688900162825,112.52486686096722,308.4067187868808
564.9038351765313,150.2082140696533,112.44788807867482,305.65097836634845
564.9492611209506,149.93639215108234,112.3570361898362,306.1946222034904
564.4037237082265,153.97816786357262,113.44811101528452,304.52329015505796
561.4306303222075,160.56002968985246,112.98632602585835,304.17551002542666
560.6830105056117,164.7985673296778,114.48156565905003,302.0930987948171
560.8429885278841,168.88053030850068,114.1616096145051,300.3209131444826
561.0332401524437,173.31523581476583,113.78110636538597,297.8120683063109
554.5448562860701,167.9880661110931,114.12241307503379,295.8309466905569
550.6216629986952,168.90994032065151,115.67338230124606,293.9871982714401
553.5180503767998,168.7880844870216,116.17731643789821,294.23090993869994
546.703866476865,166.24444369491516,117.187230011722,293.0089644098898
546.9378479539165,165.4983091982851,116.719267057619,294.5012334031499
540.5332885742323,161.42440150779163,116.88277759168946,296.326244671488
543.126958134314,158.8820219134061,118.04741642603744,295.0590259057476
562.6405173337436,164.37565811311916,117.14761764473472,296.7808600455069
556.4697753824598,156.86369819578357,116.7625967225921,299.0782750554682
559.9289198017062,159.26206934916462,116.2336993762963,300.6709242409031
557.2811682089439,154.07308921302092,115.12640865722554,304.64609060859493
554.4397604765717,153.13497207485906,114.36927033190395,306.52232488491865
551.5135088493762,153.02147656851773,113.76855701050826,306.7493158976013
541.5158264711295,158.663025282627,114.42700634353965,301.9118569438701
540.8997031636549,153.36058135903158,115.65925295848879,299.7404256812117
531.6763717442483,150.37571369058566,114.96853359184549,299.3310336162847
532.0596120270835,154.67648613891598,114.20205302617507,297.09034358022546
532.8656211069108,157.61869840907704,112.59003486652051,297.5208483268597
523.4799675224341,158.11910641455003,112.48491190370221,296.52003231591374
523.0213853332069,159.42945766006633,113.40207628215654,293.89932982488114
519.6608339616441,171.4579321040037,113.86842209970415,288.60665171374046
516.3398345563296,173.41510792482154,114.32337180609441,284.6923000721048
516.6684468158053,174.21842705034106,113.66614728714315,283.08566182106574
520.2464986391727,161.9072944270336,112.6140313345985,283.29197629091993
529.6116798589892,165.34803657314202,112.14819101488723,282.4986660386771
533.3500280667665,167.4615590086759,110.73993106886189,284.3400576371384
540.1867197948617,156.5639427799183,109.2059796277825,287.926142071987
527.9532623810393,159.79285931417047,109.29822190802163,287.5619771403341
503.11139085828813,159.64382773723946,110.26114484741203,287.8600402941961
493.73879912220093,155.6832014083298,110.67128928997026,289.66961327547665
502.3568710909459,155.23959790806478,111.87019651920534,290.5568202760067
495.7534386721594,154.26898164316265,112.71850724534376,292.49805280581097
511.58584133150964,152.72295781049343,112.16556026857715,295.5901004711494
495.7309972100386,155.87529181602318,112.59116477342036,295.54224920770963
502.38603799829565,154.79336081353895,111.80864408453574,297.7061112126781
492.52023176823906,151.374399600238,112.69804248041225,298.2632956178677
498.6658560459905,149.87377549912827,113.01626174757918,301.26454382008717
498.7155695526677,151.82491086307112,112.9168347342247,303.71576427845673
492.42751648312526,153.21817465461473,112.71929074125734,307.3160617613957
501.9680727370186,152.97565862402652,112.94262175759653,307.8010938225721
485.10765160032986,148.93154639540546,114.43450888125878,309.4435272498712
484.61168521581567,151.4923907233835,115.42644165028713,310.81807739283624
490.6796265823048,140.74080383053024,116.3581960171663,312.7197955287568
490.99162031547434,142.2437244490728,115.73420855082728,316.2918158725236
497.56580842702715,141.34792292945144,115.82132523480365,318.08341891176633
480.39789274120926,148.7208029153103,116.93237059367512,316.62757334515436
484.12210420864284,147.2447501813449,116.12813679665337,319.57967881308514
463.95460672454686,147.22917473050367,116.43166651812668,319.6108297147676
467.7343441745877,146.5335387278966,115.55003691531691,321.00210171998174
465.2429321536826,145.9804624800753,113.851070625779,322.10825421562436
458.32376163840524,156.8240013134625,114.35583064066329,320.4215480723556
453.56430007162146,161.63124772706834,117.22290011810358,317.45890890127123
449.4700225331344,165.41521917391594,118.75011865512698,316.55230254752666
446.13262309101685,168.2879318331933,118.74903792914674,317.4827568391873
442.56690886533625,167.9408559926055,119.19127045118444,318.17690852036293
434.4632592459779,169.09775298994816,121.98434865412749,315.8631145256776
433.2551509796045,169.82605347239954,124.40056518687433,314.40651356077484
425.98593129724856,162.835049110151,125.446108543941,314.8956262776267
419.1216586119532,164.3764564278306,125.6303190887298,318.58497905516856
419.158610603331,156.02838061596404,125.55641510597418,321.62406019917233
422.71480043823993,151.4379715123456,125.31493870334917,323.9339751392164
419.5411595846152,149.64128455431683,124.76245792583903,327.52734905527393
426.30704343704303,148.6269650511005,125.11354847654408,329.55598806170656
426.3193746791379,146.86120334343337,125.08888599235428,333.08751147704083
429.4746775017703,145.9135134548731,125.80532224159464,334.98289125416136
432.32842658710643,145.89990081472558,127.16493571030212,335.0101165344564
435.10507001298197,146.02175395759696,128.70361314029606,334.76641024871367
434.0295523144277,146.64600061689228,130.8546485374046,333.517916930123
437.1305161081385,149.52220383312945,131.7894428286998,334.9022323763655
436.8521523113259,148.34952781146086,132.34617042232497,337.24758441970266
440.6884824026806,147.64908943716512,131.89054541219684,338.64846116829415
444.944826598201,145.98175294552476,130.60686815457473,341.98313415157486
444.671195131113,142.03878596660965,131.15413108875077,342.6152005351177
444.54687229727597,141.4319990933857,131.40277675642477,343.8287742815656
433.54888541668106,141.14859070968149,131.51479709421466,344.39559104897404
430.09668330411705,140.04645033435528,131.11440362880074,346.59987179962644
426.98441214786743,138.42645288626323,130.0097228842088,349.83986669581054
423.75343320746686,137.67111440942395,129.1159118724665,351.3505436494891
427.98544287097127,141.20505724285118,128.0131659210769,351.6439313582538
420.8208315147262,136.18413168866292,127.65129824500369,354.3402372723486
420.5129882884452,140.05935671617354,128.26698469756573,353.9673470441912
412.43245483931315,135.33522391646125,129.66130838229674,356.0322410368492
408.1561462742165,135.575062313454,130.7757970756384,355.5525642428637
407.9809660739487,134.94109392551212,131.12615747617394,356.82050101874745
408.42890884414174,134.1296519099413,130.23027193578787,358.4433850498891
408.5971019393469,129.06631897380458,129.89388574537762,361.08713986362636
412.0941409987209,131.66283266054677,130.41443737099056,363.40874223450294
407.69312548791845,130.05628543274406,131.6592221163845,366.62183669010835
422.2969153450806,135.9238850675601,132.95454481930489,370.13808862909866
413.7573542685631,134.95666955797003,134.63475927719833,372.0725196482788
412.58118784494286,130.87961275370353,136.98709212443882,372.46909964930893
