409.0,157.0,60.0,121.0
407.66507408361576,155.4940114001989,62.66985183276849,115.58307596084325
410.736384860905,156.28365947780065,62.07931298333514,114.00377980563974
420.09694667876613,153.81123716622335,62.55677518972621,113.46331418819055
425.36726607288995,151.46341366276596,62.98747752243197,112.67329063462864
426.87422120402226,150.73352797804083,62.71207411496174,111.39455514928443
431.7386651691604,148.21485833845884,61.1279121953762,111.00207708798794
434.38399068708316,147.31552979062081,58.51937216014552,110.11862318304925
441.95119108732644,145.18492193650283,56.507238379049795,109.13093208352889
444.1463292946747,142.66905561906287,54.69231600638175,109.01195663435215
445.73890236882977,140.26259450534113,54.04946180054183,108.74029497685483
447.2861219486135,137.78944984285076,53.48221289558326,108.63220379261759
451.87864194428585,135.00024208040207,54.36029145219468,106.66328040654795
452.44208407942796,135.52332854684553,53.233407181910465,105.61710747366105
454.0311493757671,133.1900387457564,52.522620399416574,105.34899945547048
455.00305684572305,131.90982125229485,53.02992936010784,105.4583105417904
455.15700081621014,129.97311284954702,52.722041419133646,104.40872661972666
445.2638752625713,131.37802218096664,55.42267409700128,101.59890795688744
415.672789192639,130.0885429724396,55.90315427299675,101.73196254211368
380.8774255074009,128.62014998299944,56.723780658320756,99.75659845062597
350.04192470960356,127.07644156695928,57.37350569968517,100.40316422053709
321.81769692060686,124.15640938569723,57.208320401879455,101.32030328951345
324.63693051313646,124.01166965570349,58.98655279005033,99.13754955842423
328.5549797945262,122.45185927639888,58.560431949835376,99.78717774284527
331.208877135923,114.61462866700447,58.197524608752495,100.62697693650188
332.2253391101099,113.80993195070918,58.64336071216975,99.7576103173013
334.830043609248,111.38837532275079,58.38076634625433,99.65390894085743
335.2434726476043,110.72189018202198,57.5539082695417,98.51945412215794
338.06643385248844,109.80813592025282,56.78116584347738,97.91037265384419
338.8377838559165,109.2265220960884,57.6529307490412,96.65913538975317
339.2695455895187,107.094169028217,56.78940728183673,96.10259329472345
340.6058892250285,105.88362952853204,56.504486286312485,96.13590601859804
341.48804335151067,103.8111475390202,57.12362202450329,95.5139820153113
341.64014087228975,102.914322562649,56.81942698294514,94.92297316337714
341.5957296433687,103.4455875402187,56.90824944078724,93.86044320823777
340.83337002385116,103.67557077006558,56.076554121200516,93.40047674854401
341.01710904364546,102.02668051457485,55.709076081611926,92.02715496089246
341.1271222262859,101.76301467240219,55.48904971633104,90.24557370015344
340.2778572305648,101.1744336647717,54.90892191210962,89.14407791975071
339.38126733497677,100.67709897346565,54.44962363286902,87.88626923194627
337.000377766786,98.89970118307382,54.75941403519481,86.98907607867423
336.5587182390694,98.6026389735264,55.64273309062813,85.36541317444537
336.8799744388581,97.50160339351791,55.00022069105067,85.35925102519997
334.2604596568526,95.4014041104841,55.84440789838048,85.16480723458652
335.3118290369135,95.77065405212532,55.9502527852176,84.42630735130408
334.19450183793515,95.11125617621639,55.985653159028935,83.54584907897663
334.61788887560516,93.94943700963628,55.13887908368891,83.6828830769415
334.00895679823526,93.21740754744283,56.356743238428756,82.97235657497134
328.0536208724244,92.73589381479539,55.1626491450217,83.93538404026623
328.08836899007804,91.82030121547555,55.09315290971455,83.58779648331954
329.47370886326104,89.01804542876769,54.49486941774876,82.67511929353454
323.37759266552274,89.61573523108328,53.79471759902306,81.47973968890334
322.91712558099124,88.91492166609613,52.59652818163976,80.76224323243136
319.2692756877129,86.85771179218375,51.53864668880412,80.69987234055989
315.45181471594947,85.48321842836353,50.89437290712062,79.30926120559525
315.4438251649279,83.31056862057034,50.91035200916386,77.53993836348683
314.12228723418826,83.12864453885115,49.52954315364033,75.8918441684238
314.6005859767016,82.80091531073055,48.572945668613684,74.58310060600346
312.71476574744946,81.27820473739953,46.55872169476844,73.7712787977658
313.46345114648994,80.72604379263012,45.06135089668752,72.99279339919741
313.84399305677476,80.0607871058078,44.300267076117805,72.47724116173089
313.07312971813656,78.62828157272372,44.016410311216106,71.69108534354278
312.93536867530594,78.71474609978337,44.29193239687728,69.70906778948489
313.63838526440446,78.34976926931955,42.885899218680294,68.65492027251295
314.7670899141411,77.5776589521441,42.373279692014144,66.70956136124956
315.51733574881155,77.74228250504262,40.872788022673234,66.38031425545253
316.85945426610084,77.66234111506701,39.865592089155584,66.54019703540376
318.1753533106547,75.85715784814596,38.896260237730274,66.82563109388087
319.1605775714256,71.69740707507204,38.57613523062656,65.2431915534005
320.03323797009125,73.34559511778292,38.452224723390266,63.568225758073694
321.51046334010726,73.63583099672401,37.09217712598743,62.987754000191536
322.8340898847315,73.15257386241353,36.00774041661677,62.3914518889346
324.1679372227176,72.74577725360831,34.8756504949163,61.66944035227329
324.7569908168449,72.29556186910116,33.69754330666167,61.0641848917309
325.76303242194916,71.42422611562014,33.162131090004756,61.330185405141336
326.0489796741452,67.74658775746046,32.59023658561274,59.85678686116253
326.0992051822035,68.79405767243654,32.48978556949618,59.20178781584325
326.9849473763241,69.42992809462,32.1468622138379,59.35860800405939
327.72169774967307,68.56251364109846,32.09837396685931,58.24341191166383
328.7605720617267,67.4110609540586,31.428357330465325,57.730853310317045
330.41615210494547,67.70816121936357,30.894644573983037,57.1366527797071
331.57742063169997,67.10589745797768,29.94294164702565,56.97034617592716
333.0288711491137,65.5993929083324,29.74417516513381,55.92715344581433
336.0444059491481,65.84879107669562,29.046344042427688,55.42835710908791
336.3498461634322,65.1447532429531,28.435463613859483,55.52244166986728
340.6711655333515,64.80187188518772,27.62195893858037,54.90334870797143
341.65892778750685,64.29170251832127,26.92816920443432,54.641952667539755
342.45580869632033,63.406134653741994,26.600305366806197,53.88129243670069
345.80337616348436,62.95371766108253,26.150622381083412,53.53703603229859
346.55689129070754,62.44356652988013,25.879849610434178,53.32108081090626
350.99053085848163,61.19490091851378,25.61137165888193,53.36161169535441
351.5978708121926,59.92309375260752,25.621015180025367,53.45657917003622
352.7077152071222,59.70630535593527,25.85308021234023,52.66427905229364
355.66720321977476,58.2568740341196,26.025796973113216,51.90812602427819
356.19819361811665,57.51978392808224,26.17408314610367,50.961772297004316
359.39533405759505,57.68515456804203,25.774577934881634,50.63103101708474
360.55226572238814,56.690791616229106,25.835140997089923,50.245330528916064
364.58279035008735,56.420068019083985,26.052291569474352,49.60417774780877
364.5414139963953,55.0512045342307,26.13504427685852,48.81114630386337
366.85501918499745,55.39977912453911,26.1745174887101,48.113997123246556
367.9630636689149,54.8813697765322,26.27257444031116,47.993742859542365
368.72386011349806,55.407709181864206,25.90795648992581,46.94106404887837
372.6772654952083,52.924978865726004,25.9476266470894,46.230466880737595
372.66414638202076,52.16544768718058,25.97386487346448,45.498755085447144
376.8913419768794,53.06552018584935,26.439505768586674,44.81361409871453
376.9603638014775,53.263917209132124,26.301462119390393,44.41682005214899
380.4162505965312,52.51375308472367,26.016695573193747,43.70814595299568
381.46829601047176,51.867395878690516,26.090918246267478,42.82254686410702
383.23346127691724,51.91546878833826,25.792262948244826,42.72640104481152
384.925514400134,51.033590221568986,25.620448045561876,42.34863061584975
387.4136253126896,50.667113128485354,25.955445452476383,42.01934095561185
388.1787014401122,50.21808946606497,25.48826308979185,41.85441838829189
389.532853187266,49.68079239900618,24.8852715109996,41.87635656465181
390.39654635927644,49.33116742192873,24.2007022547634,41.532789431022096
393.57407034186446,48.872328722059144,24.002480044482148,41.424329204945494
394.1484400280271,49.11130766622445,23.87491122678288,40.946371316614886
397.95788715222903,49.299022745362265,23.339446869713836,41.582859714244215
398.0403078470352,48.96493008654984,23.17460548010151,42.25104503186906
401.641283493438,47.38551968185139,23.10787450038191,42.35191427851482
401.64155560718183,47.24809567627938,23.10733027289428,42.62676228965884
405.6438104709455,46.46848451733725,23.29249355603442,43.162275481209676
405.9657933529251,46.092974915178885,23.683298607425726,43.91329468552642
409.375761238408,45.38021064188427,24.231057547022168,44.28629541632104
411.9243609183721,45.44475012880946,24.470834762214693,44.157216442470656
415.20492655634285,44.820710285358956,24.327198411255345,44.335713641874634
415.24790175051487,44.33839298454199,24.241248022911325,44.23058151732248
418.2488018485347,43.71799481045035,24.63993161840027,44.40463056691765
419.37731408473877,42.97818921005842,24.535148785452954,44.808120947971105
423.7013249820915,41.51419117461377,24.529445307307796,44.49524765015029
424.25701604748303,41.79774123634178,24.49363757859774,45.00372192876728
427.3818146266154,41.676676692720505,24.738835146165048,45.24585101600983
430.4622395176258,40.49921991449843,24.029126073922118,45.42030828854277
432.126153236311,40.0473641714274,23.943231039578194,45.24337564034268
434.3620331280971,39.02764441478094,23.7777387236942,45.129681419791496
437.67021022508374,37.788306174741976,23.593703083979992,44.39219862273982
439.0141936689968,38.432793874064444,23.021825968485157,44.161268110260515
442.0830182177887,38.58276444808109,23.153131137823745,43.86132696222722
443.3063413201816,37.90429093531091,22.79183121272365,44.175600847924706
444.50116054749634,37.91862750780746,22.484347090061743,44.1469277029316
449.2883124935658,37.71574654641991,22.228237462271732,44.55268962570671
