1.0,366.0,96.0,106.0
12.313271486807011,366.39415610733556,95.63435096833715,105.21168778532883
26.407849479536686,366.6603460164876,95.9034704770056,104.67930796702481
42.82781939027085,362.6367996255385,94.64381065157343,106.41034474971569
57.30884166580602,360.9712336350639,91.00057663137669,106.57662541430571
72.06419745759617,357.31979377040375,89.47116972373112,107.66143743786283
83.81877240451861,357.7141985421926,90.77117682853063,106.87262789428509
96.45000724328423,356.5379222078817,90.38804819098561,106.11526293290848
107.85527097491831,354.0405856322336,89.22195135497526,104.92581304784538
118.43779837148156,352.09486960557393,86.3865584212187,105.76230145793645
122.25070743101898,350.0431484948602,84.80497589714547,106.8436258818632
135.4804959980537,348.61940488035253,82.45016064356116,106.67801787581786
144.02575146467115,344.4073781286964,80.22105306642209,106.18522936547265
147.98210102773356,340.93624389206377,78.16516245531894,104.3422850662053
159.27025064462742,333.313985266755,75.65599119129931,102.38640691416451
169.29380304066655,334.6463576707275,72.38432349942343,99.7216621062195
179.99725797824038,331.6067236949426,69.88979796431518,97.69562248348672
184.3768920472873,333.2073604889357,69.02065884469492,94.49434889550045
187.6976020238467,333.61579424094964,67.51367009820085,93.67748139147258
198.30058989238447,330.13786594817094,66.54825192843951,93.0431288892872
200.1460403680745,329.16563169320966,65.36192744198331,92.48302093428593
208.78798436844662,327.6111047331415,62.93738173049235,93.11551780621352
210.93368477086648,323.47838323136335,61.091991796615744,94.04292819688033
218.79308399230524,323.5633857001143,59.94871314080588,93.87292325937844
220.7333940788977,323.3719933569788,58.475708080504326,94.25570794564936
223.70181188376438,321.41489027255204,57.316196441642674,93.39259014363128
228.37156230904378,319.56713340125077,55.045612360678156,92.37549270650436
229.54968899875826,318.74556905473213,54.99226843652991,89.41280248898006
231.4441592951065,318.17767927121804,53.46121507267051,88.29069482717127
231.60447833346495,317.44858583118133,53.14057699595354,87.53347839108562
230.31728652862526,316.95621826077735,53.516235813734895,86.3194887399956
231.28739620784543,315.04509945702773,53.762953505159814,85.76785224776421
231.3688808989108,314.1059349296171,53.59998412302909,85.46334465343836
231.48349590743453,313.1590097975607,53.37075410598166,85.18164036118951
231.31916310192324,311.95692046969396,53.699419717004204,85.41831640949036
231.09864605873707,311.6729844442134,54.14045380337657,83.8096405903843
228.70920598739912,311.2275605938277,54.59964421246286,82.54064342436092
229.6967028799657,306.9040127514156,54.773104656051125,80.44546796557778
228.34773257413417,306.97946380633795,55.35123534625133,78.17475593427025
228.77623090454296,306.7265703189995,54.49423868543373,76.58546501703876
229.0289410153767,305.1950781554518,53.988818463766265,75.53463870991965
230.42329898368777,305.70485777463546,53.23277449138362,74.51507947155243
230.90922236261554,304.4272266466242,52.26092773352808,75.06555607951826
233.10156305990017,300.1464624018252,51.87041664739502,73.64165879802566
234.58461735649018,299.92541833243774,50.873428230918556,74.08374693680065
234.56380650076733,299.5371252872892,50.91504994236428,74.86033302709767
234.95080913585252,297.89497407941167,50.141044672193885,76.17291505861105
235.4129463780488,296.3591376138135,49.21677018780131,77.26598072975138
236.6189628192271,294.62253063528254,48.78430913430618,78.75962285795188
238.8305578279379,290.2127825756414,48.350419050585685,79.60051910983205
241.38228319381406,289.8465672164325,47.24675756093468,80.33294982824987
242.65375048465023,288.35863600169887,46.69598990223788,81.31664533474157
247.0795725409136,286.9728537938455,45.83406882717169,82.09077899108323
249.49419692453617,285.899279860236,44.9932874612776,82.24369315762667
250.70240273686466,285.85213930696153,44.55902389357301,82.33797426417564
251.81275235793703,280.8133447235111,44.31443818700258,82.53499575320504
251.80622226066527,280.84751569945234,44.32749838154609,82.46665380132256
252.02578668486112,279.5995673733063,43.8883695331544,82.98850419385161
253.3390522479224,277.6612063569313,43.236037158815,82.91682872303494
253.44136098821156,277.46794199900484,43.031419678236745,83.30335743888796
254.3153442701731,275.8437689989926,43.24754383131038,82.62352200491901
255.52602617827176,275.66476638256324,42.78400353235392,82.98152723777758
255.7486887847916,274.71590199481346,42.33867831931429,82.92415147557747
255.65104521243057,272.8440279364389,42.53396546403633,82.7747286696736
255.65671117998755,272.072348385835,42.52263352892237,82.37032688288232
255.94321652793997,271.43085383755977,41.94962283301756,81.71168575470617
256.2475727061041,271.799306526001,41.34091047668929,80.97478037782379
255.56739147874617,269.59602886367657,40.800490271312675,79.67898772219534
254.5106365186002,268.860971908211,41.04154532476112,79.27664676628285
254.02646589046986,268.0738368209091,40.13918305654692,78.9802134164119
252.4304809873019,267.6786460911803,39.629558150304895,77.91979751958044
251.8139515167187,265.4331784519601,39.036163452938105,76.93137188242144
250.27704765060892,265.78821913698346,38.506532847202564,76.22129051237474
247.09327531242235,265.0689786170673,37.74541898397776,75.87760691730767
247.2495641752131,264.01744029801506,37.43284125839626,74.4527482442326
247.44744817851839,264.1681832858698,37.037073251785664,74.15126226852301
246.7305065184168,261.66944271903674,36.74451831633771,73.96942863523574
242.55808572390401,260.2259695259534,36.4957980136726,73.41895026472613
243.15820405508035,260.4083102694472,37.00191140423552,73.05426877773859
242.96921657778137,259.98006289095565,37.37988635883348,72.20100158440056
243.07077211681744,258.8790858476532,37.17677528076134,70.9954304751181
243.28709116495656,259.0014295273687,36.74413718448309,70.75074311568711
243.20458054646693,258.25834352134916,36.90915842146236,70.56539403639671
243.38580529488107,257.06571652475446,36.54670892463406,69.60737486081719
243.5895150153957,257.3731590032069,36.139289483604756,68.9924899039123
245.45765907632193,257.4554344109948,35.67356956517084,68.82793908833652
245.57253510728333,255.22754838106022,35.443817503248034,68.40914564154727
246.38430653492193,253.80681910985965,35.435024668915666,68.02110414205865
246.33919834364053,253.9834599505999,35.52524105147845,67.66782246057818
247.87279554506543,253.2983358404946,35.66856349349228,67.432812258357
252.65057567003717,252.0814918716535,35.73858689529899,66.65797231212244
252.66201715359315,251.9526811956313,35.71570392818701,66.91559366416682
258.23278297245633,250.13185642665178,35.75639939718891,67.36232117163208
259.7909049852684,249.27878195979457,35.84962381114333,67.46373588555721
263.08965644045674,248.19079769888447,35.68342485997175,68.03187841757608
268.8144622880251,246.88291863608387,35.52711368493838,69.03430789744817
269.25716212204827,245.9389132635307,36.2670762641165,69.29695639532999
273.5541994510563,242.67477427020842,35.8827805084738,69.25741126007593
273.5809625314946,242.57304879175547,35.82925434759728,69.46086221698181
279.339747419814,243.08401402068256,35.76948554912873,70.07576047029478
279.6724505823343,240.89516875103305,36.74889955894237,69.51899000503093
284.45546054626993,240.76263686549552,37.1038670943376,69.78405377610596
285.37421515587704,240.77225183108936,38.59333651697998,69.76482384491828
291.32032636374436,239.02210401572944,40.21058320737021,69.88775219910687
293.2558751082402,238.9692800698842,41.49352409200405,69.99340009079735
294.767660367575,238.90253656999312,41.95255139672497,70.12688709057957
299.0600519580722,237.95054543838265,42.1229345279545,70.27983609135565
300.85087430770244,235.28311809769173,42.05365588299181,70.34614169129091
302.1586535533081,235.0337847340346,41.19409811702903,70.84480841860508
304.07424356361923,234.36520768259493,40.86067258858428,72.18196252148445
304.8169371156024,233.21388284470288,41.13831833780917,72.72157934407734
306.04389297016036,232.56968394428785,40.46014649749093,74.00997714490741
306.7841111980095,229.43159483698247,40.762927693267685,74.93650240509297
307.601724833714,230.3705420002971,40.92975970249398,74.86066735909907
307.7619398340466,230.05744165908212,40.60932970182892,75.48686804152901
308.8034177189369,228.12251980158905,40.3339170758156,75.74162546898054
309.9211605711346,227.75478385538491,39.90500619635598,76.47709736138884
309.8857852917415,227.35539562433263,39.975756755142086,75.4658491373033
310.5753843740177,226.59108747335102,40.39293052456296,75.19809350529329
310.4172964148176,226.8028037439069,40.70910644296318,74.77466096418149
310.3981619159717,226.18540754447127,40.747375440654984,74.2107010289924
309.68508425583184,225.07416489321113,40.382444974100004,74.64210054467803
308.9104880533159,225.15385446079986,40.140426683906625,74.48272140950058
308.94693648084797,224.92606633227405,40.06752982884251,74.9382976665522
304.4740109025973,224.61944600124022,40.062475094901856,75.55153832861986
303.57641684021655,224.91540449777978,40.05854234138006,74.95962133554073
302.045690239986,223.44994041238698,39.539313339206146,76.10020840500886
300.20716107052675,220.77694054628537,39.61997855424397,76.05161845139088
299.08255621122953,221.08986279507369,40.0703175627218,75.42577395381427
297.97509812224945,220.402183072986,40.48782893332072,73.20632378326714
297.68605056072846,220.75888546256982,41.06592405636271,70.7210915140819
297.4981303187071,219.8561102949277,41.44176454040547,69.03690086605413
296.93120414031347,220.41150313405848,40.849416940645604,67.92611518779253
297.53252816295276,220.5245546052176,39.646768895367025,67.70001224547437
297.1429420444002,220.37550114607345,38.74993433839077,67.99811916376262
297.45427210498985,220.16506549034594,38.12727421721132,66.7537686605235
297.87851176236023,218.71714211167563,37.278794902470665,66.37718142863397
298.7348992519007,219.63542203129813,37.18223774925609,64.54062158938899
299.2672125369035,218.71234445086236,36.11761117925039,63.21200799959641
300.1302933356681,218.8892412888764,35.94107881955238,61.30858508573721
301.13437721560575,219.14246028736088,35.45132017980838,59.28373796863701
305.1804151981864,217.7556361281688,34.75945149658019,59.09730337424799
305.5496818351455,217.9132749953277,34.02091822266182,58.78202563993016
306.62342198347113,218.46370713206815,33.32183809482626,57.681161366449274
308.3861847760303,217.86321767100705,32.63676181847289,57.461915634189005
310.04955974940475,217.24875617755774,32.12070677091362,57.28549117149279
312.9860680170315,217.43932557102497,31.823525946622304,56.904352384558294
314.74491211931,216.5058451160283,31.072363856409524,57.388050237379574
318.26826166072857,214.24102090619303,30.913568245354533,56.40737587962438
318.2576928053764,216.53977311859282,30.934705956058956,55.891078671915764
320.1100610671071,215.24743943256703,31.289392441451607,54.41632303511315
321.6594664340961,213.9388583771443,30.865292195796762,54.35877465763555
326.33512858446636,212.96469447991277,30.819077487400648,53.648499711428784
326.39550584151135,213.55154984454788,30.69832297331077,52.47478898215855
329.2236113345431,213.13679217373897,30.23627514240086,52.00576353498798
330.0644199782302,211.94712753878545,29.838414671141923,51.81757917266434
333.54065543528895,211.83996219890946,29.257054314851377,52.03190985241632
334.06645800223396,212.2389481301394,29.472967352383705,51.23393798995648
337.0166957320517,210.43849585511003,29.869351497162704,51.05672677736658
338.81627342350066,210.64951105403944,30.060575395971487,50.63469637950776
339.61775666044383,210.95840673420577,30.978455755295727,50.01690501917513
342.58692780879005,211.06115155365913,31.373501474969114,49.81141538026841
344.0071284725746,210.73457567337746,31.073565941889232,50.464567140831726
345.3767894110464,207.90540372706664,30.884154201304703,51.023090760735286
345.98108624580095,207.91448209979376,30.95565393407739,51.004934015281066
348.8057479182502,207.29007762153378,30.430438839694794,50.97271590917205
348.847927725441,207.38819960436643,30.346079225313126,50.77647194350678
349.63411944544714,207.58712399159614,30.04104723382933,50.37862316904731
351.83713664357595,206.8021040102447,29.403871541050673,50.692376897257226
351.79985320854877,206.36467925767042,29.478438411104964,50.31705596092254
352.4932625188776,205.4801330331843,29.337483072745815,49.594421845297795
354.01806015866856,206.12492075714812,28.753379752471094,49.5375923770238
354.8916862555226,206.20994942187093,28.228146436120205,49.367535047578144
355.4771271511013,204.715082633984,28.267854181164203,48.72550001474768
356.2282066717884,204.476991892938,27.96744100970612,47.99993562692349
357.53961389297723,204.06806800655252,27.716411257557915,47.63189105457978
357.6498407867486,204.14390916160443,27.495957470015156,47.480208744476016
358.92771390491794,203.47698703775606,27.280600350236217,47.64385843389282
359.43005786526766,203.2573724973235,27.444879902822052,46.91412004147273
359.99279751706905,202.17650672832414,27.480330489708876,46.75399179849224
361.8029393685489,202.26399376515326,27.337502943450446,46.57901772483396
363.6490019515219,201.15455640860074,27.10779076200258,46.4896171149403
364.8834595403007,201.04487471051957,26.936721073379076,46.70898051110263
366.75423002928085,200.97938241889548,26.64301313358255,46.83996509435083
369.2815958969459,200.94754852079424,27.31944469200133,45.75740023180357
370.9053646255412,201.13687378464505,27.49677359287527,45.37874970410198
371.4339196758312,199.8140439308862,27.578639326268288,44.60748190970061
372.4398834073371,200.16085207863523,27.82441959407914,43.91386561420255
374.19680735906263,200.35363148072238,27.67840433557516,43.52830681002824
374.6016520186649,200.495849580131,27.983113965161017,43.243870611211065
375.50967788833606,199.94537876208472,28.39752184731433,43.22958243655572
376.6779208494774,199.7290276416987,28.304883307533864,43.66228467732778
379.31462239614444,198.80867254182175,28.665838260863968,43.24925165841596
379.74027969520887,198.5224407913014,28.941208227896333,42.695030594295446
380.2435994445603,198.4004261660885,29.05748827465461,42.93905984472124
380.62281013494476,198.6447456246445,29.427589821746878,42.450420927609315
380.47381887453616,198.76415014112632,29.725572342564032,42.21161189464563
381.08439866174234,198.37375048423507,29.63300763616504,41.86381634041467
381.64408066627874,198.06510874551927,29.635451604714383,41.35929184022423
382.1735430106698,198.20989216463366,29.690736758055813,41.069725001995415
383.1324522386137,197.5369368833318,29.99437842876501,41.30490550130057
383.50319496906405,197.46751755939815,30.372178795816247,41.44374414916791
383.8997710610614,196.57326572023305,30.70662106630879,40.97705891852356
384.30993398337176,195.66056759170777,29.886295221688062,41.67647868721926
383.6984558811527,195.42144997519853,28.862966322545404,42.15471392023781
384.6176906437131,195.1921342078016,28.13797765054746,42.61334545503169
385.89268264231805,194.8213296162081,27.80469132221235,42.2466058037813
387.96326282872616,193.9089996946546,28.0527045854872,41.876678828842756
388.6798445935423,193.84227495244352,27.7153984782844,42.01012831326486
388.8942945838403,193.7990740767408,27.28649849768847,42.096530064670326
390.0278528488904,192.771366164276,27.192192698598724,41.979135158589415
390.7822394593516,193.10415681669062,27.849563169034084,41.31355385376018
391.78838581956336,192.73105064556432,28.00529274086243,40.97575504988692
393.3726449610137,192.12313779220398,28.081287105143616,41.110076540880314
395.75521517856237,192.52994289534212,28.74008482595095,40.29646633460405
397.098697532048,191.20848131475773,29.30324528221979,40.77263938694608
400.1300758753679,190.6773157310577,30.93947877653965,40.73511481420913
400.2322696186904,190.3119445736923,32.98728196117864,40.33976179329787
400.3555335130171,190.54969403126876,33.89405861215644,41.01756731777621
400.49212643834187,190.1840523039086,34.79924920699463,41.74885077249655
