41.0,149.0,17.0,33.0
49.33736932195432,149.50198484780822,17.424926171434198,32.773287795990086
54.8002908342302,151.11016077342035,18.217541605354196,32.6818582003583
61.4848139189523,152.61782194669635,19.130285360824217,32.04683417462528
65.61476583066748,155.06408507851097,19.664835554546595,31.951282829443034
75.11828116108231,158.71488317554793,20.027595946527768,31.91335828017316
82.69145113903343,159.86960994614574,20.32058225848258,31.229096977699342
98.56211711429023,164.0789555785349,20.061967124554783,30.882897204353263
112.72310608419885,170.1143682507532,20.458775181659036,29.980488636497284
109.48468936266855,170.0512223021012,20.609425634396857,29.316007660010946
106.59912497039686,170.08888538896727,20.897925492969705,29.24068148627881
100.68032943191747,167.14412243469025,20.93281198290327,28.835431615086094
98.39201619128059,167.7770235645953,20.8217716835087,28.35090715205402
95.61242385638378,167.60864236991213,20.976254925650462,27.915569337470078
91.42024073024544,166.85081787988682,20.91252503288913,27.895200836604666
88.46881608091729,163.73793345493715,20.68212158411464,27.98771693907318
86.51787163507572,163.44119779717386,20.762548352035584,27.81689582984733
82.29454816437624,163.8712772669008,20.816069276642267,27.719748346465497
81.2555022497224,165.61178642491194,20.60693674724805,28.050770628279697
75.4866847721589,165.6608649126591,20.684299947050352,27.952613652785367
72.32848035319235,165.81952138784834,20.890352726755562,27.635300702406884
69.64546717597622,162.61950362839823,20.920028828222705,27.17431446749479
64.73082226952812,163.51754568902481,20.924067962760763,26.88980737368137
63.33837670621055,161.80668409969317,20.70292813292451,27.305499595873314
60.77209176680557,163.56448378779513,20.55575768520725,27.56114331004595
73.8990707409422,163.4957479340901,19.99682670805523,27.698615017455992
69.79818006804751,163.53494778665575,19.96337951346935,27.62021531232471
64.94446441305641,163.1399559533668,19.960868452953374,27.66328033501808
61.59585699172137,161.14993673431746,19.93031027772501,27.15813676118447
41.94726653591381,160.89937200872936,20.041241669813182,26.91990301387908
38.25217021140763,159.714809595005,20.055838909695073,27.076349218588682
36.23630586196164,159.46083811468634,19.646500832061957,26.844114383138514
32.926193255527664,159.21144452394353,19.69727662724595,27.34290156462415
41.750101329619234,158.96534774121875,19.769619228281044,27.835095130073682
39.03519058838785,156.65124858892702,19.970540568487866,27.9813790270092
35.86822015545894,158.04409229865152,20.284407023941302,28.205728812762423
31.722071442476206,158.31837166763393,20.204905468338335,28.418242709485654
27.967293485269217,158.12838144986046,20.084632252597572,28.7982231450326
24.83442788979582,157.89935798843376,20.216402669796082,28.489524971167434
22.360617636372126,153.98001740096723,19.81426467926498,28.685694006988406
21.025378495545347,154.26002534592945,19.442431673496323,28.88625593891955
16.81975020212012,154.1032042861495,19.521844915177162,29.199898058479434
16.055634954364557,170.00998304891215,19.523119750907934,29.452409388341522
14.179657649348133,172.72930459071335,20.205893474659383,29.38483285573151
12.659803196119565,172.49284745280565,20.912788256911327,29.080142423478573
9.629566894160869,172.1268389171507,21.480645958081137,29.0275002229674
14.363791300892506,169.04392472286,21.530369227336575,28.847880556402995
17.810151591378677,156.26815609414191,20.96775438269926,29.870258085540897
16.726848080177692,155.2298360795253,20.741789726826227,30.351850329257452
12.777947301149485,168.4412681157421,20.629009068783496,30.363907569951053
17.31433988172966,153.64984946063777,20.349308228501826,31.169378011829526
19.791440427601632,154.1666803475281,20.23610007086907,31.749380549419232
17.60066684149401,151.58746223274406,19.735842662034095,32.839646294778795
18.594041390776567,153.02954668521193,20.213612271695343,32.41999609806939
11.224634535955873,170.96565395074708,20.133306766281333,32.772295203801185
13.04236729659523,169.88745685676597,20.633811243786212,32.447107392493294
18.283785994798578,170.41421465821986,20.95044439896707,32.22432029355378
15.660934094533522,170.4967299560951,21.200071889081403,32.05928969780332
11.237957243407472,171.0827927905024,21.702423429356827,31.721524245186405
13.12404872802135,171.2987130719431,22.118315810093087,31.289683682304975
18.177102645303655,155.18997071000126,22.067786324918956,31.664503633118763
21.863066838405597,168.2934171784264,21.43823418797208,31.584318662139346
