382.0,185.0,176.0,373.0
383.4843593532802,181.61205929597725,173.0312812934397,371.2705045978819
384.60409630901535,178.53503366344307,170.79180738196928,368.9961991560606
389.4397903677552,174.9797365796254,169.47652491536684,367.7506876728186
393.98152656259606,171.37658013110405,168.70802683134352,366.64202626420297
407.52559732993853,172.32471664338203,166.47608109471753,364.745753239647
412.2754996538235,169.82524279452653,165.19501282426066,361.525964560045
420.98741777260005,166.69633872590725,164.07015417607593,359.63428390259935
425.9815379485317,168.02035434694974,162.18419577715844,356.98625266051437
431.49906514763944,169.35421034107299,159.1798807935013,354.3185406722679
437.31495626671506,166.52304364870918,155.48736917867444,352.04160343367096
442.5081093345423,168.31688852944805,152.94236937628503,348.4539136721932
446.8182467117111,165.4512636717846,152.06657306062914,346.44068494883834
447.3831539532074,165.90429415105385,150.9367585776365,345.53462399029985
452.1406180920343,162.92014215647663,149.08865962562442,343.83609865381266
453.38677730161527,163.46650645603813,146.5963412064624,342.74337005468965
454.42960652073475,160.64913848567807,144.51068276822338,340.8283259444945
455.18385431702853,161.9493863860896,143.0021871756359,338.22783014367144
459.5101165131113,163.442964294357,141.77054673812844,335.2406743271366
464.20982425562033,165.1641036228573,139.72703040055035,331.798395670136
468.94612110648995,166.2097311156014,137.52439011869384,329.70714068464787
473.17043265627865,167.88830310295077,136.27645434333184,326.3499967099491
480.81923571589846,169.04770129067748,135.23899275624711,324.0312003344957
484.35988110844767,170.09914630502124,135.23588568538133,321.92831030580817
488.1766439572683,171.2704621080907,134.65012025993042,319.58567869966924
491.83057163197697,172.00706787045013,134.34580016586384,318.1124671749504
491.1024966218328,172.79252719679772,135.80195018615208,316.5415485222552
494.16941487060285,173.6687316469826,136.6480267692637,314.78913962188545
497.1273198249406,178.21434712888112,137.70171189535648,312.66740369285685
500.3215543688576,182.4734192939522,138.27057790168152,311.1065944568737
503.50751857728903,183.01287810911788,138.8433665875523,310.02767682654235
506.84089929157255,187.0027061187021,139.11573889882425,308.98715454721304
510.3685316343395,187.38097964196152,138.98928824762595,308.2306075006942
514.2231859774643,184.29008083648998,138.1955887516389,307.4967959213748
518.6770073384072,185.4855175524905,136.17896462537433,305.10592248937377
520.0932838048672,182.93798129079266,133.34641169245444,303.380110569757
524.4811179394487,184.07930151556664,131.31675218965404,301.09747012020904
528.6197017753781,184.93739716726031,129.7167440522341,299.3812788168217
532.6081224936025,186.1775232222586,128.3639784356794,296.9010267068251
536.3483834623842,187.39091346041602,127.44774419813244,294.4742462305103
536.7827658858378,188.17543550247143,126.57897935122506,292.90520214639946
540.1721571789178,189.38141083961074,126.27512540991452,290.49325147212085
543.1316545050408,190.07304378773196,126.7907768458482,289.1099855758784
546.7642998729372,193.8466907980187,125.94918832162074,287.98639376687015
551.1140449146907,194.14269692666488,123.64228671689625,287.3943815095778
554.8793901168302,194.41716012499035,122.45489588273735,286.84545511292686
558.8761563741456,194.9052470939899,120.7757292625815,285.8692811749277
563.2124482943116,195.85538383989746,118.37367449272877,283.96900768311264
567.0872431480104,196.75966198901585,116.82457457310136,282.16045138487584
567.5963779335067,197.13979831491687,115.80630500210879,281.4001787330738
570.9412155644374,197.74694787522313,115.23444422183431,280.1858796124613
571.1426090731777,198.44754892924507,114.8316572043537,278.7846775044174
571.3179818530741,199.15554632683154,114.48091164456092,277.36868270924447
571.4143458052984,199.89264982431848,114.28818374011229,275.8944757142706
571.2804571690461,200.76472477748965,114.55596101261685,274.15032580792825
574.0147039270172,202.18347166488365,115.07844976866886,271.31283203314024
576.4044073538511,202.68809522861818,116.25829294723101,270.3035849056712
579.1280009472754,200.13938458824654,116.77662965472732,269.4354822920696
582.0807353368162,200.50325591117908,116.83327521440975,268.7077396462045
585.4721261416934,201.17502649395857,116.0030705903252,267.36419848064554
588.8669157527611,201.6957336420846,115.13196355576683,266.32278418439347
592.205021803012,202.41523784840632,114.34376876576107,264.88377577175004
592.4524992173822,203.1980416816241,113.84881393702054,263.3181681053145
592.8184566735205,203.85625525277544,113.11689902474406,262.0017409630118
592.6363968983044,204.57029533105316,113.48101857517634,260.57366080645636
591.9185584763188,204.9246101833645,114.91669541914725,259.86503110183367
588.7315775439052,205.6894910177489,115.49998730796175,258.33526943306487
589.0371753544937,206.3169491820064,114.88879168678477,257.0803531045499
590.0140812999572,207.48201088231997,112.93497979585783,254.75022970392277
591.0289651438834,208.81964231665546,110.90521210800536,252.07496683525176
591.9029661642364,206.53410707563964,109.15721006729922,251.03893338951883
592.3160212377859,203.56077088528014,108.33109992020032,251.4243281723484
592.7867946406013,203.29549559690696,107.38955311456948,251.95487874909475
593.5274342988286,203.3547814846317,105.90827379811495,251.83630697364526
594.4590856092067,203.84378663148465,104.0449711773587,250.85829667993934
594.836975273691,204.56777441902017,103.28919184839015,249.41032110486836
595.7109476355746,208.20693251826515,101.54124712462284,247.56585399668083
596.4462371743768,214.5966968279869,100.07066804701842,245.5386666596358
596.7527179509103,218.28389381124896,99.45770649395149,243.48504705982165
594.4511088572126,227.703312044732,98.78066435517542,240.4869915713698
591.9205828270506,230.84608664303988,98.61673002805425,239.42642876219952
589.272068527924,236.07916466204804,98.70698369840301,239.37382257999178
588.9745336357136,238.8803083638242,99.30205348282402,238.97915564803284
583.4256947093453,241.45346017957857,99.9747365360951,239.04534941625678
582.6954308976392,247.0407942359987,101.4352641595074,238.32146513031148
574.105444076389,246.3764520996453,102.89280511292219,239.6501494030183
571.0315123044226,245.93922956847388,103.75486275474631,240.52459446536113
554.7246587318692,245.46899931443863,104.48642140779364,241.46505497343162
549.3012899314923,242.95172433968136,104.65271273786843,241.1593817876066
532.8293285484738,237.9097133237112,105.56423539871551,240.565937117817
527.514163086304,239.03722438898555,105.50214086089649,238.3109149872683
521.9741389849078,239.68573500372,105.95732588678901,237.0138937577994
521.7267621976,240.76850039918403,106.45207946140454,234.84836296687132
515.892841621304,241.6848522034385,107.56217952964285,233.01565935836237
512.5676046580346,241.91239041805287,108.94097502795417,232.56058292913366
507.0696484061769,245.892322610336,109.35857655466329,229.88987403307058
501.67681744190185,249.7484060127676,109.6291957615691,227.43522858902952
491.7658786421127,250.87170065050046,108.54538643557851,225.18863931356378
485.0237157604456,251.08019612303107,106.50537263641283,224.77164836850255
483.42447493532075,251.09755355416758,104.5706787209256,224.73693350622955
479.5564427984045,251.16162780043032,102.10894612026583,224.60878501370405
477.83002087995567,251.8108240565858,100.5078512911866,223.3103925013931
468.5568546728982,252.93517283017727,99.0262397840288,221.06169495421017
469.68899067392294,256.13270209002866,96.76196778197938,219.61495568929402
466.07423417829756,256.9549864884286,94.21647358658957,217.97038689249416
467.1896212143191,257.4917147917004,91.98569951454641,216.8969302859505
468.074357417577,258.11793214251935,90.21622710803074,215.6444955843126
468.4463211677344,258.8123684519508,89.47229960771583,214.25562296544967
468.00232915588566,259.6922937725136,90.36028363141338,212.49577232432404
469.86866251644767,260.4691623055185,91.29903948904345,210.94203525831423
471.6118570545199,261.25397972271094,92.47819061067257,209.37240042392938
475.7052705316678,261.34929913567316,93.61854476894771,209.18176159800493
480.3770055874333,262.05145597000615,93.63684222877932,207.77744792933896
482.8382667852442,262.269870724918,93.37514004507602,207.34061841951532
485.2683069083021,262.53995430751314,93.16494270921602,206.800451254325
487.82797982968003,265.37999001915523,92.68394637480931,205.75872933939013
488.62955392011935,265.5143138977703,91.08079819393072,205.49008158215995
488.9780145821552,267.92749370400907,90.38387686985898,205.24642391240877
488.9088698927955,268.13750763899327,90.52216624857843,204.82639604244042
488.5791109520816,271.1260774669431,91.18168413000622,203.41250249878948
488.12568192771744,271.40719130108965,92.08854217873457,202.85027483049646
487.42086712186824,271.9020472836764,93.49817179043296,201.860562865323
489.3999647997889,272.52689033790284,94.11236470550533,200.61087675687008
489.64396085529256,272.6961515528291,93.62437259449808,200.27235432701755
492.72819810364985,272.89004478333715,92.0073744823213,199.8845678660015
493.6664507358453,273.3641027634154,90.13086921793048,198.93645190584493
496.57836791086936,273.81878859837883,88.77792992165493,198.02708023591813
499.49713832554545,273.9115767800472,87.37432754366145,197.8415038725814
500.19102948218847,274.6032018736032,85.98654523037546,196.4582536854693
502.74424314948504,275.0832935177853,85.24218233089994,195.49807039710512
505.3199535256252,275.50917375813674,84.42579161409925,194.6463099164023
505.7587991261133,278.34134576109307,83.5481004131231,193.29025712924496
507.786241149029,278.6766238346176,83.76638140969183,192.61970098219592
509.72929225794434,278.9529707074003,84.14758908457942,192.0670072366305
512.0162537106744,280.06699986524444,83.839692895663,189.83894892094224
514.5520276579151,280.39796312985266,82.99645592691375,189.1770223917258
516.8465871684693,280.8516012507389,82.6112008103916,188.2697461499534
519.0787294610891,279.46357030910343,82.33084413365926,186.86188012471723
521.1190945999807,278.0727897964295,82.40869872532231,185.48485628061874
521.266370005893,276.823215414812,82.11414791349769,183.84401609158277
521.4998562255145,274.9365431183294,81.64717547425471,183.5063551306672
521.8048880392712,272.49826309841166,81.03711184674117,184.2850192030329
523.7907385630174,272.35227121302273,81.16385832863607,184.5770029738108
523.4482823739156,272.07742146174246,81.84877070683967,185.1267024763713
522.5616137094328,272.1560486949196,83.62210803580534,184.96944801001706
521.7196839183639,272.2931573347281,85.30596761794303,184.69523073039994
521.039460923734,272.25342637336985,86.66641360720267,184.7746926531165
520.367657600914,272.0850670737156,88.01002025284285,185.111411252425
520.1152605645284,272.3810214952519,88.51481432561388,184.5195024093524
520.1757773204794,272.5819306784293,88.39378081371201,184.11768404299767
520.364913720581,272.86465986795855,88.0155080135088,183.5522256639391
520.9064887491064,273.32834205457175,86.93235795645795,182.62486129071266
521.6084552275937,274.8474343742839,85.52842499948333,179.58667665128843
522.0327582823885,275.88580191778203,84.67981888989377,177.50994156429212
524.1340243542458,277.0433884233364,84.54104522142754,175.19476855318337
525.9013709555887,277.6887288624772,85.03391433949463,173.90408767490183
527.8223485732511,279.91726180834627,85.20923261279007,173.46429529178408
529.8127298369295,280.11758226847394,85.24235741153885,173.06365437152877
535.9990180823664,281.22841958329644,84.89559332329395,170.84197974188373
537.989375221952,284.0723384124958,84.88497655389901,169.12423959326082
543.859009047812,286.5160924259882,84.98001212022776,168.18149930562566
549.5692513634043,286.33683153703953,85.35732755109197,168.54002108352296
555.1928561265388,286.19853525619396,85.94323344457189,168.8166136452141
564.7828393163784,285.93724263517163,86.55597738965007,169.33919888725887
572.0488210907289,286.54517388789895,87.93112542201223,168.12333638180417
577.5483967309189,286.40398524674896,88.87979825272,168.40571366410418
585.5320093517781,286.1860347036161,88.92481234196438,168.8416147503699
587.365915643255,286.41882194759614,89.26724323381043,168.37604026240973
591.1776673292435,286.6800592325571,89.66228808419913,167.85356569248788
597.7250044414934,287.77598643950387,88.59269267924984,165.66171127859428
599.8211307992818,288.08363364597034,88.35819297792455,165.04641686566137
602.182996269666,288.1699319581052,87.57913568810201,164.8738202413916
602.5613513454932,288.84285439636915,86.82242553644764,163.52797536486378
605.2069732642642,289.39392612599175,85.42716919293288,162.42583190561857
608.1282968881345,289.86511495478874,83.44034349463017,161.4834542480246
611.1189392305648,290.05459247864866,81.26685938989768,161.10449920030476
613.548721299958,290.45533794109105,80.17204204746199,160.30300827542
616.2068584755789,291.17158434442706,78.5898450381539,158.870515468748
618.5939448934095,290.03505730400286,77.50139043530086,157.45785131678824
620.9039225196749,290.30303480199234,76.52762607335035,156.9218963208093
623.4269738492981,290.441549726639,75.10298416202924,156.64486647151608
626.0817518795428,288.64611022149245,73.38607829028139,156.64309529306743
628.3468531275363,288.26998745128344,72.41856949491783,157.3953408334854
630.738039898658,288.6285594866574,71.19292191563292,156.6781967627374
632.6947123034089,289.2019732269604,70.8044042848619,155.53136928213158
634.3810286950446,289.6155274353059,70.93312302923232,154.7042608654404
637.3646377922776,287.6031398983473,71.9490748192039,155.23745094713894
640.6448399413184,287.8407363501452,72.4229112206318,154.76225804354317
644.1285422824625,288.2774048492457,72.49247413025492,153.8889210453421
647.5058443226892,286.8266013567315,72.75182410971945,153.28355100041162
649.5594149614553,287.3044255907849,72.14735980786641,152.32790253230485
651.4879280934601,287.1735991990193,71.76854267428394,152.58955531583604
657.0472202635189,287.5351196376321,71.07620092526753,151.86651443861052
665.6803104404609,288.27751737856164,71.0740017775109,150.38171895675137
668.7357277086578,288.21539540282225,71.82542199185349,150.5059629082301
671.8302692944483,288.0134612860487,72.52840774987872,150.9098311417772
674.7184582719258,286.22171815519675,73.68035721512287,151.02915369338137
680.9819947970672,286.11286951905436,75.09699431463876,151.24685096566617
689.4465595769939,288.3343558617067,75.73624547975659,150.3175544253559
698.1633610937154,289.9443536886901,75.85829473135146,150.60868922839654
703.1176072606906,293.9413847733515,76.50231735704415,149.64963703216924
707.233308753587,297.7982633236691,75.30004775357796,148.9650133138606
709.4486934587674,299.5287746122285,74.35305421986178,148.98776661338647
713.141853057703,299.5208966233863,73.90220364934288,149.00352259107095
715.027694284248,301.34577644883507,73.59067983638549,148.81392158030613
717.3163125010129,301.4893439348717,72.46543104241924,148.52678660823273
719.2384517481588,301.4831598186677,72.04942441641006,148.53915484064095
721.0582795175295,301.15367948504434,71.83099570474496,149.19811550788762
722.7679700416444,300.85107345450376,71.83866457417705,149.8033275689687
723.0146083557261,300.7008600630728,71.34538794601367,150.10375435183067
723.2923506511844,300.7703289202117,70.78990335509701,149.96481663755284
725.3901796505064,301.1473261105098,70.01434219041862,149.21082225695656
727.408443773429,302.0520991262234,69.37339236127818,147.40127622552933
729.1133457737112,302.7569393834942,69.32162000635974,145.99159571098778
730.9605063045798,303.28725095139714,68.96388316185408,144.930972575182
730.998143759708,303.6355009579481,68.88860825159762,144.23447256207996
732.4168455702088,305.06320208017206,69.354622083659,144.6824877706953
733.9239642685825,307.1672230899552,69.65845092094048,143.7925119851579
735.723766575836,308.82989118115324,69.36920647152304,143.77753596785118
735.6587284628027,312.41036625918593,69.49928269758941,143.2268121510719
735.6058047453874,314.7724102673928,69.60513013242002,141.80205716310044
730.3846683652189,314.9736944881853,70.20634349937481,141.39948872151547
723.639234313821,315.14881223048894,70.55766529735571,141.04925323690816
715.2320109035801,315.59704170921424,70.94290288222076,140.15279427945757
706.9253753378971,316.24421064895483,71.15932485003648,138.8584563999764
697.2170679548152,316.79723860281024,70.9911852255245,137.75240049226562
694.1897964445806,317.10880228440504,70.55573387808391,137.12927312907595
683.2807075376918,317.03619939928444,69.7754722171494,137.2744788993171
670.9084337896177,317.22048869297873,68.78385345673475,136.9059003119286
671.1863214989314,315.9781774069957,68.22807803810736,136.1960347341824
660.9825144011531,316.5620696732502,66.41432667171705,135.0282502016733
652.754633088817,315.71476162193284,64.11420897703913,133.59688625108308
642.191475661126,314.12681903607745,63.784715937737765,133.70765600926768
632.0895296106592,314.08898410018554,62.5616434597667,133.7833258810515
623.6506233252956,316.00846669537236,61.19486206362875,132.985126351822
615.2172865553053,317.53578247236396,60.03002808363368,132.93574605116808
604.9781953481904,318.9771533390204,59.619398128218705,133.0371203706616
595.9413819671425,321.8228058582405,59.82276429153417,133.3025688651482
587.1954362173454,323.7163321079031,59.399841208140806,132.50131879632085
576.955056458592,327.0447105974611,59.11340202162944,131.77804716121003
566.7046610657306,327.3392343597139,58.95570517607781,131.1889996367045
556.5389181035054,327.8248284813842,58.707946789279475,130.2178113933639
546.4030439205003,327.2148830646739,58.52960548419344,128.51626084519918
536.4517352283518,324.94593299252335,58.17704908980373,127.26696848130416
526.6480773475489,322.60053826553167,57.69954044537007,126.21923667641907
516.510839010126,320.2485447260912,58.05436582124835,125.23189481273786
512.2524095744888,319.14565218856916,58.05867679006937,124.60016392029738
503.4172072769454,318.064071590273,58.7587002138651,123.93492825500786
501.9995640795079,315.25376045753194,58.76306268680747,123.89370267662451
494.78546401065734,313.8495816815169,59.03926782269961,123.87166122829274
493.63055930056566,314.03920039948923,58.51418669538379,123.49242379234809
490.9049017469115,313.67105329088855,58.32507981862051,124.2287180095494
488.525902722963,311.8984922535931,57.42779625103191,124.94619927639755
486.11572081457865,312.13627242567867,56.603366930689,124.47063893222642
484.8381855494718,312.4036396371311,56.35739853391571,123.93590450932156
479.39068437875756,309.93099593767977,56.09657512572626,123.30327903341528
478.27348065044464,308.52639492457024,55.5557914608257,123.33728993810786
476.8532637549904,308.51676751053344,55.6300284180969,123.35654476618146
475.53140567975277,308.389387838864,55.505964834474824,123.61130410952035
475.3900658888227,307.99587281536765,55.78864441633509,124.39833415651316
475.3593548994457,308.2240393859521,55.85006639508902,123.9420010153442
475.4720523339945,308.3452240616537,55.624671525991346,123.69963166394098
475.532679638915,309.0443501769436,55.503416916150414,122.30137943336113
475.68648164197134,309.85241230337135,55.19581291003776,120.68525518050569
477.32347653152647,310.1301356761456,54.64317835993734,120.12980843495725
481.68343763751267,310.59654340495626,54.03404659003374,119.19699297733592
485.7944163307309,309.4450892635118,53.850174597910815,118.82053946212022
488.5996570314819,310.36027393176244,53.58102883169299,116.99017012561895
493.9673719776256,310.49449677451594,53.40300297833601,116.72172444011196
495.16853331902564,310.0001449715848,53.6330101726855,117.71042804597423
497.96940571832374,308.5609589390238,53.33272690857683,117.93806934385252
499.38797892792394,308.2544195324543,53.144351781146135,118.55114815699154
500.7468717845182,308.05428195291984,53.080930876702865,118.95142331606039
501.66148034852216,307.90342453383585,53.910772501653234,119.2531381542284
501.5915884730135,308.010287623518,54.05055625267066,119.0394119748641
502.7428473823357,307.93170617851075,54.42540059719438,119.19657486487858
503.3525690569878,309.1535744585756,55.89217464986014,119.43905570671888
504.1066194451826,309.4022537798413,57.09947881068557,118.9416970641874
507.8491697676726,309.8563733813899,57.80198291945979,118.03345786109027
509.0368357927295,310.6248482819949,58.154796529706644,116.49650805988033
510.4121653596254,310.909622627765,58.115916382290365,115.92695936834019
511.84480658526525,311.11349402367983,57.95340143483757,115.5192165765104
513.2226833158853,311.2299973659534,57.89163373564699,115.28620989196332
514.3541272473157,311.01677409853187,58.318251068846145,115.71265642680632
514.2704137142493,311.28432521641,58.4856781349789,115.17755419104999
515.5220780364356,310.2621169125993,58.68052669438863,114.52379359488907
515.6480295761171,308.80520005791357,58.42862361502547,114.74567559715496
517.1415040614206,309.0125648044101,58.132535183582036,114.33094610416195
518.7190735649453,308.93867745328623,57.6570655488233,114.47872080640971
520.5836834869743,310.03186053632834,56.60146790007863,114.96597683563866
522.2704064402566,310.5850393060608,55.89050065796957,113.85961929617378
526.8043942292152,312.3543500653061,54.724443937788976,112.95497073026198
528.5707805860008,312.54301052197275,53.792180411936805,112.57764981692873
533.8852634138173,312.63629024620116,53.4783533123632,112.39109036847182
534.956308300537,312.9077113303204,53.90686111567043,111.8482482002333
541.5411104917845,312.8383019220498,53.58794357849005,111.98706701677457
543.7074314833988,313.39884406616017,54.38852891063003,110.86598272855386
546.4596014856588,313.44385250916014,54.01250124990136,110.77596584255389
554.3482112591486,313.3024989326486,53.573167357891606,111.05867299557703
555.2292653153827,313.67489255471696,54.36386795237115,110.31388575144018
556.210152876079,313.9328016429792,54.957749517699206,109.79806757491579
559.744830925533,312.6863927096773,55.563576321356756,109.73249114066425
560.5710228666978,311.5734259531738,56.47909825221788,109.39051884048064
564.1801323567613,312.1875683674127,56.99692126327302,108.16223401200273
565.2455917773451,312.6552804499798,57.43554238532073,107.22680984686863
566.2552111541638,312.7744460373189,57.97960224121308,106.98847867219038
567.132374317479,312.8587904557748,58.79437794780628,106.81978983527861
568.0965439297922,313.1806964372971,59.44657569525188,106.17597787223391
569.2262350509786,314.60954926365315,59.76933863494672,105.90041740158968
571.1908561976985,314.6071848598547,58.42365913176719,105.90514620918657
572.9042372196803,315.96812038816313,57.55760319900857,105.74398126377494
576.6350960681422,316.2082347852855,57.72649063420312,105.26375246953015
578.9619852093474,316.43959595590354,58.151385027295106,104.80103012829414
581.5723375190264,316.5591898667482,58.010190061712805,104.56184230660475
582.9511432662342,317.21695720109426,57.7863923812626,103.24630763791268
587.1553188301001,317.56342712915665,56.909716000889524,102.5533677817879
589.1170537558221,317.8276070770159,55.47162477525594,102.0250078860694
590.9516521076386,319.7020542701703,54.255453040365985,100.72913846850338
598.6462658168883,320.47114126139945,53.34490975888555,99.19096448604509
600.4925625606429,321.8351421981448,52.027176217028135,98.83782255820637
601.941452059176,322.05049272050826,51.47645832178043,98.40712151347947
604.6309222364237,322.0555298918437,50.76004876825327,98.39704717080845
609.5444645123674,320.655726633449,50.20811752660032,98.87786536003928
610.6366079591683,319.6507177188962,50.34015377398735,98.57156004815629
611.7879780314039,318.2356738787406,50.35152410470445,99.08753725327915
614.0459703569268,317.70627503027924,50.479284771542765,100.14633495020189
615.1796026620863,317.65076031836145,50.551616608856754,100.25736437403744
621.1402058854749,317.3290814886691,50.34277591239862,100.90072203342221
622.4337145652079,317.75520504830246,50.104041369897644,100.04847491415543
625.0152382002933,317.9795763509639,49.604344043415075,99.59973230883261
626.3087694304915,319.0693751192116,49.3337400243958,97.42013477233718
633.2273803401797,320.15516239441774,49.17566193297825,97.52841750991814
632.8047750480479,325.0124492859398,50.020872517242026,96.9286954546906
640.7092356399639,326.69501936505964,50.20345807410664,98.1325572223643
649.5591013933002,332.4609151020158,50.94623491011944,95.82201991979466
658.5228092057066,336.6801261730563,51.29194869493824,94.2360213063255
671.1098186284826,337.85524084092566,51.051586488464025,94.1524880286847
670.1828470477402,336.7674448944974,50.644175861444324,96.32807992154127
672.2595855577846,334.1006226737483,51.06349867349487,97.08892453090004
677.2483686441161,323.17320220580143,50.30509549909121,100.50543947027515
678.5037389797608,322.15926077335115,50.13619877581149,102.53332233517571
686.6984865112154,318.8309727312715,50.32676560005237,104.45273788014921
687.8352080003157,315.672105314728,50.45324664356652,105.97062466980671
690.1627346170811,314.1703468100375,50.64673408285871,106.54987134277627
694.3803487963362,312.4321349195728,49.51976898686475,107.5902073695336
692.5476906113657,311.8768906932636,48.321976884734504,108.70069582215189
694.9502152963831,315.07284643953136,48.3702574694786,107.16211428439546
695.1635023437025,314.05252392646554,47.94368337484009,106.79757559866289
698.5980031214166,313.2172256026451,48.25188425263441,106.0757714352295
701.2021385284309,312.73277707310547,50.20559453351167,107.0446684943088
701.4266710743118,312.19965891742606,52.19213320654522,108.11090480566759
702.0661738749433,313.4933052025133,53.39889023875354,108.00937486896457
701.4298274944699,315.10692774458477,54.67158299970008,107.28735660001169
702.1138343747127,315.32484820561046,55.8202304764184,106.85151567796031
704.4453268111392,313.7199722364735,56.21734558251549,107.53121762675916
704.7321121428428,313.4370736741913,55.643774919108424,108.09701475132351
705.71935648149,313.4528606833468,56.21458960061781,108.06544073301254
708.4538733384497,310.7898601883667,55.85489307276035,108.28210453691054
709.8533812887072,307.8753145042463,55.60753460123237,109.00788104717756
711.2292118536492,307.2306489894426,55.4139149820075,107.73917056612586
711.6107873742709,305.6917492674743,54.65076394076415,108.28087941058229
711.8538451688855,303.8464872914839,54.164648351534915,109.4405387404735
712.1940433254964,302.17429948740323,53.48425203831307,110.2454837821166
709.9128263696978,300.9782300699663,52.96790628484439,110.09823278445744
709.9452467657727,299.37709772071827,52.90306549269434,110.77223466438082
710.0791713454615,299.77669738697995,52.63521633331678,109.97303533185743
710.0158548075086,300.4033306709623,52.761849409222556,108.71976876389272
708.8259375631577,301.2951024395577,52.637128394497545,106.93622522670196
709.0453172999396,301.8798357326205,52.198368920933774,105.76675864057634
711.5645071474901,301.1016259596566,52.063228135705366,107.32317818650415
721.6881199551668,306.28963894733,51.5921639272463,109.30725309046622
731.7928962693488,305.03419239927564,51.32471442253717,109.32538329611808
743.1377092709178,302.38001678426537,51.030329595170976,112.14537439549731
753.2279848603412,301.8523270346579,51.04366215815064,113.20075389471226
765.785977646762,293.4013404947862,51.3256691134454,114.86393145757386
776.0201858358129,290.64917548475773,51.40841067494357,117.79936673518083
787.49045482517,286.7665413448134,51.984044381700045,120.33881908496497
799.2003587656612,285.05399652786184,52.50276273126338,123.76390871886804
811.1723054658842,282.60197704982136,53.02581984085458,125.94939761827817
823.0128056875402,281.8216053607082,54.17940005574856,127.51014099650462
835.409538265613,280.785066296167,54.6074087677341,129.58321912558694
846.4569202293629,282.90112208719864,55.23206107765173,131.0309616028779
857.9142330656991,286.9620205675262,55.29274420679616,131.52490544290416
869.1824368000006,299.2382980995609,55.797337060563386,130.013350701205
881.9481195178389,299.1037587316371,56.070826973619944,124.54801713733409
891.9951038747129,299.22904439879505,55.52658778307896,118.71180879638754
895.3623978960106,306.03731713059784,54.18885962839218,113.19055316464524
900.8790256358086,307.85179764230077,53.534131439483374,109.56159214123946
902.6414343273726,311.83616333498935,52.53957953711039,106.65339171737196
905.3507593485887,317.0902690455084,52.061930622911795,103.55668198868437
906.7922930708658,318.11056163138045,51.595774335516055,101.51609681694038
907.1123679456879,320.14915372519215,50.95562458587179,99.81786822109308
906.4438345721524,321.31768995866156,49.94968449310905,97.48079575415436
901.1324512646443,320.33310858034224,49.115570174659545,97.15858232409988
901.206802887333,323.02597242845303,48.96686692928208,96.31736598563919
893.6180048349012,323.6803494142204,48.342958905983,95.00861201410441
887.9954471074481,323.6149639136516,48.451072474151566,95.13938301524203
882.310605203809,325.1038837860265,48.664837730828296,94.39272698061257
880.4355337530402,325.40881335227573,47.967149164233746,93.78286784811408
875.2209450613094,325.15705469484334,47.381623377465445,94.28638516297886
871.0175695931875,323.58396511672134,46.98753555416744,95.23235462933737
864.3656741112928,322.1381688450941,47.04793579645343,95.91671538567456
864.096121898692,320.23933682769854,47.5870402216551,97.4960942363291
859.1533010150915,318.26506996773935,48.46978980642057,99.19390491063854
858.7751306870433,318.1450315518844,49.22613046251702,99.43398174234844
857.3706386812441,316.7405897993641,49.72763167358252,99.93538244685641
856.037945621324,316.81101390609984,50.06951257932764,99.79453423338491
854.7794844539875,317.1982458769995,50.25907575013032,99.02007029158554
851.0120132894681,317.53438903474296,50.83615542402295,98.34778397609861
849.8017306248,317.2525017640043,50.93734475826038,98.91155851757598
845.1643230586801,318.2152336154937,50.894580499902005,99.31548966224682
843.8466784064584,319.9486989969716,51.1952848671004,98.18314383653615
838.3187516499031,321.6811696784743,50.63544376763606,97.04134139604561
837.3158799672347,321.84050041236003,50.34445370296079,96.72267992827418
833.9950171120837,321.5240685863333,50.12504092249118,97.35554358032749
830.5416490105268,322.31681991932317,50.154094410207335,98.06260181948052
830.4469228761135,322.8129527157593,50.34354667903406,99.3737722554069
829.3769959204277,324.0176865520734,50.15746992533547,99.29023524784893
828.3292588936043,325.46470647429635,49.93145180455632,98.71768757782905
827.0927153466565,325.88671934583886,50.09534137774649,97.87366183474393
827.3440946100733,326.09875930140123,49.59258285091309,97.44958192361925
826.2727140801202,325.77410905490154,49.45058592082218,98.09888241661864
825.8363100030133,325.4550921293251,50.32339407503609,98.73691626777142
823.6617612808284,325.7458382795204,50.03999891973556,98.15542396738095
823.6725264264018,325.66167621596173,50.01846862858886,98.32374809449827
823.7656086259078,325.0562875698643,49.8323042295767,99.5345253866931
822.9245143965495,325.37035953844287,49.19504382301136,98.90638144953598
821.9613940744465,325.95317923696297,48.822059578046996,97.74074205249576
821.9324500662575,326.5545994516595,48.87994759442505,96.53790162310273
822.1672718636783,326.74203159431,48.41030399958349,96.16303733780171
822.1601419230693,325.2402839293567,48.42456388080131,96.92105056376408
821.9215124038101,325.04410644907057,48.9018229193197,97.31340552433625
