233.0,296.0,180.0,185.0
233.72292154610216,291.34808694212563,178.5541569077957,188.55592945030395
236.01271903724077,283.90415542299365,173.97456192551846,191.88234294608202
243.28798611381984,280.6460807062388,170.94362842810617,192.63869205171886
258.11059347677724,270.9582320781586,169.91419839533938,194.84491849199057
265.55164050955676,267.55039666594405,172.2547527228967,195.91970651871415
273.7594612536857,258.73081667598825,173.22419498256104,196.1737827507036
288.97816990436405,252.29085946066135,171.8591958774124,197.42472990287425
293.24299466695794,254.17976650446164,169.14155614215963,193.64691581527364
313.5854932514342,256.6923124220756,162.71622866583903,194.33176892881772
314.12880318868633,258.6851558414645,156.0123191351604,195.9633717462142
317.1021727739251,263.2782078637947,150.06557996468294,197.84524888142982
323.07312027767864,262.374797671813,143.58966359526556,199.65206926539332
343.95234920513883,258.3070160384286,139.5424897217212,202.40030624910827
363.66044940672657,248.7713166432931,137.66121239235054,205.38530943632014
379.72654782538007,239.33789599944038,137.78455946792454,208.12437876758509
395.7351755017559,238.02713053117017,138.28223601402644,210.7459097041255
405.65048770084104,234.47574620740141,140.31885436718818,212.38186766383
419.29443758217843,232.44537780793308,140.6573660889301,210.91732216588332
436.35159818591995,238.19778930957483,139.59644581264251,210.43029947299829
445.5976435621339,243.8834544553964,137.55618174067956,210.02685363499842
467.28596158432543,246.66295331421702,132.2870076197149,209.91177904927406
468.783490779849,248.23796110969607,129.29194922866776,212.1159461406805
472.6394189640847,252.93639412177754,126.91689597809636,213.3926863523178
486.73255696210117,252.44473010079832,125.30948770805384,214.37601439427624
491.97797135119663,248.7278459755707,125.42507347749523,216.50657537091536
497.4529063115501,248.59810731987028,125.14875844712604,216.76605268231617
504.7190579823576,248.57338976029405,126.62427879619159,216.8154878014686
506.86124364861564,246.72566935310175,127.70158051500968,220.5109286158532
509.7071324504462,245.84054057576304,127.44455234374126,222.28118617053065
512.2475704740632,249.70256645602376,127.82030888529212,220.0137669987943
509.3633439241903,250.6789936945773,128.1593752182153,218.0609125216872
507.03896838682726,256.0012041701592,127.40198703921489,212.82263082424979
505.79835057574786,258.0653700259538,124.56774017887562,208.69429911266056
488.65840652553715,256.6292110268946,122.40388268187245,206.36036773971847
483.7906464955224,249.88147766204582,121.86937935438533,204.450799388141
476.5660840168029,244.1812895345886,121.02571890148384,205.65598536949517
471.06844518604396,238.42034591891888,121.81849046578219,206.975366503615
470.1032763761167,233.55194531095614,123.74882808563662,206.4436552632299
469.4219833125792,235.6168724491221,125.11141421271162,202.313800986898
468.9835364843913,235.10936038914474,125.98830786908738,198.20848108995196
471.4489980239867,234.07808001214477,126.1310774441246,195.197349189724
470.82223515536333,234.7601525602728,127.38460318137126,193.833204093468
469.94706731778854,234.82566118975683,129.13493885652085,193.70218683449988
467.67550400076357,234.2511809196693,128.6195002433772,194.85114737467495
455.50125075174026,236.65874690915751,127.6317043893341,195.1032758661164
453.7432310040344,239.51132716840692,126.09314670695825,194.45271252540508
452.25293126029885,244.2706936750151,124.05455948922778,194.9723529225916
444.143581071541,243.11739967918632,120.30159291373214,197.27894091424918
445.0608946040215,244.9414677374615,118.46696584877122,198.59520824783908
438.2230199743835,244.60634477990666,117.28346810888182,199.26545416294874
440.49786603524666,243.7224509982194,117.67682591818483,201.0332417263233
449.87796497623077,240.34405195077278,118.82044877609283,202.81408463624743
449.38402881489105,237.09682354168433,119.80832109877218,204.28679470185634
447.9022082979787,231.21822714080807,122.77196213259694,205.9233319967803
446.41202769274105,228.2190307119912,125.75232334307226,206.78699571700258
445.54514088903005,228.1364892211363,127.48609695049426,206.9520786987124
438.8586118313046,228.07182879029006,130.40027175642763,207.0813995604049
427.47065695962567,230.87133168552552,132.05512928671357,206.7626568232019
421.50951386872833,231.28044881154923,133.37104021590525,205.94442257115446
418.6658008021685,234.7217931982712,133.74555897473778,204.37464117199764
425.7753121828299,237.99312761942312,130.11774728950505,203.1275778677388
427.9013882853256,237.7293104631405,125.86559508451363,203.655212180304
429.8269366838633,234.3727105416104,122.01449828743819,205.21538380037313
434.42148309970196,231.29329233264355,117.936819582863,206.2628060912048
433.2868205260841,231.44126240257432,115.14823034382474,205.9668659513432
437.0691053622904,231.60980808638277,112.58977383990933,205.62977458372632
437.4977899907116,231.0647937297237,111.73240458306681,206.71980329704442
437.2580665064918,232.8184703627275,112.2118515515065,208.17135879944325
436.98463133472967,237.98781167638163,112.7587218950307,207.80968960506289
434.36089048359236,241.44568376232974,113.01366940211625,205.8864796283558
424.51393020412695,244.13840405993443,112.83350280225213,205.4695608228451
419.44819932544823,244.34280393007114,113.04638071843945,205.06076108257167
407.12342772574664,244.716479666263,112.91146750540557,204.31340961018796
392.1966997077288,245.22421017453587,113.10360098866659,203.29794859364222
382.15103393249,242.88010663058802,113.4676143643176,203.0543261378313
367.52032103414825,242.7894162421848,113.12245201047881,203.23570691463772
360.02019510972457,240.34971875191067,113.32901057068005,203.18387079897064
344.589356915468,237.21125092958403,114.58677734099734,204.52682150725795
313.31411675680886,237.59646717258846,117.43412368403821,203.75638902124908
294.5678247964473,237.86453097496405,119.84101711431931,203.22026141649795
285.5909927577799,237.8770992423014,122.65956046446587,203.19512488182323
271.5102178259841,235.27161601683284,125.35992530166368,203.31385432748158
265.03641881266617,235.35538478449067,128.0286419219086,203.14631679216592
259.0675846329309,235.10629826146356,129.6029000166903,203.6444898382201
253.7631235024689,234.82326094079954,129.7808091469237,204.21056447954817
247.85496101662434,235.0794349370251,131.1432263908177,203.69821648709706
244.73755948412492,235.19244978044088,132.1359751549511,203.47218680026546
239.27809851552774,232.43558299549397,132.54442799980146,203.7306858239873
237.23218631853877,232.01674071060248,131.37032914756185,204.5683703937703
233.77237398639818,228.49375299432134,127.77218692844613,206.3554623846341
235.13150150012206,227.61963156789932,125.05393190099838,208.10370523747815
231.72836510555618,224.22209033430698,121.44887652305056,209.69312362112308
230.34095286182372,223.43709245391372,119.05536447767324,211.26311938190958
234.13475353290625,222.3636434125747,116.61871129228487,213.4100174645876
234.8248586621191,223.7110590659307,115.2385010338591,215.85630518576107
234.97754568152263,222.0075386742314,114.93312699505206,219.26334596915967
235.04074950076097,222.9319450659134,114.80671935657541,222.61296014526894
234.6646613806572,224.93107904523464,115.55889559678289,223.86014597765714
234.1265590350508,227.07829525983792,116.63510028799573,224.84243209221114
233.93498939878623,229.3426580427847,117.01823956052489,225.62337898348824
233.4048366712426,229.22166409928673,118.07854501561215,225.86536687048422
232.8559266614534,231.8627219694922,119.17636503519051,225.93278382938112
235.35941190470191,229.2777145988056,119.53878262609769,225.73341049335016
237.73764548215348,228.9017435779901,120.15499276047694,226.48535253498116
237.3160529281585,228.89143742161667,120.99817786846688,226.50596484772802
239.72206933509884,225.91346711529852,121.59522493808657,227.052825576864
239.51538033555312,222.6494732786399,122.00860293717801,228.15344806758253
244.86079729452516,222.05469085444724,122.21908285586817,229.34301291596788
244.59493981485866,220.97657367060154,122.75079781520118,231.49924728365926
244.12904426229747,220.08463681695576,123.68258892032357,233.2831209909508
241.00009010918723,219.0015501607062,124.38562719754226,235.44929430345
240.19742429790782,221.04118161422988,125.99095882010107,236.9688361321751
228.2957337184393,222.86522649280093,127.19949460416251,238.96945771875193
227.26950976869097,225.61511864707575,129.25194250365914,239.16855877788825
220.57918579472573,225.33954329296424,131.15862830097146,239.7197094861113
216.77550089126763,224.61596062554275,132.98828669908886,241.16687482095426
215.25826228913212,224.33970472368514,136.02276390335985,241.71938662466945
210.6646067350382,221.37652581973924,139.31988621320932,241.7555556342229
208.93097724700195,217.83031768569066,142.78714518928183,242.90123441673225
204.36283552169112,217.76817161305797,145.90096838556613,243.0255265619976
203.37663989997435,217.66187299020027,147.87335962899965,243.238123807713
202.98843136331303,213.89404437281013,148.6497767023223,244.66048967798088
199.3335711400237,209.431007467502,149.811943852735,247.43901019243117
192.91227390340526,205.40218507466034,150.2375151980864,249.28814341417169
187.22878252017787,204.31184096174957,149.11806680857154,251.46883163999328
180.97906478630327,197.0772945248697,149.10397163654528,253.42439387397752
177.1411977109437,197.70839283824318,150.49412215672976,252.16219724723058
176.97647529139098,199.7652687285885,150.82356699583517,254.3387543744796
175.69912755601172,201.93482011431726,153.37826246659372,256.32788510971176
173.94014466731625,201.29137675183054,156.89622824398464,257.6147718346852
172.07323662886841,200.98968369588638,160.6300443208803,258.2181579465735
166.26556792699304,203.89787395885548,165.69425822847262,258.95290091679374
165.12707118412123,203.99953781416417,167.97125171421624,258.74957320617636
163.51091631499247,204.45321470247836,171.20356145247374,257.842219429548
163.81599639640532,200.62407895067028,170.59340128964806,258.77839212440443
168.92168555572022,193.1830533380413,167.10803633018756,260.20841663132387
181.33424178645794,192.56577921246017,162.35095792607282,261.44296488248614
186.41946682529306,188.31663182167566,158.80866110077503,263.3131064116828
201.39324398515447,190.79543293792483,155.24695056192073,264.95196512440157
202.84356700344793,195.82386035184783,152.34630452533378,268.01647489326683
203.3911115578671,197.58911447574727,151.25121541649543,271.04289872982
202.48190162958548,203.3142339631408,153.06963527305868,272.758797960038
190.38912027071524,206.290992557148,157.33698014268467,273.4446867213951
174.43316719675144,209.12683741565155,162.36057393314894,274.4950750937538
169.07220576838523,215.59269764311207,166.25977557098187,275.2087970766318
164.05689576350272,223.29219583641117,169.39126532992466,273.60806119167796
138.38025666914362,226.36780158530667,172.24898541727407,274.38478656551104
127.09369019531901,226.60107148093283,173.85969505351815,273.9182467742587
115.64411736958161,226.79043212036876,175.73643128701923,273.53952549538684
94.06711130361043,222.54012237531578,176.69138731467973,275.00696896811246
90.3687497375875,217.37071617309007,177.01700025558426,278.27467118142255
86.10301798845133,209.6201250174344,178.42298455133263,279.52489508768593
85.92566042810999,205.78304521098812,178.7776996720153,280.0313496022883
85.101224329775,199.16606535659753,180.4265718686853,278.9028742980677
85.00114524356175,200.49266310163424,180.62673004111178,283.44153331859064
83.35423098838595,201.9776430141891,183.9205585514634,287.73475669866326
77.47589901183457,199.97406084367907,188.2946973544714,291.74192103968335
60.009528935533055,197.9596807385779,193.1649561544099,295.7706812498857
51.449780307540735,196.30604324040388,194.9699134467497,299.0779562462337
39.64295469972325,195.71922396819187,195.37263785562783,300.25159479065775
28.337182188787978,195.36225262087058,194.70029716100404,300.96553748530033
25.371127617177066,198.78673081020148,192.87162132791536,301.8773660829491
26.574885436775986,197.6038002599935,190.46410568871752,304.24322718336504
24.276393633312296,196.09561535693035,187.32210662953167,307.25959698949134
25.71113998145347,193.8343563754652,184.45261393324932,311.78211495242164
27.01859855068581,192.22462729770706,181.83769679478465,315.00157310793793
28.12387430115875,190.1335748778718,179.62714529383877,319.18367794760843
28.62094134191682,188.1213986039328,178.63301121232263,323.20803049548647
24.375138620311418,187.41920542946653,179.30402708683036,324.612416844419
8.10592456653984,186.05585165440962,180.43134769678784,327.3391243945328
7.356721065493247,185.58722966174872,181.92975469888103,328.2763683798546
6.28807168758037,185.52866834983652,184.06705345470678,328.393491003679
4.982229111344978,185.64246439243885,186.67873860717756,328.16589891847434
0.04924070656409185,182.3400388350538,188.51383159484283,326.73986621134793
-5.146698007375306,183.9452846985642,190.86480417501983,323.52937448432715
-4.009586833668848,188.62911069734412,188.5905818276069,322.1947839211383
-3.355141916349382,190.35303948733863,187.28169199296798,318.7469263411493
-6.276568181991877,196.78210147217158,185.22310902826328,313.790237867473
-11.949758972937332,193.13758189099167,180.98349131519277,313.28627738235207
-21.22266315425867,183.63024730389174,176.38805432373874,316.8734496538208
-27.133805552025237,181.65384534128987,172.8328762379698,320.8262535790245
