516.0,306.0,55.0,93.0
516.2760574097135,304.83426201683505,54.44788518057285,93.02005331234608
516.9365597334844,303.09512171891447,53.12688053303127,94.19595016878999
513.8965496369215,302.72795183826565,52.31470958691773,94.93028993008764
513.3410629885483,302.9188809179051,53.42568288366422,94.54843177080876
512.1231486115695,303.03536206818785,53.553816762616634,94.31546947024322
511.8003532766046,301.9285315447999,54.199407432546465,94.22270521457013
511.8673931379186,301.8137878301364,54.065327709918336,94.45219264389723
511.76999407848234,301.7555367065421,54.260125828790976,94.56869489108574
513.5506919270932,300.20405941938566,53.02090127352879,95.34947832343892
514.1597747555971,300.36049956994987,51.80273561652088,95.03659802231053
514.7980071422031,298.8293779292358,50.52627084330905,95.81160585155388
514.8961378314159,297.5365450600943,50.33000946488336,96.12049159587805
515.2824249461079,295.91863750183467,49.55743523549944,97.07835751123297
515.5250903005026,294.35272255473126,49.07210452671003,97.93147956044052
514.9588407840879,294.3812123366259,50.204603559539436,97.87449999665122
514.6297613593015,294.15754860669523,50.86276240911221,98.32182745651255
514.5721188102667,292.79573385018335,50.978047507181785,98.72600387832247
514.962765360844,291.1662802962659,50.196754406027296,99.65753860454384
515.1381267211922,291.5688019502769,49.8460316853308,98.85249529652172
515.1199197769052,293.1123465948343,52.19214249594852,95.76540600740697
514.9991800676553,294.0061103284268,52.433621914448466,93.97787854022192
516.6468853235696,294.82643991594966,51.42058128145358,92.33721936517627
515.9314769015908,295.13694871909286,50.610537771610154,91.71620175888982
515.8359517906985,296.95583168425856,50.80158799339494,90.29630898651048
515.0118663256465,298.65394955834984,52.44975892349881,86.90007323832782
513.884076638415,299.81015861948737,52.527682777429135,84.5876551160528
515.205036196091,300.5550197392829,52.03025328529236,83.09793287646173
516.0890785352431,302.57187479816497,52.37606404272208,81.17811819443173
517.138099878765,306.8537181992373,54.459926465644074,76.79633650225293
520.0557283637522,311.41906871418075,56.862796437205546,71.78469894313406
513.3920636228565,314.0577913267474,56.03238195897613,68.5297885694323
514.6920913311018,316.25857995896496,55.39146571794596,66.08735048045739
515.8393953559017,318.38042390314615,55.00805516600829,63.75486008975729
513.9456859467858,320.8472878363901,55.05744678937886,60.69014582069998
515.760884970224,321.6606942713536,55.07156288686228,59.06333295077303
517.2160426426777,324.1796612203045,55.755497728147944,57.619649239064216
519.2223304609189,325.7895215822146,57.09904723473614,56.1853035629342
515.2550494184696,326.02383390176567,56.113654239332824,55.716678923832134
522.8673807708805,328.11448554464585,56.73893504847014,55.05758530784047
521.2458224034747,328.52240965186695,58.22152643673735,54.24173709339822
519.0784609316147,328.364540372654,57.2438560975236,54.55747565182408
519.6618316498719,329.2511599311614,57.83763848558086,54.54476035938099
517.7386389607431,328.75988833121266,56.375189008980094,55.527303559278536
522.7800245222263,327.42360505085145,56.865805871363676,56.43763878910921
518.1443997196851,324.94437534669714,55.4312372961624,57.827492137323276
519.8260695291222,323.4371924141384,53.85139991280306,59.05835576692594
520.1126937808417,323.63056039316365,53.278151409363936,58.671619808875434
520.461890575367,325.1284112744052,54.34223476483415,57.438394990913025
520.4404045604933,325.2783472074262,54.38520679458124,57.138523124871114
520.548839145439,325.6280108339446,54.168337624689855,56.43919587183426
519.559399804548,325.2851037392472,52.663698021956506,57.12501006122905
519.2508667083805,322.9874484322068,53.28076421429134,58.26312241313774
518.6540962819138,321.5291960512261,52.718146569108406,59.42346867698275
517.7823249786974,320.5283953983198,54.46168917554132,59.65984970974102
518.6301099227841,320.07803883392035,54.562842727527595,60.56056283853988
524.1834926728212,319.5275337265626,56.142539921027506,59.84922123988774
530.3973486085207,320.17078649944574,58.32609780497915,60.389124413540245
531.5083728337339,321.79078634431653,61.71243080676771,59.0185852078703
559.6522111773812,327.3874474925375,60.55832213554617,59.23220801820202
556.5785776779934,325.82145097714726,59.15984456212102,60.47776490593236
558.5746869062665,322.9835244555153,57.05165436838407,62.38556142357763
558.2877708629794,320.0126977461341,57.625486454958214,62.6859186330027
564.4748634904574,320.5111640004307,58.511042515178126,61.68898612440945
566.8135265490614,321.53694940588645,59.51196169986507,61.53016374746285
570.7408674395741,321.2051081776382,61.18782472591839,62.19384620395941
572.7760624276589,320.9245577952774,61.00343933467868,62.75494696868104
577.1958113153504,320.2226418091567,59.95955023380854,64.15877894092245
577.4723051367837,320.1865245911039,59.40656259094213,64.23101337702803
580.468409004594,319.1621634461503,57.307710506356315,66.27973566693515
581.9325706076437,317.04691998894367,54.37938730025691,68.56524617108731
581.2929494844026,316.4759073821576,53.72571836444304,69.70727138465949
586.397865772414,317.5553668906538,53.21463111532529,69.48810143304806
586.0573673561739,319.1748862847929,53.895627947805494,68.17713589432479
585.7225928069329,319.2737381355859,52.64606314826736,69.89854609075896
574.5477552716661,318.77375068190855,53.82019772252352,70.8985209981137
571.9530864472912,317.6765125958258,55.090604713334486,71.13353184130968
576.6835452817697,317.0736701015075,53.56474211504616,72.33921682994631
569.8804533859505,318.1842076472043,55.307601081269695,70.11814173855268
566.7531225513542,319.77728195953534,55.646974037278135,68.90375601828543
571.7804430256966,318.52121384044926,53.42693017852321,69.45724298397516
569.377568791991,318.291982109633,52.43948971281941,69.9157064456076
573.9768968043112,318.01983262579057,54.77243469214748,66.61613841196969
572.1947748699129,317.77120393071056,56.42732359282745,65.20404083401311
571.6682875766306,315.8205251402484,55.566090707256905,65.27698347066794
571.3370030396559,314.6663171763402,54.32715601068689,65.68389562796463
569.642039806485,310.9217251375003,52.05361920658562,67.5096164352014
569.8910212444115,308.8349146572644,49.676707925686955,69.80428899062784
565.0820488400819,309.41946926368126,51.795036361116175,66.76027568448663
560.6144674438767,312.2651176034228,53.27703735125748,64.79555990613817
556.0121048247162,312.1583532828704,53.19577416176081,65.00908854724292
550.793864866018,311.87842772202106,52.47724365699634,65.5689396689417
545.7789202466697,310.15425437495753,51.370324570738575,67.16115164224301
541.833086314858,307.41075703846786,49.949533688498704,70.78565456604963
537.084400300767,305.1917557291924,48.08140628784833,73.32940727979522
530.2756337289239,304.1795736066338,48.38761556746206,75.35377152491233
529.7489451785395,301.6058837690081,47.50391197772544,76.62698981915304
520.9795833915733,299.4439556686915,49.51207163347523,77.0682050402405
514.3378603164258,297.0103232316697,48.92469459951916,77.97237757592666
509.04268079633977,294.9043736548807,51.574066022240316,76.2285360164164
502.91631922987256,295.0425264057284,51.807258505829864,75.95223051472117
501.2262397755476,295.139146023096,51.18150175457706,75.75899127998596
497.8685343251504,295.8359830197069,53.91756544882735,74.36531728676411
490.3910061714675,294.08737690659103,54.776184572131434,73.8349760318354
490.0043986254076,294.2952748505438,55.5493996642513,73.41918014392982
486.63416774186527,293.7379633050437,56.2114974262616,72.50768189990531
481.6181468221202,292.58149114858946,56.12849768957406,72.79761789757823
474.69332226757365,291.46301810483203,57.821633210797074,70.98239278913636
471.64889539177994,290.40881064930363,57.83320384704344,71.06504666174624
464.77048968565003,290.46540882718756,59.426706423765005,68.92463216672206
464.0219240280298,290.4702235518526,58.903940835589104,68.91500271739196
462.5803394492551,292.82266759118335,61.78710999313847,66.2214673141326
463.0499055836873,290.6422179049532,58.83239702360237,68.56678598592117
452.6364207915395,291.5788103287941,59.61115003767626,66.69360113823946
459.5939513866922,295.99650030894463,61.602242986093174,63.823028979959304
457.66844468371636,298.31857298033503,61.50300893687716,63.12913109234628
425.3376329045198,291.59854170463666,59.43388305618657,64.79317903684588
413.4082973581207,291.9899404525918,57.866159604132434,64.01038154093564
413.97038770428355,293.6394741224241,56.741978911806825,62.6300199655698
420.5207372616488,296.1412091976149,60.55499961070076,59.50585201670196
416.8006101575962,298.41850294554393,62.32314174182426,56.84196854650444
407.89811677081275,301.31325761951854,63.24305251226457,54.80469831036115
405.33017432973656,304.0113167725658,64.66327354107437,53.12424385760913
399.15526720894877,304.6928079352085,65.89691799900872,51.76126153232373
391.77485198946613,303.1313551425924,64.01190085223648,54.884167117556004
383.8434949774751,300.8283982385475,66.7776211736889,55.74808272492296
377.73264848732606,299.4133696326596,69.36139811971817,56.65055672984487
367.85843499532734,296.39643983284384,69.29067789354033,60.70250160845883
356.6230136847628,296.5637998917352,71.30132579819858,60.36778149067621
351.77524574669985,297.3054922914205,72.70989658265637,60.95613796422266
348.46308104778507,296.7085354954163,73.02540182257204,62.15005155623099
339.5528534010498,294.74776982995695,69.57561475724145,66.0715828871497
331.7869259042895,295.94831563588167,68.01948453190457,65.80648942765743
325.5517440100901,294.68486488601025,67.84530663340918,66.22596731291792
322.4853478262738,294.8702311558513,69.75545871485193,65.85523477323576
318.4993745938897,295.5780155261147,71.3212632312297,64.43966603270894
314.5159647270725,295.94287281383595,72.87624109744424,63.709951457266435
303.6903960521652,295.5755724146747,73.02985446809296,64.44455225558899
305.7414738947996,295.47624944174265,71.09159439172373,64.64319820145306
281.3433837838898,295.9200789130838,70.7378634235478,65.8924919192053
274.07990128355857,295.78540027970695,68.05426155683432,68.31317004438101
267.0571475506142,295.20647086682504,67.06714554102099,69.4710288701448
259.24274970976126,295.7710919675957,67.64507212262087,70.49191082576152
254.06792907146632,295.34187264920496,67.11836308351812,71.35034946254288
248.6452057933222,295.0332649172927,67.0620345254174,71.96756492636749
246.1215093917049,295.50177972029036,67.73122380480861,73.21963708229387
238.74462202893443,295.1728554173326,66.95005346278819,73.87748568820936
231.06437294351045,293.11931043112753,64.57386667161093,75.76749004036625
218.40051362046762,292.39460653152753,61.19314035947632,77.21689783956626
206.5302186628026,293.8569041165093,58.821359988086016,78.64436438405609
200.6813362694859,294.40371367991094,57.56404372980934,79.70992543140446
198.1319108835257,296.1142296883306,58.3533936636904,76.28889341456511
198.34570142024512,297.83584682629396,57.92581259025154,74.96130181522233
199.0863162638659,297.74291842275557,56.44458290301,75.14715862229914
201.69044716935016,298.9648279231761,55.37046459662503,74.77041137374985
202.0582833555365,301.2475473337008,56.67855413953159,72.24873446797963
198.6804912007648,303.9259481723184,55.327553996366255,70.94522501709874
250.9193265405895,293.0344271334237,58.02593227357012,70.89610897404756
309.03427246558266,281.61331160678816,59.40482227640648,71.43322622764553
306.83991144203327,283.7389112182308,61.73528056440788,69.24029076385762
295.56473833435354,283.3347490803037,59.544498300524474,70.04861503971182
309.083977941499,283.7428968485908,61.05425550224389,69.23231950313749
316.03422518997957,283.64687430314973,61.508985348064584,69.42436459401966
311.3621134363529,284.5881830950685,64.67020780525888,67.54174701018223
309.4246688808664,284.9893563386629,66.46314166205511,66.7394005229934
306.9978746852402,285.0318804407853,67.12137664966176,66.65435231874858
315.49165928588974,284.678415995305,64.88071573423808,67.36128120970923
319.7084695834639,284.25425016246464,62.69447374918052,68.20961287538985
327.2691371602855,284.44451317804925,59.9392839666055,69.89011107273208
339.0206644816611,284.62785524298266,56.86678434094368,71.5664824445743
350.2605257584234,285.9772552508092,54.57962705622647,72.90619548268263
357.42163238704956,291.5162528953137,52.27216169752293,73.8429480922224
368.68238260164674,293.32624447625136,53.49612497776707,72.20175357280023
379.4588176298156,297.6896741671734,53.6573307470165,71.37092176389702
395.18302878545165,299.0842068168867,53.63294813928994,70.54585894594206
412.15801360030196,304.80694653092934,52.85052312748029,70.80657173593605
426.46238816705477,306.8844604471299,53.37502039177099,70.53597675657429
441.2003719430322,309.8451614691155,51.15243471344053,74.34792538175479
459.6824229086479,310.042114905542,51.578934073612224,73.9540185089018
467.1137529747881,312.927678394536,48.53045723518549,78.02804427579191
487.3177180563624,315.34863819266354,47.71187225678233,79.12452645724862
505.71969870336727,318.3016786849216,48.56686057851647,77.18254543228443
521.3610969951657,322.668846585099,46.79574359008693,78.2854361636521
530.7148512085059,324.4290583766984,45.67526495258218,78.67324142249242
543.9661901510696,330.9622713783545,44.404681109270015,79.19332759554216
554.4136398087476,335.16581028760925,42.78031872260256,80.42151824137699
562.9666791982984,339.1006112744468,42.93096914526581,80.22157369070855
571.7354855606493,340.35182869453496,42.64683980510918,79.63619255992612
579.4851211645405,342.1975534284046,42.37608250666792,79.75187156952217
589.0793188364919,342.91380716408935,42.1939365729597,80.21998903917209
596.5473595364949,344.18696200230283,42.49292715231563,79.57806336016543
603.5390069590709,347.73505777731896,43.710194810336795,78.18208274882308
606.4191885799361,348.72973790303803,43.65065912483239,78.09299834946027
606.3127184362095,349.73689587500115,45.76154426622227,76.07868240553402
610.3309852291858,349.0504721737998,45.34035454564138,77.4515298079367
610.5307924655319,350.7138934370248,46.85786903654535,76.0418162450828
633.8242290938548,352.3590725116404,52.157917345613996,72.7514580958516
633.5365848620517,353.4922635575224,56.653969600760355,70.48507600408766
633.9517537255502,354.108188952363,57.82285746884483,69.25322521440644
634.8828384798051,353.31802452650254,57.95986117051874,68.83438085594383
635.108603714939,353.56588745107763,59.50325363899285,68.3386550067937
635.9848417100619,352.22955734132194,59.76283366272927,68.99925921232304
635.080418878404,352.2521300217949,61.57167932604506,68.95411385137704
632.5171415115159,351.17459236969887,62.58882966096657,69.05448695614191
634.2574554011089,351.48329486575267,63.25319764750046,68.43708196403426
631.1306869008388,351.1307605098807,65.35981276774248,67.06868973562912
628.6581585046242,350.18100909147637,66.13397992160286,66.88274775315335
628.5883341619921,347.59624915536665,66.27362860686708,67.86278098568101
630.4681953344574,345.70728710552424,64.6262536033395,69.5283577439626
632.3228299698709,345.51963514922994,65.14162114150463,69.90366165655125
632.327786044202,344.0321106159776,65.13170899284239,70.75234393632567
628.9675520793351,342.6705170905635,67.57327964051414,69.19663370509168
622.1424560139567,344.03863583247266,68.30055792922646,68.61421519494755
624.5682914549702,341.67582949737863,67.76116053711095,69.02755437522411
624.3845522397781,340.619943799047,65.97450905622468,71.13932577188737
619.5694155864559,339.9099606731763,64.81033243598411,72.55929202362881
619.3391934429076,335.87511737849564,63.1083361850167,74.14165699879786
611.9142934663776,333.23710290330934,62.840442350680235,75.09834486705721
608.2797039977812,333.4812840995602,63.59926421970973,74.6099824745555
598.5046555238476,332.13669523176094,63.5761959938593,75.12436407974099
592.7455285410242,332.16606854837937,64.18261367457438,75.06561744650412
585.805380113974,328.8787113432978,64.91564724179844,75.06670021322904
582.6100931669874,329.4983626664237,66.90022736791012,73.82739756697735
578.8834409415193,329.8540199153116,67.70699659178553,73.11608306920152
571.9682390939682,329.0672495689133,68.23373667646038,72.4723464935935
565.9283671101784,326.9570065715517,69.23551829320023,72.26164754798077
560.044043604637,326.8263709250394,67.63511877006907,72.5229188410053
551.6966846476079,325.59857624484806,66.6748156876186,72.77163057682431
547.7983285517568,323.1164106511463,65.68959893397637,73.34499729155571
547.5036024613485,319.61031327591684,64.09035982499104,73.79111817260926
541.8472458802064,320.1035703749291,64.55298333841684,72.80460397458464
533.6439691387543,320.0801536456785,63.66245211691749,72.85143743308589
529.5002559042719,319.2584781247836,61.206843008132566,74.4947884748757
522.2238194464697,316.17499971092474,60.818421080616666,74.25833322697042
518.6227398633528,315.7946968792395,61.646903334614976,72.89437991959556
514.8220314503704,311.48796924408344,62.897594291321255,70.92329207447699
510.13862528738053,311.1564520748894,61.732067502762305,71.58632641286515
505.395788185376,309.9180804191143,60.727401916553575,71.96500176637174
504.0750344334533,306.0482854760675,61.281139537954914,71.35351212268942
498.5388569378864,306.20468078916576,64.00458087526317,68.95349308303652
486.11086853341214,304.05600824866116,67.92590474555249,66.97044228244792
479.2335325419385,301.7898385942303,64.68586792973778,69.37844299146447
475.3925422765307,300.92676723762725,61.81322027830693,71.10458570467048
468.0239259899285,297.25824142636435,59.81513388731654,72.16589271562323
459.7448273060262,295.2358292983981,59.764011602652985,72.05838705843883
454.93080233995073,292.6814660769181,61.097321896170214,70.94605877242343
451.050535762983,292.47324980799465,60.54594795775074,71.36249131027029
442.5365484468478,290.1678359232972,58.89395876549761,71.82221600754883
443.5357616708547,288.21374733066807,58.951536192636794,71.61838544250118
438.949620765522,285.47555125139604,57.85482378049197,72.9871799119212
434.46569292897556,285.6449800964762,58.59445542442256,72.64832222176088
431.3709040514934,282.83208918313017,56.52862994126281,74.14640242939089
429.31610012855384,281.823424137486,56.531850762983964,74.11053900860036
428.3936449384716,279.06327545038437,56.324062085064924,73.47273920855297
424.0738345439087,277.6453119819789,56.80536586622954,72.22950764138324
419.72211081997557,278.69280259322545,57.395162772184655,70.13452641889027
393.0815779557035,275.6357347900015,54.51285061817225,72.2369921765841
395.9561863536177,273.55976105145254,52.74598516011466,74.3977639847966
393.587275242616,270.65659594599595,51.49883026928745,76.21410945382266
395.6322923343397,267.34580992222146,47.40879608583994,78.832101515409
396.96145579738624,264.79145400176935,44.75046915974693,81.96822495148766
397.5159019981081,263.8647974787787,43.64157675830312,83.82153799746891
395.24986038816826,259.7418648275536,42.2270492952556,86.12079261699178
394.8562227386139,259.1382550523539,43.01432459436435,87.32801216739136
395.76639170487283,258.6272256117887,43.21674753292211,88.35007104852171
393.5719848456571,254.64956063003856,43.52313522349645,90.1817619702361
390.0544885451603,249.52054653074282,44.338259737830484,94.21992208216815
390.7528305064584,245.39859359107407,45.08795363307597,98.17107232582251
389.5126217566095,241.06247199277942,45.35138083547013,102.4093349278045
389.81052653618826,239.61614623726473,47.03872773619821,105.3019864388339
393.6924196021144,237.3246921130028,48.69411638692419,107.53010099171306
397.69617664006626,236.5456720546216,50.35144785070449,109.0881411084755
398.25554039687364,236.49693246672507,51.70061739764233,109.18562028426857
401.50124230934,236.22752587631965,52.687858239539224,109.72443346507944
403.50816798175043,236.84729841731462,53.70987770424312,111.00282378785187
409.97573745463774,237.39536761495674,53.546589785391376,112.46105559795217
413.72776868507884,236.56910339598238,53.760947274322696,114.11358403590086
419.9049428453903,236.15593984967242,54.40975534774985,114.93991112852079
428.7653398038797,234.69252909557596,55.056887736453035,115.24274316447345
432.160273924105,233.37081111665674,56.18606271804401,115.24649804829801
443.77707960993337,235.20571491917133,59.5461578389436,111.57669044326884
448.10596840512267,235.30705826141767,61.542476549489045,111.37400375877614
451.1674694758156,236.96555221939616,63.50350553725582,110.75169288587006
450.9508153994022,240.4224227785919,66.65565449552302,109.2756333783591
457.25679572271366,238.704950286356,67.79455320643385,109.96040649132419
461.2357735864515,237.23451865159376,68.1751916528042,110.1217383695666
467.2933468931824,233.73872062541375,67.21337277987196,111.5366705516619
469.90664178269003,234.2214685248353,67.57326831926957,110.57117475281885
478.9430569372998,232.7584158681739,66.20995696724012,110.7123602399433
482.61701970665354,232.5179489519847,64.39014144452226,111.19329407232168
489.6444669577176,230.71794191706198,64.03737128976232,112.05288327269352
495.42074815338646,227.7558766121183,63.47353303490567,112.48265181434033
496.36221080278517,224.0189505304193,61.59060773610831,114.46858224488341
497.1395632254877,221.38999327822557,62.777047537291516,114.24420745609416
499.39686198096535,220.1148915627653,61.02057320973444,114.03628770361627
502.0168369081141,220.60266400529304,61.23064716805244,113.06074281856081
503.2425398760081,221.39052771790816,61.493477343260835,111.48501539333057
505.27121281688267,221.11494515965097,62.82709189925713,112.03618050984491
499.5175778511196,224.77525986953643,66.15529417425827,110.16826286109055
502.26218465419026,222.20241728636142,68.93119305959199,109.80387303312384
501.1334935441954,221.1824897085244,71.18857527958174,109.04746220658755
501.8183495554421,219.61668611146888,72.64152846373949,109.35640419404737
500.77732839345913,215.8557002005287,71.87207876601519,111.175391972547
502.5181281382845,214.0925682780429,68.39047927636443,114.70165581751857
503.7114169058986,211.88675477448376,66.00390174113627,116.2530939444577
506.5652819757269,208.53856195876114,63.13895812447833,117.26390652990554
510.78940909845426,208.07850541952604,60.30838815760018,118.1840196083757
513.1886169504938,207.85011304862917,58.283689583095565,118.64080435016942
515.5803404742442,208.24922889242592,56.24562316835278,120.58795329533375
518.2450842839525,210.90390818506748,56.39275027436516,120.75520943547967
518.8672642024391,211.1123802921298,57.891703313889536,120.33826522135502
521.6729132405017,211.11420644352802,57.80713675583167,120.3346129185586
524.4356827985572,212.37230989226748,57.80527994295811,120.5802471726985
525.7096144197786,212.7732041014426,58.02280969060695,119.77845875434825
533.2146439686394,214.63062218938433,56.80011642042332,118.82109574397239
534.8667166258689,218.20221204144636,56.218202254297594,117.12237833651483
535.2289044756428,218.85570230600007,55.493826554749745,115.81539780740738
537.2677341021758,219.06625803797428,54.07180923738124,115.394286343459
540.5194273849553,217.80935517352253,52.81784854011853,115.28337913821443
542.9430410478228,216.32711742246522,50.571790708594406,115.64668514611836
549.5811202539842,214.73419584506266,47.56352200911483,116.2655558727127
550.1832227186999,210.8809181589612,46.35931707968352,116.4042068191977
550.116344334926,208.44674879832831,46.493073847231344,116.2662175398799
549.771715767688,208.28193507440642,47.18233098170725,116.59584498772372
549.0168855343537,207.51555746773067,48.69199144837576,115.60799348272654
547.9132600997307,207.68262741942118,50.89924231762191,115.27385357934554
548.7866024536427,207.75264558142305,51.71989611907044,115.13381725534177
547.9023217414015,208.30731899481185,53.48845754355289,114.0244704285642
548.7400859500104,208.7223210087491,54.40750651233891,113.19446640068968
550.0699503043355,207.33667865993334,54.346271940741715,113.36725696126817
554.0151857207745,205.63115376324922,54.25565067626093,114.17835689850399
557.7182887533224,205.56044092690155,54.680049196278375,114.3197825711993
558.9072754866963,205.2675935803867,54.92173218789833,114.90547726422903
564.163817297847,203.8606866172443,54.93828102628921,115.08688307534077
566.9607641839681,201.83769818462793,54.61507180760715,116.49751766379349
569.5569153977845,200.04813486264652,54.72330123240218,117.42637838154236
572.2615524221139,199.64992844400487,54.64538998525006,118.22279121882565
575.110159581201,197.9966982169514,54.29999412224941,118.85334244534585
579.1523866559841,198.13358793185367,54.2526331038715,118.57956301554128
580.5964626230835,198.17315868443342,54.03870278132323,118.50042151038181
585.7232838330506,199.19674416612042,54.46235042007109,119.12257306167818
587.4342329181636,198.9703968441711,53.72624148921963,119.57526770557683
588.6872246979584,201.9586390275571,53.89970991862339,118.95768731679145
590.2512231969747,201.71541371974013,53.4452419319301,119.44413793242539
591.4576135993892,201.7091864435431,53.705073007433576,119.45659248481945
594.2000538652499,202.80853835436739,53.574907313036135,119.93524608183283
593.0226680087297,202.36581496193918,53.24766166786718,120.82069286668926
585.2856648460561,202.15721748642773,52.58706243834111,121.23788781771214
585.2637494334488,203.29257194322628,52.63089326355564,121.65067671245606
576.0394615696564,202.98316494862542,52.24773668731598,122.26949070165776
574.4906967598249,202.8581030622713,52.65283640394614,122.51961447436597
565.9488593100382,202.30065526685718,53.517249430030446,123.63451006519428
564.3341863834451,202.0304159470042,54.011980637110824,124.17498870490024
562.2572344435373,202.02805640129642,55.414712694019116,124.17970779631577
552.5178547522376,202.12296625410008,55.46185619075551,123.98988809070848
546.8096206439213,203.07660387504257,55.78224653235122,124.85663231758261
538.0743659734856,202.8706262028323,56.49938794823125,125.26858766200309
529.6561590666129,202.46502471308722,56.470971203499886,126.07979064149328
520.8310195835479,199.55971269829615,57.18875745237504,126.24625043199045
512.8579904232121,196.3738058733995,58.94930757932161,126.9438608042937
503.5563550764241,191.4185473003031,60.28411393079323,128.22014577943443
493.9937876747342,189.2528610310526,61.88938799981265,129.63154152887537
487.5606580264554,187.42636448330467,62.88150345841051,130.31599866488133
476.3222246041798,186.88213266114474,64.38785328109846,131.40446230920114
468.2032008034828,186.31065109018903,65.43663583974154,132.54742545111262
459.9472134213309,186.08545599789625,66.58484931589759,132.99781563569817
458.3230846831123,186.26483132550402,66.73388100554817,132.63906498048263
454.78689889714354,186.59696807997395,67.61315437099748,131.97479147154274
454.41719380361366,188.44567104866684,68.35256455805727,131.37937771973623
453.7211814634622,190.00868242112807,69.74458923836016,131.35934246340827
454.0054151567729,190.13367446338617,69.17612185173869,131.10935837889207
458.67168612345824,190.44195212747508,69.19210378347066,130.49280305071426
458.86813511821384,189.00908830649803,68.7992057939595,130.2511516368372
460.0098201254627,185.7540569719548,69.61291587374208,130.56705411736303
460.58686645012995,183.5715147313968,68.45882322440755,131.81644842796948
461.05487345259274,183.32339853541586,67.52280921948191,132.31268081993136
460.2591263989434,183.0176533355959,66.00891325338955,132.9241712195713
460.40866606387976,183.99962443126662,65.70983392351678,134.04840793262727
462.16937126892105,185.21966265550128,65.28785916153807,134.7077671322618
465.41917774272594,185.1961325049915,64.99172901315764,134.75482743328138
470.49876035192955,188.46453141010608,64.12440522025005,134.41259057338536
477.8223179128902,195.09786778925252,64.86325215591935,133.4546874611649
480.80723409337224,203.0893850916346,65.0455457811952,132.8519678220005
492.0662594480313,202.9401345473262,64.02044809584103,133.15046891061723
502.9718444211346,200.22866900358008,63.60806527617708,132.4594608190973
504.5446787740065,198.76320124926315,63.502107135265646,132.35068576289882
505.14706870760745,195.3637081911823,62.297327268063725,133.07711292382058
507.6202994090845,193.27478989248112,60.3767314765462,134.22908390978637
508.37313271215197,184.29193881875005,58.87106487041123,134.14089416404235
501.5205658004004,184.0105123441872,57.670117134109006,134.7037471131681
484.44091456194576,183.6053691723477,56.21142851790563,135.51403345684707
485.248725986873,180.35239737231825,54.595805668051156,136.11193123988136
489.9114802031923,177.4486301243707,54.07193939657653,136.0517042950005
495.8299407553435,177.55445115380792,53.92966034310581,135.84006223612604
505.8321507317398,176.29448949692312,54.35175299698004,135.4419123203718
496.75503641215846,175.44895891348327,54.98670641309493,134.21309428341027
484.52668126895765,178.90486398037038,56.13552671126425,133.12825664669413
472.97159431166807,184.21693444288883,58.81812004148588,131.25879311495336
465.0034293876508,185.88391017530847,60.062009092281905,130.86332980956175
454.8747848432591,184.48012499067374,59.63736197685197,130.71633786394364
441.3228929455398,176.57391329128103,60.23627052854468,131.80383057175916
428.4686761106418,176.29479303499556,59.2031155080942,132.36207108433007
409.0102102670524,174.5741454150214,59.623603418657396,132.84210141838483
396.17037863236254,171.89440005674425,58.52268621938062,135.22597208286624
384.1826808807263,169.1611423751087,58.57178687061102,137.70170058963208
381.7137210777655,160.85624666160354,60.482236153615474,139.17414040205682
382.49087598481907,158.58686937492567,62.01046280518969,140.6303585097312
383.9143197648164,158.12789501074315,62.294148859696946,141.54830723809624
383.56332028342456,158.2230812961868,62.99614782248069,141.35793466720895
382.9601623355975,164.65928168087487,64.20246371813484,141.11941292833035
382.4446847180743,169.48953354153807,65.23341895318121,140.98747255416527
382.6056003371042,172.75329513257662,64.9115877151214,140.8445973159312
381.52033015089364,176.53945052431465,67.08212808754246,139.6415156936959
377.9038651079538,179.89912752688116,67.90512967925103,139.33209018273408
376.15425809031603,183.14754144076545,68.18959174895912,139.26476628610047
370.4522949860017,185.92421642694245,66.71869317199113,140.14882870654478
369.4200552818046,184.9112559106597,65.57713576551822,138.96871292424325
368.8616319396823,185.2503307589333,63.5250487068713,138.290563227696
369.3432990396346,189.0623646248631,62.56171450696672,136.91289383005076
370.04631610998,190.64901466003124,61.15568036627589,136.82589034085743
371.7702303530677,191.7643385101369,60.768209720256806,137.6556004808024
374.2627363090685,189.23887116667436,58.84877333319001,139.64095964279264
373.8661279438514,182.6560156190862,59.641990063624256,140.56505743820887
374.31473299457093,184.49628218875955,61.832588109895084,139.97233244657218
373.29625852186945,184.4977493770899,63.86953705529815,139.9693980699115
372.7400084788821,183.6634102732083,64.98203714127278,141.63807627767466
369.8061564749629,182.1850640647907,67.65235419653483,141.39738174193351
361.09404411441375,180.80965821219024,68.87404127831839,140.9076859192715
360.69670905135365,178.27254614645392,69.66871140443853,142.7273149521779
356.0260185387044,174.5154360931333,69.12515530678479,143.65157697685098
355.804261794513,172.4925066308544,69.56866879516758,144.39840593560834
357.11885134497,171.14302064933142,70.2571345079515,143.77973308495638
358.44490485246456,170.02683358507898,70.92559945697244,142.6915352494511
358.22676825299214,169.8070858478757,71.36187265591734,143.13103072385763
360.1230595942785,169.4106546021169,70.89952402258223,143.92389321537522
363.8301980484079,169.67635374708516,70.15289454029595,143.39249492543868
373.39713020561794,171.0528439172371,70.89765285883833,143.9526183572952
376.93797923438495,172.2099020653099,70.48437739776634,144.97271335938066
385.48416788700473,171.42672604781168,70.10173569384689,146.53906539437708
388.8809986807654,170.41728695519615,70.02438857247024,148.55794357960815
400.5676777436052,168.68036912909866,70.35472896036072,148.64553658700737
402.5101323908942,168.38722453373933,69.86310037018879,149.23182577772604
412.804282067199,177.0710809829528,69.63426255424253,148.83033082651855
412.82554982118717,180.49246031659078,69.59172704626621,148.75437314927746
413.3377136826265,185.5984010660855,68.56739932338756,148.6871462523037
414.65141143078847,198.04700527427653,69.30266931067085,147.3285962211724
418.79553963014786,206.71918376721987,67.72589018786644,146.76293242507168
418.76733583830685,215.72043410613492,67.78229777154844,145.36018320602227
416.91662002956474,228.00347558164788,68.18320590074951,143.89776467297816
408.9693740783339,241.46537065766242,67.64661263763648,143.26371078586868
405.22719337459455,259.5450249414933,68.59573616596825,143.04821055351545
394.556675969263,273.24211967376027,66.96967746884323,145.18314131328052
387.9716539618272,284.14930178739826,67.00477078829991,146.35494080298048
378.5715554086821,292.38196202076995,69.29800812753162,146.39658010329558
370.8665354899566,292.87785927426745,71.33974329548306,145.40478559630057
370.9072229316588,289.8114049057043,71.25836841207871,144.81147552934766
355.8607050646998,281.38123040151066,71.17418699432105,144.90670389791515
336.2339058171716,277.5168689449397,70.19230904248235,145.9295140699079
327.1203739347719,269.0528718825248,71.66517476933885,146.1033101567947
316.0136242209389,261.2686093334975,70.22591281397072,148.1559716074012
304.0462512526985,257.96082773083276,70.4733665847539,148.00373705110286
280.12251520182264,254.1983472676432,70.91695398990939,148.75671444939684
268.7310391869463,254.06073208563214,69.8670076140497,149.03194481341893
248.30869024638014,253.66386935997033,66.63649445438864,149.82567026474254
241.45336375227944,251.63431043348135,63.620514026559974,150.5394614345145
232.4404344647196,251.2122756988804,61.831821055865035,151.38353090371635
229.19974151806534,250.93448987418645,61.74751215952946,151.93910255310428
229.1964109964254,249.73355855399933,61.754173202809305,151.05161121384936
222.51432517644253,249.87169782688574,62.011623312926105,150.77533266807654
221.51772704898838,244.1204543253671,60.72754336577023,152.4459910649212
223.13857057757556,242.33571302157722,60.76431838162411,152.73701159947262
233.42271928055789,241.28629950502759,59.89586207438722,151.5525317827839
242.05194635071265,243.8721808978109,62.14188204360478,149.63151468213843
248.46445588608097,242.88430591641168,62.36921492752383,148.34417665627302
261.1306569889161,242.32080337522348,63.02507980571475,146.22264835316673
274.1513180466668,242.47190321842447,62.81948585076323,145.92044866676474
297.97719684556085,243.0900409812221,63.48963716459073,144.68417314116948
309.3682787060138,241.4540421616748,63.21516067949072,144.74078688943462
321.5268748580887,242.01312288876588,64.58889413411906,143.62262543525247
334.4698583956292,250.30586471134916,67.67685194259523,139.91444173833347
347.78580938473823,252.02884128205918,70.01857105561649,136.46848859691346
356.59789771794044,252.54813364385228,68.44136183187456,138.63929736185978
370.0926975935742,253.92071945345185,67.1631885874763,139.10805405601934
381.1864447298343,256.5097244937986,64.16722236668608,140.32721999256907
395.1315664530193,254.98330248291555,61.589435177618135,143.38006401433523
397.89281315786104,253.60422343531354,59.22990826876974,146.13822210953924
397.93324802965617,253.4413011065667,59.149038525179414,146.46406676703293
398.55728386268675,257.3606546987511,61.065136752638026,144.95369936970363
399.11796962050545,260.2648570780217,63.120203624407964,142.3217329985697
397.9150320116743,263.5705530444406,65.52607884207023,138.8849726993159
395.81264771840057,265.0436918794568,66.5640245560023,135.9386950292835
373.9836225721377,267.5237711408138,66.2356733463528,134.12042232815355
370.19864312179857,268.3334565603997,67.58641736066345,132.5010514889816
363.43817427582405,272.9241716165083,68.67035493890931,129.53812143361597
361.7649992191172,276.307588033403,68.93232618727184,125.85566746487767
355.9608663230949,281.71680000007404,68.40217180535709,121.1064536185154
343.5906890952708,286.01349074232746,69.49937892931514,115.4684655504698
302.7944495599768,269.9808725140736,64.3827720871191,121.52097623314228
304.6757812401379,266.3737139555339,60.620108726796886,125.842451973904
289.21988143589806,256.94255702563567,56.83798733279269,133.1401254995392
281.73138732523876,254.9600073653739,54.22996980760557,140.03605911114693
282.3909945226416,253.42365984509868,52.91075541279991,146.0925227848382
285.4039985088882,249.65674640455995,52.97836835080547,150.57953921066624
286.7264430660177,246.38723942675767,53.44563152554592,154.0064008772714
289.4902086683041,243.1720599001158,54.25720461133419,157.2672077853746
301.91743955799024,239.81620889988892,55.2494221120047,160.74807487582305
306.56699361049596,238.61824432412857,55.84594200709329,163.14400402734373
319.39747061631704,237.72567350949964,56.933547686928904,164.9291456566016
332.2416110674442,239.1806021719656,58.355980810556325,165.4081275849049
346.9724929770808,240.55876516461808,59.68809104993279,166.07334316167214
363.61728954395136,242.87054571576823,60.95054382536571,164.90498665028926
380.9833532347185,245.61213696764992,60.83153253921438,166.34442736560254
397.3841289196327,247.62607184419804,62.82766984738048,165.7963264803057
414.3662123442973,247.3714203818656,63.942502311195405,166.3056294049706
432.6858921843987,246.5688899599558,62.65550906422191,167.91069024879016
449.3997585205623,247.95123016661665,61.04378842340072,168.6811222834136
465.52544856765167,252.27804015547605,60.44573202814907,170.57861020533724
482.1493003029359,254.60106098634427,58.997881017344454,172.9992024235483
498.64433031832385,256.2511211731698,57.881382667392145,173.24058890332208
512.387351207506,258.860291621867,58.59173926143954,171.54679780247912
527.8947944496297,264.591932984629,59.19746019368195,170.62371754911837
541.0247459790359,268.6046216265813,61.02775730395075,169.620890307484
554.2410440054084,273.32885826887025,62.83662743313462,167.23278356838847
565.0518349459593,285.54526865606897,65.91565816192339,163.97191645961144
578.5627091003089,296.97118137361764,67.1897988220656,162.34200775114502
589.9466583540824,306.3745300355359,69.17511519667332,161.21617820027618
593.3554788681,319.3237818064837,69.46765432055446,160.20330519008837
595.3348063737046,332.2643294827567,69.0545982202337,159.14140221376073
589.3741995842815,344.64638436713904,66.88407666294776,159.03782893322693
581.9577402509044,355.45586100035325,64.30177480725153,158.31714029373921
583.0595539740169,362.31742864748287,62.09814736102662,158.30104806388687
575.0795738214952,372.03048957227173,61.12218963005913,159.19802785752196
574.0224022125084,374.44990434013346,59.85395683219978,161.12435035346437
564.7415664735637,373.44234544535163,58.09133327188603,163.13946814302807
559.6609992269557,369.67035284688313,58.09946126071373,163.9147823370394
558.0888797036637,369.13325060303885,57.848141913430055,164.9889868247281
547.7868235105392,368.76305592627057,58.01426118473453,165.72937617826466
542.2848105068969,365.1800287645483,58.75852977190496,166.05559222163282
533.2859679439866,363.1754273054827,59.56573546272904,166.6266992527648
523.4653273865943,359.92531775775126,61.90253363002165,166.20512516923088
511.3914207741176,353.9945215421085,65.06772459808482,164.07830276258963
505.737043406698,345.8362349997476,65.80634529328866,162.77798578125226
497.1777201509822,339.5817524539255,65.3357867920353,161.21558686274852
491.5359815379871,329.8931387738644,66.15842599597579,159.6711381787713
482.4058874447654,316.72089127799643,67.02205752177747,158.18114251348078
462.29567525454723,301.79741445975696,65.56516236406108,156.77010649634508
449.94401732855084,284.0738530619609,66.28015811130331,157.94820057086508
435.6280609596184,271.40934562258104,67.25928824051955,155.6244328409762
418.8101788352799,255.87753571696786,66.491801302957,155.72512658458692
398.7651319336013,246.06958779368017,68.87150588111844,151.34350201512873
384.42377036260467,238.47898562108796,66.89473430054498,149.4916537366649
367.09122441032605,223.0453790465565,64.76459781325694,150.25368001967263
345.0350230911297,213.0832029346421,62.417559066008266,150.26684307822654
326.1726895005693,202.6627885525855,64.0935443924007,148.16760157114896
314.3254034570315,198.7336912956235,64.85270788195717,146.19633525756478
300.61528728713586,190.75091555926866,66.18248610443558,145.85535290695398
260.6805903405,185.91854922042083,67.33864403624273,145.68093108946658
233.5325737368645,178.0872573589255,68.87572095424582,144.856340972061
226.0924438951892,179.29421275946518,70.50693337159285,145.75469198748254
204.31248840565928,181.69713522404703,73.82173711297568,144.3026059947919
179.4840250463124,181.50312978084128,79.40993794528552,141.3007148899431
138.35409129107344,182.51054218138034,82.51702942792356,139.28589008886496
120.15334965951953,188.7778880570802,84.27611512862437,137.14391760618742
100.15289952910797,186.99204036178435,82.7331128737071,137.2536211204674
92.12801867367901,182.675207631361,81.59459225964598,139.01197365134652
69.4120452403829,170.40719362553324,78.80247355165847,142.8805449881821
33.489559775504276,167.39048544232108,74.65024322637291,148.91396135460644
18.82150526131729,169.86059093605223,72.74019222490811,154.38913704375702
6.418664471855912,172.18275554070874,72.91576305149496,156.78198233511145
-5.981118605262662,172.6896516672968,72.81983427575216,159.32468935764672
-4.449833769080168,175.32942030739602,69.75726460338717,161.22876176300127
-8.93939308509907,177.37331792974038,68.03971242289298,160.70652345582326
-6.883736628068387,183.2065810942251,67.45603083408709,159.6228911026202
-5.015621096638537,186.44883075697425,67.22143235876436,156.64002436465884
-6.119415913106867,199.34900179833923,65.97466945206325,155.0201500593933
-4.756203693710059,188.92200782263302,63.24824501326964,155.42089631394973
-8.255427997237994,190.0623618213495,60.147916838841574,156.50644724367802
-4.031304923718235,194.63001437638079,58.352566108652255,157.35048525889073
-3.253826224793805,193.39562351505606,56.797608710803395,159.81926698154018
-3.308764423880703,193.4825670527319,56.90748510897719,162.9588160797416
-3.4136926216864936,194.69768161783907,57.11734150458877,163.88884452058133
-3.845408654589651,194.83313978227633,57.98077357039509,163.61792819170677
-4.502707330738939,196.67229031680873,59.295370922693664,163.32879165630317
-3.625832057938627,200.27083233546642,60.95047012194156,162.94940710868477
-3.8755611593556516,202.67595584781444,64.88322345713419,161.57245521634735
-3.908655838201664,205.1781321361374,68.43343024610397,160.05212007097913
-3.267582949935239,209.07938115763295,70.67642251049236,159.29989810983056
-2.728274730758102,211.3573552057554,73.15161650434567,158.29776044579324
0.9123943680636089,213.36925643230902,76.61831994036534,157.85663853724037
1.6409648186858945,214.15967980141005,78.79786940037954,156.27579179903833
3.1896044676003896,215.11042311884273,83.00325772337277,154.37430516417294
13.67642115452086,221.7962588709259,84.20410214255662,155.78561885535646
27.80424008232508,224.91149735470015,82.1081692473874,157.02934330507628
31.79552659739221,231.19814555715732,77.84504837345824,159.33385552498237
47.564591444308576,233.3137210843399,75.74351754230295,158.78227932845192
62.85616072153306,239.1392775712047,74.24023268475963,158.03611149106194
89.67585015619801,245.74274042483353,74.56927760130196,155.62287054097874
102.63272959645735,254.64409817951133,77.20311761785378,148.52550461802457
124.35132318576302,265.1792176593135,79.39775226487814,141.4958262201543
146.6393177898305,268.48164992827776,83.039207024403,134.89096168222576
162.48447769842207,269.34062327868037,85.4248791049424,133.17301498142052
196.80893506067179,273.8847021337963,88.6357438420074,130.92864579133777
204.35572076786656,260.66201044309946,90.75033778132695,129.84096460679683
226.1669277257835,262.69515959828243,92.11072815720293,129.23488201117792
241.0311363531115,268.0536311993687,93.64362348313955,128.9383763358696
257.7659583010852,268.3120284188726,95.11591853233145,128.42158189686177
273.17849663001005,268.7760465989083,95.88528460863148,127.49354553679045
290.24645969040677,281.4636380171088,96.83897342949793,123.17213166538536
306.68038275153054,283.3413328047174,95.09791421767547,122.87527396910423
215.03067088288174,209.24131627758032,89.98529909870709,127.19702280586617
307.50248827478777,273.51704150317386,89.05315149970552,128.13513741065688
359.39208515547546,288.1100656979525,90.8728584976461,122.79400209578377
290.4800466221508,348.3186432967668,87.76880469328923,126.52781933213683
383.1173153516457,246.23376490904124,83.98405834462098,132.40317470927363
397.75401394070786,235.9212919135236,81.80088818688654,136.09672881256532
405.24621715610385,240.3130695719636,83.84008958434752,134.12261662698648
403.92330183965,258.7987897569856,83.07634744696314,134.6564767301564
364.8413388886835,256.86527810154297,82.9315991237952,135.11877507473295
362.5565914193198,254.52676745809703,87.50109406252263,129.5682311148108
358.0600938242563,251.45297928167565,93.09176063509604,122.10649299743945
434.4176092686356,270.4195983585527,92.5324994810744,121.36688744550989
452.56670939081556,272.5596294005651,93.20347371404242,120.44765940487858
368.99141695743424,260.78575754021773,92.46710721425927,120.49122993425681
307.94270504604094,234.90483773415144,90.74746302248877,122.05696089183915
207.70187169003725,340.33337950590453,94.04106755018279,121.7566217146337
198.4591888537834,342.2240718040072,95.56956074423607,121.36661161411912
191.4861853486743,338.51196616808164,95.87447329521466,121.97027565635051
212.38841609570747,337.44552063263376,95.16361365685093,124.10316672724628
203.49985052623134,339.1029191180024,95.71327887179844,124.23386294131004
223.7206214867693,338.9871746879924,96.74909846393288,124.46535180132993
215.42334405121048,336.62364153144654,95.95940548020195,125.71556854345187
209.24323872541777,335.4851849038532,97.87039753391119,124.5094089326798
215.13613943150426,334.4674696490425,96.57186668080774,126.54483944230111
218.60824166871095,333.9970032009122,100.14480353677504,123.98005856176832
209.82199613084703,331.87776923047505,100.09463449263683,124.69399447866942
223.39041859740223,333.2870841509729,101.235191526074,125.41003988349217
225.51409304394517,334.2141221476837,100.55197931250818,127.12010056959053
230.80428623029258,333.7508577184303,100.7094293807685,128.04662942809736
233.22186383457404,338.43143594570296,103.0663161100401,125.87751491138668
240.6026316673474,335.7848334597276,106.30946946544418,123.96884427495702
236.04754510219908,336.21056483995034,108.17211595932577,123.11738151451165
247.89957378155398,334.6764622214692,109.95122799317124,122.54513398110888
247.19041551825032,334.8236616876577,111.36954451977857,122.25073504873188
256.9364737336149,331.5984942980762,110.26773676208964,125.02300809328676
262.35943704617216,331.2578559770719,110.53244251727631,125.70428473529535
267.6186355980989,329.243077764306,111.16907996924444,126.01549630888672
261.45405500761865,325.3366534805596,108.56479957032724,130.09498448141002
279.0298369703599,327.6367065296141,110.95919988919981,129.24947480773653
275.63900906581404,328.6660726627318,113.9607844165187,127.19074254150117
279.12540570335915,326.3378344335142,114.58045674156166,128.05098619986967
280.3924831461962,326.60869339260626,115.86579700560011,127.50926828168559
289.62552917625123,324.2319050940072,116.5576124198698,128.43126338400776
288.52787065595925,325.114788891495,118.75292946045373,126.66549578903224
289.1158281880778,324.5601820993341,117.57701439621667,127.774709373354
289.88813285290666,320.87032227660933,116.03240506655894,127.42848456323468
294.9001227917022,318.15793885906,113.67438427829487,129.0202718536698
303.0767211885126,316.19955984939384,108.78134496539798,132.93702987300205
314.53424986503325,317.60446349407516,108.67729000375587,133.92905631553919
