285.0,111.0,41.0,31.0
283.08635387480064,112.39132307161044,40.30280852936421,32.741837577813584
283.18609546727,116.26834851686364,40.103325344425535,34.1779283495819
282.8747252456767,120.63255370088174,40.726065787612114,34.800339619161306
278.8904039998396,121.30593952945381,41.56384838521999,34.642044611028275
275.66543776058745,122.0187444845943,42.01950812780292,34.41528924793159
272.80789678679673,125.00991168829673,41.72355272814272,34.443992187768316
267.0046689657916,125.7558550565575,42.54694126296379,34.15022401871228
263.36597617248947,126.39355123981954,43.79423462836638,34.08085009642848
261.12805389688714,127.0132091738003,44.59810313323665,34.06552624391172
255.40338717583398,127.6198254985855,46.15929163110852,34.08831171237068
249.99690592767533,129.22186865274034,46.890954685968204,34.664712694607644
244.54626320815166,130.72082216142664,47.54641513909604,35.50899004695491
234.76368111212926,132.8394650538334,48.84829461036696,36.48978561093392
230.26870765289726,133.60607923745224,49.79596728819868,37.63731532390698
223.6347843993921,136.20896969011798,52.07525623247182,37.925813199944095
217.32339792958618,136.0620504982728,53.39439743042348,38.21965158363443
212.4546940705008,138.52515139472422,54.50509779027473,39.04458802961137
206.37532019552123,139.8588472319437,56.386549914990354,39.313566533813415
201.14544190687033,140.42535718884074,57.83982207872363,39.681627355614154
195.30061408151855,143.936440098381,58.825771703057626,40.304965841083316
189.9978639776631,142.58915703019494,58.551259593761856,41.44524450359734
179.34129469390024,146.99069588950326,59.46769498021702,42.056029791628646
177.20111854368398,147.2999673942189,58.96931817629419,43.03039648364914
174.15496629352256,147.68469228169084,58.65608552065395,43.86233099769599
167.00590697862356,151.9990060967468,60.072160722404575,43.28498051011371
155.90482191518038,154.44719867097336,61.18449073556279,43.25548154175169
155.89376823943653,153.72197309124846,61.206598087050494,44.70593270120149
150.50202029832383,155.30038716534222,60.35017414750524,46.53764161948716
143.23021267432634,159.1122178270975,61.45574623486776,47.312757271371844
134.80247170950219,164.9764884928145,62.9278348174863,47.54907743207211
129.06453295612226,164.74140780225457,63.99026439934783,48.019238813192004
123.10293747077239,165.8561033958804,65.35681118284622,49.30872902167407
121.88862725622641,167.3766401619168,67.78543161193817,49.87031512193446
119.10502640649558,167.97839957722482,69.65769581533843,50.51426503934916
111.45262231034222,169.74550051488671,69.87083030298422,50.752981590190586
106.70343909128286,171.26846588174794,69.90112876260211,51.494278047868455
104.18293278048942,174.8742536443242,71.12966794923531,51.90764939262327
101.81066781769375,177.65654125266374,72.01084786083547,52.13809919693098
95.13251597574987,180.28486499776415,71.725344870636,52.72794028133896
94.78116071949754,180.91510642791957,70.47387791988446,53.421634884284316
90.23827267108535,187.35761255045156,69.82722933534677,54.16201719312719
84.67602338763587,192.85854449645302,69.259608230083,54.85227297328706
85.16040179119386,192.41724820280223,68.29085142296704,55.734865560588645
80.24014070029548,198.77331547057346,68.3780882620188,56.677330504889134
80.82625290966664,198.40008988242943,69.17308426451515,57.42378168117722
78.75167708008748,201.80597567973672,69.33922843828577,58.57802505733805
76.88273529985034,207.25446060384337,71.06444993753105,59.75702757649876
76.18282698245731,208.30519130074904,72.46426657231709,61.77207806338815
73.85127647730215,212.87629492203004,75.01508654857628,63.19127599108183
72.43643725255284,218.41262961272423,77.84476499807491,65.16552261264938
71.29628679788723,220.83265302239806,80.12506590740611,67.07522546367755
71.40709286261408,226.000863767593,82.21929008968982,68.31798553197473
72.64010115059081,231.1949298374291,84.4895483548762,69.77054049515213
72.38356708743775,237.8072040155304,87.42914299641251,71.1051512303308
73.55642803887467,239.40162422826955,90.07000529187198,72.90289500318582
75.21826637123208,243.8809511705175,91.87220898573679,74.19600183584922
79.32379694714679,250.69029503709564,94.10731245510561,76.2465610344903
78.89863697655372,257.9336125818746,97.63668178442396,77.83422227372552
84.27485180337604,262.72390694324747,100.67884542915414,79.28930818967982
86.95022854264984,267.5500383007757,103.81549822498508,80.95358717379472
94.16668151161021,267.65280597531887,106.80764599057594,83.6522274419604
100.0177595296208,276.87414447414335,110.07459655350941,86.1662996828479
105.90511678326808,285.5442429611144,113.7232253751502,87.33411470362836
122.8719002027663,297.3012679730943,117.7028404723109,89.09551930377329
132.83994678026247,305.47737409196,120.50882075340235,92.2365128683995
136.29036429475156,306.76345153611027,123.63673372767775,93.00727398118343
173.79354936746753,331.8721948119427,126.90353792127064,93.83750982453476
199.74122732674823,347.29289862824123,127.00527664685649,94.19435897842595
225.34183540857958,372.5104041070048,127.91203709834576,92.39345952837401
