81.0,240.0,36.0,60.0
81.89816205054159,239.19113847650715,38.70353639647549,60.1177695477995
86.4455835604013,238.70971840537095,40.43824949680913,61.080609690071896
86.2995053129123,239.73321171156246,42.32084428294104,60.624061368842774
87.31815134568002,240.95883710139643,43.51307405617183,59.78757150855796
90.14397931897062,240.40092388275528,44.34832527056718,60.903397945840275
93.02102683219368,240.59641150924728,45.20372469191453,62.16479630480465
93.57925788608162,241.01553368796607,45.77282286961191,61.32655194736709
98.41954607639363,240.56238310308484,46.1851581880716,62.23285311712952
98.23645995303832,240.18280171586034,46.5513304347822,62.99201589157857
102.40296699046102,239.4258118807559,46.819456181844224,64.5059955617874
103.95681233895277,238.84095960436025,47.206998810138046,65.67570011457872
105.09271458015405,239.08197898596197,48.478638662373626,65.19366135137528
106.72545781568834,239.34934510389257,48.783692338355586,64.65892911551404
110.1920638451007,239.67973475754707,48.97895787397603,63.998149808205085
112.08973240656283,239.84562544362987,48.734085309051174,63.66636843603948
114.86143626245843,240.4598038544598,48.48920731400501,62.43801161437962
114.89566772581126,241.14950234556792,48.42074438729932,61.05861463216338
120.26463994597836,240.292603704744,48.01006123042224,61.05120169990164
122.58119123827112,239.45404367375872,46.805814142935546,62.728321761872216
124.63177149300708,238.97933061079803,46.14542306500846,63.677747887793615
129.09457457236692,238.5078708127165,45.839718582559996,64.62066748395667
129.91854685615422,238.1024679446885,45.925010394232686,65.43147322001269
133.34460824250206,237.75096800930703,46.06051216955768,66.13447309077563
133.92955942004195,238.7932836791747,46.650375617438556,65.80960755400089
137.0768930609224,239.09366014306107,47.41405370913675,65.20885462622812
137.74684144915506,239.40593800281425,47.842202655277745,64.58429890672173
139.62829376899748,239.31828947019332,47.61046093940652,64.75959597196363
140.6166705097596,238.68003434018073,47.3981551998488,64.27165849002236
141.64235611093872,238.01972389874788,47.100337629599,63.83872574077964
141.6530903840754,238.60454555830182,47.078869083325614,62.66908242167176
141.65480293899967,239.00145290670633,47.075443973477114,61.87526772486271
141.71266177114776,239.21438454248877,46.959726309180894,61.449404453297845
142.92937875238488,238.36187164799028,46.229706179054034,61.45101640994751
143.07356915897643,237.28908510504255,45.941325365870966,61.90507086541662
143.09951312778006,236.87059192828136,45.8894374282637,62.74205721893901
145.00594915385312,236.33917014994557,45.48772116431516,63.80490077561059
145.99800639674112,236.6334694305589,45.21869654469748,64.93139208054214
148.25430922482684,235.60081857834066,45.88915659353188,65.26900521664338
148.6307495554531,235.54930241113072,46.880134347816565,65.37203755106329
149.49671887744736,236.05715946391703,46.90993964131794,66.11806738298054
150.5365742397955,235.94674033787965,46.603760193039065,66.33890563505534
153.0957548122068,236.02432203280554,46.800869212338895,66.18374224520352
152.98066980664197,236.03505219247717,47.03103922346857,66.1622819258603
155.69178401195904,236.11110865497662,46.9373974074896,66.01016900086135
157.51478001231067,235.03114248941614,46.836106459412434,66.39775080566925
161.16002786002113,235.1073414233345,46.65179321649613,66.24535293783252
162.75960429543983,235.17461004726124,46.99504284984583,66.11081568997903
164.4120529445558,235.10447496228528,47.239792658983205,66.25108585993101
167.15306677007197,235.9788995770538,47.10069867975463,66.28321452099529
169.90615229924413,236.04917958264178,46.93204815073288,66.14265450981927
170.98803445371806,235.66905710495644,46.54255148679706,66.90289946518999
173.8602845934604,235.42739501147588,46.13605571908542,67.38622365215107
173.6585695307172,235.63248661978912,46.53948584457179,66.9760404355246
176.48627734161298,234.68574643929753,46.225236383768696,67.08913207617834
177.33666185184427,233.68297539374853,46.30136742085659,67.31777410972579
179.10165354401653,232.6546809681122,46.334601863390475,67.5927540475593
179.90829427798207,233.008364011984,46.507626568269444,66.88538795981565
182.6450159726038,232.87404470091136,46.369663244762805,67.15402658196098
185.29790643345274,232.84971326075413,46.40468683153194,67.20268946227546
187.05235758239928,233.8134901746619,46.45894803515179,67.05671738521634
190.62315998815365,233.90847191009436,46.43844614697468,66.86675391435139
191.06958852835146,234.7792802758223,47.32265791511841,66.9022060314349
192.64393603608855,234.36432270655848,47.75835876566491,67.7321211699625
193.42329975761155,234.1849571515163,48.01156626344907,68.09085228004685
196.87622306317394,231.57107534007025,48.39186318277428,67.85400825510143
196.61077730221524,231.7299093919065,48.92275470469166,67.53634015142897
200.27161330930676,231.9041697950287,48.913625965043025,67.18781934518455
204.08063663409365,230.05918316832197,48.586372735254685,67.23239588870521
204.98518437716928,230.8817869847815,48.5952760467311,67.40518705341375
209.40600436584796,229.72153163976307,48.85746065677104,67.90493282597124
212.7500681410299,229.8037392778361,49.49993739577557,67.74051754982521
215.09099754266637,229.75818265194982,50.340212935410754,67.83163080159774
220.15380865162024,228.62981441110136,51.349813213400296,68.23249686731181
221.68497675256668,228.32571050308098,52.044453386344465,68.84070468335253
225.01262248163934,227.4050232743504,52.985576934363856,68.78297538927258
226.6896689546428,226.2608644579911,53.45863680116979,69.15771661558469
227.2857890712571,226.60825150052833,54.193401972479435,68.46294253051026
230.8177440678117,225.8460914748959,54.84279328457306,68.05893725547433
233.66000136040202,225.80210379344777,54.95626075291363,68.14691261837064
237.73042627640993,224.71395679938217,54.55880444214772,68.38735822618936
240.6980193253349,225.61182384213046,54.42290583806748,68.52471997194931
244.45352130565155,225.93703866898804,54.64388792668257,67.87429031823416
249.16695215757136,226.13533783383235,54.85005445360921,67.4776919885455
250.9861322515038,226.227327261173,55.059401264197895,67.29371313386423
254.47861353610793,225.54464044752697,55.77208293540191,66.73467570105316
308.30767714385104,227.5811717536548,54.11590863244025,68.44353779311706
310.7911230464375,227.37051166699618,53.00255693825481,68.86485796643426
313.1127092127994,227.5052863166295,52.18959124469598,68.59530866716761
312.5354616472691,227.73880119716287,51.4463534964005,68.12827890610089
312.99782328329917,227.78334270112938,50.52163022434038,68.03919589816785
315.04536626545456,226.9691042035031,50.15053960436583,67.80567522125239
315.36338826704286,226.2730457509731,49.51449560118925,67.34542309103338
315.56871495952265,227.3280777204361,49.10384221622958,67.07030928756592
316.6519014231301,227.54298017886754,48.761505728467,66.64050437070308
315.90860366839865,228.4769948859484,48.43620762376614,66.5843685707051
319.60564442339194,227.48562113196732,48.26493469328862,66.76141393378998
307.80865263537675,228.97701346950964,48.38645366137348,67.38977765992772
312.32037319090665,228.68148313946764,48.448498826405654,67.98083832001174
316.88852899355084,227.45709778075758,48.44754294849856,68.60253789195565
315.85723150835736,227.4390884378567,48.67367398468303,68.63855657775738
316.01564187412936,227.8064137537374,48.35685325313901,67.903905945996
317.9502172657797,227.15360620385547,48.13649687364034,67.38512384385876
321.7280814162227,226.1895371024106,47.83242294864361,67.5003484527762
322.5299805143653,225.81377949574338,48.038274442470694,68.25186366611065
327.14978168733353,225.25002529354765,47.92072832046429,69.37937207050207
330.6436376706916,224.3620990189688,48.29102388631825,69.3157227365172
332.1821168676439,223.46808559432895,48.90338763666754,69.25908851366998
335.9134883826418,223.14606366248483,48.85628736216253,69.90313237735828
341.6537374255907,223.01007046331682,48.55301012633642,70.1751187756943
344.4369912684946,223.15429188905023,48.57240285211808,69.88667592422749
350.19993129810473,224.705778201562,48.19411854865453,68.64163592516341
351.16548779848483,225.16554426212642,48.09588078989451,67.72210380403457
355.914396113086,225.6635202949522,47.68479719323588,66.72615173838304
356.65708795320757,226.37738507203915,47.99491163013847,65.29842218420914
359.192930978913,226.7448565109491,48.260036646503195,64.56347930638924
362.11409112123005,226.06016609246217,47.73403014055419,64.16075555046802
365.04917609889173,226.46270559694,47.13596747674711,63.35567654151239
366.13352446485055,226.6334075972801,46.70260332672101,63.01427254083215
369.7882544041626,225.13582062305727,46.2853212639574,62.56335758134755
369.9687429777341,226.36250210145846,45.92434411681437,61.81934832658746
372.65670657407935,225.84331003687308,45.624803224640914,61.165603688919234
325.7781718449189,225.78831012922018,45.45414633104407,62.952884331937895
322.5237074040172,226.22535475658407,45.15656311314526,63.78042310213563
323.26117576926595,226.00100732522574,45.390890395220964,64.22911796485225
323.41388725458165,227.25674413417215,45.08546742458957,65.15747393299992
322.4102255931736,227.026503002256,45.36389034595355,65.61795619683222
322.30893834881556,226.84062680949359,45.56646483466968,65.989708582357
325.1130623614791,226.20873766730028,45.20646003017878,67.25348686674363
324.0296701151523,226.0354834060228,45.610750488474,67.5999953892986
322.96602001626303,226.86660702202988,45.96363175898375,67.71216708455324
322.0831579017419,226.06918565801413,45.947395589461166,67.52504941401992
323.6986871324212,227.16830505510626,46.27408157200304,67.10568284178588
323.53069816256385,226.32466048760222,46.61005951171772,67.01501419410297
324.2665209125667,226.5554497258381,46.92055736343691,66.55343571763122
328.59179321948955,226.89403802121768,47.17147685183443,65.87625912687201
329.4013389216488,226.76665867084807,47.326562015985274,66.1310178276112
333.869393658497,226.65610199779428,47.293391710775026,66.35213117371883
334.01228928676886,225.33408585124016,47.00760045423132,67.21277305386448
337.60710641186745,225.51322479251314,46.984751621219516,68.64619152561488
338.5157016977016,224.39670359911634,46.980515208418694,69.06627975354107
343.99359572061877,225.22092660636508,46.94002032735909,69.23704926650598
344.7677149895144,224.46036592114783,47.212898622672974,68.93705380383547
348.4518138831712,224.6148011351808,47.129169419157336,68.6281833757695
351.28701008741285,224.7421318604239,46.90399714654161,68.37352192528328
354.9496696650558,225.74122359472005,46.808700963882245,68.18284419984766
356.01454399550056,226.0416939059526,46.48200507757345,67.58190357738256
357.84734616011576,226.28430460444707,46.393565160283536,67.0966821803936
361.425723454557,227.63829682223155,46.35600259507498,66.16849575074306
362.5469515645839,229.13906711065624,45.8787053551809,64.93211415405338
363.61040496978296,229.69291786782176,45.49038975379355,63.82441263972233
330.3256314249063,226.1462302814125,45.158196426875705,64.0560708467284
329.68430418088286,227.6654533574893,44.72739027493124,64.44454597455753
328.0664196085496,229.13799788850557,44.53872180154582,64.92389453057699
329.81830788200506,227.10699021535405,44.4676080285413,65.55324710297356
325.39168432913993,229.68991328994323,44.69766191230383,65.56131688697583
327.221533789046,230.20485588443373,44.49510885718992,66.260004630344
327.1922828351791,229.9734827435782,44.55361076492376,66.72275091205509
327.0614730485291,229.80564123599672,44.81523033822383,67.05843392721802
326.98049679499354,228.78215368421797,44.97718284529486,67.352346346379
327.7522718506136,229.64086221124828,45.19380629364639,67.39510285191004
326.84917583509906,229.81365999965166,45.23558350163327,67.04950727510328
326.6986229612486,229.06662773202288,45.53668924933421,66.78366465847887
330.19245941808356,230.3017466219095,45.59259616120417,66.07432183509056
327.46158188452705,229.81022488340645,45.80098098889759,65.30624189895677
328.3107308023607,229.8639657734408,45.84564958084003,65.19876011888806
329.21347813194365,229.23300260398588,45.78223354222783,64.71860783724426
330.03699851207807,229.38296065913767,45.8689637522996,64.41869172694065
330.0217345383684,230.28083818302224,45.899491699718965,64.35359761215557
329.1801835537655,231.0101952489831,45.85241562150356,64.62506152765492
331.02163940469757,229.9277216132643,45.63652808742184,65.05649671520125
330.17482298722365,230.57543284563206,45.59368339790707,65.49755177492838
332.004123622331,229.37753229364625,45.41995056917544,66.15091865815853
329.13954925546466,229.96226429315064,45.90083205463421,66.73087707524103
329.01517287941164,229.85360630254974,46.14958480674025,66.94819305644288
329.96750237061525,227.7932676845581,46.018447976697075,67.5218259876979
330.684716757558,229.61810980797136,46.36402018474274,67.4321437047336
330.66601356348554,228.62195528858163,46.40142657288767,67.64008190712839
330.5837677858462,229.433348484526,46.56591812816636,67.80542159798415
331.55329399082876,229.18382268715584,46.420207972113175,68.30447319272447
306.86259711321617,217.38455146377856,47.243409897365964,68.52314549912191
312.01629873022216,217.9516604062889,47.828281391839084,69.2043067355154
320.72746037248544,221.12672409964375,48.75926902924436,70.19550371757839
321.193513038157,220.69230002844748,49.69284754616541,71.06435185997093
325.4145629415722,221.21295415666583,50.7218880108321,71.91727165783371
326.1334268484811,221.5827458232328,51.208261130584845,73.10178925827026
326.8873542489477,222.1334033547614,51.65043980047869,73.95050766604002
330.7660716137226,222.57677514111413,51.77363844699556,75.03392243735126
335.8739870882177,221.02824515551842,51.50057174864003,76.14242955841583
339.23722408678316,219.8425189594946,50.77631641754904,76.51314239511682
345.13400189693175,218.5339031047834,50.948491617623425,77.13608563447725
348.1113483802708,218.67901702075375,51.013336202637376,76.84585780253653
352.6015485308594,218.97971458099266,50.04585712969261,76.2444626820587
355.3456045052019,217.9792201842961,50.492034713131545,76.2673549647439
356.1502708935101,218.33625056555826,50.86856873898578,75.5532942022196
363.0993565443334,218.82770923271576,50.840091385343854,74.57037686790459
361.75478436173324,219.49189910951154,51.563126723275744,73.24199711431307
367.61076270192507,218.61901876838274,51.59921970308463,73.02974951987187
367.50942705313133,219.59363757465428,51.80189100067204,73.03590529175844
370.3112196348551,219.9219607634497,52.074786519123876,72.37925891416761
372.1074883732847,219.90818264909103,52.38899783353281,72.40681514288497
373.039640122633,218.8757990820655,52.48365176486304,72.51262484690918
375.1586629596597,218.6769923855172,52.169841021539,72.91023824000581
378.31537089344124,218.4931039454968,51.74537551424312,73.27801512004656
381.2003980292702,219.67498045053378,51.85999652714876,72.87582053816053
383.8006340035913,221.3116017799125,52.53160782647369,71.55993896205874
388.36054796152195,222.66744393294329,53.15400676986111,70.79670002784692
395.30761975140376,221.72240576404914,52.88907359933972,70.73974630717206
393.16111150507487,220.54895118176447,53.29842967169504,71.14482526159013
396.08234952511526,220.01544514741474,53.32002877688021,72.2118373302896
400.79736859426527,220.6735576559897,53.74636649184901,72.86688748379338
399.81181091712256,220.28699407130804,53.729264492221404,73.64001465315668
404.1135711476471,218.3601933433971,53.12446022229565,73.49425801341692
404.04480109039844,218.14184517022355,53.26200033679295,73.93095435976404
405.1584938296392,217.4495224997718,53.03103091115973,73.31918364781922
408.1606753047663,217.40979552961358,52.976700039966644,73.39863758813564
410.49407193740745,216.10495468740947,52.27721844126867,74.0246634392517
411.4290636861451,216.0210783510849,52.38885596709386,74.19241611190085
412.23621967925106,214.88656818765372,52.760543063766264,74.4754373558789
418.3412894985599,215.86809032586922,52.52884915069019,74.50880070037152
422.13827936974775,215.0975899586005,52.90724030089116,76.04980143490896
424.9234649103823,214.22845964086383,53.40475183082765,77.78806207038228
425.46711632424933,213.59996466464085,54.374537265294336,79.04505202282826
425.0026983458475,212.52579453252287,55.30337322209799,79.10129559831456
426.9501830304243,212.54499250903015,55.62499976018327,79.06289964529996
427.7937979625121,212.39516010084358,56.0507952274842,79.36256446167312
427.79990087639385,212.46075533120717,56.03858939972062,79.23137400094592
427.7258207555451,212.66878016670574,56.18674964141816,78.81532432994877
428.85728399874614,210.6566851847819,56.042360528361115,78.60243954710636
428.90624428784275,210.60652081477429,55.94443995016789,78.7027682871216
430.05543277019035,210.3497057107999,55.75890573514003,79.21639849507038
433.4046412399579,211.34821128763582,55.41315419698656,79.3369424751924
433.54118630428195,210.00506075145836,55.14006406833849,79.90957248932457
435.8217508974847,209.87284219792636,54.8145432090423,80.17400959638854
435.706630534565,209.8518726542135,55.04478393488175,80.21594868381423
436.9087626947778,208.74394720269,54.76136899251317,80.31095020880417
439.0367716573488,209.24734040699659,54.74052772527688,79.30416380019103
439.0730429896252,209.5992309325881,54.66798506072408,78.60038274900799
440.08317701740935,209.96890072363496,54.73795411808525,77.86104316691429
443.1621112801295,210.40565623966802,54.820746998021505,76.98753213484817
443.00107612699827,210.89328905286936,55.14281730428396,76.01226650844544
450.02632778751956,209.99598710579943,55.50452364162952,75.74798330852992
456.04055046538946,209.7280708194848,55.84095850162585,76.28381588115917
462.01892654156643,210.4971449473398,56.331022689716576,76.82013701552333
464.1458763215191,210.20488827209067,56.25842927777433,77.40465036602157
461.3669496125462,209.71261762295552,55.52127910703546,78.38919166429183
468.63103646702456,209.60177329152822,55.70097991946701,78.61088032714642
476.15050791872005,209.48942497986016,55.414122976391226,78.83557695048255
477.35973032472947,209.26632452347496,55.10178770348939,79.28177786325294
479.5469702090834,208.74833126174093,54.94269736574854,80.31776438672102
479.56403611504254,208.50212218635158,54.90856555383025,80.81018253749971
480.6091062554981,208.60817777482737,54.9459753025011,80.59807136054812
480.5980690323753,208.9249502942363,54.96804974874673,79.96452632173028
480.4354408946155,209.85219918282004,55.29330602426626,80.2258159384307
481.4626821251638,209.0532855603628,55.363934197607776,79.69853254890707
481.3836386998911,209.78859793254333,55.522021048153206,80.34622742387953
481.38973841871314,209.6902467247026,55.50982161050905,80.54292983956094
482.4635643804386,209.22194084584876,55.495646542312194,81.47954159726862
483.21024335878064,209.1235119570299,56.14965331146046,81.67639937490637
483.7525168649808,209.2172835035436,57.22626857524834,81.48885628187897
485.6162253976386,208.36611334487066,57.85109204981338,81.01507632928455
486.3933734468033,208.48068909556503,58.476045295292515,80.78592482789583
489.3627762563918,207.56149361360184,59.09540472944158,80.43826077404688
491.10908594533186,207.75577558599485,59.984674980392235,80.04969682926084
492.1400394200163,208.43438097117883,60.122366910731564,80.89208493860113
495.5815966170973,208.87336810627042,59.88326232920477,82.22878060596297
496.9843257358064,208.25724187958838,59.30886180079976,83.46103305932705
500.5190422114148,207.796355668251,58.960291277011535,84.38280548200183
502.6519873799984,207.83404047547498,59.19135795964477,84.30743586755389
526.7217772477785,210.58211333477578,58.32599952123535,83.31359693915707
531.7433852724123,214.04620766634545,57.17018451614186,83.05095905914838
531.0906246357158,213.00220027660862,56.276922146463114,82.9401901955503
531.5046498784465,212.55373451619965,55.44887166100183,83.83712171636824
531.7902846715817,213.43831365253862,54.877602074731385,84.25002439258773
529.8563475787421,210.32006896128075,54.38798579794441,83.95027808140387
528.7773190209103,210.006335759197,54.37995897228224,82.41166054424602
534.0239097598144,216.9796819464144,54.60108329523578,81.32213513072524
532.2074986044813,213.90504090922366,53.973590944541826,81.08094521306666
532.5206498095442,213.6907352968395,53.34728853441615,81.509556437835
531.5954642374443,212.29802558800623,53.085538631627415,82.1828548085131
533.6468233126723,216.6395493112097,53.218528650493,81.971223700749
533.796430066337,214.72057086215347,52.91931514316346,81.57537983541214
534.7238128509164,218.02313147715367,53.170523084268495,81.28817913620328
532.5342948442461,217.07091505124066,53.337852139778136,81.08675850911378
530.5315113378506,215.6366670601549,53.13218522865328,81.84963752932737
518.1543746221315,208.55460561088535,52.52281581590651,83.3319390057741
518.0796306465799,206.26111087877496,52.6723037670099,83.66763498146673
517.988684754917,206.09169959715447,52.85419555033567,84.0064575447077
522.2401377936793,208.42866707895544,52.91641723820881,83.61508646380469
523.1377235801368,205.72066816427673,53.257717286374074,82.62166942992144
524.2067527691466,208.7999383080937,53.24696367835837,82.84504345229914
523.0857377823893,204.33521768590865,53.358521699935125,83.25259688891805
524.2612857876552,205.22072788555067,53.145865944726424,83.62001674495721
525.4052827614449,206.06875192471026,52.998257064460624,84.06435373395165
526.5682493010046,207.04370553098425,52.81688462868563,84.25900716474786
527.4099015706963,208.38764198166368,53.278011479292985,83.71556565337977
527.1296971366303,209.55231485765853,53.83842034742493,83.53024536429535
528.036374981201,210.55016870640114,54.17568016371319,83.68515317223972
529.126427232867,208.9999318136078,54.15414238028517,84.62706023792259
530.3019366580295,208.54553612493294,53.975442894779576,85.53585161527229
530.2831028181469,202.80471586203257,54.013110574544854,86.10284903076348
531.210957784188,203.07805036192286,54.34943636259091,85.55618003098289
531.3764336595525,203.03542080412865,54.018484611862036,85.64143914657129
530.470847207712,202.68814659041462,53.64442923452218,86.33598757399938
531.4999988913007,202.77392412728884,53.775460942086795,86.16443250025095
529.324980396374,203.8005728537969,53.74755509991117,86.30010646324936
528.1646989377513,203.79147133233866,53.877588326435074,86.31830950616586
528.1634339054518,207.05759255081017,53.880118391033875,86.36501539792553
