431.0,353.0,57.0,130.0
428.7916132712957,358.5860347108552,61.41677345740859,121.71617064515763
427.2052021777081,363.3106295716303,64.58959564458385,115.11161210614513
426.23356405449215,365.89102508836334,66.53287189101572,109.95082107267905
426.771677640796,368.02189600489044,68.21480866611094,105.68907923962473
424.90824565359605,368.4015306726315,69.2189713422191,102.20710860585096
424.86348381920993,366.8631206285526,69.30849501099132,99.90973242129861
425.55760445711525,365.6694862352198,67.92025373518075,99.64306308165254
426.1733071425851,365.6741073896295,66.68884836424103,99.63382077283306
432.47409500899437,362.1722747682656,64.51278110113387,101.42473178070513
433.79631251316624,358.24349972440814,64.46532183529747,101.491354640898
436.4937012722023,357.8017557172643,64.26490179047144,102.37484265518566
437.8708103649444,355.8876640974387,64.11771837669296,103.59599112313109
439.37834105575996,353.8948592850112,63.72546102145439,104.95879672159353
439.2514442704605,352.39625672114755,63.97925459205322,105.31947227557944
444.41867164148107,349.5529829549137,64.22950260318973,105.71366843145822
444.2940541715119,348.01473712252056,64.47873754312805,106.13389861417647
444.2260544782405,345.3765027138393,64.61473692967093,106.07693126630564
442.8425559721513,341.31967678237964,64.71357553122867,106.1861078973628
439.992864081189,339.88363871282655,65.07006192677227,106.38673534327854
438.5959134157743,337.859393742355,65.1835267912387,107.75478881785871
435.66032862911777,334.77770683112414,65.64923572805264,108.51270200382136
434.42236783888035,332.9561378460598,65.40329507163226,109.4339777370548
431.49798715880036,329.8595205176114,65.78920102265971,110.16435698481901
431.79771697452907,330.6073750910758,65.1897413912022,111.41745155398777
432.01345238924426,331.22849880198356,64.7582705617718,112.93249738471903
429.45810560303005,329.71921525548754,64.32406279035915,113.17861380579049
423.89021352144914,329.8001798531919,64.38495902282685,113.01668461038182
420.9689571704355,329.471138235456,64.6927537925002,110.90740887967655
417.18427104704773,329.24149202180604,64.03819674380644,111.36670130697658
417.6818061554454,329.93481387266144,63.04312652701117,112.71708547794705
417.62713400585227,330.1596320889836,63.152470826197394,115.00755116143108
416.4632608295905,330.62888805461125,62.70441694782968,116.84483946106695
414.3911897581514,329.60413628130635,61.25810646746586,116.09911669605569
413.69265161365297,329.72121241157777,59.89573843650652,115.86496443551295
409.8756400946029,328.8878533871316,59.332034850628546,114.79910694307921
400.4346382759281,333.7237067973698,59.26350379014654,113.24905785024492
391.0455807323614,336.29535441748084,59.25872100255495,110.78903373498365
383.5234912367777,331.16646764718945,58.420900986346496,110.4588079373159
377.498522899664,330.9564642960581,57.331992956232284,110.87881463957868
373.98091514371697,332.20099641855626,56.52155020270233,111.00496981639024
367.90031348918956,331.58857664166703,55.66725933840665,112.22980937016872
367.9454843137298,331.8344552281845,55.57691768932611,114.34432025434498
362.8828328523573,331.0100337427847,55.15977266612849,115.99316322514457
359.9884495864444,330.8826766888757,55.64370525351238,116.24787733296256
356.81319003555313,328.12004577286564,56.66510355099567,116.4440183606835
353.92958974898767,328.0556317948947,57.061935514860195,116.57284631662534
352.3570984107791,326.7571034479116,57.51296203016099,116.47594684947515
348.25453612183003,326.9265716870538,57.6170010560914,116.13701037119073
347.11844247483157,327.03701071785775,57.191981816237984,115.91613230958288
340.7983403659987,329.7112464085674,56.39913184965313,115.94088260186376
341.01159851660935,334.6307520451671,55.972615548431804,116.79473147450636
340.9768240236597,334.84246509164353,56.04216453433121,116.37130538155361
335.77260144661557,334.8517102176827,55.75742897447739,116.35281512947523
334.15923819054376,337.0862100530992,56.31608450831251,114.55188643695075
331.47959071044784,339.0428307515623,56.372429017081785,113.29012026573588
331.7375411788436,338.9071082401956,55.856528080290204,113.5615652884693
329.40377049876247,338.5726883194505,55.266016792856206,114.23040512995951
329.17439000866665,333.64669978992737,55.72477777304789,113.56819865484592
326.730535558664,339.271072761423,55.35881057312578,112.82680491170957
324.29486145883953,336.92703818979237,55.010855459530575,112.29557074172675
319.1262977287178,342.88442261060925,54.96458442800805,110.76420039185899
317.8863675246886,342.96427730663794,54.87179140360878,110.60449099980165
317.53890369429394,336.7559549937438,55.566719064398065,110.17758850056632
316.051959104557,342.01660586735716,55.966125915377624,109.95421606731712
314.54198463409597,339.22693368463456,56.40796859705457,110.3773479142722
311.7009437604654,339.271421770223,56.90618029133336,110.28837174309533
308.7065216881335,342.47689900139846,57.696589589114666,109.07585212762702
300.71112514842906,345.44982197268166,58.11743489058768,108.31998877770597
300.6634814663748,342.67862168934636,58.21272225469626,108.68022523392554
296.467609110632,342.2626410111541,58.810406401288134,109.51218659031002
296.2545051177951,338.9657285247382,59.236614386961925,110.86498456472856
295.00193780596965,338.18795706905183,59.09400976534189,112.42052747610128
293.75892007214185,336.6836714550997,58.91186637800643,112.7609198490144
293.891862547566,337.739606241232,58.64598142715806,113.31910175103306
293.90029344283107,335.2882631101079,58.629119636627976,112.8744370914855
293.57218681743063,333.96083932441775,59.28533288742879,112.86242951119146
293.5502911796677,334.0966368539191,59.32912416295467,112.59083445218869
293.60588859861525,335.2427948939854,59.2179293250596,112.9732402641321
293.7269384232174,335.0224234909689,58.97582967585528,113.41398307016499
293.81013799940314,336.2875123817847,58.80943052348376,113.56455182347275
295.1558538202031,333.71449812868224,58.7980926467791,113.35039279988735
295.30792249023546,335.300017729149,58.4939553067144,112.85610728099272
295.39754337597543,335.41270165712143,58.314713535234475,112.63073942504784
295.5811199911493,337.0856586336009,57.94756030488671,111.94268967163211
295.80454904058774,337.1926824591788,57.50070220600982,111.72864202047631
296.23413470868576,341.3989326156075,56.64153086981378,111.20794260213826
296.65854528589784,341.4013343347551,55.79270971538962,111.20313916384309
297.01607445636813,341.040364251959,55.07765137444903,111.92507932943528
295.6506541114613,343.4497511132488,55.21689978148015,112.28949017242104
294.2763675611644,343.4224503631239,55.36613777382048,112.34409167267071
294.16565500605503,338.37998082567003,55.58756288403923,112.01814554936257
292.5398172703434,342.2664660388085,56.23744760569408,112.05054737239067
289.87239397659886,338.3384480554346,56.345269056347135,112.0660456338843
288.34185635228897,337.26574087772195,56.79074040463521,111.59585608897794
284.35550436146104,339.2646577502682,56.91421866470142,110.2144309177487
279.1758729709154,343.6343230773929,56.88039964991795,109.26991161040547
277.73978301813713,341.4320509170801,57.168761836747954,108.50682049357788
274.8398543315049,340.4653984548622,57.81350168776406,107.86256665688936
270.8452926060632,342.087281422829,58.06521176962279,107.19793851063066
269.4384720351139,348.9508574621243,58.30519848639808,106.3390585576569
267.6818313183444,348.11923066319673,59.25339104530196,105.43722328087694
265.8026263990896,344.1565238377354,60.443869005992426,103.0909094205231
262.38012501061127,336.7211718800787,62.1821436769701,100.0880649649099
261.96366742281145,331.6362323231744,63.01505885256978,97.56821442790947
260.66577464339883,333.15368595201767,63.096652193873524,97.04749938774435
257.53826145065085,339.59350121939684,61.828438977302156,99.21434805712056
256.1503817749201,335.9814110101904,62.085234223909524,98.88163616097104
252.67987205818702,340.870805871657,61.47135722812552,101.69434048678824
252.75705558511658,335.17285799791705,61.31699017426641,102.89045657969362
250.192343035046,336.69233573715167,61.316133220420255,102.41664212821797
247.80786063756028,341.9374482964869,60.968940057971935,104.71681190309712
240.51457813207656,349.45328562762546,60.03719014573106,107.78983798456296
239.49302409843042,346.0828161554404,59.46423625766151,109.29865301820942
238.63296896286823,345.24031569327457,58.55579082110501,110.98365394254108
235.95481483463402,348.6532239034086,58.636489429198505,112.0712519948354
235.4045418003256,348.887810880732,59.73703549781534,111.60207804018867
232.50723525071882,349.27940255668364,60.19730924622699,110.81889468828538
227.39294554740792,349.49666099472984,59.771853682379714,110.38437781219298
225.4254486755616,349.75117631043577,58.40719739049612,109.87534718078106
224.9366079160336,351.2415286301174,56.76593003212779,109.51359141884208
222.93560136159655,352.5344797520574,55.59708949953149,109.51311599569733
221.73937028518822,350.9705294740113,55.42428261375824,110.07574751319966
221.6579939410215,350.2562707426754,55.58703530209171,108.93373639868628
229.20787099440247,350.9943328298957,55.826884072489406,107.45761222424557
229.41104759031762,351.58854447738395,55.42053088065908,106.26918892926912
234.3898906391635,353.18499516961884,55.52132224637586,105.59090691065151
233.83596791643365,355.8752537999948,56.62916769183558,105.22315500806387
241.06891519540594,355.0724920395405,57.28310486536502,104.30870657372682
246.6613868628646,354.23440720742553,58.68650930122299,103.4672066838017
252.81711388247288,352.9457180814308,59.02075884724408,103.51544421874361
252.5828628481952,352.7698277741505,59.48926091579946,103.86722483330419
256.1268952869184,351.36767245506064,60.04729777435574,104.12283489281637
266.6559240455582,351.12917080081917,59.48489535649122,104.59983820129932
268.0595860490887,350.475473952999,59.23704849305675,103.34775475331323
277.4148214275744,350.2377397019837,58.28363796777926,103.8232232553438
283.9728953038141,348.9776366923186,57.80526611210645,103.81587409531267
284.41320684144586,347.2043680796361,56.92464303684291,104.8431126814964
288.6888866962795,344.32002726429164,55.93156505782012,105.5729398250888
289.09148082726756,346.3226768091598,55.126376795843925,106.59396623163416
289.04178069485846,340.8642991294865,55.225777060662196,104.9390864040313
296.54467377123035,338.74423901668257,55.17031879443847,104.19576400079902
296.8884184772096,337.6061742978427,54.482829382479906,103.99205722541087
300.6994513477121,342.52239758603247,54.25586030349848,104.01973953172941
310.52492644790095,340.4932998545528,54.29720163899245,103.15486211072094
315.91088424713087,337.03932753918684,55.77295866562938,100.26466864137538
321.8338020498569,344.232323607827,56.08804600291215,100.47178403537677
323.1185058114846,344.2760000635026,55.95925320618241,102.8250458505514
327.8182116684205,346.24399310994795,56.45248423428958,103.83538112865023
328.53690925231433,345.05520497549895,57.51158248690652,103.71646397714353
329.1511699126237,353.15497507851455,58.79588451020277,102.59386383460205
331.79933913669635,351.44422600535034,58.535675445501894,103.49729728920828
333.1084408013221,350.79283316407293,58.44449378716567,104.80008297176315
334.2333500917662,356.9322643742275,58.73941197218713,105.244904381002
337.1742316792752,356.6395722507714,57.970320970913406,105.83028862791417
339.01488536478627,357.2321636853505,56.840874867194515,107.19696702605928
340.6135350632046,357.73207722811674,56.19623760334484,108.74980207351365
341.1913394610542,358.6277909703816,55.040628807645646,109.52277732236925
340.22860191078706,358.06249957500273,54.41030763015365,110.65336011312706
333.7744742764003,357.0033320852225,54.511434731243,112.77169509268751
330.8188428734338,355.8364933916875,55.23443634221495,112.51124188227713
328.1251806908639,354.58467544065763,55.4159984179202,112.41199663961953
328.20414739618326,355.04427514727166,55.25806500728142,111.49279722639139
327.84513268293114,355.52622614072453,55.976094433785605,110.52889523948568
327.39275729237755,358.6691558422672,56.880845214892844,109.41644127371836
327.25412331963173,360.64929319270993,57.15811316038445,108.04214440801289
327.5081710265369,363.42622237078064,56.65001774657408,107.62936873663662
327.6923694740724,363.7633501938335,56.281620851503135,106.95511309053083
327.5018258775231,362.8667319883031,56.66270804460166,106.20884669829033
323.9675241012659,363.2370315048914,56.12612191223099,105.46824766511384
323.8550198566376,362.22673122303127,56.35113040148761,104.97388814444132
322.7276573817338,363.37830216597206,56.09431741702734,105.18228419282752
322.65548017927443,363.99027147229987,56.23867182194614,103.95834558017187
321.93859998047594,363.91213110182633,55.17778334573981,104.11462632111895
321.05588007226356,362.58291499764755,54.46445258298701,104.29428795029895
319.8821390492559,361.6813940136318,54.34277664145473,103.62817193078291
320.4422843243498,360.4563497169047,53.222486091266916,103.62098429399278
320.69512762393896,359.52474705343064,52.71679949208864,103.04630115870339
322.1398307992709,358.4347794173333,52.248131390849714,102.8054981814731
323.7021755755892,362.04179322065403,51.53256209831633,102.81883135514137
323.343849699975,360.4701600235664,52.249213849544745,103.56514687310005
323.6735402929809,361.3285354012023,51.58983266353302,104.26866843481746
323.7396379088831,365.0489344597555,51.45763743172863,104.0853548079514
325.5881652475608,364.5870502195188,50.17477207359023,105.0091232884248
325.3222357715876,372.7725254508464,50.7066310255367,105.47595346984343
323.7619120883179,373.2856179790808,51.405812808120075,104.44976841337456
323.5331581125903,373.0771139953002,51.8633207595753,104.86677638093579
322.17430982987327,371.9116709778799,52.148367881459905,104.76501297222687
320.3729548590899,370.8909445530875,53.31497995541556,104.37036795420056
313.2150173247854,372.3084031216875,55.378470109018686,103.98592780000175
312.60141323959965,371.07292466671413,56.605678279390155,103.97656524563007
304.9186361114827,368.5033871700251,56.96406379963398,104.11325066034475
297.54412346762854,366.88090882304573,56.65707297061015,104.8488713348481
296.576814574624,363.5158991850871,56.07675637247249,106.54902184247189
295.8701900720063,363.079424746485,54.95999301106106,107.4219707196761
294.58181141058543,360.74427167095155,55.01313934869117,107.04505490031968
294.2181372063054,361.440418223229,55.740487757251245,105.65276179576475
294.2335819148653,362.6380467497322,55.70959834013152,105.76856143724928
293.64435357869286,364.89192465675967,56.88805501247636,103.7730348056017
294.47607906944506,364.8943484359198,57.72762151423904,101.26516976401439
293.6963318133957,362.7820626529684,59.28711602633767,98.04900970169439
291.89339845796906,364.0290658918635,60.434118596779044,95.55500322390418
292.0885147561847,365.3089264895148,60.04388600034784,95.43618814930684
291.09859488951474,363.6041201522287,59.59113144788427,93.98061225227238
289.92167079744405,361.9304394364623,59.5417339829398,92.52148238563355
290.26441297512275,361.935724716226,58.85624962758244,92.51091182610611
290.20717655366957,361.0014303451969,56.60176317776073,94.37950056816429
291.2682565144654,363.69964157230567,54.47960325616906,96.06000892201928
292.8806692638352,362.2250783898145,53.602763429596706,96.66114961483436
296.81394896247605,363.64704928509303,52.76204381272305,98.50110101121598
296.8289740826981,369.1436100048658,52.731993572278924,99.28154843691422
295.3497482155494,368.9395766390235,53.32475749708141,99.68961516859885
292.51353095775175,373.2672256235898,54.23347383926604,100.56175354628786
293.43337432280583,371.32913715035056,54.80405844456223,102.02765915736194
299.24898246400454,369.5903246824612,55.381038399344305,103.06364484570489
302.5479828446451,370.78845861075547,56.18338582228675,103.13415971719073
310.189020822373,365.24141916459644,55.79061781155234,104.30203331302783
308.99840585673945,373.56730348460496,55.67980858145992,105.0945388025268
317.60401848625986,361.2207826074932,55.98120798073987,104.76954533057796
318.96688500748525,361.20463223517805,55.75766465325107,104.80184607520826
321.2964747022137,357.8335093194657,56.09614965002527,104.04759532728625
316.51119609412666,365.7587480847292,55.692607600422235,105.65179151186902
318.87005903562243,364.82309532411676,55.995322060606696,107.52309703309388
324.69541718777754,365.17733935416186,57.059250671837134,109.35753795611188
325.39866805948975,364.46402124221567,58.240930590067464,110.78417418000423
326.2933472234102,362.8250906680723,59.08103556012438,111.43257203039317
333.00796945890613,360.34250757010113,58.918916366463506,113.7443131708693
332.7405226467132,358.5571972023854,59.453809990849294,114.63031552655045
333.7447805339531,358.8302253261364,60.15213168441204,114.08425927904852
335.2732004577191,359.2924431591729,59.8061109435736,113.15982361297556
338.0771789941295,357.03799619091114,59.58071583679086,112.28615558346085
340.1661826490585,359.99961488275983,58.07726750123186,111.71203614836128
347.5551364572535,357.18021484569704,56.50078438573278,112.07026642213057
351.42760508957144,361.9102260293623,56.61090881278438,110.46530574648742
353.98376410892945,363.11308417849773,56.69204110100914,110.65631461168695
356.5373099099449,362.9460590444315,56.78680215767154,110.99036487981945
357.4061562977412,363.0804185851272,57.65657022776719,110.72164579842803
358.006947258453,363.33335543301865,59.073486202968525,110.2157721026451
364.20897466591765,363.14805355030416,59.84634904517445,110.5863758680741
365.13277936422645,360.1638388565147,60.65281684622539,111.24665086031588
432.1819104467093,364.7943340703708,63.11241029142103,107.34087045653163
463.99521131881744,367.76355219749126,66.0262287880062,104.06405101192273
465.91983878214364,367.5596744334289,67.50055246123287,101.81001724010781
465.2564382913424,368.48344025117115,68.82735344283537,99.9624856046234
463.50141659603594,369.1104177287175,69.69061881998371,98.70853064953067
464.6607915459456,369.6364098364518,70.01396266735014,97.65654643406214
466.0268147666044,369.983618703669,69.91341047545598,96.96212869962764
467.3923079908628,370.30950736073237,69.80174053482105,96.31035138550094
466.37335234211525,370.4459748814078,69.2320540650883,96.03741634415012
467.7631819265776,371.9251226944966,69.04649131372454,95.67321713553342
421.87777396135675,368.0151018705162,67.73842568807339,95.73668532048652
423.5991446668752,368.2889640534694,66.8606386540826,95.18896095458007
426.7707419826587,367.9134864306505,65.60183438716209,95.93991620021795
429.72049444444053,367.8077689996854,64.76777747925237,96.15135106214811
431.5556288714509,367.61983876237235,63.61959083914451,96.52721153677416
434.611694598603,367.43246518820933,62.524760513870504,96.9019586851002
440.67298158303555,367.8458382591798,62.882298035440854,96.07521254315924
442.9922598116887,368.23622066667014,63.222914298384495,95.29444772817865
448.7698461593901,368.5000044826369,64.0853935365985,94.76688009624513
443.7803852389783,368.4624600155056,64.10464341896741,94.84196903050771
447.3923185116132,368.521646357654,64.35488069064176,94.72359634621095
441.06094495471814,368.7727143332232,64.54895613642223,94.22146039507257
444.5406882331576,368.94262779456193,65.05761346312785,93.88163347239502
439.48773322857755,370.179777168496,65.19284725333915,93.90000377926404
444.53958325556664,370.31735519270745,65.06987337892377,93.62484773084111
442.0160319481388,370.52764326152874,65.13898683289807,93.20427159319858
435.83064371652966,370.6325419116049,65.09084717725685,92.99447429304624
440.81131277408724,372.02866424489787,65.04878210661442,92.68204788757848
434.68576168838115,372.2129256596496,64.92787467861848,92.31352505807506
440.73081879005986,373.5489454738179,65.1719391307974,92.10832116084569
435.00015108780315,373.3733405942939,64.2944913391477,92.45953091989372
441.25393166187695,373.1795752306691,64.0798566221913,92.84706164714325
437.64608649913004,373.13370487154367,63.91288511876512,92.93880236539414
429.24888321137644,372.9704379778975,63.4907281248421,93.26533615268647
430.567023522907,372.73120613369986,63.31188893161152,93.7437998410818
425.82464801958736,372.51071454549844,62.94990792363268,94.18478301748458
422.2808378562977,371.3009963299743,62.650599187282154,94.14190976088972
420.97130236942166,371.44004931494914,62.81297900406672,93.86380379094001
426.0548223243493,371.25436797723137,62.46676827603808,94.23516646637546
427.0729108560141,371.07030624462647,62.885627428336136,94.60328993158535
429.35860659267195,370.914863802797,63.249303859297314,94.91417481524421
430.5286938895799,369.7012296268807,63.38738212522852,94.8631903073296
429.21703218034196,369.58731242763116,63.53092497134794,95.09102470582874
430.3893438044829,369.34382382327954,63.67189355738573,95.57800191453202
432.8190397381148,369.4738285302764,63.80301577651551,95.31799250053825
435.15869879585586,369.5769003357537,64.11074859342781,95.11184888958368
431.36325190939607,369.55572922669495,64.21504547739696,95.1541911077012
433.8915477267564,369.40535688680575,64.15425426258737,95.45493578747963
417.6378321716283,369.4012171614337,64.14325064964763,95.46321523822377
418.7699355575913,370.66987364793414,64.38040386035661,95.42726224785778
420.2781268419259,372.9757677526525,63.86877593920502,95.82498333345636
418.07886748287916,373.85125696157286,63.26280940234946,96.57624754308992
419.26363187190356,376.1019155842291,63.39672621739119,97.08182148395841
411.65561127542225,376.7189597408729,63.533182778948806,98.36099727590502
410.3621168290527,378.82386226191835,63.58544876190186,99.22063805338618
421.00944542232367,393.2637408217928,65.22706703386048,98.37410649402699
422.4456671992851,395.3584723842523,67.48090767822882,96.7477854682536
419.2294338528694,397.35043029194264,68.76139185987034,95.33986090846776
417.8775729871371,398.9502878689005,68.88932975219265,94.71592959369444
416.7996389767913,400.0954263586551,68.47677506017772,94.99407532689179
415.4886217079105,402.86861566414854,68.53294695668502,94.57942199841366
414.3431489698477,403.64098812045836,68.26339422355996,95.59517529504471
414.38271920290134,405.78684599635824,68.18425375745265,96.44637935069605
411.0544035747209,409.00043259091376,67.0917649027788,97.7683262726198
396.99717482231034,406.821698941677,66.77165242696285,99.5408326637627
384.65537319826467,400.46816887482873,67.99807552295103,99.21612604629085
380.5041560081164,397.26901488704686,68.43512048943704,97.74904460804409
371.724873420029,397.33965313227424,67.74556177504843,97.60776811758933
373.53627316210753,398.5744712478063,66.7161138569894,97.7314834526234
376.3557694776372,393.47530736335995,66.23349174768718,97.61707017800191
436.9398185031717,371.0380753848998,63.214719111649565,101.39611659925903
436.55403699968315,371.3663489215364,61.41147788761161,103.31437375700085
435.7868476160849,366.55644245473985,60.372817068564395,105.21506793186292
434.70089125642505,370.0475558365516,59.96106180081277,105.98384512945341
394.3663340497774,370.25816885605786,60.40037937486926,105.56261909044082
391.6363699754706,373.06312354876513,60.6817369637949,105.13128026471423
387.58441179692926,373.144649953981,61.022654112873695,104.96822745428257
384.91018557961036,374.4829061253939,61.18905466033268,104.8827410550461
383.5462667394506,375.8966922810548,61.32431687927104,104.64774420510554
383.19950412255014,374.7933350911752,62.017842113071836,104.2630820692911
380.48236742207484,376.11540366099985,62.2573480314452,104.21632867093052
380.5181870925761,374.7311230036562,62.18570869044265,104.38415867678401
379.01349715825745,376.29184932130966,62.593070359871064,103.86472424068612
376.6159576053629,375.0003304101557,62.18582736126872,103.84660101079834
373.94104447648647,375.29657353555865,62.34760454547609,103.25411475999238
369.9769688632418,377.97562971287005,62.51195477645124,103.07186973571245
366.18021194587806,379.2567582379896,62.341504830925984,103.09760061222423
362.05999280794254,380.78708101344534,62.825442150942294,102.62245537993084
357.89138975988243,380.9201234785474,63.402950447829696,102.35637044972677
349.93755694283954,378.4241178408805,63.7568125087527,102.16378053400621
343.26991733092586,378.5465432570528,64.11527675125394,101.91892970166163
340.664710424496,377.2578934562991,64.13026449651272,101.89851626936866
339.22575427114737,377.36534465848985,64.41051784521959,101.68361386498712
340.7031376468933,377.24814265134614,64.0548891332351,101.9180178792745
340.7931301894349,377.1566230200189,63.87490404815182,102.10105714192898
334.60555462477953,375.637291338029,63.26802378583676,102.54331422758364
336.0762434753158,374.0123257233529,62.919470528505904,103.20042101319433
337.374351806037,373.96749664863006,62.92001685833169,103.2900791626399
338.59094525901094,373.98546378548525,63.08493828604354,103.25414488892953
339.8278524865132,375.1736862271974,63.21147145211591,103.4780476265822
337.21884210178183,375.3328860943087,63.217864795164445,103.1596478923595
337.0102003289074,375.5682576906279,63.63514834091332,102.68890469972118
335.70156891481747,374.5479658165242,63.65124860960097,102.12832588843642
337.04212523515156,374.39157668613825,63.563198722509654,102.44110414920823
337.1910904992392,374.11528006828934,63.265268194334496,102.99369738490607
337.24244025019436,374.0762723444936,63.16256869242407,103.07171283249758
337.4203522086363,373.7815536989737,62.8067447755402,103.6611501235374
336.2436368009449,373.6956437937122,62.55844591339881,103.83296993406046
337.52441548268274,373.6700686671348,62.59699331297226,103.88412018721522
337.48550508132337,373.7705969725219,62.67481411569098,103.68306357644101
337.3418621478324,373.9616410151723,62.962099982672996,103.30097549114026
338.62924315847494,373.824369018616,62.98631685952488,103.57551948425285
339.7865296189966,375.1620380515656,63.27522146443956,103.50365894431164
339.7586271200747,376.5524584946038,63.33102646228333,103.33008591139136
339.9524265576292,376.0321337137015,62.943427587174355,104.37073547319599
342.63803389270885,375.75357069883194,62.801410618415545,104.92786150293509
335.91869431733124,377.13371126615675,63.13761180643844,104.78807596083197
343.80660820452636,378.0770520096182,63.106291256260654,105.52547901127775
342.558601012127,377.97682134389174,62.96777589267346,105.7259403427307
342.475136705423,379.3166123533554,63.13470450608149,105.68153176476103
341.0309203444076,379.5636709766849,63.38580674838006,105.18741451810216
373.6492955765358,379.5412312436416,64.00436897215812,105.23229398418864
377.41641923418894,382.0825572953462,64.40602043177883,105.44024106406425
379.9560290022146,381.8921872621539,64.63711564359768,105.82098113044873
381.3458293859292,384.29312175286805,64.52223514230793,106.34855268129974
382.70851124467924,385.57428181800753,64.46751962577257,106.4568807519853
382.6240847021273,385.6564220951876,64.63637271087647,106.29260019762506
382.6783706178253,384.3244958153723,64.52780087948041,106.2847165551213
384.06799318002834,381.7446185566769,64.4183467152454,106.1048891521699
385.62393994072045,384.27623413787853,63.971722363605686,106.37219632925547
384.3793716813055,382.9923268413677,63.79913404405326,106.2782860838949
387.20255296274524,383.10771442002044,63.467605821848736,106.0475109265895
387.38283678008594,380.488917918499,63.10703818716725,105.98832076090002
392.71518866252654,382.933677330316,63.00803871901624,106.38165408563111
392.90052660267224,381.66808730477277,62.637362838724805,106.26723278771371
393.1257829167167,380.1958549600303,62.18685021063594,106.57406104828587
393.4371333115243,379.8508282394862,61.56414942102076,107.26411448937418
396.2198616314461,378.31758062788174,61.26719063344761,107.69636078644777
399.11559212043034,377.90514190899984,60.74694793986557,108.5212382242116
401.8636188554559,377.6835775368324,60.5288230286469,108.96436696854653
404.56599171807727,379.12033587496904,60.407671277316055,108.73264727922913
407.20241127042516,377.8228725505231,60.407448237126864,108.69126589586782
432.69659359179286,375.97639181025556,59.49724719425656,109.74853455535727
432.97881020220655,375.99944050624435,58.932813973429234,109.70243716337976
431.9645453670887,376.0354926645219,58.335930974460965,109.63033284682463
430.80530394384874,376.12506793206944,58.04029339332589,109.4511823117296
407.1514600239533,375.5390626158182,58.43256190557719,108.01678075936877
404.27318419096554,377.0786707055496,59.00509362058661,107.52957455538893
402.67069492808525,372.32479728392263,59.615460801034004,106.65887601738983
401.0912805249702,374.06915049832196,60.18212897204435,105.76233022381098
429.9509839125457,374.7893357465384,59.41052329448951,106.91049614090515
394.2712244810224,375.9959985509456,60.775589217484146,104.4971705320908
366.0376836698281,406.5905825258354,63.06577752019635,102.64460002767112
370.4927739375848,408.59284114037507,64.51934450485801,101.2310196786355
375.2614958369004,410.6449560196759,65.35864592237967,99.72097622407219
372.76905858163605,410.9875941662979,65.17239927987335,99.03569993082809
389.66744650237945,411.70212143068557,64.8138441808962,100.17881622839964
406.66968818574117,384.10206632003997,64.3928434545607,101.12868526137196
410.147256671969,404.90712085503543,65.20932354400337,100.96720052150525
409.56496386563623,406.97874047578813,66.37390915666886,99.42572390448571
412.9354371223054,407.63852921882926,67.42700874661276,98.1061464184034
410.1779432492052,406.9129525468895,67.75078761631636,96.96169532403451
411.3946286118833,405.99791443208017,67.901096490643,96.20809195397044
408.800467489838,403.6317454233347,67.9398842668959,95.79089550362366
408.9244050749868,402.4459229803434,67.69200909659838,95.59344567788304
407.92123653233006,399.8205030168172,67.13632405212135,95.72024134535455
406.7832405584187,382.7167714481459,66.85754061746746,96.71562451050073
380.4897015187537,380.9276980628049,65.57533058328936,97.72856708530124
378.4359737160595,381.5954098183336,64.56434110314538,98.95236611700996
380.10280543269323,380.7444762452442,63.79146833388349,100.65423326318889
376.48540480407274,380.4097967748389,63.30613454402498,101.32359220399943
404.14940963761103,409.4051133654964,64.63371568919432,99.98854983493034
411.1994564021344,410.319506883781,65.99854167077282,98.15976279836119
409.48493240310313,410.89864304388493,66.85485275366314,97.00149047815326
415.63027070904474,413.6791065339657,67.41154346039936,96.5795104254395
414.2493273847666,416.2787572695796,67.60112651446616,96.52481614319046
412.7639451667235,417.74596673754735,67.99728381130465,96.1650043465028
411.40047383898957,417.56675676620455,68.14852522278085,96.5234242891884
407.371052144901,416.4939482012486,68.4565192244235,96.08542495692208
403.8449724832776,413.15371295969265,67.76248917279393,97.60176919011643
401.3551429284679,411.9619267744151,67.55506681406649,97.3918008264982
408.0184432049881,412.18421845123606,67.16317869422078,96.94721747285617
408.06309776067957,414.8577354104417,67.0738695828378,96.74768967713698
413.29495924142896,415.907367528618,66.88720519518392,97.21769008424565
412.18600438328156,416.9569002203312,66.53184454123861,97.69189507105946
414.9707042972408,418.081114130771,66.11151636704084,98.0180030770401
413.68866874250926,417.8604074792335,66.10310938256826,98.45941638011519
412.40101421533154,417.87413216944196,66.09943643300866,98.43196699969832
414.9662057126724,416.54822723215295,66.12606942582346,98.50526888052813
396.291666888746,387.44169006703044,64.77435008239428,99.95717429022648
391.4777953528577,386.07454025872187,64.08464106007574,100.11211088331982
394.31927279765625,386.0242021414474,63.542021073941015,100.21278711786871
389.4854550541974,386.2821089169325,62.959257961150065,99.69697356689858
386.30988781822373,386.775895838588,61.67500499769584,98.70939972358764
384.35970688224074,387.3699167973475,60.55767029964662,97.52135780606852
384.93270904714603,388.02614074087205,59.41166596983605,96.20890991901945
385.60440562747425,385.79110954663,58.06827280917959,95.81191285736782
383.8821784271054,384.89390113775863,56.70269306294828,95.2013126016261
380.70555877173894,387.1563591036664,55.93721908494334,95.4222055289691
374.83832434790116,387.90216749729484,55.855439906760495,93.9305887417122
369.89829336820566,387.44017299027473,56.376681100428,92.51487256432148
363.90280765908864,387.7990944520577,56.73055981717182,91.79702964075554
359.2491654776735,387.43986395582203,56.74719309027114,92.51549063322688
361.3713828008232,384.7228294511001,57.17007817750266,93.28223990913983
359.30193793301316,382.6068636048896,56.604561127925926,95.16196820896243
351.86313051695356,381.1771313383984,57.258200348402326,95.65077014000443
351.5142286783031,383.6623956589751,57.956004025703194,95.4581699528998
344.17058698073885,386.41719815978536,58.25614402963137,94.74427941501271
342.0394228062368,387.2464338153596,57.733943239508335,95.47807267342787
336.2380306823831,391.21661438628763,57.36465824167098,94.72095307889856
334.13736463172097,393.6409838244224,56.81215442893239,94.62605011669189
333.2795738187459,395.89385038805733,56.16154219906348,94.85270470106025
330.94811083875385,393.55338664227116,56.1073029779092,94.81646701149415
330.35756596944395,349.7065140504277,57.28839271652901,95.29649141816984
328.5031320628735,353.39904170680853,58.61305885477873,95.06404113008163
322.9592896285725,356.2523074090829,60.08861537034801,94.16357390204915
318.9094067396871,356.5541239422872,60.94546512346223,93.55994083564055
319.946501129047,354.50944384156065,61.29084207761505,92.81016957134841
312.9033600095556,357.0801354589808,60.89274299193938,92.4969134447276
307.2161069772852,356.9689815810789,60.25358560012309,92.71922120053146
302.9381759684309,357.11369036407626,59.22777266007833,92.42980363453674
298.341933290926,358.8159298683491,58.92443232084888,91.39928104955086
298.6253465498252,358.1416580376782,58.35760580305043,90.39437295641854
292.8029631252131,358.7366303058346,56.02879855083736,91.53335743701216
293.1943964215628,389.56171849142277,52.938996032589294,96.78432290674819
285.6418441124178,379.5163745624294,51.71705238161573,98.21552702843387
285.01568504917077,378.1308744105727,50.63678713075052,100.9865273321472
283.5111255818452,355.3788252605045,51.29128014420943,101.75273312963216
282.99300073635777,359.7653545667273,52.3275298351842,102.48833133155821
281.3773644659656,358.80536357053677,53.152962643323534,104.40831332393924
279.8578828319721,355.27116818115707,53.74368799045266,106.58022826098293
272.7277711622886,362.52611318329275,53.06227404847249,109.50224841828341
271.4034202601571,363.37095881684763,53.18977275254974,112.854963351545
268.4723790586888,372.82737608811965,53.90720000520044,111.94842183500185
266.3180030091517,380.8283261277904,55.64434671017462,108.80454872615996
260.8206175049361,390.42072061711724,56.41634036727936,104.95392577449608
255.94621737755932,394.3543950504546,56.11569727763437,102.11129858002059
251.30252108562084,391.1920610106739,55.541877575380745,101.04005744498414
251.7086699603148,354.92417427624565,54.7295798259928,100.38501307510626
246.3457237362489,351.99544010196445,53.374711865360766,101.41017726016307
246.1969615660409,353.92557467068684,53.672236205776784,99.95794179790568
245.17212384085764,353.9655619246094,53.330147004126715,99.87796729006052
243.84317342858589,356.852627011242,53.60332308163983,98.87328661085607
242.66797924609276,355.4893271781325,53.57911016320753,99.22528499365657
242.68936392335547,356.0191022091725,53.53634080868208,100.54511031351137
224.45617738052528,395.7934505273718,54.031495412169676,97.73501310574795
223.04380438811816,399.27162001581706,54.491121214867135,95.50891449309113
221.98207916467163,399.7209491418223,54.27455005343714,94.61025624108055
221.1663934973991,398.9577117537671,53.58288959349565,93.81369922270446
220.66816476551563,398.83462466869923,52.27985808219,94.05987339284022
218.89943219313585,400.5647147276167,51.2554009551537,95.16161554680116
231.53426718823818,362.28687063066644,53.342307953306225,91.92728752466004
229.3505161370444,363.0993142973236,53.17491778607675,92.56984632615422
227.28748433070024,365.9205532539531,52.75271148904787,93.74977327747105
223.49506004556906,368.6973162035342,51.19983874232385,97.33396869529517
222.45349367512313,368.72990067865965,50.97223547700631,99.57953575125384
221.26144953032068,371.2882591121521,51.01652618669532,101.48221162401643
220.50328141990937,369.9402963253642,50.16441037036068,104.1781371975922
216.31877724562077,376.5146256158982,48.961050334280735,107.78112328967428
215.44265495472342,374.52252123048345,48.28875472750717,109.34079187193554
213.78797643871573,373.53532831740154,49.16274927572331,108.87981521430004
210.1494924060032,361.10510771454244,51.55164199143551,104.41180432174122
209.04533120998983,360.1849777158367,53.759964383462275,98.99028469886589
208.20490313315102,360.98153177010033,55.44082053713986,95.01817108077766
208.36332976739928,361.7740072886064,57.47281752432853,91.08436978808021
208.5481678126354,361.4515913183866,59.427606565104654,87.08027146602316
209.35293857866176,362.75051659540907,60.11497850202482,84.48242091197827
209.21708644419957,363.3683910032552,60.38668277094923,83.24667209628589
209.3105452853356,363.41260996651687,60.19976508867717,83.1582341697626
203.75910138065163,360.7939989897864,60.05086812473263,83.89474221389854
198.78806304509885,360.3006641109977,58.69758586758641,87.14048375712636
199.23286507988922,359.6341916012729,57.80798179800569,90.75914544724205
199.693038351511,360.0149313374049,56.88763525476211,94.64808356721662
205.6567423219816,354.300275964868,56.79919981373442,96.60621631235966
197.96950310307318,364.1071789230109,57.80119786526971,98.55113097549611
204.6604288844404,358.3039801870054,59.06681730326183,100.39254778035614
199.00285847744476,370.45719431425755,60.421961725112354,103.47610960423886
213.00166727347576,351.8988416988146,60.57017266714689,104.77085124627463
216.92379312088434,353.1871233694103,60.46721281618872,104.7747185197029
225.1481739301067,347.75694576031395,59.49090501211349,105.32010452831591
235.42090700222442,349.0962169267218,59.50736177907542,105.21180255939981
239.01770195880187,352.3654048550924,60.02052465759381,103.81126189710753
249.72143808769704,354.16906056595167,61.625001661442894,100.20395047538895
256.94687855611625,353.96590550419705,62.35603115957112,98.0799421930704
258.520932430353,354.60054090600624,61.71876676088449,96.81067138945207
259.77925807377744,355.29067814170503,61.68330378759975,95.4303969180545
266.06088749771413,356.29334609082025,61.41965031917459,93.42506101982401
268.8504449713652,358.9419121372151,60.69141969628967,92.97881325145156
270.5247622061643,361.16201074712444,59.74939781030614,93.35184119886247
272.1867237038492,363.2556885044474,58.821956225985836,93.95744850631536
272.29890066835884,363.52662045781676,58.59760229696653,93.41558459957665
272.6569514083434,364.68173849483674,57.8815008169974,93.48350651936717
273.24188278952283,362.3483304510475,56.71163805463861,93.41600336833918
273.4720931681603,362.2066572227385,56.25121729736364,93.69934982495721
273.41590886958545,364.50353553055334,56.36358589451335,93.79148151172762
276.1850167533832,363.73508428408934,55.51779016389232,92.98217398616842
278.6960140020072,364.1034953049619,55.13559917968418,92.24535194442328
281.45576182492454,366.4543780946788,54.22108874966995,92.14857158080994
282.47605901429216,369.8489250281382,54.46610042496775,92.21629587599028
286.0105226409461,370.13342521609786,54.269436292730816,91.64729550007085
285.94179724562036,369.8837501657414,54.406887083382216,89.867670022537
279.99710939244255,402.9681896692462,52.76735524901834,93.59814664257806
279.35107351606246,399.1522570585985,51.77699053691521,96.66513893414674
278.59356888609193,399.80206271902364,50.98120332059351,99.9871205658217
279.7767511808966,398.6963109768323,50.960769012569514,102.1986240502043
280.94303855159006,401.61267734637386,51.006171547801436,103.49982314097758
295.1211280811559,360.912967336699,53.821397580740296,98.57842905920864
295.2787862373566,363.82075774867246,55.880062892423254,95.13682985934612
293.6380869710516,366.2389902059901,56.80341634946882,92.6584100202751
290.95794545551155,365.48607765687365,57.49022673780274,91.82749879713495
307.2153100683684,360.826378090096,57.677604054031804,91.80343891870658
303.9869746703189,363.72838533889995,57.11833767668193,93.01536159454756
311.90999594776093,363.9464173533966,57.70377148985953,92.57929756555424
314.3280542806838,364.80579291962965,57.56900804072433,93.21122304144342
317.7274284717693,367.0745862251016,57.8438044910057,93.38933298546772
318.68243526104607,368.4033381127707,58.298911984754575,93.0969502824318
381.61843059178057,395.5789149137594,57.95158433039972,93.21876364580594
323.70737415969074,398.21688760217364,55.554506967979506,97.40035348710532
323.96200067424127,396.91165606303446,55.045253938878375,100.01081656538372
325.44160205642856,397.73706705424263,54.50207378230412,100.77601719076767
326.65633392054565,393.69159901806347,54.49063637334345,101.61287430530558
328.6145812019755,387.8355678797218,55.434462944622894,101.17413374664125
331.90508099692846,391.66560040677484,56.172978454947874,100.833583792766
343.7369269668899,387.45562489700717,56.98337829831755,99.46389809898442
346.0576682452272,386.6732740604737,57.223745032966065,98.58767512638967
349.7366622478521,387.12689417061546,57.161789508858604,97.68043490610614
355.70336129139616,388.9583233271843,57.31588383787833,96.43507507619006
411.2753844499261,395.83427480545447,56.64553628560517,97.09278500201316
410.2680133552701,398.37662766461824,56.26024145853745,96.8081533164453
392.4506201142253,432.9827952548188,56.0557031769638,96.88517934579312
388.8498028270276,434.4807112052252,56.096443264212354,96.2763122740294
385.09630551533235,434.9422886389517,56.46756950074138,95.35315740657632
381.532116969309,436.523887405396,56.48237410813695,94.56115070190478
379.1746834650693,436.74451865553993,56.47791071497691,94.11988820161697
440.22039090185734,400.2560948687744,54.390774561762015,96.5059835867001
439.39322249347947,399.60035401733745,53.692036691204336,97.81746528957406
438.40158761158125,400.2844785451939,53.314762901128105,98.80975978773384
437.41528848793433,401.10179893821874,52.918634104676435,99.54384604542966
436.36653289481353,399.1853074394925,52.64339558573052,101.00407933769466
436.2662293710298,398.96992518090394,52.844002633297976,101.43484385487176
434.8639493681145,398.77624970364656,53.249289441727306,101.82219480938645
433.5988008451581,398.42187680302635,53.367651511538426,102.5309406106269
432.0836081801253,398.5066309025545,53.973652389427656,102.36143241157056
430.6048246989591,398.4727661027785,54.498909788839576,102.42916201112259
429.23786535764145,399.7251983193628,54.79050767819324,102.36661837123563
427.79626885984163,402.15015834059335,55.22730134802973,102.40949698030067
398.0352328010138,404.08927402536244,55.841074107195894,100.98577808403286
381.90581158049685,404.8630617550401,56.327934450493444,99.4382026246775
375.96270265136053,407.8213770623871,56.06710401894779,98.3803913259109
390.15400734193395,408.4855148828274,56.59629033137307,97.05211568503034
397.27571099547,409.9697335888161,56.74448086447877,96.48227791308253
392.6223971990547,411.4455539698698,56.48051956358314,95.92328437440659
385.324240521128,411.81173842413784,56.79754891978229,95.19091546587052
402.9194534798254,412.0068749364748,57.22238739266669,94.80064244119657
401.72812816508093,410.8177518935786,57.229330144682265,94.80318064951577
385.00748900518414,410.2997632453852,57.408531273986846,93.46329528943906
401.6906233038227,409.41971191521515,57.06703379025497,92.86448572738308
400.1178389761264,424.7534007931637,57.868361238557554,90.32800245656672
397.75738097190754,428.24707347054573,57.949750531392766,87.98018381740519
392.17269941898377,430.1711734335305,57.68955489157931,86.41789564056789
396.69974302137393,431.03476772840946,57.66789453176788,84.69070705080993
394.7029315909075,432.80386222923994,57.198022586582375,83.3842654522082
395.9579289943949,428.84627570651367,56.89229937997945,82.48235209617357
393.0364592637,430.5512492420136,56.17841535184597,81.25801285501475
388.9771805644524,432.0871064310859,55.67567117645211,80.34162387034246
400.7502759180769,430.7165157739254,55.59447476747783,78.81644258497715
391.73557774116176,434.20501451209606,54.644717142294645,78.16582976830692
397.2721683655943,431.59834366485944,53.987978052685534,77.12930616722653
386.0970803458718,433.6512084058747,53.71353596769159,77.1371436169122
392.39249557493554,431.4707465281118,53.436925274633694,77.39332745074807
380.3794290289617,431.00738163731114,52.8430712814932,78.32005723234941
392.8054573233523,430.76032048709476,52.660574089525696,78.81417953278225
388.4912809982662,431.97720438981787,53.048119701182486,78.44061348696482
384.47947566063317,431.61975334145404,52.827677607500576,79.15551558369246
378.3326956989122,429.2307683131943,52.7125693155018,79.79726290173181
379.40989566578423,428.9827295170865,52.634012058042174,80.29334049394731
380.3936316710614,430.9822169761398,52.748524002145274,80.45833348515566
376.10282793839644,432.44048885819683,52.984659293480874,79.62815776454025
376.9479331350828,432.99514823665754,53.372275605004205,78.51883900761885
391.3838590252184,430.92093021403855,53.44634681972623,78.53214319642919
389.1849182070382,430.10591018017743,53.7062405636911,78.0931893179536
386.2582098374799,427.73679334382365,53.35961750090247,78.69806312272445
385.2633896813867,427.5953400549579,53.27920187714954,78.98096970045592
383.14396125205275,427.24865749007523,53.37209427814025,79.67433483022123
370.7705129416812,427.73162186092486,53.09948881195615,80.79336459576596
365.40557382940966,429.46469228942215,53.343153103416554,81.52170931200455
359.01040842049997,429.35199247732925,53.4600767329428,81.7471089361903
353.6875741631171,427.4796521262784,53.5179184140741,81.25665890483829
355.862456484993,428.68715540515853,53.390485862730486,80.95281839328216
355.91075643079733,429.782512420825,53.29388597112184,80.86658604770349
356.9431444910493,430.1500443733671,53.33068856598652,80.13152214261923
354.92429674526016,430.29608170106803,53.186092248505915,79.83944748721744
358.09044755939715,428.24819295110433,53.10684483030042,79.76652218043233
356.19975201635043,430.0909503295901,52.72436025051559,80.24488308933914
358.2524236199984,428.92849826255355,52.78453955356067,80.48702596824167
383.8508921625324,429.26893600924666,53.77256867974066,79.80615047485543
370.38984254360815,430.639453435015,53.47799374225279,81.25229626567823
366.17931086026795,431.33855713416995,53.45731356334523,81.96452475376533
380.94631514055527,429.1365480192561,53.61424686697056,82.12697986013588
379.95825185917704,428.70521878522845,53.464538693211836,82.98963832819115
359.80260534997774,429.5099490362901,53.18666443379648,83.51644978805818
355.51710323744857,431.8519339645272,53.19959832762151,83.11151509720057
356.3362462978259,432.2315183509264,53.69498386979505,82.3523463244021
351.98329327056143,432.6864063810521,53.87864309804088,81.44257026415073
349.80269405194827,431.89278626818634,53.99991829145917,80.90984886797818
350.8304750550441,432.239380714386,54.05832696041942,80.21665997557884
351.6657876559456,432.55023767393493,54.49221318004618,79.59494605648105
353.7294501509968,432.8216969165856,54.569562992524155,79.05202757117966
348.4861311780586,432.93817895448495,54.57905981778892,78.81906349538096
350.6759854611149,432.9234973028779,54.3834896999187,78.8484267985951
351.5201659525357,431.09559863267583,54.784407080856866,78.32566741143978
353.55739808377444,430.9333142432021,54.88596258863483,78.65023619038723
356.6008124279448,430.99123140709514,55.08290593872406,78.53440186260119
355.5898022060187,430.65539622710423,55.00883488926213,79.20607222258292
352.390418771742,430.5444688855641,55.0925550747842,79.42792690566334
355.4528929785288,430.61870906829006,55.29685331782263,79.27944654021135
352.2775356131214,431.6770616005818,55.31492244841725,79.27362334236783
354.31197645323414,430.4984391047427,55.46822538045904,79.51977602791253
355.2639021920647,429.7202400124413,55.68171657624457,78.95883153906867
356.30729415616594,428.6632185583928,55.70731968079454,78.96048741441314
352.0387310962442,428.8114524933243,55.79310872264945,78.66401954455021
354.23601916698556,430.8062203213073,55.61805882383891,78.89401013125632
356.33441214641573,429.8046351150593,55.641986716020384,78.78682361823148
353.2641947587005,430.72483279773815,55.45503062637501,79.05555854123234
358.4926812964196,429.59450795518336,55.54860764628608,79.20609820727205
345.0649643490238,431.2348357154977,54.922954760066546,80.15330219141424
358.6083195885265,430.9438224240928,55.36878714924809,80.73532877422409
342.7310036302683,431.96142241983296,55.11274276735705,80.83417386930424
351.1525484672276,428.77321058938526,55.320012924841606,80.81671259342336
400.7955967331087,387.4179491596512,52.08482877796742,84.55204082531677
401.68838400200775,383.8865356232146,50.299254240169425,87.34182543937055
401.28671128683266,382.9042359427722,48.954737391925725,89.30642480025534
401.528771187314,382.2160304849029,48.47061759096297,90.68283571599399
400.7245572554789,382.6021652597972,47.913006008115346,92.07660561272343
399.69231159843554,383.36646422900657,47.800535706284926,92.72496929022168
398.6568572274643,381.75993339727813,47.68689863626396,93.75348514171515
399.7903538379791,380.3407906886929,47.61757972042917,94.39409625369082
399.6091014137481,378.8889728841419,47.98008456889123,95.09186570801998
402.725270462815,379.83424490232755,48.41480773796941,95.42367542738606
404.8584450051967,378.54288974734095,48.617909891815465,95.77166011805448
407.1001811906745,378.1225242300797,48.62110435903638,96.61239115257692
407.031054392009,375.8291603456693,48.75935795636735,96.68770204820484
406.95261927369256,375.62655537867033,48.91622819300025,97.09291198220285
406.99495912914284,377.5155107112444,48.831548482099706,97.85069912204392
406.86928056977064,378.491437117034,49.0829056008441,98.17632760980443
405.6418727587845,378.3526803523639,49.25112327789175,98.45384113914463
405.58028981819564,378.26109774702365,49.37428915906946,98.63700634982513
405.42917018981626,377.25034070835346,49.67652841582819,98.36013637993003
404.21656073977124,379.7279648751265,49.80219331781787,98.00399604258487
404.14030526742465,381.0449568841045,49.95470426251104,97.66651653305524
404.1055828527917,381.14258496795077,50.024149091776934,97.47126036536278
403.9873546704208,380.314283740547,50.2606054565188,96.83534269734068
403.8962944165086,382.79013766571177,50.44272596434318,96.45815109979793
402.7110007606993,380.51764465262045,50.5284636908601,96.43343795577701
399.3571220494824,381.56208418293045,50.37834024097125,96.63051918593106
399.2466739426742,380.2844941774456,50.59923645458771,96.89942404710715
398.05820744608616,378.99601331643555,50.68214401833939,97.18236033970277
399.22822125009594,380.9936790618405,50.64172505486181,97.78624613797686
397.9818899519851,380.83620028261066,50.82660451119763,98.10120369643647
396.831985361143,379.49598422717565,50.810822685158996,98.4660447995837
394.4847181003655,379.40983007283944,50.864005617283,98.6383531082561
396.62551910377977,379.43085360170227,51.23064613228024,98.59630605053046
395.41400447617434,378.2671207273228,51.32385862020226,98.59395503200051
396.4632801794437,377.1843024159879,51.5566933328359,98.42820553549794
395.2843622928041,378.4267027365688,51.58157449424819,98.27635950620294
395.31665051399347,379.5648161591197,51.51699805186945,98.33128284518295
398.81958025880294,378.40947306028124,51.50368158651667,98.31112136810438
396.6035666004053,377.21068800720934,51.27506403439199,98.37836903978823
357.83937142339096,417.3335199290677,54.327310520415395,94.93622855995218
352.2740980952037,421.8883982411248,56.14282893995777,92.812743113462
347.30099056930544,423.4165118061598,56.7773690804018,92.08443471123003
350.2950016892897,422.66215320914887,57.772559302291896,91.26541441796573
337.2935175443393,428.64532062232314,58.12142432380823,90.96003562270106
358.93246011876244,419.76648470248307,59.1792220464489,90.05005151649195
352.9031929723802,420.834626543605,59.55044517030075,90.25123006803062
349.1382878185426,422.9245790742706,60.040265965113136,90.76465134860814
353.72986838110717,421.37728776105627,60.30720997484258,91.4967076913222
392.68753457287545,388.1728882019077,58.48675495689649,93.70045403240242
394.3746429904663,386.26071658799117,57.49309389727634,95.14424148467383
392.2910277945841,386.797434683459,56.889553972525036,96.456190451996
385.09595403900727,386.70512083567036,56.911425419496496,96.64081814757333
390.8940418857158,383.0292460121368,57.30437549086789,96.79909233576731
390.65423466853184,386.4435490134215,57.78398992523584,97.19094221351071
388.09192266893564,385.11667813373526,58.067124744606915,97.42393938297239
386.6676708120338,387.36236368535907,58.486639128547694,97.79054693945046
412.7047462286592,385.2635750414077,57.68444782092989,99.54660234518019
411.6876586662156,382.12880272714006,57.264581718860796,100.90806451980302
411.43885629543263,379.5425747766099,57.76218646042673,101.14634296847638
409.9632602865914,381.7933586519201,58.23430745064283,101.6029172727888
383.2472682803016,387.1650515114337,59.29543519241693,100.8349327482006
381.7472669509267,388.5107361773637,59.79500191558674,100.64399935192066
381.4973746556557,388.4799834829404,60.29478650612867,100.70550474076728
381.2766338101483,389.36619826442535,60.736268197143445,101.44846705403354
376.0730742663607,388.9020059028178,61.00781570953009,102.37685177724867
374.67400522979165,387.5390600776443,61.253669570710095,102.55045921563755
374.63924324462255,388.54837511262605,61.32319354104834,103.09084484003836
375.98923143683004,388.16537357880236,61.19144260791927,103.85684790768579
376.03740572114606,389.3390249820327,61.095094039287275,104.0869284793344
379.8495665902155,389.29988932327575,61.20828572648688,104.16519979684838
379.7634815881668,389.409150940868,61.380455730584245,103.9466765616638
380.0582725285626,388.04309406669637,60.79087384979267,104.09687713882191
380.19554925391145,385.60791445936655,60.51632039909503,103.81889506592736
383.08120803800057,386.83314312716556,59.875796061054814,103.93383434539828
385.64111722584084,386.94161747220056,59.86847052801593,103.7168856553283
388.2031382735075,388.5896599311604,59.85024022278253,102.97370663245854
389.55568008774895,388.84213704986246,59.686731262339585,102.46875239505442
389.4733784155384,387.80500371251236,59.85133460676069,102.01170606050911
386.9223787695784,388.1188425394874,59.89870447164041,101.38402840655911
389.4567762843993,388.19839014714825,59.86749395826096,101.22493319123737
389.4421108226567,389.868619375969,59.8968248817463,100.40037546657753
388.3728977312445,391.2313714939944,59.531113102198326,100.17900919289906
386.2235147983891,389.7991729551846,58.8405347220105,100.54873414756938
387.6486208394418,389.72700100536866,58.478812881606444,100.6930780472012
390.1990231099793,388.34088561151276,58.34702310803537,100.980801451161
390.5010838696597,389.02259858134386,57.74290158867456,102.10391667396686
389.30273035147707,387.2121187248665,57.646688255879106,103.23195601776081
386.70322268446193,388.17295736104927,57.82977048917218,103.8182452957639
385.30382456821405,387.8625511183433,58.108815440380916,104.43905778117588
385.2112988887703,386.4398438350984,58.293866799268464,104.7507913249081
383.9584282878847,384.9686586129065,58.258166541824835,105.15172031007707
382.6393463077714,384.9842959958453,58.349574362163175,105.12044554419947
382.5691838459624,383.7637569874872,58.48989928578111,105.01367072998363
382.43008551037076,384.09212069501035,58.76809595696438,104.3569433149373
385.0175003883653,384.29264513352535,58.680654814808165,103.95589443790732
386.31641276970726,385.9602562462293,58.619103465076,103.15694562545124
387.73554028920836,386.1799884736967,58.3042504685565,102.71748117051638
386.4886539190792,386.57176314977136,58.286478074678655,101.93393181836714
386.6057952248483,386.8344368949051,58.052195463140436,101.40858432809969
385.4450991017738,387.1067262277626,57.88570792296923,100.86400566238473
385.59204439304267,387.1714845988056,57.59181734043149,100.73448892029862
384.54400796841,385.98383252026224,57.2178127433981,100.63971563108664
385.8682061292032,387.3489470268169,57.03173754654816,100.37180774271371
384.6436071228516,387.53301980558115,57.025742919810554,100.0036621851853
384.6456397378344,387.5396186390163,57.02167768984502,99.99046451831497
384.73149458942333,388.6579398229858,56.84996798666711,100.20319716080206
385.9614615558454,388.5341425870075,56.839641292697486,100.45079163275857
384.7706598484493,388.2753385237021,56.7681483505672,100.96839975936933
384.60189893405993,389.4434619622656,57.10567017934606,101.09169106164134
379.3808370892939,389.48531271284446,57.67937563951155,101.00798956048352
379.1293163415613,389.37115407077323,58.182417134976774,101.236306844626
378.93634933767436,389.19525817309045,58.568351142750636,101.58809863999156
378.75319172210914,390.5190166434754,58.934666373881086,101.43987982071255
377.44695960342,389.20195288736295,59.04382153461529,101.57069825629338
377.42415269843343,390.39974175005824,59.08943534458838,101.6822195177723
376.17473983547757,391.6229449550945,59.078734862053565,101.74533931614637
374.98634304978566,390.08787808482356,58.94524711060464,102.30519173385554
376.21715216838476,390.0354369779117,58.99994960119706,102.41007394767928
377.26522723877844,388.80342416714296,59.42260274993221,102.3552962796941
378.4104290443193,390.00874657853257,59.65735484225442,102.46980716031888
382.3243547626687,391.0140668576123,59.421996888319924,102.98999776308071
382.29714722355624,390.87093605334024,59.476411966544745,103.27625937162489
382.4202045945183,390.6157915805908,59.23029722462075,103.78654831712382
381.1487103853353,390.57915225298365,59.2301771427791,103.85982697233804
381.0432155530713,390.75328132363876,59.44116680730701,103.51156883102786
379.81517546705027,392.18951178673166,59.354632609466236,103.18172227472495
379.774619139653,391.091413453066,59.43574526426077,102.84166127735432
377.24612417035274,392.2337609790627,59.42755148521481,103.0895580841841
375.7790104746511,391.0643057269759,59.82565053267912,102.89234024441876
374.4639521038056,390.9612637980023,59.915816314410236,103.0984241023659
373.15916787133057,390.65231181347747,59.98084895200793,103.7163280714156
373.11131907785517,390.35567403887734,60.07654653895874,104.30960362061583
374.13352281203254,391.6939923689666,60.5973607397903,104.19818862962356
379.09642928543144,393.2391789783718,60.961136601349224,103.6802126129023
380.222951955396,393.48047327715483,61.27895651119478,103.19762401533626
382.78839397929704,390.7418158799961,61.28620428889153,103.53680698415488
407.2649981495653,381.9998388933944,61.24336277113577,105.57538196069072
378.5317984472107,383.01049101548864,61.426773903944635,106.15784991067952
378.65844703287803,382.4267287521334,61.17347673260992,107.32537443739005
390.2497667134542,382.0981470591539,61.647549143496214,107.98253782334899
416.8759981661296,381.05361726921564,61.32125043420552,110.07159740322547
391.5304484805418,388.00915125889446,61.250723741909766,109.51885207214974
397.04385030819236,388.12171769197835,60.87309156860658,109.29371920598206
394.4439929599168,386.911853347414,60.767743056501835,109.06091629078279
394.64952184294435,384.2098131654469,60.35668529044668,109.17040486415206
425.1768948784916,384.17480298211694,60.06575127774488,109.24042523081204
394.99331620269953,381.65204355956996,59.759515039965166,109.00999680726554
361.0502978390046,424.49711120223293,61.91196662172722,107.45885050834339
359.4093851345189,427.21780243703853,62.55075603159737,107.30354003693444
368.32505625925836,433.46076843344673,63.28031901610396,108.0753974969648
374.8753277176786,431.90426020733105,63.55659841057374,108.5130494869341
374.79311119311035,437.3404296713531,63.72103145971032,108.38685950616434
374.6745149349501,443.5362144735175,63.9582239760308,109.43251569582216
373.3183491582017,440.22789920115684,63.963571485532114,110.6351781525527
370.9098567215358,427.4764973089758,63.33072133841593,111.61372434489846
369.52753962018227,423.05723313893094,63.3666825774823,112.26623379406617
362.46491940429684,428.19975487838946,63.79721674141335,112.93695532942104
360.9198481831601,426.5546817650771,64.13117071225406,113.47091308461314
359.2755661059723,429.04798475472296,64.64996557043258,114.02384569771556
359.2228446841438,428.0064374479166,64.7554084140896,116.10694031132837
356.1324271977693,432.5278353527478,65.29748534390268,118.34166058753797
354.4064194284868,426.1591902633781,65.88786581751098,119.63241050645058
390.8782492844411,385.3083054211116,65.21340287130592,120.39267981339563
417.1604476530769,384.1644017888152,64.67724965085984,119.79002910483126
424.4425212971224,382.9564077392679,64.47510469176297,119.33361673812718
422.98470104407346,385.0622797989944,64.52853096452841,117.9840868520067
421.50058475558114,388.84416560903577,64.6535358700279,116.10677057489427
420.12983285153143,389.2942725450631,64.57739910390197,115.20655670283963
394.92711449227016,391.479330506976,64.52817906517774,113.63947726552766
391.07648948910196,391.92265773531005,63.89238781053653,112.75282280885946
394.0292187045961,393.54223721603864,63.49709290454983,112.26874560990308
371.0176461333604,396.7225209583342,62.91989996807441,111.39057084048214
371.1976340703556,397.32663970984106,62.55992409408408,110.1823333374684
372.6005571282145,397.7372357942703,62.448460505138144,109.3611411686099
368.53289552551576,399.74653081543386,62.54279728538123,108.02287993466763
370.0673824449391,401.50931583737156,62.13591816376112,107.15940460801889
366.28479442431603,425.50285225441223,61.773916979000056,106.73539512998033
369.02884978959435,395.6666897509082,61.54574350423236,105.9184416954153
367.7454821227418,425.8840299016937,61.49849443917961,105.60540256527594
372.08484558856986,430.32594687527364,60.64538598467824,107.15572658765572
369.4106315193118,431.87618403854015,60.759739807486696,106.67228941897666
370.7010488846066,431.0397545879221,60.79072898367468,105.73332441343493
374.58235244887203,427.773062050318,60.82344055778958,104.4713907859975
371.8389369980179,426.77436668668014,61.149711424102776,103.8885014955757
370.2829458103511,427.06987746812274,61.68454585414759,103.29747993269056
370.0738866580954,422.0419349385048,62.10266415865905,103.04377263765286
367.2571162183868,422.16957269368976,62.574856293927795,102.78849712728302
364.8811947508335,387.6877272962797,62.15704915938905,101.9619119818911
395.12562312113727,387.1984602086826,60.67413979570611,102.94044615708543
403.4270437218139,389.32248807224903,59.40144237579382,103.80243835709945
403.6886422466705,391.90038927746366,58.87824532608073,103.73913585199688
402.76222879364093,394.591598182257,58.19464714198598,103.42956822271798
401.6328243719631,394.8932130275274,57.93323766229911,102.82633853217709
435.17945262738374,392.64556216527666,56.018000702102405,104.81479335088453
435.4998229569278,393.6958810039644,55.377260043014346,105.2176422818242
406.40561177937656,394.55614641835274,56.10203502772221,103.49711145304751
406.38117952469986,394.9568551145879,56.150899537075624,102.69569406057727
403.7391421573473,395.61633177915957,56.48591782403206,101.3767407314339
402.49153271991554,395.9376007928208,56.52036769642001,100.73420270411147
402.50820149944883,397.30117020777175,56.48703013735336,100.45892081998909
440.21762880547305,397.65655246254,54.48472270351546,102.19537454972627
440.9274053815171,396.2459597690967,53.06516955142744,102.57792367501295
441.4505850666215,396.0923831547616,52.01881018121853,102.88507690368317
440.4975338222798,396.18911196007696,51.518586147741686,102.69161929305241
440.68755137772513,396.43755746068797,51.138551036851055,102.19472829183042
440.876070302927,398.1947944151307,50.76151318644723,101.06125109146603
441.00894340178377,399.89654366119106,50.49576698873372,100.0156297820341
441.09389117766585,400.1256242370179,50.32587143696958,99.55746863038044
408.00073451444587,395.0668412735644,51.319295801014356,98.03344724257394
406.6606269418588,393.116322351033,51.67643935179217,97.2883418988443
406.4380476176576,393.2321954540706,52.121598000194545,97.05659569276892
405.1423596434357,390.9968233790869,52.39050794457488,96.88240783460952
403.7380472826299,389.9030758085437,52.874629270081186,96.7453995795907
403.7520417465581,387.2850991138869,52.846640342224816,97.31983010235186
401.3109682667458,388.3038167043891,53.05127702066619,97.62115006193903
400.15039454770033,388.241641282745,53.02572670190499,97.74550090522723
400.2683941261855,386.9895742625983,52.78972754493458,97.90154068404215
401.7935468880732,386.8360775536516,52.08577774478532,98.2085341019356
401.9988197327327,386.6587949128189,51.67523205546631,98.56309938360094
402.97339641425066,385.4986277352691,52.06305357429684,98.54645885683414
402.59498951464116,384.2929880573552,52.81986737351585,98.61434601133121
403.22827436260906,376.36819147801623,53.91067002690109,97.96233272476145
427.94245081202916,374.38149744595563,54.17702606577126,99.56930607756317
426.41585632301724,371.48792792733224,54.83553953377725,100.5670940947742
422.52276439232793,369.7200585921624,55.35977666758866,101.68218385592493
420.8935807471088,369.5720456063489,56.172087029489205,101.97820982755181
419.2311334183363,367.2085415698389,57.03268061840632,101.77661576331582
400.1266288271262,368.3992730259622,58.10178549934711,101.87114647116788
397.2205275290953,369.4484188123415,58.92284089776098,102.26842849723306
390.358124237279,369.6151262786565,60.0706688514959,101.9350135646032
392.33642166685826,367.55688524447544,61.17384424559282,100.99172537970992
417.9153342851939,356.38194035711723,60.70541336043361,103.06585741382153
416.6993702736207,354.0959003465315,60.57992568456339,105.0805217359763
420.1465806126005,349.8240427986982,61.44106713491611,105.8686747033305
351.23563891416404,361.40940810683253,63.466370706080355,103.58972559870932
351.4537485991048,362.7839677550851,65.64191706238445,100.84060630220426
354.38453067054155,361.34988746406486,67.60159723107793,98.49460400986678
355.28632450753,356.8732423191858,68.4023623093286,97.03048329071439
356.55353401670027,355.76370424477597,68.46341448591389,96.6540882446084
360.4489294309256,351.91548816845386,68.44497523124991,96.57816882346589
362.8808918681429,349.3649690406758,68.7597127723375,96.50054466349977
365.07128634773943,348.46071567554645,69.56560575236156,95.71571042415002
366.3982537430751,347.23984521050045,69.50636914699308,95.56275316893908
368.04087437813786,345.80863382328255,68.81253243941933,95.83377138082314
376.0352325902213,346.88057110278595,68.32848095727127,96.27400764548615
377.5424031447625,348.01163848061566,67.896948618542,96.5946816601797
378.7145527779914,348.17685209410007,68.13319420169069,96.26425443321095
378.65414726259166,348.5441108300371,68.2540052324901,95.52973696133687
380.0848724693615,347.3121646391203,67.96286913296089,95.42331502916
378.8328335516471,348.7755232324726,67.9030375251427,95.06050728570233
379.1660505082093,347.5000200280531,67.23660361201841,95.05408308253999
379.15205038605546,348.9592529154706,67.26460385632606,94.68197290475972
380.643468084166,349.0333795201044,66.82295456253432,94.53371969549215
378.6414929025685,350.07470768040486,65.763575592322,94.98272804159487
377.5572647932535,350.06134080144534,65.41107079473491,95.00946179951399
374.302406741508,351.2840263134698,64.37418331144528,95.07962530439191
372.3632147351385,351.18742199979414,63.253733207266166,95.27283393174321
363.8475364344309,351.32926945542215,62.899063530884746,94.98913902048716
361.4116482887094,351.6512980877759,62.82372750438284,94.34508175577963
356.49702294211477,351.62560648598935,62.80248479031161,94.39646495935278
355.34485198442565,350.2162026029371,62.643783987828044,94.75223000759544
347.94837156342925,349.1400412231635,62.64224562144172,94.43880289907946
344.20836862206545,350.7130225625274,62.73920710328876,93.75385502064518
336.95370777291043,349.6813794720707,62.53456012315276,93.3648130884841
334.95392006225967,349.49909289250627,61.64798160861082,93.72938624761294
334.2008450134054,349.53420947338583,60.720318282897175,93.65915308585384
332.3306788496546,350.28719272441265,59.6260532143947,94.57048528180232
331.44544080700985,349.7751793137272,58.983876694924604,95.5945121031732
331.48710253478566,349.73194047603596,58.90055323937291,95.68098977855571
329.05375706692297,346.98892079677694,58.9331111582095,96.33289612018493
323.86223214116035,344.1917970582993,59.6068188287756,97.07247250666073
315.09513440919926,341.78018197855255,59.99317525468514,99.44601137500959
312.54449438616837,339.53690349806004,60.11133192826429,101.44100664975329
312.2819304792647,338.9163760596848,60.63645974207172,102.68206152650379
310.81995243698356,337.9600561465752,61.009867580446794,104.59470135272292
306.491402529605,338.09001740203297,61.91116701444281,106.92004563539447
300.5989836919553,341.8392942026527,63.155871124225285,107.32659220829277
289.401013045735,340.58836273035183,64.2546945675949,107.16631542176063
284.14544791332975,340.5245664574959,64.05256766855275,107.29390796747248
283.22803325108254,340.38137129386826,63.210594732575956,107.5802982947278
283.42575010586023,343.2988347114814,62.81516102302052,107.07903806855893
283.4797008690964,346.7232965666994,62.70725949654816,108.18821571343435
283.3383013259744,345.4414946591093,62.99005858279219,108.08448537504486
279.4371445348665,343.2948688010879,62.780614656609515,107.03656541882202
275.9826940356748,338.1435349755503,61.73505967098308,106.73329175788416
274.1376315050563,341.5149359328289,60.166627181560926,107.87832616931588
269.25667845236165,335.6115901505143,59.45023196456202,109.20671641155693
270.90901240383573,334.8773423353632,58.7725245006188,110.67521204185911
270.84569955471443,335.74889855654544,58.89915019886149,111.56908681505303
269.8978360345216,341.04492541011246,58.14256605658571,111.58627783856443
267.3483702544158,340.21831037148365,57.962375717935714,110.59994696639124
266.1303762694701,341.8378877441494,57.776395508933575,109.98276039995334
264.9777588942669,338.76359654456013,57.47193110638872,110.91194449322947
263.5419075669075,339.58141446650524,57.725518395331854,109.27630864933926
263.6688119148831,342.4842504318624,57.47170969938071,108.6675099461869
262.44019235035165,341.1784217126332,57.34382478044658,108.69404333664818
261.4019396435068,340.9246114712852,56.83701154841083,109.20166381934423
258.6868582777081,339.43171934313284,57.10303696265164,109.6053794169706
255.61803240006097,337.99018372447273,58.055536329075785,109.89587445985585
253.56828873372456,338.8976543248183,59.5418077654333,110.69414915547993
251.5977054779311,338.7973558731846,60.832522070491976,110.89474605874742
249.6273921600941,337.9566110653723,62.09766530438838,112.57623567437196
249.0453500525249,338.69636884520196,63.261749519526816,113.81862284236428
248.49699638049938,336.69781934580516,64.35845686357783,115.0556144071077
247.92908401139823,339.374260825368,65.4942816017801,115.29688431012951
247.40467061830404,337.02028743452695,66.54310838796853,117.18486160999188
248.18266583566233,341.03201376939626,67.85286250335656,117.75864259056726
249.40063652627302,340.9738737654882,68.31340258011691,117.8749225983835
249.34098686222006,341.1597262949872,68.43270190822284,117.50321753938539
250.95588393754488,341.145775756341,68.10542791958841,117.53111861667782
251.29645945106756,341.45313472432474,67.42427689254308,116.91640068071041
251.4162955683674,342.1144741483223,67.18460465794337,115.59372183271519
252.8930601293219,344.0506169273041,67.084124109472,114.57448484818931
256.9742797641334,341.30779825910975,67.4303471251487,114.38768066104484
259.47832751044166,343.749343210991,68.10085705538921,112.34389346871072
263.5286412648495,345.6457574959847,68.4608734690666,111.3712795395544
266.5298522662799,347.4881103198904,68.08200074996776,110.49834853362397
267.0557297984603,351.53835152530826,67.03024568560696,110.77502538001016
271.1417001679856,350.66956335690793,67.19475440460319,109.73378523079506
272.06710450186927,348.87222124664993,68.1100154455529,107.7963300338771
273.49898461311415,346.2665585805535,67.99875216977054,107.50266147265509
278.93656055275477,340.2702196417339,68.10856855824086,108.51037108254273
283.415141712669,336.19553695799385,67.44084991824518,111.13344066346761
287.48170112950856,338.4752165287233,67.68094106349173,112.15622150795906
290.3109438015736,344.7393280358202,67.64314788708126,113.67972891306425
291.3761431992031,343.12241896758906,68.34512543423168,114.08117070711718
292.3461794073835,342.549095347565,69.25524690587551,115.22781794716528
294.6348014127828,339.4689350266219,70.44321349970164,115.6229279844267
301.49795109399093,340.6798021249877,71.25941490501229,116.1096939412405
311.1597163333726,346.6143941386331,72.44227969299253,115.9584500663747
319.55180964453245,346.62440455311213,73.34062313226107,115.93842923741661
318.039639440363,351.17047729952213,73.40312275978619,115.73180608703822
321.19518906850175,357.52042761767666,73.01161549108357,114.87108942587919
322.6321861305391,358.6415240721037,73.07798831809319,112.628896517025
324.1708777120712,362.2978255741728,72.90849435120526,111.13207190523977
325.83146137574914,367.76765120126885,72.46993394626597,108.8402414182973
327.3430108307697,369.92682006127706,72.28771531353942,107.36278397559533
336.1885127889826,371.64697308442214,71.49048530380838,106.7381069137544
340.75401475705473,373.80158841119567,70.73846258730815,105.2218700000887
342.46991356008823,376.9645720404461,70.06435899246671,104.41129076403887
344.6233623334829,377.11543882368517,68.491767099926,104.10955719756075
347.82825137045063,376.0330710555792,67.48923660676478,103.57066894338558
351.832713663238,372.7405021081326,67.51681215477339,102.11930670469553
362.2813703160755,385.13941690146055,67.8795344184978,101.23901713361396
366.1461564544135,388.60921895168974,68.10085981770138,99.6000114837419
371.4443303122324,383.79306233538284,68.02165698777088,98.71517983064831
370.34919175188367,387.84741247892975,67.59730319956768,98.4503722702565
370.6132134815298,389.52329898523874,67.06925974027553,97.70221385906967
370.86044807436787,384.48639682644887,66.57479055459926,97.441652769949
371.1081708600435,385.7024847755497,66.07934498324796,97.58095262323224
375.10179184458894,387.0425340537729,65.78819431087652,97.46621783235894
374.12750415335296,395.0530581051599,65.17796273793479,96.79801146206752
375.4674370702129,388.02048554534053,65.03671960312909,95.63142038822065
375.7451274516365,391.8521585242634,64.48133884028184,95.5242119991141
374.7423489531132,399.56867950763757,63.97900704735334,95.13850277221646
373.59052320297366,394.6301020356055,63.7889114719039,95.04066941336656
373.8057158835636,409.7166161598881,63.35852611072404,94.73707055703247
372.5994267231069,411.43339399511086,63.29370009404354,93.78091922418078
371.59092120248215,411.76456985209865,62.848771029229454,93.11856751020525
376.49227352422474,411.1083822899287,62.82441376963135,91.98635578857332
358.5764174894172,414.5694039734964,62.24921718567016,92.34569415215321
391.3663799660587,414.44930398689036,62.09040784401493,92.58589412536521
412.8487734749266,413.78418844950477,62.757314149297,93.91612520013649
388.7871138554538,385.90509592998137,61.77924221628192,95.66277995002648
