507.0,287.0,37.0,92.0
506.1066926074414,287.7970804921999,36.80181608528585,90.40583901560021
504.92823950445126,288.1520591724054,37.200421825324284,89.69588165518923
504.0569648614633,287.95213443502314,38.942971111300125,90.09573112995375
503.37378356357493,287.7764441468325,40.3093337070769,90.44711170633505
502.05204690493133,287.6896336286566,40.93184926224586,90.62073274268673
502.0100486025382,287.7353076625676,41.0158458670321,90.52938467486479
501.84894280674666,287.71261655075114,41.33805745861517,90.57476689849773
501.50156240586296,287.99230872870464,42.0328182603825,90.01538254259077
501.4040711319164,288.8436727501671,42.22780080827563,90.35754386118244
499.40459148049,288.7423430326853,42.120205440546165,90.56020329614607
498.3383192026032,289.63641251729416,42.19840238593909,90.82641193730925
493.59597409250955,291.94547635418417,41.38514715279072,90.32746244486353
491.3457349110852,292.2532219929923,41.80942480792805,89.7119711672473
531.2038710692257,293.4245310081368,41.51934448096861,87.36935313695824
531.489220539662,294.15531865899294,40.94864554009591,85.90777783524594
531.384245555991,294.4391510264926,41.158595507437965,85.34011310024667
528.5078290324783,291.7397469115568,41.02694536656017,84.85443814221499
528.3148233964156,291.65491616719106,41.412956638685415,85.02409963094644
526.618123443859,290.9383525089494,40.88375660836823,86.45722694742986
526.6062774685447,290.4595550633911,40.90744855899665,87.41482183854639
527.5629589194951,289.2381708361881,40.98145173846653,87.87022421158179
526.8606441012721,289.50293481655945,40.39079179208393,87.3406962508391
523.9234299257472,289.3650715473514,40.33344992482233,87.61642278925513
524.1158335461142,290.48749840974085,39.94864268408823,87.35183315153739
524.1348315860221,291.73096611791345,39.91064660427266,86.83457584367568
523.5465288293819,292.1834374725478,39.12575987259355,85.92963313440703
522.7929827394731,292.0354192419982,38.698265467530305,86.2256695955061
521.5813344390571,292.06363660752623,39.19017813128068,86.16923486445008
521.4164069365708,292.04530120778963,39.52003313625327,86.20590566392335
519.0200125658945,292.48964813506495,40.42179985996537,85.31721180937271
517.0049461474537,293.38050355063024,40.55527018598005,85.4838322336756
515.3167388454282,295.71699900917116,40.025511183816924,84.7170149228078
463.61171096014453,292.4455262196112,41.00388268860338,87.39461392586057
460.3738615282929,291.6201800390053,41.51331474284764,89.04530628707246
460.9517551349925,290.640078770424,42.3792172818752,91.005508824235
460.71509282763276,289.8898232532822,42.85254189659461,92.50601985851856
463.5717201932423,289.41242287940713,43.425694611676214,93.46082060626875
461.3692685262211,289.38033790568807,43.591826990851445,93.52499055370681
461.191460426214,289.3849355063446,43.947443190865705,93.51579535239378
465.45444241336986,289.2383733205793,43.9386777572948,93.80891972392445
455.45429830515303,289.0103359872028,44.738221801791816,94.26499439067749
449.64954869782684,288.7944937868871,45.57767094150634,94.69667879130886
442.9403294097086,289.00310279535944,45.94656745315969,94.27946077436411
447.46934028029614,289.0319656793399,45.589516951319,94.22173500640312
449.6221620694329,288.9923361951224,45.62026626578796,94.30099397483816
448.41981593297373,289.08920021304334,45.85507032868047,94.10726593899633
447.2387092716706,289.40320964149595,46.046145378795394,93.47924708209106
446.37411263244405,289.37899770620555,45.61006390669556,93.5276709526719
489.2005321160083,289.83335755277847,44.13545225843205,92.61895125952609
531.5207046658729,290.52313735487843,44.27535855125005,91.23939165532612
532.5922067232765,291.1130284889447,44.23416169589678,90.05960938719369
532.877244229734,291.4647224988623,43.664086682981775,89.35622136735842
529.989419373429,291.75306846693377,43.248693963357425,88.77952943121544
525.2625391822337,291.9982236810859,42.46224085196121,88.28921900291121
524.0861059017925,290.9505251046659,42.78789369574631,88.35740243865374
522.8799559319583,291.0211886476273,43.166321883671486,88.21607535273094
520.8459002702172,291.05739818217023,43.157673984712986,88.14365628364509
522.0036960491253,292.2086714114865,42.87925356860789,87.87828096672385
482.23480066028657,291.9407112768373,43.30708676827872,88.41420123602222
521.4361888590008,293.1532252210265,42.56559542051399,88.03289137526652
521.5115320229048,291.9896075654903,42.41490909270592,88.3348572197805
519.301144398156,289.7348514805402,42.78157197010887,88.79025701758587
476.11176813052055,289.36875369050244,43.47691687946593,89.52245259766147
473.14125344494937,288.79043639322543,43.22936939722632,90.67908719221546
469.9817726473904,288.56632070852214,43.32203147208732,91.12731856162202
467.9745465447054,287.53417292440344,43.1693163235133,91.10803045288745
468.6132724865276,287.30582610452166,43.972505170840265,91.56472409265099
468.26799916219153,287.3134310255128,44.66305181951235,91.5495142506687
466.13994393754786,287.1837107261031,44.69301987157366,91.80895484948809
463.4319761409569,287.33318297007503,43.75680972844306,91.5100103615442
461.36703793286193,288.0729862328131,43.69321030942625,92.12714175367144
460.03215104946474,289.33326846687856,44.258354869648635,91.71120649211257
458.7863634104448,289.1729305754529,44.641529351392684,92.03188227496388
456.68159477257217,288.6041146790611,44.61157954447458,93.16951406774737
456.4499267804648,288.1863294843654,45.07491552868933,94.00508445713888
456.30209969732306,289.0501340608369,45.370569694972836,94.4335588820912
455.3138560817375,288.5873474101728,45.179576215568865,95.3591321834194
454.47317947800957,288.4486604645871,44.68327607114734,95.63650607459093
492.237977922745,288.5911048394115,43.036814447659246,95.35161732494204
493.64731604342296,288.3956746935393,42.35819941162933,95.74247761668639
493.5294078414651,288.3390712214772,42.59401581554508,95.85568456081072
493.4012844957234,288.85048467753734,42.85026250702843,96.97245351428774
493.074161895742,288.0587290850535,43.504507706991305,98.55596469925536
492.80172530261996,288.93754339370287,44.04938089323541,98.99311184103996
490.70383104792546,288.9896825785401,43.82376251996615,98.88883347136547
490.37745250738027,290.17429390494885,44.4765196010566,98.72483261535956
489.9727339303546,292.516896965629,45.28595675510789,98.46825826652925
490.1227217963268,292.27680313059545,44.98598102316345,98.94844593659623
490.0781967441143,295.52580954137926,45.07503112758856,99.12994152940594
491.10748441230174,296.455654812815,45.247157131944874,99.50095232726575
491.9484714895273,298.9654649419598,45.80429315537171,98.95955242473218
493.1143091499037,299.0992567129393,45.71361310245756,98.69196888277315
492.0242475366041,299.6505715467712,45.658220438991265,97.5893392151093
491.74466491461845,297.39667296281846,46.21738568296258,97.66014109095119
491.6691235375499,293.20194905571,46.368468437099665,97.1324413859601
492.9627619545546,291.9012953107255,46.00541727357859,97.50952320544079
493.2413614353434,291.14036423038607,45.448218312001046,96.80799029903476
494.27866778226274,289.7949508861613,45.57705701350679,97.29536559213987
494.5199981128403,289.8525149589335,45.09439635235163,97.18023744659541
495.8945709150086,289.52569593221233,44.547940343999585,97.83387550003783
496.1170968932937,289.5521919026143,44.1028883874294,97.78088355923384
495.0028256529865,289.9998090802021,44.13738061351194,96.88564920405821
494.9990679979971,290.1001432669941,44.144895923490694,96.68498083047433
497.8599658871384,290.24755206086746,44.959699064164894,96.3901632427276
504.3686547044234,289.04807579085326,45.07533349527257,96.60028043847637
502.6584764006869,287.63741529138713,46.30177540215511,97.22768673681794
502.1413395270915,286.29645949927925,47.33604914934592,97.68514528596013
501.9983745757732,283.45522964863085,47.62197905198257,98.86935529189984
502.021774849619,283.3625223806465,47.575178504290896,99.05476982786853
546.1525007260054,290.8128063224254,45.69823247759847,97.79386074316558
546.8826378060521,292.26016375605855,44.237958317505104,97.1213204731516
547.5029432762049,291.7938043168392,42.99734737719952,98.05403935159026
552.7224724469274,292.90651728017417,43.45112508853529,98.00718063547646
554.7640525466658,294.18179534151005,43.73972297842767,97.64250355748926
559.7984133174257,291.77334770602505,44.59931738287167,98.08807245007372
568.4226050665602,283.66113019599,45.00870861480189,98.8619545812196
568.5878487732107,283.0051008601405,44.67822120150089,100.1740132529186
569.0852950553699,288.1297997367608,43.683328637182505,101.119080203544
576.78146486359,293.52862267425036,43.93638717421969,101.4967187239058
591.7208193006309,296.99098898540865,45.48756195513352,101.3069611705169
605.0204045400314,297.49002210688025,46.12308112333355,100.30889492757359
611.5346224776465,296.0386794804239,46.69185284244396,98.67917764903952
614.776547431256,296.3063879083971,46.96524073475824,98.14376079309321
612.5489566144598,298.1707984624946,46.921684981473774,98.91367707177474
607.9546519207479,300.2915823797317,47.07094382106896,99.19178451121485
609.0091343495499,300.42799617194504,47.22847251987872,98.91895692678811
617.0417215179497,300.4045762676815,47.020116411421796,98.96579673531522
668.7374687725561,303.7890991276044,47.695021245532416,98.9836901030775
625.7781019557592,302.51033899112616,47.189444701811944,99.26688642399941
628.0043030613616,304.2110962903721,45.00669618764081,100.40467921957462
628.7385792982611,312.69637925925787,43.538143713841684,101.4182202759666
623.6595743222078,318.1082094298906,42.51205136089052,101.77866223975882
623.9326982991419,319.41432722623017,41.965803407022634,101.3902849713983
621.3497167466203,320.3725702960262,42.71465833612429,101.68235291977686
620.2044341546624,316.49382046228743,42.77916255645333,102.76166969649404
623.1230635545558,315.08802144122154,43.67027536150175,103.3304772036806
623.1850810473802,314.1510765662937,43.546240375852825,102.93755904645411
624.0747136358392,314.8007730630342,44.02590784299322,101.63816605297298
622.8936489979045,316.60032131197113,44.13941732188264,100.28768935207944
617.9955553724722,317.4070163093719,45.01136710526767,100.90535872414767
657.6039969348114,323.0263627610347,46.98747755342694,100.9434704837163
651.832742907906,324.96795436012485,47.07721600709273,101.64139512559399
649.8510816263214,326.5286566029288,46.435978657808974,103.12455055243913
648.8135663894811,326.0710070766526,46.198409052037576,104.03984960499145
647.4575973678875,325.6668815756277,46.58864037305146,104.84810060704123
598.8478826037383,319.9794871990215,47.85599669743628,106.86171148670107
645.3304307689456,320.1378213786425,48.17075434201027,106.54504312745902
647.0669987996515,320.64138415158345,47.09033920462022,105.53791758157723
646.9558533512508,320.5533077197236,47.31263010142172,105.7140704452969
647.0192881481755,320.880679031511,47.18576050757221,105.05932782172205
599.641339277116,321.6360659246129,47.78743590934084,105.90240959402692
599.3262426420401,323.9610303607762,48.41762917949272,106.00580234019364
600.5069356833196,324.5476752194602,48.445458578681,104.83251262282566
645.490804372342,330.47981620822543,48.638101570229665,104.83143858866273
648.8769119840317,330.21470815361624,48.993872193157586,105.36165469788114
648.9483425722052,331.44670518888574,48.85101101681069,105.2875922306639
649.3191077148449,332.33040454461116,48.10948073153129,105.90654969271179
650.6312240917133,333.70583426858525,47.86761923556473,105.53806150253374
652.046004563925,334.93406090497047,47.410834264668544,105.45438420329043
656.9785610115993,333.72931303940874,46.999895514708285,105.50033639806668
656.933695288362,333.23721510931057,47.089626961182745,106.48453225826299
660.0708923307793,332.79764055201196,47.93375689009223,107.36368137286026
659.5778633638798,331.780108482217,48.91981482389119,106.99830352584638
658.2417569469357,330.84438864405297,49.17958641388928,106.45730195828412
663.0060721750556,331.1329997479226,49.28744536486775,105.88007975054481
662.5022246895236,331.40885599090205,50.29514033593187,105.32836726458595
662.3385645939588,331.3946795075166,50.622460527061406,105.3567202313568
662.0983431870125,332.52307235217023,51.10290334095396,105.51819566615029
662.1826577881476,331.8530639267963,50.93427413868382,106.85821251689809
662.0163917347054,332.6972929143853,51.266806245568304,107.61534814013616
663.0574072167626,332.7773912920492,51.64720294291514,107.45515138480832
711.8239680517803,333.0113025803611,50.3158972378675,106.98732880818449
713.0450661126024,333.6894502223497,50.31039500847639,105.63103352420728
713.469114444364,331.43689753440214,51.879127957944085,105.30247967412063
711.9205638649123,329.48940323569184,52.53693355261434,106.75817270730805
707.4180850635041,329.7188177260808,51.65394404619407,106.29934372653015
707.6275193296289,329.94570733473955,51.23507551394468,105.84556450921264
707.6817002187156,329.9248709803385,51.126713735771055,105.88723721801483
713.1588470262076,330.9255580990005,52.34629580543887,106.32063811762097
709.122603930836,331.60296729958,53.031931226514175,104.96581971646214
703.1935025619921,332.7592313543727,52.61853483190005,105.10761143333704
706.8840101987131,332.282739036389,52.58526911050398,106.06059606930447
705.7510360620698,331.68593107881895,52.38859543030055,107.25421198444454
649.7033471761679,330.26264179270146,53.03411216958952,107.62412697817925
644.8234265458989,330.53336953757866,52.82087493068836,107.08267148842485
644.0066475836411,330.651301835553,51.97277799822088,106.84680689247608
647.7645223223406,328.20235711585474,51.84750163328394,106.81771425689811
640.7004220689042,328.53184240597955,51.210363363305845,106.15874367664843
644.9989087243163,327.1811236418945,49.933969546601475,106.41998804011206
641.5913669503004,328.0463174734996,49.483763452226846,107.11136359103732
643.0715213394849,326.7650897885484,48.94741379861462,107.24985983618299
635.3446879995049,325.3030277792518,49.901593258185244,107.75740265137793
631.2721614843543,324.8888598529658,50.72464450891381,108.58573850394984
630.7834621869756,324.66531300924265,51.70204310367127,109.03283219139618
679.4283736660493,325.10555597794445,51.54871177978207,108.15234625399263
727.1080808145151,323.4814273799869,52.72090875954977,108.92543392999247
731.8027429851101,323.067055920686,53.35897386790778,109.75417684859414
790.1200055042046,320.2229432309835,53.106176212174816,110.3823271244141
839.1347783201239,318.32037989793514,53.934391755364324,111.65263940140753
839.9096235208129,316.31957210912503,54.95246199702534,113.08649433598866
839.9738515763265,314.9428213076761,54.82400588599818,113.23360398028777
839.0472553038709,313.3797884194945,54.07089018121256,113.75336150695404
839.4259817949771,311.809307601956,53.31343719899991,114.2935377615829
838.8001032874948,311.6886900923988,51.969755467789554,114.53477278069724
837.670812077808,311.28587072179926,51.652912954201454,115.34041152189636
837.9129782418108,311.39183284585715,51.16858062619569,115.12848727378065
838.9967641578525,311.57080557947427,51.57097933073884,114.77054180654642
839.9674173900661,311.59916868958373,52.201522431868604,114.71381558632737
840.2826254739362,311.43104008798974,54.15319681431612,115.05007278951544
845.3580523084674,311.2118984565996,54.486821752859704,115.48835605229564
846.6240699726536,309.7298574295122,54.58811272568165,115.81911180527614
847.0168896700565,308.1379475459828,53.802473330875856,116.36301876096661
847.3734690832242,308.0253109091514,53.08931450454041,116.58829203462935
852.8439713010864,308.15213851585844,52.64788254840553,116.33463682121533
854.085421027761,307.7728422965194,52.778449045533335,117.09322925989343
856.8888329225008,307.5779053593807,52.4251732225725,117.48310313417079
858.1251172558478,307.4205856492029,52.57883086369324,117.79774255452641
860.4168756291667,307.71194277995687,53.26229971037141,117.21502829301852
864.9907603120889,308.08679860837873,54.66266133906805,116.46531663617478
864.1765914047305,307.09251956750853,56.29099915378504,115.80324696869657
866.5391481523385,307.17435928236625,56.904538261968625,115.63956753898114
866.7123516385757,305.89617005218975,56.55813128949431,115.51836300594414
868.2132030763008,302.36115333946555,56.22623036079343,117.24879253789362
870.2633013243508,300.2554646561105,54.81533684095274,118.77086692834416
871.9372256325445,299.94618717430427,54.154343900534045,119.38942189195669
871.8926991785726,300.11520658090876,54.24339680847789,119.05138307874773
823.7578005913663,299.2357628720269,54.00017002449587,118.12935316433376
825.4084666547435,298.3915017961065,53.36209192178211,117.15462129213373
825.4725136307638,298.5748177561627,53.23399796974151,116.7879893720214
825.7120762077423,300.63379723550764,52.754872815784765,115.30036178424307
826.8461136801885,301.25203941575245,53.0871110637254,114.06387742375338
876.3459222462334,299.11164025732506,52.43683430567124,115.75653520444939
879.4076325743493,297.42878656730113,51.51614603215954,116.52087639313721
879.4296520537537,296.6322520411878,51.472107073350685,118.11394544536375
879.5712009051281,297.91080594858806,51.18900937060192,118.17542538186487
879.8775629518384,298.03628414791837,50.57628527718127,117.92446898320429
880.0435729542236,297.7852156243054,50.24426527241102,118.42660603043018
879.5607962528824,297.6134430428758,51.20981867509347,118.7701511932894
876.071120142243,297.5534598128946,52.9422547678229,118.89011765325185
875.6065338784416,297.153999210244,53.871427295425775,119.689038858553
878.577242277336,296.836112707427,53.297317230279496,120.32481186418701
878.1048899545776,298.033249964216,54.24202187579647,120.61332313460163
885.6018339683384,298.4311964282204,55.469613472660825,119.81743020659282
879.9646252944824,297.2424036600139,55.889921347986686,119.48148837490925
880.9988884456137,297.1856059655549,56.537378534053104,119.59508376382739
880.5171406747372,297.0431478328609,57.500874075806074,119.88000002921532
823.5255821399634,304.5887382416456,58.73899200959529,118.53820935015301
824.9481634625905,305.29876917882336,58.64560217223898,117.11814747579746
826.6862816579661,305.8755753669522,57.898737987652424,115.96453509953979
831.7000093065894,304.72434257573065,58.66952376991432,115.56744041210582
826.4216204232554,305.0009232691503,58.398034515155295,115.01427902526657
833.4734063106853,305.46120522220167,57.765815430581014,114.09371511916379
896.9493670899066,298.89996450279347,56.297308580844316,116.53675700830307
898.8222634880931,298.16870035721854,55.23166310203382,117.99928529945291
901.759405909399,297.4640369502964,54.72318512565243,119.40861211329718
901.9476934229297,297.41709670279147,54.34661009859117,119.50249260830714
904.0086313938494,297.60260863923577,52.91401605939008,119.13146873541854
901.3885885279908,297.67108610275886,52.83663153346561,118.99451380837232
901.3959109883642,298.0195425689937,52.82198661271876,118.29760087590262
898.9369748039924,298.0850212765943,52.44981890771187,118.16664346070138
909.1186580164448,294.82185331265384,50.54247889249771,119.41982898581361
907.715595389918,294.48817874699785,50.72755428864792,120.08717811712569
904.6250719651714,294.1130358552325,51.640656654065296,120.83746390065632
831.9154377246664,295.92502285491855,53.366909448493054,119.87447167325803
828.9090357436453,296.0034403194095,54.024756321217474,119.71763674427615
820.0940678060203,296.32993495499784,55.53412917372778,119.0646474730994
817.1658417789408,294.7261672130926,55.98318314852465,119.5684839172288
817.9083648779175,293.0127981648426,57.217016012243754,120.27634295205642
818.6926593762882,292.64090992619333,58.39914306532598,121.0201194293549
816.9122211901562,292.54380008305145,59.17787549784389,121.2143391156387
816.7659229530364,292.4369143496312,59.47047197208353,121.42811058247928
820.141207062313,289.4953795980342,58.333330164058715,121.6977536751446
821.1121593240482,289.14842910631944,59.18231400678128,122.3916546585741
828.48490850985,290.39558860394186,61.33151808863015,122.71311940557126
827.9878460322177,291.66414937357007,62.32564304389477,123.03375593221213
827.592996032367,293.12442258237206,63.11534304359628,122.99284970395564
816.4647857136263,294.9439545714158,65.12309817127505,122.24645222726855
828.7830591327792,294.72888728396754,66.73251515777818,122.67658680216505
827.1207394916364,294.56093130141306,67.10704021525436,123.012498767274
833.8563397481828,294.3834559142158,65.48172363189877,123.36744954166856
832.5398732243538,294.1798043742188,65.17578872485319,123.77475262166254
840.2692974118502,293.3210701809005,64.41497716255374,125.49222100829911
847.582703776546,293.38734917550187,64.54687988762916,125.35966301909642
854.9218398161332,292.8545471104066,64.62896360900264,126.42526714928692
853.6215940061489,293.20902305276843,64.26033424596946,125.7163152645632
808.6348512467565,293.2338782214556,62.71053629962633,128.61896890993495
797.9392311406082,298.9989993579927,60.35750506073873,131.92889629385095
805.7649456783698,296.15631155811536,59.58222455389564,134.6390421798697
813.5310004531502,294.9630820506035,59.054923166622984,137.02550119489348
818.028279945147,289.92616278191497,59.13906159666227,141.04687478958184
827.0862644633511,286.6074842475805,59.53824225270486,144.59837357617562
836.5100557006602,281.2780092479399,59.55589611964112,148.9689114616052
845.9227566136618,278.2255352026716,59.97547312399409,151.86636308041585
853.5399027265254,277.1192766245047,61.024595900744536,154.0788802367496
821.5344013346872,275.6922543110485,62.19758305397549,156.932924863662
784.2315006801749,275.3295100901164,62.67907146441948,157.65841330552624
837.789352452027,270.75464292010406,63.98988392778452,160.03149039510907
847.649362952905,270.15058293372954,64.9452041027136,161.23961036785812
850.8663091640203,268.95972544072254,65.4719713253833,163.62132535387207
861.6953677600626,265.92266013872006,64.95798325290951,166.1714344379419
870.9638658346627,263.4342046251513,64.17855412042807,167.5968320617357
872.6125374189022,260.5153617959904,64.43922050454883,169.8765081674577
883.5850844799334,256.8426685297434,64.06654875037366,170.03108724398925
892.9067440950225,254.40119516598023,63.377812643745614,171.32311734680553
893.1565338942268,248.63628926326356,62.878233045337,172.06186920554342
818.924872633701,255.60938726096856,67.39857246277185,165.31282236531422
731.8032170046015,265.6329861118484,69.67081603848877,156.0138163937096
637.6913923695391,269.77320497557366,69.51781617696096,147.73337866625914
638.8968919290053,272.12235023422875,67.10681705802857,143.03508814894892
641.3028117117448,273.82282607119606,65.54984625840544,139.63413647501434
640.2317455149592,274.91683474515503,64.51382666177558,137.44611912709638
643.9811871311282,277.0456434488025,63.27133646758945,136.3166982388774
646.154682534742,284.3062561448471,62.01439185528225,134.1556576264697
658.8070712972242,289.4581628168513,61.00256598079886,132.96170115139165
609.8445631003173,290.83307299558345,59.876639557977214,130.2118807939273
581.0895841285767,291.7458891448501,58.5497228453671,128.38624849539409
600.3756803811244,290.51538182117486,57.574304081815924,127.95520362416411
564.7807760318647,291.3637840172692,57.04696692071896,126.25839923197543
543.0733074832133,292.46302093146573,57.940052583886995,124.05992540358235
542.9347916209186,293.4986665558474,58.217084308476366,121.98863415481902
535.0300043833697,291.9527433488662,57.26801283753008,122.28737291110747
537.9635992715232,292.7553810189116,56.96264408179837,120.6820975710167
534.0383585583461,292.89190592969067,56.55653744557542,120.40904774945855
534.6057176242634,292.43705489717075,55.421819313740755,121.31874981449836
536.3976789463755,293.4084399284725,54.57242012960337,119.37597975189486
538.4693474300913,292.08338719056235,53.12048442692416,119.33468396296298
568.707497179428,286.02666724257716,53.94641703083917,120.78686610196145
548.4329029403782,287.0372178279523,53.98203228699083,121.4666698126743
548.5911930135645,287.1481529107292,53.665452140618285,121.24479964712057
554.2858776689712,288.78218139477127,53.08650330778258,120.67934779853078
545.1422592603651,288.65569103342114,52.58424462848218,120.93232852123111
507.8476958480345,297.2982547586191,52.16070732632171,119.72134338372535
506.3751586829241,296.57962902326767,52.45176737696794,118.50458057485369
475.5389627199565,300.1209049960113,53.36942686771921,116.70504884112152
477.9061774457671,300.5639143039494,53.897995859663425,115.81903022524537
471.7682879918032,301.7190520873646,53.03447112319462,116.13661538729423
492.24885236923626,301.37699252655926,53.95122508271447,114.20336683925589
459.327744277616,308.73430589315694,54.66197104541954,112.5150341501676
449.7321495988941,308.0512482091274,55.702169388084485,111.28815080182977
438.0433353084809,316.54172800138423,55.74198754739206,107.27264145149323
438.34513961768437,314.51331898509653,55.13837892898506,106.25967751020437
432.39550755976416,316.9400898802122,54.48951860098795,103.9157606087405
432.9366785893823,317.33683475463204,50.94315083419056,103.12227085990078
443.42939152377176,316.9017511135919,49.08721668898216,103.9924381419811
451.2931845991826,315.57382571524755,47.589355695219986,104.27666807915988
455.1811080531466,311.2747335020885,46.862214692538586,105.82614660023134
492.00470459608954,301.3070125187785,46.35307775862168,111.60583576324444
516.1276068544527,291.3860790676901,46.785289679665325,116.84429773409036
516.257724409928,290.4682106299056,46.525054568714665,121.1971383920596
511.5319248025997,289.0559724193001,48.25159363799199,124.02161481327074
506.03913360918244,290.15482613025176,48.65097782489087,124.4704569413513
498.9516218102199,291.9966477717145,49.525233500692764,126.10712082727507
506.20681778890463,290.30454196580354,51.210824820658736,126.79200189287434
501.2752712149085,290.2207919060417,52.85604195510868,126.95950201239808
487.23501946736803,299.01003845369746,53.22681151636725,126.0068492773801
492.450736837597,297.7991577968074,53.85053467114765,125.66482111735058
493.4394880465642,301.5465015333415,54.642915368401226,123.70989987465808
469.97818497803735,300.9888893157863,54.72112150618325,124.8251243097684
491.96676884296875,299.5084723064177,55.11346216183837,127.78595832850567
485.6969518945572,303.6024694039517,56.3615268426543,128.06664104544302
478.5389885461096,303.3046991521471,56.43259011291923,128.66218154905226
487.06151171326644,301.9882768067996,56.540675719667945,128.4361709162368
440.1034494099534,305.52797539917935,56.15981999857323,127.07174223618765
438.3932964083557,307.866562819959,56.74912746349655,125.22556593290048
436.9206517414798,310.7719619775039,56.87985393210302,122.22933048295585
436.575134468556,311.8411534861074,54.79760417689428,120.09094746574898
440.4672684527649,311.18822261401294,55.13055364467475,118.69107006453834
447.5175574212877,311.4237110211319,54.48601483076963,118.2200932503005
451.9529675346316,309.29343497570983,53.63443837293217,119.80756408486121
458.04996365636345,308.3998660829481,52.16528940580217,121.59470187038464
469.26106205404795,310.8955036293898,51.19278514370876,121.96584991082007
484.6410771993618,310.59527916775386,49.79570369357958,122.56629883409198
525.6572031812177,309.5385964823366,50.01245782085468,124.67966420492652
547.7598259377572,304.8741310054582,51.494699684462375,125.94609738632691
548.8312293763674,303.59760232839994,52.08405072989166,125.7669968177936
542.232836232234,305.2339614968312,54.3206232550822,125.23433192170009
546.0398375643204,301.684215058577,55.022492956276565,126.78990988796392
537.3979144995488,301.3617564643528,55.46513226932686,127.43482707641225
537.3181617126359,301.9521884878635,55.62463784315292,126.25396302939083
544.1371385197106,300.63881780997104,56.03528327325908,126.07098457632472
556.5085514089252,298.99679168939133,56.62110824009443,126.54074229023249
568.0510676197003,298.350502159021,56.18735577208734,127.83332135097312
581.1624644948299,294.8495142516047,55.54726804907983,129.1502513819721
636.6765549373293,292.93316201623645,55.68074942970334,132.98295585270859
639.8305769422774,290.0800284736432,55.18883410466605,135.7811585954658
639.960925569897,289.3989343368106,54.928136849427,137.1433468691309
639.8043353465706,289.2514845423062,55.24131729607953,137.43824645813984
604.2416974096187,295.6934555432543,55.218725577489685,133.44778790530532
644.9452107370406,291.29846303626,55.19572735936059,133.51805558678885
621.1813638344387,292.0046419726476,56.2085782161763,132.10569771401353
629.9042825240981,286.415501911595,56.191182276357324,131.6650168764521
639.8538730375969,287.27651227987315,56.57842419476944,129.9429961398958
637.0756231391986,287.8747359990564,56.374962247536125,128.74654870152938
635.7869452225367,288.3612373003884,56.09325603706793,127.77354609886541
635.7565433066735,284.4236241943022,56.154059868794306,129.96877498910686
635.9095747341717,283.94118751809674,55.84799701379795,130.93364834151774
636.2361720574102,280.4223227825724,55.194802367321024,132.20855191298608
637.7787849664512,279.3948140862747,54.99783755825578,134.26356930558143
667.0205137616213,279.51577684423376,54.80262157163487,136.93605586984933
681.0879970362813,277.4618709154021,56.16201753519252,138.09443147622483
682.5302916740924,271.8565080107177,56.26778570910385,140.33408493699284
635.6978913256527,279.00012191435445,56.17296087749708,138.1448733269434
627.7705408599523,277.9676270254257,57.07126537467822,137.218583817957
630.8268441938278,276.701548761881,56.946444429909945,136.75684748355508
636.4299124012259,273.8828045196238,57.680355443841705,136.42431225370547
637.7088136403783,274.118074023477,58.11577569609055,135.95377324599912
637.5375525836154,274.66174966127943,58.45829780961647,134.86642197039419
639.3669285780641,276.02402464631933,57.78399086957347,135.12631704916885
651.4122451153621,274.14914474357613,57.503690842193215,135.8997852237532
655.9769846639767,273.8367064196525,57.32175153607788,136.52466187160047
666.626952087609,273.60981342221635,56.940038311212746,136.97844786647286
647.464545935522,275.5469648,56.419591521863964,136.0922419642534
705.0199355948091,268.8346532086644,56.985324657584755,140.61867188120962
712.0873820711467,270.0030018297023,58.05741809580833,144.3647691954933
680.2959574480692,275.3374974965533,59.350878377117525,143.03918620651825
684.966701652562,270.11772732683585,59.36453250333268,144.1235840107523
656.5302726696467,276.94748668150874,59.82054259972634,139.8668732796461
650.6987361721388,271.43009162223103,59.16012574022818,138.57817354368717
645.8762798712777,275.2968482729193,59.65337695457234,136.9457678338958
651.4923308324146,272.72965735469313,60.56384600687136,136.0088641830617
660.9035316842236,273.87483250501236,59.97003624515581,136.75661253940703
672.9714248077219,278.7293659360605,60.14213678028458,136.16300322060755
670.4701118619533,274.95806472801627,59.078935339457956,137.63977830433237
680.8553138199038,274.76441073582225,59.55734593575126,138.0270862887204
670.3572577204745,274.7602655827164,59.20623956561366,141.0849792476458
670.2381028117043,265.9315346402483,59.44454938315414,143.3044416924302
707.4707722992464,267.23710206821977,59.952151577069124,146.94105193390385
674.893963076049,271.7294959367142,61.398778734733895,147.51231289022456
663.3004939282259,279.9888285789882,62.05057563770034,147.09017717187635
604.6490228697464,281.9395299840108,60.037052650047,143.18877436183115
596.2344329984355,282.3167360860757,58.06992503343205,142.4343621577014
590.1630821348709,284.65526075230014,57.86510477225985,140.8441933223279
592.9346748877732,287.85636040939113,58.44253735338924,140.56261209507997
597.2569778795936,297.74932434517956,58.997452413642094,139.1757263112904
653.9819248891159,320.07725483617355,58.631176043192454,137.30826119633844
674.8493170949288,330.96428961959555,59.21604200276276,130.6483524763502
707.3953131472897,341.79568035602085,58.72948638966234,126.60523550121447
710.4300325742103,339.26869059184355,58.39865958350912,125.92060298188106
734.8817324416179,349.5219741698424,58.005752661619525,125.38894463120587
789.7625619173728,293.64082000857945,56.12422632224724,134.94902205802254
785.5005222515007,296.9034708627379,55.815346641021975,143.1453187046548
773.196022529856,292.8741482229092,55.96953538978856,148.14711264749695
760.1750544300612,294.6010583867494,56.96010273942096,150.95613453230578
727.1184624410795,326.0586043312711,59.28279618644396,148.6420086476558
717.9346964658928,327.2540579531293,61.660751960513494,146.25110140393946
645.4657212591123,325.1602423359131,62.34048004847308,144.02725609056745
602.359932184219,312.1171521106622,62.540862184890635,141.4430378699461
597.6268558890874,312.2432804983936,62.55193301415864,141.1907810944833
588.586710388917,307.23683834744224,61.74283767922364,141.758972228748
593.7808201193546,308.03305165697736,60.78124663236549,143.30875508101684
626.4072306070002,307.97909697953264,61.628832397322874,146.5643028521085
627.5193620655348,317.78908104957816,62.61426683602817,146.2025188466646
656.352745776266,304.1848380797908,62.94195362024584,150.85760592847492
669.4188655083562,297.9563970276084,63.16963049863841,156.72450894719637
688.0299767764187,295.73275754168776,63.167445648679916,161.17178791903757
689.3129409358407,295.82977284405655,64.04910920668874,164.425349191153
676.1493950571613,299.28215229878674,65.80520994692613,164.5408734294416
717.9275397139659,287.9267139513116,67.28588464421276,165.99250912166795
734.7395461836963,289.1273444080002,69.56705873500539,167.18176691131606
830.006845908438,282.1499115684459,72.38916463011856,170.19191341997595
826.8260324939222,282.600087153139,75.0090434339762,173.0333102757639
810.2484258655847,285.1648312123448,77.53095330986139,175.5621480025497
835.0131684633612,286.147337791475,78.83482720518266,177.507393235895
832.3450865117153,289.90479509210496,80.20957808469231,177.91530468219943
828.26587584911,290.05015131250974,80.3850146620646,177.62459224138988
720.1860977816053,305.51603740687773,81.0656916060514,174.62526735519393
714.9443156051381,304.2925016684518,79.67325974297388,173.11367342670854
796.4679096756877,288.01979109553054,80.94329626093418,174.36057558987298
785.8757244560454,288.947854190564,82.36429970595039,172.50444939980605
805.399093062287,294.1764115153053,82.82182755750488,169.94818776313096
805.4811854189793,294.9831112750042,82.65764284412019,168.33478824373307
810.8805303481673,294.54749590586607,83.54287290126052,169.20601898200934
783.808059188874,296.1246587805465,82.76961327855963,169.97442194274043
841.2079782947105,294.1118487105545,81.66556271391,174.00004208272443
797.6684533958635,307.9301068780962,81.62367848064336,174.08382293931047
810.0463910706461,307.34517751983435,80.63099218542357,175.2536816558342
812.4596775001696,306.95051889525064,79.76462196033683,176.04299890500153
800.5232444327559,304.6276243110458,79.8985350311556,176.73229589607655
818.1510381030072,304.23505361367654,80.36262951820368,177.517437290815
818.5639523965845,304.41107550645023,79.53680093104906,177.1653935052676
816.4870148621554,303.2782580901601,79.72188519955093,175.46223753749177
818.5906405385232,304.4872106367887,79.46193952026412,173.04433244423458
823.1330897884257,303.5533791295896,78.1922546106097,171.00438866355753
823.8347836011196,304.88928474531747,76.78886698522177,168.3325774321018
839.4252240527184,302.77031715957287,75.94625476188074,168.77822901860893
839.726252234489,300.26688458099,75.34419839833926,170.00111945944008
846.167922987738,299.41920973515795,73.8342622590868,171.6964691511041
861.7836625545316,298.45248387648553,72.91530815158536,173.6299208684489
866.1615555206536,297.926463045029,71.76102323435873,174.68196253136207
888.2326059343428,299.4540071817398,69.36873836725727,175.42231207251098
881.1945165381907,299.96567820944415,68.39114088733407,174.39897001710236
885.3883793273868,301.30842261241435,67.46589702664822,171.713481211162
890.1370717902465,297.8570324362144,65.32065969861213,171.26411396587855
886.5835570738138,299.02442122326704,65.16538055041508,168.92933639177326
886.6091680210016,302.0699059243664,65.11415865603965,166.43321856773477
880.414456971418,317.4872711708938,66.82936334558389,160.50499536379976
877.9856350460404,315.55289943955484,68.18374690102692,160.87047853116593
851.6171791681141,326.27557071376964,71.46493517051977,153.55534269312483
852.8204979823048,316.5639614246644,72.54247314334893,152.0735076640732
859.0610479602616,320.04511409341757,73.98691390823586,152.07397268696715
849.811357445141,335.34455147024187,74.95371943455308,149.52721873959712
875.5467085523125,317.9128532988727,72.28736461034806,153.01639176010406
881.676067432029,321.57516331859495,70.5007017618806,152.67314166130325
863.2608911015052,305.920529985778,69.33181175500351,156.34659547753748
870.653516446921,305.731652368864,68.49584704345875,160.21167220618713
873.0920293578739,313.78895448919747,67.14737075962742,161.73981565589247
873.3802632885673,313.5927349262612,66.57090289824058,162.13225478176508
869.9115827081042,304.69815818788186,66.4639710887711,162.31067583253443
873.2501891202087,320.67197717127,66.83239245336017,158.54557462095022
859.8599829021155,329.1240408966273,69.28768944172504,152.0664966478734
880.6515969415991,329.70295320458416,68.79741405981073,150.9086720319598
889.3149448859517,331.40496705275024,68.46568257655292,147.50464433562766
888.0070631544882,331.0358490767952,67.73776427242561,144.89919852048328
833.3817780846506,343.81453473028284,68.31822091224595,142.39306341044704
825.4959358594806,343.99804124732043,67.75678327572825,142.02605037637176
828.7844337714694,348.2623632394284,67.68277922582709,140.00039816623206
739.087710438539,338.01400764307186,66.71986671245645,141.1732137325989
699.5195584881724,307.06076095342297,65.3314063583149,141.88088627819175
675.0247114288601,339.72171998447004,63.00854609687167,140.6996611911822
674.011405853168,352.8622290252835,61.88602120559193,133.31345936553953
678.2262794072208,296.2977653675808,59.50051280972143,131.60185114847764
677.5285846899707,299.53034896525344,57.940450969953574,128.09213522740026
682.934398962159,299.60333888214404,55.760126927574234,127.94615539361902
682.3238279106866,305.70699288182493,54.14464275448546,127.08535249839133
686.9089624626897,337.6104051494984,53.3612616030594,127.57800226615817
681.0371165669005,345.35500689916665,53.94947897268886,128.82201039974484
674.5213178079307,346.03672096379665,55.71200815538462,127.4585822704848
674.3167962780715,347.30009281096505,56.12105121510308,124.93183857614801
673.9375370653343,357.3693018583648,56.8795696405775,121.58905628929364
671.2586675492583,345.35749373795846,56.70939329953465,123.50101103732759
669.5172084131933,352.1308147438919,57.403508606126785,121.10958088761251
663.8539681989587,353.39779245155734,57.6655324347187,121.34173962225103
649.056770656805,321.2829402271637,56.74520549718356,124.54200002735365
655.1692389789882,335.7866307095975,55.73851914025982,129.18936992481355
646.5948844699356,327.6604265182189,55.76176398150273,131.17055816018546
645.5373097218043,323.85150860331606,54.993601084123114,133.02176920270662
645.6863734397831,328.4402290313682,54.69547364816546,135.43003098005335
645.8005197738574,332.45794863777473,54.46718098001672,136.1721059307711
647.1814316050568,336.0922072076738,54.63780883066742,134.76849181707126
645.344883184278,332.03773173680827,55.39562579690157,137.04688300815587
643.2699799747243,327.90178249978953,56.58382292732752,139.3955629048299
642.5343868680936,323.99591006163377,58.055009140588616,141.17406664450448
651.3328712965147,323.1171193639986,58.86870207529647,142.9316480397748
650.663434793603,316.5409387971113,60.207575081119685,143.65096288824267
647.2653548924251,317.427934612744,60.71890060331968,145.01938839705522
649.7033355544394,318.4906491466543,62.18543627580385,146.06520782749104
643.8161135611601,313.88246580117243,64.32285195214924,145.6445462082417
640.6649798331505,314.93099939887964,64.1371594855184,143.5474790128273
635.979708952385,312.6081166301938,63.87680870318249,144.9829470355766
634.0977758192298,311.20445649120165,64.41414019269729,144.5637325367654
633.8393168781581,312.2371574733942,64.93105807484056,145.72824231130303
636.8606563838898,311.79095401907085,65.40016968072075,146.62064921994963
638.0792542536828,313.7854946234486,66.24006460585423,145.9086586759136
638.3745461215451,317.1702584459045,65.6494808701298,145.70213592505127
636.5662828225345,316.69498985811083,65.99786788727792,146.65267310063862
634.4224367471288,314.26724505156835,66.99750255506912,148.22010523070338
674.9140906440476,320.49812088995765,65.8949732466045,152.40018240504423
692.2481853967273,316.35960274831507,64.92241480534244,157.30765558191962
692.6210113822265,315.9735558608411,64.17676283434402,161.50299782093586
694.054393370987,312.2686002584333,64.78040393663834,165.4425039459363
693.8727290516225,319.063850480052,65.14373257536727,166.00342998472107
688.3882017887892,313.4244909115665,65.45551613080376,166.6248781514617
677.1249531693994,311.37422876236406,66.5803865338964,167.15846464391893
665.7156148064965,309.4473120852592,67.83072655631506,167.4175752142308
735.8990854032567,309.297591076913,68.67338809606002,164.0962581864805
746.2077079868641,307.214818446775,69.58314197732071,161.0861370972646
746.1331459749587,304.36971522089823,69.73226600113153,159.65550811641873
755.0461138641754,309.7547922217234,69.61800121655729,155.970022512312
716.8755237758143,307.5330595230116,69.24754458949383,156.92659532774536
751.940159726767,312.28374478382113,69.00322998184186,154.41372053555165
747.1356369685176,310.08789610297094,68.25176343977435,151.89840985820786
655.1749651615138,309.6691481529216,68.36820828772164,156.13970017990027
646.1004058294144,306.2302114552093,69.18056764738293,159.55022171441732
634.972306754592,306.37776956748667,70.25030864122269,159.25510548986273
634.6309431065272,303.087604128686,70.93303593735222,162.28977584894162
632.788194881576,302.01883791981857,71.01686543638048,164.4273082666765
625.3120313409402,300.2832680120399,71.43280146253477,164.26435031845443
624.8613290615547,300.30546848516303,72.33420602130587,164.21994937220828
695.6974994893,301.4717629493432,73.1806549178446,161.8873604438479
704.7721340257172,303.3205090033722,73.20821512989346,158.18986833578987
609.508765054494,302.00723130608554,73.88360336537687,157.23432279249593
521.6719862723888,302.4374966811482,74.13761699724513,156.37379204237067
528.375557682511,300.55021836557785,75.01800106474747,156.5764669515748
524.8331968738072,298.7889246062505,74.92237655701311,156.5088814076584
478.87113874092665,297.2110271591064,73.57090852175156,156.0771538288304
468.36879440486604,292.01983356981816,73.22954366333306,155.78651424213712
468.891505850844,290.2330015797251,72.18412077137711,155.8126936706831
485.2466075538959,285.1606757792275,71.2403285102033,155.36854155670153
587.1710992735849,277.55188003667286,70.77550454813263,160.0662627240191
589.4870868106292,273.89782795960593,69.7101965358535,163.80769981634336
589.359687496413,270.80752892282885,69.96499516428584,166.38626407204046
596.5457484451942,270.90175374417703,70.16812042995484,166.19781442934413
599.9193342953478,269.82813689329885,70.7103265125952,164.70035923962683
610.1476169430279,264.5615146624597,72.04955873112422,164.33570494436054
607.7047651075248,261.1259743867407,73.28427192530211,163.90480454214213
598.3937013225044,257.28631905662564,73.57403395570266,164.2511689865161
600.3271205105303,253.76235981805675,73.3837873321157,163.94590395872405
606.1902937558864,252.15953991080224,72.66389623911766,163.4827253073284
621.2576821895668,250.42672858635686,71.72465130151363,163.29890646499956
636.3821296531594,250.0766782921105,70.5176847370303,163.99900705349228
649.2345661831812,250.51376664209982,70.14637815765822,163.12483035351366
647.3282774485224,251.05088512822212,70.35908484523168,162.05059338126904
653.5399586732526,252.69112590960736,68.69995785939659,162.35819030637367
654.2379845224282,249.11044816592812,67.30390616104538,162.39315511788854
655.0370442639971,244.18251529659037,65.70578667790748,161.63220493060993
660.7686408761107,243.74451916414694,64.74121488773746,159.00865671747786
667.4853626838918,244.78556626538415,65.08598203793832,156.92656251500338
658.3715012613459,244.147656993557,66.21042608273478,154.78172529859862
681.7736946198003,255.1496058514486,67.14039115870901,149.82581036598796
676.1625372929864,254.81072273394966,68.30014477391781,147.14938958817945
679.7554098850413,245.8733611968324,67.78563458848794,148.3460251657139
690.1919626435016,240.1121864548539,66.97662382465388,149.83632727312767
668.8361431273041,239.37620860767993,66.1192609913667,151.30828296747566
686.0791015183916,238.42298442177605,65.21043876162439,153.21473133928342
710.2149478898754,239.26044057232434,64.10818768529549,151.53981903818678
710.2891808172521,239.06775340223166,63.959721830541824,151.92519337837217
726.9225893393375,239.6065696480157,63.97748442661623,150.8475608868041
726.9917477159591,236.14637638646502,63.83916767337288,151.14154719667954
801.749017669128,229.49696380356767,63.49959223705622,151.18037552069464
802.8127627259476,229.6252898814302,64.68164409220846,150.92372336496956
803.92411363152,219.93140290078193,65.78570230217804,150.35093719957882
805.4475853218257,217.51333760785633,66.07671857212506,151.8491081348717
807.8757082860598,218.2355314688877,67.95005742251062,153.76951280223577
809.3693158281562,220.13720520398016,68.38847623532307,153.39179922905623
816.4652453608014,228.07593607407392,67.90809448832715,151.22581480716326
785.5259866726386,225.09862663947627,68.80271033556318,150.40444461757087
766.4909437995528,223.9782390619735,69.56346934972854,149.25346279693952
758.0522631242201,215.80649299494218,69.49920812685538,148.65533235746338
753.0108404287057,212.9728131691429,69.44657316390732,147.56570510641072
743.1484945413633,200.6094899746172,69.00103980827716,148.7604221767617
740.3336304121292,198.7923412581875,67.88813370273837,149.02340242761747
739.2062969226066,197.07800277223117,66.78714379453535,149.09642251228203
802.9987638690449,182.1956732174869,66.0231933480888,152.16192721199582
804.6892286042736,184.04415538170434,66.0106414181511,155.2017179646003
797.3854588388842,189.883552819653,66.96963965194648,157.17146438568662
856.0513367287807,201.64568630094308,67.19579918763252,157.85029763511687
879.6984106735439,202.81016872759812,68.50129225712544,158.99273570745103
866.2207088816966,202.89486128024413,70.87961579668641,158.82335060215908
880.5586471109771,205.45693139060145,70.60751065818147,160.8001532114584
888.0598266017149,207.36933347958728,69.9025366519925,164.12404152113
861.1709268549298,219.02160841441145,73.14017693771906,166.08957125540348
800.0523234219851,229.17386473242283,73.42182594937366,160.5675504805001
799.0678788296985,229.39596663316615,71.77029667250422,156.50292821757094
798.0455413129519,231.483378870998,70.28257343328112,152.32810374190723
798.1825417951649,233.283619681809,70.00857246885518,148.72762212028522
791.9982796081944,233.17881876317367,68.82334139628698,145.54878509592862
785.9537119541226,219.35216545049107,67.6267055542996,146.63054942103196
784.7353874085466,217.19777198938465,66.74706563137526,147.62304732916854
770.2368581794077,217.75606291172892,65.90642704774473,146.50646548448003
770.6451273034393,219.36483551230222,65.08988879968157,146.57324938135815
710.811155026109,231.85799513731155,63.73282710063621,144.4835529360946
664.2185789778157,225.29082664726485,63.63193576358542,144.75084944258288
579.7250004373573,233.18560774761917,62.019650339231475,145.0555742706734
568.9734292661232,234.68311853178764,61.159124288925376,145.25536247273277
565.7035917169233,246.7959167698508,61.33387473087905,143.307002294168
633.0758498752609,247.10894865702585,62.35719569538276,142.68093851981791
698.6108785941834,257.59596590808786,61.1094794249414,140.70529540804557
708.2670827178898,258.6461041173303,60.49172827451554,138.60501898956062
686.8950395639021,258.5338692738725,60.19335242282678,138.8294886764764
708.9229959256676,258.45586275574624,59.15170943254355,138.98550171272882
673.3569420699912,265.50172570899826,59.98903769803293,140.17524959880387
651.7440405862982,268.8325580327762,59.97846657379017,139.69020982148058
604.9721956299163,270.8689813048933,61.08888359201103,138.69847237373122
595.9853992031493,270.75939402793654,60.54443645688518,138.9176469276447
599.1192729834665,271.3244129466875,60.436527555178486,137.78760909014267
547.9282960409472,271.371110811386,58.72251066591636,137.69421336074572
548.4680793740699,271.06547571371317,57.642943999671004,138.30548355609142
556.7741311560251,272.1626773741359,59.14922475702171,136.111080235246
555.2679846690478,269.274739829174,59.146857253734154,135.85763437068533
555.3082918880641,267.393335443438,59.06624281570146,136.6094946403836
557.42302267455,266.0107414437235,57.857192729355255,136.35427115318714
464.8546365815704,269.4494097326808,57.282759096715694,132.4722766046047
465.775923624515,269.522158970516,55.440185010826596,129.39774554715117
467.69728683033327,268.21994566319347,54.44944538082137,126.29819859853342
479.1724806330891,269.41818963351625,53.816110995107536,123.90171065788789
494.98084669670413,276.6194112707574,52.380721717878465,123.21805958795159
507.4414542733236,279.33990734402244,51.83599658588432,123.19406522392018
516.9836534883633,279.94953643069505,51.641123470380286,121.97480705057498
449.4727954667513,287.27908082551596,50.11374278981073,120.70288460640319
451.2225199880766,288.4496811931611,49.246270569348944,118.36168387111289
453.29097178334075,291.50459499617074,47.69214935149759,117.4174210104476
448.4041498575239,294.77589695629564,47.29968236599255,115.95787250876705
439.9877882450864,294.05158847526985,46.537882038043094,114.89298610612943
436.5707196134249,292.3015740741226,45.91825155342846,115.90842565911146
434.61012322184865,288.01268800896116,44.8631443930266,117.02174787410269
435.2197278432757,279.8586134129773,43.643935150172545,118.4184147283171
431.5569703978309,280.1804236641148,43.51948931650763,117.77479422604208
422.48563502814113,282.289494368813,44.35915219672435,116.02851108224044
413.39518850154445,282.4106872794646,45.30646102412578,115.78612526093731
404.4672674223077,285.6559740905092,45.834173685250505,114.24644578094771
403.5864481672986,285.53217202099063,45.13308263511753,114.4940499199848
408.5979033111659,284.3126319586959,44.92524422402086,114.47936207541491
418.7747368377599,284.5071134241204,44.17028309470865,114.09039914456582
501.5882337449997,276.23097585203624,46.26329706209527,118.489050536425
506.4506136748039,278.1278271092512,46.66425374378372,119.75820629264354
504.6537020960104,277.764382079351,47.70122727733272,120.48509635244392
500.4752664538227,279.507917226407,48.3005281099246,122.16973969285425
498.50430893038276,280.1850722517754,49.621640108507535,123.43623269041456
495.51024163837377,279.2456019571027,50.28452911094759,125.31517327975996
492.3405853894265,279.1756999665742,51.220833962643255,125.4549772608169
492.324734431137,278.3391141182516,51.252535879222286,127.12814895746212
493.5250383236436,279.0175366371275,51.596805536835674,128.5161813623368
494.40556373258295,280.38825933689014,52.60676128515148,131.31674909520044
495.0432345423936,281.66645709802515,54.16076914156331,131.58970304896337
494.56570439758394,281.28173009854066,55.115829431182505,132.3591570479323
494.0089494840829,279.63093176016173,56.22933925818456,132.77172004060907
493.94506478340406,278.00764132832495,56.35710865954232,133.10356546876065
494.1333742147393,278.0362319553212,55.980489796871765,133.046384214768
492.3984354293227,278.3551869985423,56.536072081777505,132.40847412832596
492.22994998775937,277.517168148741,56.873042964904194,131.1695990042474
493.5561122713538,278.10223018522174,57.12365948092459,129.999474931286
493.96735144155843,276.26962779379863,56.30118114051534,130.77426822187945
493.5030025715894,274.03884406314893,54.34275899402951,129.46159591033077
547.3581793438187,268.9605665305829,54.304600030247656,131.11771456119877
548.9801656656366,267.53472366991065,53.917338144851826,131.1126895243035
546.3687206845634,267.7093085471728,53.44071717228769,130.7635197697792
538.994123061118,268.01306259831983,54.008703607976045,130.15601166748513
534.1123799222727,268.007715995746,55.25945962592459,130.1667048726327
467.53609444831795,278.0383253288213,56.85622581539994,127.26493900106044
458.3601574692495,278.59399235255165,58.13179214521985,126.15360495359984
452.3530748997315,277.6550808908482,58.73683882807495,125.1791482629616
442.77857353581715,276.6596628851022,57.94513451791413,124.32131184045494
433.75949607110766,275.4889456907281,56.226815572719026,123.84039281854402
426.1770177014107,276.2187902990141,54.680099441162724,122.38070360197204
424.0417906572602,274.9540211507375,53.47669680231297,122.17331353494988
425.76796164688193,273.39590950462355,52.73709300416489,122.57679864608245
425.8947775133861,274.8131871210993,52.483461271156514,122.44777009603567
463.29260086133604,275.9064850786105,50.56559292355632,122.96035115687633
514.7500784403389,273.91150629152503,51.881105829931144,124.27773262683235
567.869151252824,273.6617261298982,51.52617267831675,124.77729295008601
566.7056337253078,274.8725959300607,51.13734656689391,125.07141451621607
566.526731029501,276.5060702318238,51.495151958507606,124.51765412241794
568.4376960100858,276.7119215743058,53.09634985660448,124.10595143745397
573.0642891539494,274.4558836683019,54.7791599085097,123.15002907964556
565.837731475601,274.40003036421206,55.48311810242163,123.26173568782531
570.5446266938956,274.4981712271186,57.12462299717109,123.06545396201228
564.530124191206,275.76145985542234,57.99469857826824,123.32860906147519
561.8009808638109,277.03744727588975,57.83546024901051,123.5853967125644
564.5115322714722,276.9969147351554,58.03380267768897,123.66646179403303
561.8251337874597,277.9236076168545,57.77786680503823,124.62744245097281
562.0716834502296,276.1461890466515,57.28476747949847,125.35839448592755
563.9235116052029,277.568147452122,56.40699526416408,125.34036176959873
559.709867359169,280.2851422712849,56.40360858082853,125.52682224820842
559.9517988393528,280.3264809788974,55.919745620460986,125.44414483298334
555.6218041392377,280.1811043076683,56.17022645163725,125.73489817544157
553.8895819646921,287.81732062014333,56.8228791379651,124.52142386430805
548.1760102055031,288.2895913387099,57.027522738734355,123.57688242717498
442.33353220859266,288.5520982220954,59.05184874647093,123.05186866040384
442.6484980972482,288.9447779191198,58.42191696915981,122.26650926635509
445.79095491879934,288.945385461002,57.73845875671148,122.26529418259074
449.1076224496671,288.79959166708,56.68272190435961,122.55688177043481
450.757706490724,288.8045500400582,56.1571578482319,122.54696502447842
459.62051770846654,289.0660947693639,55.02309690857379,122.02387556586706
459.9452535459675,289.10323701954655,54.37362523357177,121.94959106550165
458.816252242999,289.19025105907326,53.906342430444624,121.77556298644816
460.32643639867865,286.5353693082403,53.60051517021737,121.6562443858499
461.77008411497803,286.94311448112325,53.42064649341452,120.84075404008398
462.4322833066055,287.09187101734665,52.09624811015969,120.54324096763722
464.7567989054412,286.11521773045746,52.7767700950411,119.83177095013912
467.072568507163,286.1472564277597,53.47817708635725,119.76769355553456
469.3058914395348,284.8889370598419,54.3673028383884,119.60644648298293
470.29160100468715,285.0182557894092,55.08703886403886,119.34780902384844
471.1846682313643,284.99051535987024,56.00090679940075,119.4032898829263
472.19244647595065,284.91623497642627,56.70213298383846,119.55185064981418
472.91695112613024,284.95027348892665,55.25312368347937,119.48377362481344
471.2031532670344,285.1783819311015,53.27094722525149,119.02755674046375
469.60481901221493,285.593968265076,51.140608886130735,118.1963840725148
466.4839210867212,286.2640191330048,49.540611116736706,116.8562823366571
462.7490665097752,286.35274262797805,49.31155097035881,116.67883534671063
457.7637060662723,286.3049755297178,49.04373148332812,116.77436954323113
418.31959712433724,288.44044002740685,48.68761035607315,115.05970954821194
410.78587153660334,288.01634888540997,48.60395456206395,113.38270733729283
459.0440334680134,294.0482595856696,49.56643589956275,113.81616865476312
459.6704789493242,293.7647574059768,50.83627284522693,114.3831730141487
438.5872657665793,295.9264263866916,52.149665435601364,112.61314966366388
431.8370543311053,296.6211495741589,52.896898402119376,111.22370328872935
450.72299897454866,296.8771873943482,53.27667615006243,110.7116276483507
449.69064404644274,297.1553446963752,52.79879961028462,110.1553130442967
448.5947756907719,297.59544234183056,52.46438318538684,109.27511775338597
448.45793907076654,297.3501464796732,52.73805642539757,109.76570947770072
442.3644153198863,297.0156937516845,52.32804799036492,110.43461493367806
442.6654798245495,298.70202730460386,51.72591898103852,109.5839738644452
443.29787123081803,298.5315212596552,50.46113616850137,109.92498595434247
444.2073464133073,298.4823732745164,48.642185803522885,110.02328192462006
447.50016617663493,297.3451579225849,46.95950522222631,109.84623315580373
448.78780212442683,298.6031514385166,46.80345874174648,109.74947153904427
402.85284749251343,298.99632332721046,46.90086942296809,108.96312776165658
395.7390692367456,303.97528769151546,46.695945162770116,108.62685288086894
395.58320854217044,301.29360568378814,47.00766655192043,109.19636377765293
393.03134938426615,303.9584462116103,47.290033984232956,108.6880336055047
386.74283956298035,302.9645709574635,47.825541692255726,108.26748172688843
386.5748809806899,304.62940178201825,48.16145885683663,107.34946669680332
386.51139974310934,305.83034127589724,48.28842133199768,107.35182492686508
386.5316228572691,301.5015845186986,48.24797510367813,108.78983406940017
386.8198762778013,302.7532720917159,47.67146826261377,108.71311480609236
387.1342753098278,301.75029823017246,47.04267019856076,108.30367089923737
391.17282753606946,303.30126562242435,46.16068129133132,107.60010796315149
392.3311070196112,300.43306004554387,46.21673349776511,108.59129676987814
394.49206553213685,299.31038689820446,46.670691500378226,108.44870555072468
394.2920703328936,296.40876992945465,47.07068189886465,109.46413422276461
397.5603730934233,296.6597557388108,47.781066836518434,108.96216260405235
401.90385613703415,303.85221703262164,48.77782812589582,106.68189923717938
427.8848139214611,303.3374222149395,49.73370654990629,107.71148887254365
403.88259029913127,304.90376705143206,51.433968556066276,107.0158615805322
399.6813441707685,305.58375243387053,52.46668311417452,105.65589081565528
399.8496551007706,304.7079051693255,52.130061254170414,104.95293873927037
397.32632714261837,304.6468300145808,52.29965531689652,105.07508904875979
449.9993602954802,303.4869729253396,52.01355918128563,104.9515481070069
487.3422659685971,296.2981066116297,50.422526562731726,107.14681761314682
491.6064809971486,297.31559237492763,49.216731035567435,107.55272426319723
539.5044130871534,288.7829235092651,48.023263482808375,112.48954960641319
538.0438100383647,289.2146715433862,45.99193148278314,114.10232258697242
532.6670174021732,287.46948462789885,44.42817656929364,115.12922838077256
531.381531133479,288.4619835454724,44.548879602279925,115.59450005002759
529.8370221930129,290.0809552412153,45.17878137563016,114.81567276612367
526.9058487251978,295.6002962177989,46.12270759240704,113.61383225066305
524.9148246651706,296.32161761845805,47.645994258257396,114.62995090354883
519.4987365468785,295.8485782197941,48.476145574193765,115.57602970087676
517.9224263293553,295.5406507198052,49.099869578889376,116.19188470085453
508.82106869614944,292.7715757836946,49.4606458796237,116.63233772573948
502.70782770976007,296.663538184678,48.87910993153179,116.53322367629505
501.83198184669516,292.70186085591024,48.08093467167738,116.80697737587782
462.35913098788325,295.3094030349608,48.29762102465335,114.13153867470092
495.5289895921255,292.8701528407724,47.08434661170779,114.00031269419
496.8328068021337,292.6217839403499,46.958155796144936,114.49705049503501
498.1358034057499,293.58373855267854,46.8385273175777,115.05950599904301
499.1813411886809,294.18989561302686,47.23979592042979,113.8471918783464
498.72407461816675,294.33324363278774,48.154329061458,113.56049583882466
445.2033597627109,296.88732227932746,50.44472512224577,110.94641077551005
443.0295976113765,299.07733704653344,52.29570284841292,109.06292781759961
451.2605058214321,299.23142450798076,53.3440966126233,108.754752894705
447.1967890718592,299.22357071011396,53.92600307272638,108.77046049043858
456.0271720720942,297.61298282128433,53.94369042695256,109.46614293171274
445.6342102697097,298.0019852797912,54.441811705794095,108.68813801469905
430.6810548238973,298.366283772772,53.94951465302273,107.9595410287374
450.87617142101806,297.451703609798,53.78380330485265,107.2746687393059
429.5641926586548,292.7539491174017,51.38727502557819,106.66562532320933
476.5924684516689,292.3880794068385,50.456135359282655,107.39736474433587
479.2975582785185,288.2619484258145,49.93618496502769,108.31428281721735
487.36100437936,287.71362768279107,50.95490945023539,109.41092430326424
526.7448211098662,284.3760419777564,49.164823715515965,111.11980231163719
499.1977916470944,283.6306458508962,49.77416802612806,112.61059456535756
489.5170200713285,281.7690997164149,51.573276258098716,113.82476756009719
491.3989701411119,280.3746020236244,52.9256884236016,114.05560679314344
492.5509634975021,279.0438869689666,53.20690003002811,114.13183858325216
491.112907467371,278.05966412498276,53.49178888538769,113.50906106631706
444.38293678322185,279.7620793580371,51.22802301467672,110.10423060020835
437.5278226041009,279.84345362256596,49.95018049561356,109.94148207115059
436.6723124426801,288.0917337121714,49.187927239203276,108.28456336745131
378.92716948858765,292.15374748928724,47.758218825064404,105.03220224331643
380.4202607037623,293.58004958788604,47.135544459100416,104.54310611050416
373.57631685674755,296.2626130624927,46.75055719086305,103.86893748204652
365.78308984945494,301.1806416991705,46.034492336145235,103.34860527686396
419.079737033984,299.53100862154196,45.6458564771531,104.33907450798918
418.94029061168226,301.88818723399555,45.92474932175652,104.25734342123175
420.11394331805855,306.63497159078184,45.897486971809684,104.04394695888206
470.5918962414922,300.7124136545738,46.866245322374056,106.62318426789527
457.17191946270964,302.7815042443624,47.626107769359876,107.22683783569605
501.72866442231566,308.96186962333195,47.05534150259971,106.83134000376407
539.8565203468551,315.3689480416354,46.872118722923084,105.90350958425122
534.385049152427,314.5433014477039,46.012119959176665,105.19421454159368
503.4485544986546,306.185614322077,44.835820440926604,107.89863572044854
438.05650120248066,313.84066056163863,46.180023797687795,109.06271274403625
432.1154013949993,313.62761088053276,46.0917125193055,109.48881210624803
423.8053594746728,317.18999368167283,45.92093399044665,109.56013037661583
423.7787626030817,318.1461091277015,45.974127733628826,110.04459645666482
417.77177299095104,317.9492998262004,45.96492423992663,110.43821505966704
417.2516101812801,319.2784081829957,47.005249859268496,110.19015421348897
416.8779350731673,319.79447249101554,47.75260007549409,111.58303387455578
412.5375728766114,321.10265014218544,49.0582106257827,111.42504985315699
330.4176374577478,333.3530659564326,52.154898875978304,106.75722531235887
321.8433766585634,336.59371905186146,52.04600804018098,102.74126375495345
314.48002443670487,337.6891394524061,52.34458035307516,100.55042295386423
321.13350413981857,338.2746216974248,50.92606307525169,99.37945846382682
320.53090815772975,335.9659756406653,49.79518879217636,99.32461808284003
326.9349901870788,335.0402638706128,48.56569078527698,98.86030841258528
324.8135089045429,331.34623384835515,48.23336498122332,99.38543590341243
325.4158995215112,330.01818970967105,47.028583747286724,99.75197611911665
333.6879713298049,330.3617123953983,46.4018761592527,99.06493074766215
339.9853561218508,326.9177489084358,45.07197043598992,99.19393940508968
340.9786696244248,325.03265543392234,45.31692094762337,98.50097132055365
346.0102098880403,325.10741225204026,46.38282239417282,98.35145768431784
344.5933187049511,324.8751176046702,46.974357858736795,98.81604697905783
343.3701609767826,325.24901637088914,47.16134104750922,98.06824944662007
345.1425264041604,325.90001254883055,48.119969620991654,96.76625709073718
349.3489158262677,327.17009227587175,48.70435491157843,94.22609763665474
348.4443801266512,323.18762320016094,48.2912759981598,93.30243453746937
348.6248725567008,319.9079406449428,47.93029113806068,93.25737301053971
357.26591517166713,319.55333832440607,48.204969339513454,93.96657765161315
360.6380051846871,317.6931986087079,48.089999034118485,93.26738393591293
369.9021495759453,315.38844473812105,47.141665218460886,93.48190293537202
382.4504764234933,312.72774516485504,46.07206013608995,94.43474778868125
385.2146270765671,312.8419002937799,44.90314001158943,94.20643753083161
385.43506008796794,314.3468289468178,44.46227398878782,93.35261001345062
389.28395042190755,315.9069292865111,43.172188802049334,94.5042063214912
390.8519511961489,317.42156102209105,42.166311293490004,95.73519093017806
390.97112884230177,318.37088534342337,41.92795600118429,95.96686263082367
391.1774614276682,318.05691500713965,41.515290830451356,96.59480330339119
391.26680571599076,317.991348431999,41.336602253806255,96.72593645367252
391.5505772076634,318.3853404500527,40.76905927046101,95.937952417565
391.8871771539223,316.6434258559536,40.095859377943206,95.20461221408348
391.9716129509131,315.40647727248876,39.926987783961664,95.59244652392593
398.0669142888085,308.7960174100141,40.26840325017062,96.28134810687533
400.74538874821314,307.55084574516616,41.22547725308419,96.66701712933033
407.02166769521955,302.1337346333358,41.43613648354612,96.86522508259556
407.154104945134,300.5040247276229,41.171261983717216,95.85705380479743
407.0730473747625,297.1741833773035,41.333377124460185,96.17315011362382
406.2143648462343,296.65394999377963,40.928774856084715,95.09164955523963
407.296866586533,288.8502544832361,40.86294035673538,96.00485770759033
410.1795809146704,287.51025370625484,41.43115241024576,96.57364569162434
416.34035858793766,284.0753533210441,41.88653533441148,97.05497732669573
420.41797431477204,280.96843163281187,42.30930846132749,96.83531726772165
426.96745314303405,279.84719280015554,42.1030401592958,96.92901337395223
433.566721838214,280.01574935307,41.78350291360317,96.59190026812325
439.63950819836515,280.1464705858989,42.453803964802525,96.33045780246553
452.352930979925,278.3276202447923,42.75510353784932,95.68013429531767
476.62277141005404,274.77647658241585,43.43270154072021,96.36277655096666
489.390297258999,274.85438600090083,43.83797232609075,96.20695771399673
496.79173743939964,273.8309100035647,44.200869703161565,96.08737003183009
505.2686164501294,273.6567907178512,44.61637823453027,96.43560860325712
515.8134663566082,277.24779911199266,45.3616264032069,95.80407620946445
528.997866551555,278.26081673592097,47.427893438374724,95.96535384045872
534.4075335352394,279.65558672160813,47.73648338694312,95.40139865227184
542.1661351123961,280.4158743484995,47.77800775201497,96.10349875840134
546.6835187210886,281.6540877233282,47.6779246728815,95.86074304330674
553.2203285132509,283.91454478059944,47.97461858913918,95.79660009562508
554.8637046614324,284.098991235549,46.92044777482324,95.42770718572596
557.2715287844569,283.78657646886484,46.52264964305492,96.05253671909429
557.4829563062219,284.6802501023147,46.099794599524756,96.47633764942546
557.7381831339219,286.1715163521289,45.58934094412492,95.70378227077182
554.7823759995701,285.5656169615261,44.931497416017606,94.72576178637392
548.5007727191254,285.5552988640219,44.510127952075436,94.74639798138236
543.005645035032,284.78561514120054,44.71514895308694,94.12871855358989
541.068773490635,281.271330634761,44.28564979792132,94.70242420052918
537.6776369836575,281.6943317939056,44.610461798285904,93.85642188224
537.3467213712389,281.99385904885287,45.272293023123204,93.25736737234546
530.0651297901861,281.9683357136497,44.79526988872365,93.30841404275176
525.875184677553,281.89512401002327,44.610953453820386,93.45483745000467
524.5296928278982,283.52036592275147,45.16195805556315,94.48431181968175
517.9965873610901,284.4511330020959,45.24062836560692,94.7873677649216
512.7049979758258,285.2591263734603,44.9719050621808,95.34176143698369
509.5064101282978,286.0942509533402,44.84774505407076,95.84529084494588
502.0750137287504,287.1027809966685,44.45791445303195,96.00717695830838
494.3998515515695,292.62029692244687,44.586811948671226,95.84459286298208
484.1836801952415,293.2367869754203,45.44976021953251,94.61161275703526
478.272492938658,295.59643139149404,46.41485023807873,94.23523772273599
471.2063147690654,296.6476907992415,47.45087434476923,94.31544094599018
467.5287331483629,296.953553917135,48.200539971597536,93.70371471020317
464.03250906581144,297.6238527768218,48.57557901223508,94.56892003231803
461.9496014834327,297.318855337287,48.29146739671319,95.1789149113877
456.7575339109646,296.1736508728603,47.53056187760515,95.2403157074321
456.8628980574218,291.671779542104,47.319833584690734,95.37704265922838
457.8430651588855,287.1463901679328,47.57460568339427,95.56739620104675
455.97483435104095,283.72951938895915,46.86645991694115,95.73422668578087
456.1308965403261,280.32043181772633,46.55433553837091,95.9149947453071
456.2168071320602,275.8035011144467,46.38251435490268,96.11009530369917
453.29449764503505,274.7450953286773,45.598476117359354,96.01735447137341
453.7563065309191,271.7862229507915,44.67485834559126,95.35144732238012
454.1357046358434,271.7684831199873,43.916062135742706,95.38692698398845
455.53000290792323,270.48944958957827,43.283451642064165,95.7890079943254
455.7997717682744,269.3588888106028,42.74391392136184,95.89938769494333
456.9087497360708,268.33557068425824,42.66882411598864,95.80315781741294
456.85399095144163,267.5678574092575,42.778341685246914,95.19843468429602
454.6643916371298,267.84904080143104,42.89094264203689,94.63606789994886
454.5949175590654,268.1444526173742,43.02989079816577,94.04524426806253
450.30889845049984,268.3216891564756,43.11809133176868,93.69077118985976
451.36592177708394,268.39625943353644,43.121394650605794,93.5416306357381
451.3498480568381,268.58721037266093,43.15354209109752,93.15972875748913
444.0692606146958,269.9120034275975,42.943000444050725,92.62038786637768
437.19507709709706,271.52901464040133,42.000360642910636,91.48508070310396
431.06243285475654,275.189840506075,41.87141375734289,90.36054665688104
430.00370376715983,274.69429224660774,41.9417797302575,91.3516431758155
429.7504061323935,276.61907021821264,42.44837499979014,91.62756690826123
429.42884272081506,277.23743846391085,43.09150182294711,92.46644904483604
429.1467571068409,279.3065423854141,43.65567305089539,92.5263824626068
428.9655138169344,280.4156232887318,44.018159630708396,92.418014103719
422.65064877717305,281.66671703439414,43.96069312243213,92.03035937702745
420.5840560283058,282.72432882438915,43.878122275641346,92.0230139693001
417.40255055295376,282.8306065478829,43.92213426912677,91.81045852231256
416.30055729398157,282.8295250670402,44.0221216693389,91.81262148399794
414.30296945275165,282.3957438061672,43.80575497426727,92.680184005744
412.1654789324602,283.31440310882624,43.85143110892068,92.95751785339066
406.68924381796427,283.8519785904527,44.20644827637499,94.00185750244518
406.6103378446905,284.1138372712713,44.36426022292251,93.47814014080802
405.35990487261523,285.0706973677354,44.72910529485148,93.70044082010138
