0.0,367.0,70.0,39.0
3.8313226719511917,361.54673148204444,64.03644611150064,46.50835412510517
8.028505642278617,357.6348394822368,59.11284690094537,52.59675475967056
13.556994152215754,355.371608210374,56.84815969035092,57.123217303396295
15.117240788122988,352.70181453270334,55.52248994634724,60.66798113092681
17.358117475037446,349.6849326283153,54.699381740917545,63.04309977130373
19.423025089612267,345.7893538358241,54.27566255949101,65.2751132847014
25.03741137160023,344.3109632414147,54.331066959050986,66.35119831293099
26.292108076131683,342.9220513820286,53.71982346368212,67.23087211800902
29.455071820502603,341.24354871536457,53.09918203381045,68.6861154317137
33.025338660840866,340.3122154799851,53.61443897114299,68.6348342479703
35.52248524679236,338.63449302474737,54.38479302978915,70.06873008159602
8.131528112235117,337.60322224743555,52.4426107648073,72.13127163621972
11.547354050714489,335.9794537125781,51.477933875175935,73.4231503768254
20.905415107606718,335.19037802336777,50.39588406219497,75.00130175524615
24.69342972017599,333.86281654344316,50.680781928063205,75.69119294234363
24.931472721336995,332.9696519141582,50.20469592574119,77.47752220091354
27.454779215470246,330.01595097266744,49.15656948387861,79.3864375374911
30.213204245303746,326.2058167988496,49.670487473265716,80.97593783607269
38.28154847822402,318.10679315603727,49.87463187395058,82.87575636348771
43.04035462018883,316.40829941351166,50.72874445557228,84.19839887542867
37.3925317310737,314.9381424848734,51.48223886032261,85.03028245800917
43.6079961225868,314.1325422780824,51.85238519274168,86.64148287159128
51.68633490023268,309.94713661101304,53.00558678978902,88.52108952360274
57.44779483766999,305.86903737256176,54.74958336537589,90.04382977527465
63.41446497190799,303.68778362446164,56.39551794302912,92.14312479712004
65.03506689165282,298.821008662414,57.798702613830265,94.91009195577908
71.63283653180048,293.6165119761159,58.92542299422428,98.15795549803066
62.62201238157815,290.559400340599,59.76634347592831,101.81778908067297
63.417029329761505,289.2152982206461,60.69930695331348,104.50599332057868
64.14998466542647,285.62927718730515,61.812087021233125,106.52065390876132
66.58207651556228,281.19838789738765,62.202764244563724,110.12757156499418
65.91886402290014,279.49036432709954,63.52918922988801,113.54361870557032
65.75723505905063,238.29273192797658,63.85244715758702,115.8814904629317
65.26147479654743,236.51252285598315,64.84396768259342,116.64125799139433
66.66735660844488,236.6764672839165,64.86098834514542,119.14215342187444
67.68081244683265,232.97011433150487,65.7000689185002,120.8228748264371
93.51139601628417,263.863489590898,69.23626913176636,120.04374085478526
76.87670104462141,230.93692166772456,70.01364874048528,120.912856031919
85.06482786242591,232.0578974638372,71.51670976123296,121.6507902157531
86.29290578081725,234.478642131497,72.07683958371337,122.84187219895966
84.66167987732742,238.2508303953149,72.29584293897801,124.427841026469
78.7458610629046,242.96347463784787,71.84469899556798,127.28533411365868
80.25931963534723,247.60214421994783,71.92315446900794,130.4294854227596
73.39438883723045,254.3869680314458,73.04029296898733,132.62574167008142
79.39681980292853,245.29552869508063,73.85412149306345,134.78525727347144
83.48710324255705,237.15264265901098,75.42488215633581,134.8188167747283
82.7714323639188,240.1165761447952,76.85622391361233,135.44640745280716
73.84117355093869,240.9744491150327,78.15991157324747,137.0420275055972
76.4888860515355,238.7453775618655,79.5787719445168,138.14302792570012
78.9571536548016,245.0706337883207,81.43731354051262,139.08266907784576
79.91463526898004,245.90938320500624,82.96531503330999,140.84813496562887
80.74484917342575,243.44208468996965,84.79991633981624,142.2877028803044
82.71064479463112,245.0473596986893,87.9631637476484,142.62457218798664
96.37347901185039,242.349883458774,89.48313988901012,144.4138190958422
95.69434784947309,236.0046008812034,90.84140221376472,146.13058251210333
97.10264276240501,238.90626441325048,91.73117435389631,147.73997938
98.59358878411537,239.99154866763757,92.49460611606466,149.31473467681496
101.74280226631323,242.96302425057408,93.75947360215676,150.93507796142973
103.49782800837802,243.5631966409046,94.07649061147023,153.56180167421167
105.12804340874753,238.68373746329888,94.68764531848902,155.5775490139075
108.42616449552622,236.24839838431518,95.91522884892777,156.53631431987682
111.77072057990065,237.88630441796136,97.11982764825713,157.20735773662366
117.24006017718895,239.72033643424402,98.11247492944317,157.5164025293126
120.84115158391228,233.1842413778072,98.90706227045382,158.5934374105003
126.27610933097611,234.65285975399738,100.12054703562313,159.6840007445523
127.74415874937971,234.14876448640678,101.24888826898152,160.6921912797335
131.51026119051414,234.23148066084985,101.9135150271907,160.52675893084734
135.1140971435089,234.16982009851026,102.91997886968717,160.65008005552653
138.00446081435123,228.87857087256415,105.39073824929375,158.85534842548185
139.52930341871644,229.50767085338734,106.48105981227755,157.59714846383548
143.5298529249538,228.0217157458483,106.75833931422292,156.42986942170347
149.45042689457102,228.3929215261191,107.29579489143546,155.68745786116187
147.37426488401206,228.90510647123313,107.32421630107186,154.6630879709338
235.21897350119835,293.87115895128034,108.31800503853691,147.99833601444692
238.70812703095325,297.910609315274,109.38843257598482,143.94380258493862
238.54332353998743,299.4886844427787,109.71803955791647,140.78765232992907
165.1054273178451,227.75526511692357,106.9734447778689,142.50886097964042
166.0441922983374,226.8470280023527,105.09591481688429,144.32533520878218
172.29700974907126,226.3775396159886,104.33746706683826,145.2643119815103
174.86277965978184,225.70322297320826,103.12343158008579,146.61294526707104
177.27114674387394,223.39205935550163,102.22461723253224,147.3173526818536
180.67949403058654,223.68396526556342,103.23536641428785,146.73354086173006
187.41635475126847,222.09416248254396,105.44800380933349,145.99155671866657
189.4513960013669,219.5589190415356,105.32470940306672,147.11525550675321
193.163948442407,219.07793265973734,105.82318543030068,148.07722827034974
195.16278081612728,218.79884319920947,105.81008601376573,148.63540719140548
201.41850145580463,218.4082426931192,105.27704990961504,149.416608203586
207.42898697889598,218.07931681579552,105.24359028276956,150.07445995823338
209.76256835096456,215.93296091646982,104.58165863541169,150.3619406601055
211.79347685350575,215.79531208158522,104.51848608618307,150.6372383298747
218.09105535127577,215.02288093149446,103.92860186815597,152.18210063005623
218.20187455248936,215.21139345554897,103.70696346572878,151.80507558194716
220.31015830484245,215.2216887148028,103.49634494416082,151.7844850634395
224.07719860946986,214.61861341155785,103.9665638832453,152.99063566992942
228.07416597665497,208.11725756073497,104.02886170537133,153.90899853683072
236.20255470113506,209.79808664839533,103.94400857449315,154.59032144103048
240.08182863187832,209.99317568725002,104.28911908333743,154.2001433633211
246.20153830970963,210.18022624836078,104.20474508505677,153.82604224109957
248.14178740686964,210.07378147094803,104.36889567794196,154.03893179592507
250.13230859693354,210.11320643995435,104.43843028812506,153.96008185791243
254.0963782441184,210.0792512158282,104.61137550758386,154.02799230616475
256.1236877444451,212.10431818546817,104.61118874245602,154.03229060241028
258.18714639964656,212.50363126577116,104.53876532423851,153.2336644418043
260.2904767934754,212.93894752319164,104.37336446647114,152.36303192696337
261.9369475036149,213.14306992280018,105.10581905827434,151.95478712774627
264.03062569932575,208.37977017207908,104.94981874219141,153.41867447851095
266.0258791544772,207.75896823216726,105.01016872593611,154.66027835833458
266.14199461053073,205.75185307770965,104.77793781382896,154.60394081262064
266.3213474282876,205.99076113035412,104.41923217831521,154.1261247073317
266.76169673420503,205.90279653755385,103.53853356648044,154.30205389293224
267.2680939445988,204.15784060484162,102.52573914569288,153.751205769938
269.87107405993123,204.22843716853777,101.33542999885296,153.61001264254574
272.395049000908,204.13786533180982,100.28121383860145,153.7911563160016
273.00743044847223,204.31126921603635,99.05645094347304,153.44434854754857
275.5552646741887,202.38894015158917,97.91404477701687,153.33574439146602
275.74372581417407,200.87263072975622,97.53712249704616,152.4358125184556
276.18883919232246,200.47592744826756,96.64689574074936,153.22921908143292
276.6731349506957,200.19392556712728,95.67830422400289,153.79322284371344
278.7938326886566,200.30105670625164,95.33885361642359,153.57896056546477
280.9032754514168,200.318770421026,95.01301718973816,153.54353313591608
282.5285240312526,200.98505695136888,95.64957010151348,152.21096007523028
284.4723347687964,201.51365832071366,95.63977290857952,151.15375733654068
284.80551320538905,201.51447522537723,94.9734160353942,151.15212352721358
287.2259701214195,201.6583922069101,93.9831702589058,150.8642895641478
289.49391554402314,202.18766969794217,93.27704439278207,149.80573458208366
291.96792339026604,202.4146929111796,92.13113854106176,149.35168815560883
293.9115704673148,204.84925749515753,92.01993888306285,148.25865348375157
293.95142005949486,202.12706313703592,91.94023969870268,146.1872141125131
297.2742281249212,203.1624301831863,92.7458892145349,144.1164800202123
298.77800751774737,205.70146668123584,93.44645007299818,142.74652666822874
379.6075539817095,274.4964845466052,94.55490594306214,138.32993995402597
382.54203225494416,276.70862705510916,95.98843831449962,133.90565493701797
382.6092324425939,280.1997109087936,95.85403793920015,130.5315349879474
380.4315124497829,280.4315005705854,96.65482259165952,126.5133003312011
381.0133300937073,281.028152710887,95.49118730381076,125.3199960505979
381.44449663755944,276.4277913332847,94.62885421610645,124.1125178355436
382.35589552818715,276.6599430208667,92.80605643485106,123.64821446037958
382.7454843327186,277.2812940839497,92.02687882578813,122.40551233421355
385.07476918746113,275.68647727063126,90.73671458195365,122.22674049519998
388.70328359078184,279.00820054962776,90.16883916216294,122.27244732405771
389.0820960615209,277.7712830888262,89.4112142206849,121.41031388172097
387.60947492650814,276.762759563722,89.04600708993695,120.11691153115602
385.02327727980355,276.8623249362239,87.6487904952669,119.91778078615219
383.8323893216577,281.28779434124215,86.77169175665858,120.8434659408158
290.577989935764,221.76198381483294,84.28722900466826,125.84742917756148
284.6396811335611,228.93148465342864,82.99189904407305,127.97336195662112
287.21757478726244,225.63799562788842,81.13946577378387,131.25698597058815
290.9862208046125,215.80524933129067,80.24510419355431,134.31515242760725
295.54876360870446,217.35845939652177,81.17593394023237,134.56070408209905
294.0714200387001,211.68476417223232,80.75929841760473,135.7941265427691
295.46097368948335,201.91208665817328,81.36283667467362,135.04360821907517
295.57742357950804,201.5748025708094,81.12993689462425,135.71817639380293
295.4908007641055,204.79717223034797,81.30318252542938,136.04898148073033
297.11533400502987,206.35780131828488,81.44973227312734,136.3233395344032
295.4233711475228,206.2372394811751,81.4314878517349,136.56446320862275
290.1048916806144,205.9107626147405,81.8521013207537,137.217416941492
290.23034808560567,205.44244588457263,81.60118851077122,138.1540504018277
288.4911249478032,205.39711276466602,81.6476907221256,138.24471664164096
288.5246161030282,206.66904290174892,81.58070841167562,139.13493355078595
288.74695692458386,204.21447569530824,81.13602676856428,140.59790091793352
290.72056344055164,203.91155271774085,80.64915497020272,141.2037468730683
290.3916727034896,201.91184210613264,81.3069364443269,141.74211062514058
286.2449253403903,203.51377649693117,82.64003107248958,142.0184418925615
284.35223821658656,202.95819760931766,82.9185064372032,143.1295996677885
284.2651544903548,202.74374311017317,83.09267388966663,143.5585086660775
284.17767769900445,202.81635396957688,83.2676274723674,143.4132869472701
285.9226830649067,202.5788643366956,83.31584098200665,143.88826621303264
287.42826885535004,202.66601689624918,83.85075585791722,143.71396109392546
289.00887428556956,202.7002247481093,84.24210682435486,143.64554539020526
288.8829840025198,204.2487561681168,84.49388739045443,144.10665225064182
290.6080804879547,204.36121612344527,84.61297060384686,143.88173233998484
290.4302909973487,205.97065963491417,84.96854958505875,144.23079576247673
290.1776762431956,206.17649870912916,85.47377909336504,143.81911761404677
290.1029968287619,208.06074674823486,85.62313792223242,143.63218882428973
289.66665350543536,208.35224007334526,86.49582456888551,143.04920217406897
289.4844221799651,210.1502647934362,86.86028721982598,143.0405027425997
289.51754433855194,209.90914524322758,86.79404290265236,143.52274184301695
289.765954142181,209.5955918193769,86.29722329539425,144.14984869071833
288.0398357273872,209.32260191970283,86.14907569580389,144.69582849006648
287.9662677647093,209.21377848334788,86.29621162115961,144.91347536277632
291.2610160479852,209.05068329354097,86.93016550587548,145.23966574239017
294.5472164945666,207.56712381157024,87.61231585284588,144.579509086265
299.21473327055844,205.7939206346016,89.16412273301114,144.49696862948596
296.9462220444813,205.65442313530548,90.04732783670131,144.77596362807822
303.53708231715024,203.9586218197208,91.55684751922203,144.49475620228296
301.2371475508928,206.1157499376682,92.46281311408617,143.87440390403884
304.653787684005,205.91350420002306,93.02906295451233,144.2788953793291
306.41554379570533,207.6897101381885,93.2208324747406,144.44176524662714
308.54450290221985,207.24630532772437,92.68383834768935,145.3285748675554
310.4730461475706,206.68933871819237,92.55198663007715,146.4425080866194
310.6320581405305,204.44774298358908,92.23396264415734,147.18600388838422
312.55981256577303,202.4956228901432,92.12393657246805,147.34476129648016
314.5716758050192,202.23831893874143,91.84622034722801,147.85936919928372
312.7920039496646,201.93324338345428,91.65652689223027,148.46952030985804
314.481423225049,201.86924021859454,92.03264751472364,148.59752663957752
318.2683099688567,198.0655063408195,91.98524591161326,148.67862251062257
322.06991127480626,196.5672431247463,91.90924408362434,147.91154855081393
323.9837095764593,195.352494921527,91.83252141253112,146.59017102503955
324.4219583499661,197.70697643590992,90.95602386551764,145.61105803594984
324.9374910071572,199.79910546154088,89.92495855113543,145.1273257267976
325.10793713313456,200.15525475076467,89.58406629918073,144.41502714835002
326.9621394840785,202.66730267515325,89.53530784297354,143.0505775452536
328.9862096325945,202.76533189943578,89.12561801218052,142.85451909668853
327.49647941673845,200.9713910088509,88.47642697383786,142.81374940780344
329.21455888225256,201.01463282983315,88.65741671725407,142.72726576583898
330.59341808429053,204.52053296641998,89.51859403707876,142.95325694046676
336.01569632969,204.53374079277742,89.58418592558421,142.92684128775187
337.9942519142502,202.56479828868362,89.26449567511384,143.22730537728947
341.97537441204304,201.9202217599963,88.57534847991298,144.51645843466403
342.41956673931725,199.75000622751986,87.68696382536456,145.21267664773734
372.6391960398599,204.1748145883241,89.12147415020664,143.64232685859093
345.71196338645984,204.02568215576707,88.37074977458434,143.94059172370498
347.73054903419774,195.47165620344433,87.96576413780336,142.88771533487653
349.47075903252414,199.4265473389599,88.0950191352261,142.1972830519965
345.86544466371805,201.44069467398012,88.10256087976832,141.770531878491
347.8962844098384,197.88482848089305,87.6361806378651,141.69166576399022
380.02666142228463,196.71678156432432,87.9286937955661,140.44146697587246
355.34251233610075,198.23462425967494,87.28155044676788,140.97831312239734
344.9634042669434,198.01387550823517,86.62162006026901,141.41981062527688
367.9696439086469,196.13874918977282,86.95658751185769,141.60487505181737
360.81464780780294,197.98416182838739,86.9722611731517,141.4876294096868
369.38775040223624,194.39747233604527,87.68652819570912,141.51681950980142
361.82199365080396,196.36242429776905,88.47992824831076,141.17144394891955
370.292637458801,198.1780071973951,89.5020395005336,141.1329579233108
359.3221939263883,196.30584255959437,89.78758915830097,141.26806429773598
371.0423235259302,194.6402364339017,91.65948543759436,140.98325433792454
363.74691856786853,194.8558318228291,91.67820881652283,140.55206356006977
371.0789754752957,194.93479563337172,91.56155827402853,140.39413593898448
374.6379190079229,192.67952035466004,91.70877521144482,141.27213449507246
376.22372039246886,192.93533813725878,92.18534840213664,140.76049892987496
378.23627017492316,190.83357564086407,91.80869360570159,141.3155791541908
380.0843953955823,190.8520674618191,91.76293719535161,141.27859551228076
382.1116455226003,190.9121708944382,91.35761318901459,141.15838864704256
384.5216079915241,186.68472381408228,90.17830010011502,142.33205910985845
386.4626010711347,187.04123045396187,89.934793049516,141.61904583009925
388.71807432166463,187.25555255157428,89.04758339516682,141.1904016348744
392.47397485213037,185.7115135578482,88.74073040543846,140.67600558672495
395.91352000470545,185.90814885021393,89.04092710326944,140.2827350019935
401.0035821518758,184.40785933217336,89.62716198047866,139.69452764755795
408.155583172319,182.38822410431192,89.68229099039169,140.14401534058095
415.2227453015185,180.66235603990685,89.93770890210465,139.99831592686309
421.5536408427502,183.09785589543472,91.67400249744263,138.72683738525774
434.60172894486664,184.05562157642416,94.45298114581556,136.81130602327886
446.02040025122864,183.11885092266294,97.00220808081562,135.0581945382693
450.9239854591815,187.2847055807348,98.12160358252578,134.01086250053618
463.0295400191201,187.9607848859973,99.42332681357536,132.65870389001117
468.5243333801894,187.61762377287565,99.37010218218043,133.34502611625447
474.6437304668605,185.43373046368987,98.09639233397084,134.0577846262485
480.3849414448232,185.3450765822117,97.54893793789205,134.2350923892048
482.3022390433756,185.18983976846258,97.35303671003845,134.54556601670305
