100.0,198.0,32.0,92.0
99.00076220417806,197.2632809438769,33.99847559164389,91.57869401867836
100.09752481583784,197.3327584942764,35.65478916238056,91.43973891787937
105.45880688658093,197.5771628721701,36.64839046328902,90.95093016209192
106.06457345260304,198.23898553321465,37.40027723338039,91.5907047421384
106.67961534999606,200.13806924855845,38.15622706083424,91.76460455593053
108.39496470484093,201.2821631606009,38.72948918428877,91.47839714841781
114.37694596555453,200.9439667739307,38.81359771938079,92.15478992175824
114.06431230123002,200.72920315956662,39.4388650480298,92.58431715048637
121.28399239586979,202.4196684323454,39.2554014117371,93.27649990578219
121.15894083181041,203.18806903152228,39.50550453985585,93.78301019961552
126.46279202053532,203.14738075715888,39.17311101192292,93.86438674834235
127.36412789541265,203.67907309110996,39.420781672347985,94.85134449061991
132.28022475848212,204.47435946105907,39.93351857370696,95.32975787622124
135.17890163430883,206.47081773757398,40.39114164868451,95.50682587427873
142.8095135556349,207.24484205721427,39.799547878350744,96.05443867390079
143.9180662192608,207.20162221158478,39.67551841603115,96.14087836515981
150.60672265342237,207.18983057037156,38.850921238270814,96.16446164758625
151.9364331117199,209.18426731669695,38.269282440280946,96.33115239214592
157.08272206412073,208.99762273307428,38.32571423724853,96.70444155939124
158.83366852307506,209.97594621219892,38.976183239447124,96.8239755611956
163.77511206826892,209.70259608255844,39.54086929992698,97.37067582047652
166.30442797712615,212.1051816707697,40.80460233685045,98.88786949869201
173.57017930074016,212.5197138661332,41.335809370139216,98.05880510796496
175.1499578130305,212.7537964431624,42.47479966613974,99.73991361419726
183.886998864733,212.50306079448347,40.35690454014868,100.24138491155506
185.43993982023235,212.8783642261072,39.41437696676011,99.49077804830763
193.15049975968734,214.71724021756035,38.94331619046988,100.08447152329265
196.4148319025872,216.8968689822142,38.8221365587229,99.99687043002021
203.72161338233565,217.14735470609344,39.135359641554835,99.49589898226165
204.83771609450184,217.18695112944147,39.03396106531011,99.41670613556562
213.14857138805195,218.08415628286576,39.435081241030126,99.7501496740696
215.6171294203635,220.53229978097323,40.917436624139654,99.13351030967645
222.53901675073533,221.7380835013768,42.17521545042335,98.87930765273035
225.9094877520809,221.26702613465523,41.962261992584274,99.82142238617347
234.9929088103747,220.86063955688456,41.28214866259257,100.63419554171479
236.43807834680612,221.57692272133514,40.57730403819771,101.38712366128158
245.56125803632676,222.83928673867663,39.80121326437132,101.04617920225047
248.2605666539601,224.40688214768687,40.897628417180854,100.07599918025542
249.8464889406745,226.92496112218333,42.066993021889004,101.55165499846794
263.6482242189626,225.98796512843217,41.01568528959559,101.21296675061345
268.0357870876573,226.1938957956554,40.99693211944702,100.80110541616693
273.59563207296185,228.32048367730084,42.974187499699184,100.91357810316313
280.3209380642354,228.57884806086156,45.060410094584505,100.39684933604164
283.8438656999985,229.43326250784332,44.76108495302445,100.93686381873354
292.336033610928,229.4606807915634,43.53665941037148,100.88202725129338
296.2664267300459,232.13287402878123,42.36297965322602,102.22474725794808
303.69591725044,232.8807546541532,40.86990418574279,102.95663693608829
307.58294833533034,232.35764167976726,39.73063271688014,104.00286288486019
316.8899656435995,231.67309656350682,38.76635236560478,105.37195311738108
319.4250896507506,233.84580417247707,38.11305798665269,105.44349153479061
327.3844126006612,233.87430153993242,39.77593586156011,105.38649679987992
334.48462215370535,234.73895328577373,41.163692236972,105.8840755198402
342.4111642234775,235.20698017634015,41.12321064713363,107.20696496009381
350.52008388136767,234.82065236079973,40.84587771755063,107.97962059117468
358.67655911738916,235.48734269960062,40.5161505966897,108.92955753517035
361.57619389362156,238.89277091994782,41.58986921594705,108.99168926619807
370.9436806793878,238.44283073774417,41.34458345859359,109.89156963060539
379.2089778809931,235.17874964142604,41.051938373911995,111.78031773223341
380.76999373347115,241.14027336558289,40.27139443715964,111.5647091249387
388.56708189209263,246.5463047633086,43.27153692470998,107.7255158812847
406.06215468683206,243.23575761222656,43.12813959479459,109.70037708217367
414.81789167653125,241.97477843793877,42.059457473401515,112.22233543074925
423.9219964454513,240.52559810489777,40.41317682966941,112.7547062548158
432.2847243066664,241.54331392895213,40.09481006994371,113.063144458522
439.830917565798,242.85168859080426,41.399950954544835,112.7888990495127
447.60663837026544,243.73933430710258,42.38398136216939,113.37581790499598
446.33249788841636,242.76634615012654,42.54389514045785,112.93342703353832
418.9358476055473,243.41502566284427,42.484371041505014,114.02097342830683
391.77553287865857,243.31246213936015,44.01774241230541,114.22610047527506
363.24813387432584,245.313079930069,45.18397536050664,112.65480250518186
341.6027948722012,246.85311195871515,44.76684222221447,112.0029501780308
316.1825455665444,246.5961416754477,42.55691924778391,112.5168907445657
290.98894185128114,242.49359036357185,42.981624452004894,113.58449305027372
301.5894370363589,242.746283536433,43.39968973153813,113.07910670455144
311.50306727489647,242.92409166556263,42.79145322570552,112.72349044629219
322.82232018373037,242.96514042354445,41.63007728409443,112.64139293032855
332.5864771820584,243.70331006139747,41.015786539586344,113.52930656114097
341.1703996482615,243.91740032589155,42.774799082433574,113.10112603215279
349.6043615795027,244.9568153571753,45.03859333197852,113.41376073358882
357.3016950836993,245.23347491963528,46.699702580154664,112.86044160866876
367.80149972023565,244.09773466266589,45.36539516664759,112.67375939016193
378.25172080592495,243.12145635252446,43.91872077114601,114.62631601044478
387.98687052780434,242.50315860233042,43.91966863070015,113.42900559791873
408.7974094015362,239.16894298803197,43.383021728333524,115.26397437415116
416.2045984149252,240.06698724909307,43.16917914540275,115.90130842600354
418.5727960916979,237.46120105930686,43.31019391426575,116.23547068316768
428.0542038611908,234.44677763230732,43.915654987311655,117.3722483841589
441.4354789343248,238.7507184024189,44.35868145163367,116.18406955591476
451.5085180131263,243.24957964158568,43.92591975063474,114.57884074880778
464.10151721155944,241.08303825309386,43.073458528292676,114.04521609088664
473.70974041523203,241.5486337657395,43.14002456525528,115.52440162113383
481.06922667535514,239.8453714869455,43.01772669782761,116.49814706991879
488.3369040362017,239.81302363000816,45.5940273160703,116.56284278379346
467.340499065041,240.2054592678005,45.22691747135825,115.77797150820878
440.47087786826455,239.8757800548667,44.54023770096052,116.43732993407636
406.24414749169944,240.80489230194976,43.80400962427609,117.05016575526082
377.76673582517816,240.48199338861158,44.02687001509958,117.69596358193718
349.65791482890336,241.9537817675906,45.68721734322473,114.75238682397914
328.886965066577,237.24498667031702,45.28350814490507,116.76781077329588
338.7391648221176,236.60836641708934,45.49224525085236,120.53019335687982
348.1496444378622,236.33997133442585,47.0464011893047,121.06698352220681
358.528474288191,238.53433698791304,46.9487562161253,119.2607540561672
368.8753778950295,239.61105753781857,46.69328572631122,117.1073129563562
378.3290888543587,238.7751565541727,45.42059367157601,116.25986780023032
383.5229444028017,238.22533594503017,44.9700818055551,114.87520921079907
392.2480308300334,239.04911595050362,47.170558990789566,113.22764919985221
398.88571278676034,239.43788138687663,46.25431510951365,112.45011832710615
408.5189479758089,237.2097926061221,44.09813479061427,112.01764158598722
417.4950502995538,235.3805415358951,42.94343835314194,113.27649969643873
423.45760326976983,236.23714416899568,43.00339766513687,111.56329443023758
431.5564467993664,236.53396244640123,43.42023181561139,110.9696578754265
440.1346071768121,234.2832818617196,42.87102851706323,110.72612834297746
446.5860042549481,233.13605644904726,41.763764343538234,110.66147317177277
451.7737975447658,233.4248532329957,40.741337522244095,110.08387960387583
456.41170033643374,233.6437332074672,40.71189828261667,109.64611965493289
462.40695971913385,233.94711792662383,40.24533226812281,109.03935021661962
469.2730270652536,230.82114462412045,40.23929817718917,108.4282465209734
475.30657668604704,230.46113429374253,39.566312102157596,109.14826718172927
480.2087207023137,230.37610375621742,41.146885327684025,109.31832825677947
487.31151775747435,231.1953904628255,43.096801069979044,107.67975484356334
477.8973841020983,229.3353932318312,43.3703507162045,109.08040959748602
451.3978871371305,227.88698698550613,42.44853015694303,111.9772220901362
425.7179126505394,227.17765017900462,41.67998155294519,113.39589570313922
399.1809768820852,227.1864594864354,42.48280922645553,113.37827708827763
378.52769710651626,230.8516610161876,43.15626319627455,115.6086047537894
346.0005506732721,228.78799993488488,42.48504154485144,119.73592691639483
349.1289677853136,243.65701763946697,41.190583494931545,124.73452472637175
359.15821988854873,260.52694259523605,41.362751137737206,126.39835055106664
365.3430453625298,269.28783866216446,44.327000282844644,121.65480849476776
370.08741421482415,273.2343865576546,47.548168791227944,116.30369394638188
387.7137654191739,229.98110412286292,45.093315056261396,114.50835854053
395.1227914403786,229.00087981656543,42.541575020775724,114.01554475174021
404.7051694224164,228.9024769105446,42.57981122406414,111.81197654286137
408.7622431458315,230.269994039871,43.94353008955336,109.07694228420857
418.49313000544186,230.26164465666398,43.3182662696817,106.73907731320404
426.11822658027097,229.22978346793704,41.92651652990403,106.49305912234449
435.8722695553893,227.72159638598492,40.6692664755642,107.22807879926168
444.8933993379128,227.7103805769698,40.78190408697001,107.25051041729188
452.80466240268976,228.35110843107122,43.1330492464791,105.96905470908908
461.700854951326,228.73432767308924,43.70342380461956,105.20261622505299
474.09482796363193,228.6476678151506,41.85980901720668,105.3759359409303
483.5043679852028,227.30182540393653,41.153474845406194,105.8035275294407
491.22707711821096,227.93341590024232,43.768879314758934,104.54034653682913
500.2212324351721,228.33026264208775,44.06883674706335,103.74665305313832
510.4822583215972,227.2771354202149,41.785832185855455,103.57302659542867
522.0156879549312,225.71524542986947,38.850338025625234,104.45998823095991
531.0997941093048,226.4652270484872,38.25758047825904,105.15695683889709
546.519619788421,227.87648008510882,40.36102979216629,104.53065747712982
552.763328567034,227.69168632611894,41.224283693336496,102.67513308537684
562.222030805904,226.2498082544366,40.01785918303711,103.34501673281142
529.7888463896119,223.14221009897258,38.82635321634989,105.15635472378807
503.7678674651695,224.93819667437091,40.11943123554005,103.77085460906511
478.4546604686051,226.53856372950588,39.91890869635099,102.77998730454814
455.0216529078478,226.65592470435337,38.56007349544721,102.54526535485323
429.62165079855765,218.3893647375548,37.41777531499679,101.7642844887734
422.07053552882655,217.08968113134824,37.592650852586004,102.23117241520472
434.33927951269266,218.73530108100073,38.763012958273045,103.22457419480295
442.7354763839197,219.51611266149763,39.39185518126394,101.6629510338091
454.80588322901815,218.58791429970654,39.08302908267257,101.35280343088178
462.8553952171217,219.46526802886882,40.23641656703886,101.75464740512896
470.04149553474343,220.08728651821517,43.32807780819026,100.51061042643624
473.48596472663485,221.04474960848813,45.31904264199906,98.5956842458903
484.4522201195992,221.2236217956534,43.43142985689568,98.23793987155976
494.3083182135809,220.26563626470144,41.23026154889356,97.96503244846853
504.98300258638903,218.45734005839014,39.19532748424813,99.43557656320553
490.01806272083695,218.48153028844595,41.42204895620353,99.38719610309391
462.5024267711397,219.08372461866395,44.37360625366513,98.18280744265793
431.48489337063455,217.13195317095187,44.67879349075926,99.88171178222798
405.2423387980374,216.61422764426902,43.53202151292287,100.91716283559364
369.14314579260645,218.7535715782806,44.3876211051801,101.09739911873334
342.6219917254383,219.7873181956594,43.497923185364435,99.02990588397574
316.9049147175395,219.3752941432793,42.09537445336245,97.65242470757765
303.2604290976887,215.3811382754683,41.34547046268915,97.01339021846897
313.49690404403043,216.0465511187785,40.08153046803987,97.81689896496344
323.7817758539547,216.20907742101934,40.74690437286485,97.49184636048179
334.91390198352633,216.41141955878018,41.91972085223466,97.08716208496008
342.57979053214086,216.79633003407014,41.60681539525694,96.3173411343802
344.08379915910814,216.28930566335612,40.72768286721573,97.33138987580824
352.91047933137975,215.91286191095992,40.09819958059073,98.08427738060064
359.11567633894117,216.53146202404403,40.45378606071749,98.97474057030735
367.9669199590246,215.19952775828705,39.925932335010195,99.4917799125138
376.0530713015831,212.99586558616517,38.76773648502163,99.609359446721
383.94200424812965,206.8984645197496,37.8708600281791,99.0490277770516
392.2201253956363,207.70154771058046,38.12837783762372,99.54458140844719
399.32524330093196,208.7576943657054,38.71234231584954,97.4322880981973
405.756193784003,207.6549561892049,38.411810926554566,97.5442028550571
407.9254678461686,205.49314282748193,38.252860110067815,97.6882322706587
413.05132061020055,204.4012898568654,38.44627902060101,97.78291332417243
420.4930231363816,204.28404440899178,38.21980813746996,98.01740421991961
421.5363110953048,204.66172286907224,38.226396202570996,97.2620472997587
426.5315515841853,204.0987746056993,38.6480369043463,96.30551949059729
429.78477069406614,201.4577683005594,38.37018493143707,95.35894585402477
431.87830933471133,198.45093523952124,38.29832479717116,95.19978625556436
435.7250703670569,198.08704877648566,38.82094219465859,95.92755918163549
440.78635792253203,198.43454518387557,39.06754215516058,95.23256636685569
443.7117905587551,199.00931434542565,39.42130186624276,94.08302804375549
449.1580297312298,197.81616044215224,38.81833652818114,92.35353064754726
451.47303423443094,196.96003018031627,38.23278926167347,92.04356030127187
458.2987490227624,197.00571041421136,38.63292276163562,91.95219983348171
458.43206504110026,196.53500562107635,38.36629072495994,90.88046285063052
463.2925968571897,196.98458571001723,38.609914182005205,89.98130267274877
465.25838222117716,192.2810384170897,38.64684066228853,89.46715423795834
469.48816812273185,190.89611310681195,38.09711354720406,90.25954368650753
472.7382914313057,190.6636753819568,37.53445572116709,90.72441913621782
477.33058519048586,190.86251235642249,38.229497748778826,90.32674518728643
483.1492150382657,191.10234824491056,38.48731289356893,89.84707341031032
484.09741137050065,190.27508172586684,38.571059602846645,89.52146707465022
489.03540564738825,189.51650196412044,38.57961421488706,89.06171796497992
493.77245273580945,187.27115950998822,38.95754662176791,89.61159223975507
496.00821000904324,187.78524338879453,38.456106178278446,88.58342448214248
490.21674174532006,189.19574296455937,38.27123945104273,87.7237258730598
461.9946167306739,186.6687106316424,36.34781661794932,86.94102325265514
432.9600994636381,180.9092931475002,35.50916890343441,87.05837133411634
403.71839647742144,182.7783281646167,35.494431968366,87.0943750358512
374.0196597785968,184.81726977127784,36.38580783215738,86.79107876019722
343.55286472779596,183.7330369779664,36.55919534184756,87.06078801582282
315.49404226766984,181.18307830748918,35.50504866183381,86.44352619675067
311.24508476395454,187.8029782617402,34.61247019767616,88.22851584278972
312.9562886899619,186.7222958766685,34.96581344633292,88.50200506259735
319.77759795065896,188.16062620927676,36.508228560612324,87.52347360184004
326.9264529771106,187.6127443367653,37.502549253563146,86.70773350363112
335.43183594630614,185.52957504240044,35.830285436373124,87.03944656206062
343.54921532557955,183.36681333543083,34.7353412792547,87.58001632564279
350.3144235230914,183.28292819260017,34.37015142644124,87.7477866113041
356.019788964232,184.53692599643196,36.09581253242753,87.11641843053587
361.84632519090155,183.6258151518204,37.7308823675809,87.04033407854573
370.04012045440004,181.64226484433712,36.75256209952455,87.15511712877718
378.5566123257913,181.39170315168744,35.003710633214894,87.65624051407656
386.2053065157291,181.34146986652956,34.79942040253353,87.75670708439229
392.772105461562,181.6674621993152,36.74129299957384,87.10472241882107
399.82054110814835,182.12814715195378,37.92113141355695,86.18335251354384
408.29408476567573,181.4903315786654,36.310841645385466,85.54188396676025
416.92736742806886,181.46675164500644,34.07930412143682,85.58904383407817
424.70873855773976,181.3324627298104,33.23958854852158,85.8576216644702
430.9946267506184,181.78068610158215,35.301511379237375,84.96117492092671
436.80971243242624,181.88199288538604,36.643006706318275,84.75856135331895
445.04258842167104,180.97171472513404,35.168620593607315,84.70519694060062
452.3621922500991,181.20807484234302,33.45869964715405,84.23247670618264
446.00909199194115,182.33556685974412,33.496499757992524,85.59703564437402
406.1802688123112,182.94016943608807,34.46108190324273,86.21790175247699
379.67383399533367,183.89818014113814,35.49905239161979,86.15812674043326
349.4239751653885,181.76503086881314,34.16087141057694,86.67667385229942
318.46534070102285,181.47266141874326,32.923735935141,85.40393026996364
281.759581843497,189.19843277617903,35.47101639322658,80.85457790231767
257.962648826467,176.96121334550017,36.35050981810679,80.17512382027085
261.94965683300103,177.54077722696383,35.58574216823806,80.81830814814336
270.8027924781962,177.42691181090348,34.063291103459164,81.04603898026409
280.8671149241431,177.3463661274309,35.22978811715298,81.2071303472092
286.95572758837085,177.98747629267314,37.43303299838252,79.92491001672477
291.00530302349824,179.86810625512555,38.42197576087721,77.98126881836983
297.46325742572856,184.41600061212495,38.151310334354264,76.11133346319251
311.6022816513039,184.33740417455675,36.48946158678908,76.26852633832888
318.56490883970173,182.9293245901543,36.54719379829619,75.58893886005805
326.7443570434927,183.50997589627352,39.316854912959556,74.42763624781962
334.07338708927404,182.5421346936316,38.81710299429737,74.59353013149094
342.11350289893846,178.70097297399437,36.845973422365155,75.221302547067
350.1115482148883,179.14806201840702,34.76011200248731,76.0659031097444
356.6772994239898,179.23930406487503,35.3463587551887,75.88341901680838
362.8200713709261,178.7294262015421,36.839397592215924,75.18085190211173
369.4152654626122,176.81910676316204,37.55359600646755,75.52534412946594
377.3911506951363,175.32210360112433,35.64575483550135,76.7638592917811
386.7251519954325,176.00084780314972,32.64109130377359,77.14674189538191
392.98349366097983,175.61402288842072,33.66884599023622,77.92039172483993
404.70277464251234,180.83434179382235,36.066593162493305,76.09185695914404
410.5106607981445,175.0617901219519,36.616331768462075,77.2093795166852
418.175447238187,169.9961105785294,35.3971883967254,80.28552384935605
426.148593910278,167.17240254908825,33.74816461295439,84.14578121318695
432.34060259849105,167.518487477952,34.059992266495705,85.26730350259771
432.2870681244839,166.11338849999188,36.00246414258277,86.24209853044522
440.13276327621946,165.4645963808231,37.267330879763385,87.53968276878278
449.63019805575226,164.65667202812668,37.52436594017855,87.23034101222754
458.68197655814515,164.11636881859448,36.74816224227046,88.31094743129195
463.52584111548435,162.21987211023347,36.6960861974498,90.17681023404242
474.45593870477313,204.27016214941406,38.27329337804109,88.10713841277258
484.4626151669717,165.61468746478005,37.771720026868614,89.32214744646441
496.09117654975904,160.2708845514788,36.07334311306852,90.2103233404421
504.2789182367667,161.090385786406,35.2378327388776,90.51381749556575
514.9199330571515,162.05027027921,35.206917600421754,90.52596801016811
521.8026579752085,168.95435147102845,36.8937889427821,88.3070465103869
530.0234040282281,169.89398827111356,37.819226350551524,86.42777291021667
537.5136988642154,167.7500061615575,38.18940245928816,86.87804568415099
560.3577540827524,211.45454803868506,38.866746429562966,84.47229501003551
592.9936553852009,218.06347469417253,36.587443453068325,86.52535069988532
590.225950551053,222.7176909755945,36.427379830328334,88.607864719113
536.5503805662759,249.30959121950565,35.93846759411018,93.19552077009743
491.5918739024967,219.72676651062838,36.62041874523302,92.87112873689496
465.3617617628447,216.53995113031874,37.32620659190165,91.282538507878
457.1818371122923,214.42959570559415,37.843874151086,91.54270392184714
510.16515947455724,131.97833882246897,39.51166295149567,94.9935674006883
515.2145190333212,133.89678927616714,39.776206518922784,95.30197156727401
513.9188187699541,136.57287007025985,40.28580683143272,94.11341040753746
513.8445514357492,138.4099987236903,40.43434149984256,92.5128045234729
513.919845958036,167.64252869274964,40.28375245526887,91.53468458429016
515.0331082208543,177.6231079597778,40.093505999868306,89.90002868235752
514.3225623693661,181.09094797267318,39.50537187204641,88.99202614896129
513.6501045860516,200.8405341092708,38.8645768723933,89.20706520140847
513.5221644243136,200.26128834756662,39.12045719586955,88.38801815223505
514.6747993154937,172.27666091072604,38.78536548240325,87.22210902798888
515.6227612123458,174.09751398194638,38.83681515098492,85.52777634783399
516.8696270614005,177.35394599510272,38.26676465290966,84.7859559216233
466.871187219592,168.003453349329,37.40969758673612,86.36079931226303
467.489020758074,160.00553716949807,36.17403050977215,87.0714221668942
469.060341213328,163.4518977399128,34.93043540526851,85.87583844407816
483.4258958363489,163.05032910175305,35.95433925533544,84.81928740189082
493.55499192817155,159.88133276930031,38.047605770357364,83.70679383390721
507.2644802909455,160.87928302042184,38.87939613603733,83.59427780441271
508.76751163453935,161.5587818635639,39.66595455444215,80.33896956533243
504.5940039551004,163.1833501048517,38.700432946702115,80.81484786940398
476.37597374072783,158.8397822933551,37.7031893241696,80.23854735509434
441.96562662503874,160.622683799777,37.10155920082323,78.49964761474334
414.520813945515,162.76561006753008,34.6769316931275,77.79593588340859
388.53588061586663,161.14162765243915,32.75698443026498,79.30551961932724
362.2677229735784,161.1280732292995,33.50482137659131,79.33262846560655
334.5332609673543,160.70914699509484,33.29556292313538,80.17048093401584
300.75993016886014,160.41333991758256,32.65729849423831,82.51042652560156
308.5926655412777,156.5826638554455,31.157226835679857,83.08907910673736
316.0217771071007,157.49821001105215,30.315559484441863,84.76212574062615
322.82763716193125,157.10226248204964,30.79030218932847,85.55402079863113
331.7721281614078,158.10022837503124,32.48932967165811,87.11954528199206
340.2977667134496,156.34127111547494,33.77634134670447,88.80363092319169
347.9348715094523,153.64071422801607,33.551238821892525,90.44246793131113
355.970104359116,155.11483154535125,32.685400278256395,89.39481169110215
367.501554416628,154.8995264313198,33.93182241744688,89.8254219191651
374.4213254420977,154.7326017547557,35.28100359994119,88.26068086811406
380.72210637600756,153.75294183547436,35.98145797032615,88.31971267264748
390.13292138196965,152.21850993174334,34.382462874763675,89.47495037829158
397.1888810424697,152.69604958143032,33.582160919458595,90.42153070258833
403.04229387173075,152.86645289511804,33.2803520737476,91.98156021068138
405.76469704472925,158.50840614580414,33.58868332369195,92.20392890119174
398.3490351912755,170.1359259975397,34.93471302127601,90.14006549808612
436.1733732861135,204.20981791808245,34.20961394320553,93.0736240449341
435.1932783387088,206.2598725177703,34.21966718013145,94.82392481920883
435.1007403812421,205.5288631363545,34.404743095064894,96.28594358204043
434.3369174519353,204.0959207389484,33.93277743206047,97.15221685523457
435.23595968311054,200.88119492779367,34.13810634727332,97.57142834485387
434.251342261027,199.83300295034022,34.094212052148585,99.66781229976078
435.075432442296,201.0789120088274,34.48826085297541,101.26045250951609
434.81720828785177,201.36924184530145,35.00470916186385,102.75190597777554
434.72608222691895,199.5128567124114,35.18696128372944,104.36188856974081
414.1285440702113,203.32478079108998,35.930100095281695,105.25423778119693
377.06966838636504,200.98045359889048,36.76672353475679,107.78756487358955
393.3179146826893,215.85937049507885,39.577260640685836,106.7166927113071
359.99872279408044,217.45622553786606,41.187007612766934,105.76534941211669
405.96824298686715,208.80146926845856,41.81182635939782,105.01362114464791
380.7046174457388,207.09380023467006,42.662581341305284,103.91291411219318
392.0395168588022,181.81189738552865,42.56607647905316,104.81547308995171
382.95879797524094,200.2302577322725,42.57853305715002,106.54533742314362
378.3572744098546,198.6496208233676,42.60654604158948,107.41285270437008
378.6342668106157,196.27629455744267,42.052561240067206,107.54601941988213
375.0111387087178,202.29593552197008,42.40257331714964,107.00047770201652
377.14682924072815,220.2481889233599,42.725522145736875,105.5534450937973
326.76132033101914,167.2944435503836,43.08429263625136,106.48449545044157
321.1533339775009,158.65106078056752,42.7907472921649,107.65793571850169
333.4699241247248,161.1823322044823,43.60673208907686,107.2225137963739
336.7356565314373,191.54585894804592,44.04080292968254,106.86343597751186
394.8801697222831,177.50843890115576,43.97133812390331,109.36997252459146
347.2847932406449,162.60861935684648,44.790904302259726,108.49897590811102
400.63539103134855,168.5335583546552,44.34901094036648,110.81700487509539
377.1457720766338,175.79776543629023,43.591194547223466,112.99655971772569
345.30881531205733,192.21189513517817,44.7447422290785,111.42848324359878
331.7056765044738,207.40511983840182,45.52112190619599,109.8746497695692
277.3539241295432,216.67740074888445,46.488274495714506,108.08907606243494
268.5165375219795,217.46336568801036,47.46471893362241,106.51714618418315
260.11937858718346,248.2014186601255,49.97955555232146,102.15896524352489
188.94549779989694,319.72793222418284,45.983091423624714,110.17094529297901
152.23788348002995,329.58034012175017,44.793103976871265,109.71908848790562
118.0906541482618,328.8180894219528,44.09794674394564,111.24358988750043
109.80339895752945,335.45006920181993,43.95290421693936,112.31067567788415
110.11409422752081,331.8831111711579,43.33151367695665,114.64207620891506
107.6469633862499,329.79456095145423,43.41861865056329,116.39559829385485
109.00283663389598,327.6073512252769,43.15715523518282,118.31973466629788
107.5329970439916,328.66059288988413,43.62371987534476,118.68636587673012
109.04497601163257,328.2917173030563,43.08655332123402,119.42411705038583
109.08500109851275,328.93218850359744,43.00650314747367,118.14317464930352
109.35535844437757,329.04667704549024,42.46578845574403,117.91419756551794
105.72745769920678,329.19420152560144,42.357172934384366,117.61914860529552
70.99613485946173,326.2662354797071,40.809823959777376,121.02646019177052
32.095969594262435,329.42238997604085,42.06824788449424,119.65233872205036
53.672361552696195,306.7374786012896,43.41915302870753,120.51847241047201
22.387050904738395,224.35561349675294,45.76650565812356,119.66821378667143
73.72069509568776,236.7264494500255,47.21683057712428,120.32108170961403
60.65112531139913,182.41842459054035,47.60762842492442,120.79409620132043
91.56729433673395,210.0527300244303,47.90235009018707,122.47529007314513
108.04865843805155,215.34306581715913,48.97456049039452,122.36690728856217
112.95319634507035,224.6272276837289,49.70820817600595,119.61266880489617
107.44174490715594,223.54454695913583,50.29494849531024,119.16898961495127
106.11912465361456,211.82711912571037,50.32714883741495,119.08648379699986
118.9628797819772,223.28602227237852,50.763822704369105,117.06802480260711
113.63825471110223,223.86595318762264,51.04929492497247,115.90816297211886
53.43428905778287,219.8825815646909,50.2359601057541,118.71655446794594
11.819344095729463,203.83730354487736,50.09122082885571,122.14708171972741
9.187545926567608,216.42057855646777,50.04999547308249,123.50464016703117
51.979523364863745,224.55127486510526,49.945872370990045,123.2707160074749
111.5942944073532,215.77369584553026,50.68718975303807,122.16374035175411
51.858873505663695,214.95559729570795,50.31205094857841,123.7999374513987
46.554928432178585,221.27546317152343,50.199268417357075,124.56104654750723
45.32124855926894,227.8885604486451,49.97750483797242,124.78046861928358
53.175603234552455,211.4414352620625,50.39875642527136,125.41479711671681
53.07387441359352,205.51989942487802,50.60221406718922,126.43796414791551
115.03706474187305,218.93392827707007,51.94937225314375,124.11994665184925
114.69789284022617,221.216993330767,52.62771605643749,122.26770351575732
112.08539271951243,220.66704307800876,52.454473407862594,120.66848257627262
112.30235498327528,217.65525802346605,52.02054888033689,121.34622617099329
112.24598182878114,219.44835107796362,52.13329518932517,120.4350983485487
112.24977987322744,222.28982707768756,52.12569910043257,120.07987706752257
114.94931042854554,220.38241235767782,52.04381504996512,118.57752944737331
112.4207710753116,221.08117699895234,51.83012765491898,117.18000016482429
119.30008398676253,228.3760155281838,51.12831332672033,115.6471346010645
114.22135961694279,224.99116081240166,50.978629287222105,114.6864944482756
98.82724447009981,225.0085412009289,51.04424022524487,114.65173367122112
113.11385677097898,223.55873031610534,50.64056408033881,114.99048739933625
115.77163598793385,224.94891472587994,50.442356728247205,114.76879412069603
50.901623384832945,218.65816435739265,50.03186624237816,117.14241127397884
53.4976156961218,215.4241042245377,49.9980562679722,118.45235689151693
109.25274553257164,222.43841575537522,50.17706947308708,117.41085858309938
83.16817974666056,221.349119773312,50.63544146196448,119.58945054722585
52.998378409596114,219.99649906578512,50.5966464215756,119.66954423556143
30.86581454177314,217.59367691285215,50.22626611281903,121.84957042116837
7.2521202658960675,216.80804345694605,49.7442698288946,123.4208373329806
30.819246962843618,196.02504554861784,50.57260245173459,122.35342335698357
49.57809238085162,201.2304309171526,50.350149137174654,122.59843476890151
57.92092350869409,227.99291361651598,49.64563799698137,125.0074982743955
29.59940300456193,199.40232188945245,49.889649180604025,125.78965190388085
38.335850996360676,199.95172978111214,51.32572418897129,124.6908361205615
31.67469349738591,193.97120833082843,51.092784524829256,125.80767529145561
52.42253370431137,275.68428085437415,53.16521554977821,125.76194813986379
20.11125984334241,299.966973584056,54.3270989811562,124.10227106917475
16.917958035120105,296.5357772093519,55.202350856413965,125.45331207739612
17.741706387895732,293.97930282397533,56.34553104507947,124.98490705971585
52.22892705324443,281.30956739310835,57.47071369097663,125.0885132898758
114.48133695655105,280.93068103067566,57.275462285301316,125.84628601474117
201.26907325463782,244.0683689938536,53.66868173383128,131.5834332705039
201.94572774583327,213.88244600334377,52.31537275144038,134.91290139822317
209.94981673787436,236.76135501585833,50.686458083197714,135.16872598388042
207.63330840435572,237.03219001303168,49.61896263723176,134.62705598953374
209.83007859766434,234.08180121571087,48.048671493538734,134.881335098327
212.90504149383483,233.49380527542462,47.49569530081523,136.0573269788995
210.28921334874832,215.62864696532776,47.11690268557726,138.12495016662746
209.1750119457467,237.6736806671951,46.51749536620753,136.4520346434877
209.32634912925494,244.33960265846335,46.21482099919105,134.2923363157568
216.05771233916505,237.75522754687145,46.535765872150044,133.6774152461614
214.739132441567,241.41269510854795,46.419118867595515,131.87009372230966
213.67949610366597,238.57528551759555,45.812499813820395,132.09312944506019
210.9787187105381,242.33612200381162,45.77796495286904,130.00754611983507
212.54140953551598,244.12291587462843,45.34023715816183,129.12161223344998
215.05339768493542,246.7950662650946,45.650368773365656,126.44436540953902
208.86596345735867,219.4136813665718,44.85309376646103,128.5185613583522
208.94580408415774,246.4078212688815,44.69341251286287,127.52211802039844
209.87553248734693,253.8268105959209,45.46642372429589,123.21401143756519
213.9896605215877,247.10529838268624,44.99281012410994,123.73263175020855
206.27795788331485,220.2430260978278,44.913734055130035,123.1984916105857
215.33285065400557,242.38798770560453,44.82667536735409,122.6780478966456
209.03569853312666,215.76210422696346,44.592706406160765,122.05106740153279
215.39062692073378,251.38929593343536,44.645120310475264,119.71294565804436
211.89997396613643,250.6139417808886,44.06666553680514,118.74373373551629
214.80037278530835,254.09119213755355,43.25708070970011,119.27605223904462
214.11319932673308,249.8885469485715,42.14282513464778,120.21553514040001
217.6687391437175,248.45615057096407,42.47721096502777,120.59850607416529
211.38155486316182,221.03459102097685,42.58475821089804,120.58761138707919
212.5917249174239,250.0710781307656,42.65957981274326,119.90335650599741
213.89463208596266,248.58379643258934,42.54051169373488,117.90442746621171
216.1691260386815,252.70989262646978,42.90356161589117,117.02029181984182
212.8107412885453,252.58090211584823,42.27052306365902,117.27827284108488
213.9741519351063,225.2587905866196,42.38587964774535,118.1945826009582
215.3778356589236,251.53128801355496,42.03587860260249,117.25428219941443
216.89436114178903,250.1418344897164,41.440412485488764,115.15801954985733
207.2630248861491,254.8448255920386,41.528423593170416,115.33936804701207
172.40720268350628,254.94688043657183,41.610511837912966,115.13525835794557
135.05206162643356,254.83961936598612,41.93360138751372,115.349780499117
101.63724555102831,254.9987029576585,41.32521732246588,115.0316133157722
63.18589211946828,254.04940814613465,41.6538704006392,114.53726375804041
16.321787019912513,261.5920758056708,42.10117017435262,113.80283773518316
72.0486759387877,278.45827225129995,45.33790784545769,111.13245946090656
69.0319696766773,291.8139119812567,46.553272470801275,110.92044344481762
55.01055204648263,299.19716635522553,47.89297749328092,110.71927846301256
48.34566872232251,306.040824297341,48.98097619894041,111.72208410997449
51.76786095407363,297.0928508372389,49.5828008874722,112.24354300876583
54.02956681535133,311.58375989046147,50.059846548971734,113.26446920665045
56.149245475195116,292.09751533483484,50.86734646611654,114.38552904166073
50.87352476749436,298.0027181865314,51.20320641410408,115.34460017253511
42.9062039685673,306.52858877057395,51.69556310302556,116.30885806487157
46.49304321477802,283.83295544828616,52.31096820154666,117.56198436077271
58.14431928083875,294.0162440424565,52.636678217834415,118.19830685990688
122.689521324162,274.69324353012274,52.92201726907286,119.87980984517867
141.67963027419898,198.25660178731863,52.317981222756686,123.24836591575581
140.48140726738012,188.8171584134431,52.00660085076045,123.17246796406937
146.1150832436393,198.38061182519755,51.5441083373842,122.95406515905918
140.71342964952936,203.94215537645678,51.58796817612225,122.59042540602259
149.22399764437787,189.49899574157905,50.679153539750374,124.62287575356956
144.9648034697552,207.95000559449812,51.10184439904459,122.80221183751954
151.79793533604317,194.33357207008882,50.83469058876649,123.23685904174242
143.60626219485687,185.79374511625934,51.129945533335444,121.54707305529716
147.91932347132467,203.1105690739986,50.49041022494467,121.52196986617972
145.11899114280408,202.0111161851492,50.79010050148763,121.07038845362935
145.15758027803608,199.3243587334357,50.71292223102365,121.14533331303882
141.1510189035271,195.6865691986423,50.77904917418728,120.47391657677119
149.1869381854304,187.144722463054,50.550046874226524,121.71477378410204
146.47400166540902,189.93695728845813,50.66726210835229,121.43896193921066
143.69427600567096,197.22886265627048,50.921856868709654,120.117292601383
119.96932964185801,188.04987626862066,50.89047122989181,120.01032378973227
90.86593888912053,187.72943111675409,51.110820536963274,120.65121409346543
117.3207418572567,191.75482269316797,51.179455653613516,123.19607915122221
136.12365153505232,208.5055272670845,51.190026647382524,124.62417532779504
110.29679942843151,227.21858913137697,51.39787675977874,125.10552304193823
65.55673443545562,199.19545447855262,51.173615916467355,126.7854948753062
28.685905548967522,195.4960960263488,50.97482990073599,128.70714186943923
50.22871727102921,273.5698476432489,52.09157286770494,127.26792107446214
60.23403786205934,225.3819515305351,51.41378692835107,126.97943708635775
58.45517513535024,231.4752642200849,52.225902795249354,125.77525005333777
12.147272507525138,234.83487870319885,51.59017993318855,124.5414050940341
63.7864507820543,211.0305215710999,51.428429225621095,123.30541132805213
13.951796673234576,239.89028525336067,51.46106681659518,122.13642675163794
15.138046370191546,237.62905063568374,51.76514624438151,121.30573834359126
7.222333987778416,281.28354262468173,51.576835569492,122.10529928403207
10.070479085046514,238.65524498358343,51.236906075715595,121.66012335407186
15.283053223042842,229.00659202152627,51.474656851701766,122.29735593722319
11.232319973920543,241.27788841706226,51.53868940522458,121.86706498031657
63.67874350610147,211.97914225807054,50.93425697243552,121.63519519843845
55.85603190361546,207.40832289852136,50.61968799332791,120.1368391281504
54.54646467686588,234.13714019726132,50.60604390660277,119.33477533515665
