527.0,84.0,341.0,160.0
541.5424280243262,75.01304385112086,335.19506400940094,162.45396559238938
565.6534386637911,72.46163789999409,333.2813836168579,167.55677749464292
545.4760676971777,72.89968943542173,334.7435326835671,166.68067442378762
537.4538744044639,73.83829129029165,335.21838107489464,164.8034707140478
544.3169010886477,74.84280755572647,337.0107016920066,162.79443818317816
551.5501806781386,75.33340444330099,338.0451132238629,161.8132444080291
557.9378296890042,75.62944594012276,340.766837123613,161.22116141438556
579.0567087001041,75.72818725565298,345.1963726725569,161.02367878332512
593.4574913323672,76.24743771669316,347.75064297559163,159.98517786124478
595.0091248519302,76.44058217877006,352.50533904243076,159.59888893709098
606.4266258003075,72.3338569211355,353.4312290519843,159.8920421502573
590.0494749740976,71.66684177329648,354.4299743819917,161.22607244593536
581.5829191744127,70.60960553358106,355.4094914973545,163.3405449253662
573.5681782402282,70.30374372239905,355.3828074476613,163.95226854773023
564.9497706059462,82.57564382078527,356.5428181452379,163.523675207439
527.6510025460602,94.76717003891265,358.7104340666673,163.28392950396514
520.1792182539673,93.92993205471981,357.503853558807,164.95840547235082
490.45941550986856,122.0847566269838,360.3354290644834,165.2567863103437
490.4493328910553,128.65788057443496,360.3555943021099,168.37706603465313
480.1328089399417,145.41035276562428,364.6123767770862,167.6246525067762
476.1699567209721,158.7729315510591,372.5380812150254,165.61024360774474
485.7661201429727,159.33345258226018,378.2957733935652,164.48920154534252
497.50137918004367,164.6042331172855,379.9663597368766,162.32800861444298
493.9995219550459,165.5961193862694,378.6037100364135,160.34423607647517
474.08200399249006,171.05504486978873,376.8809776542965,157.7379387708823
451.4039652724492,175.99771471391867,381.0346947685961,156.0930711477788
430.9361512330596,175.09365883135803,380.6143794805018,157.90118291290008
174.2433905098582,88.01942595976811,379.5694204484982,166.10433237272298
-14.35300155218664,51.255679424527486,377.53364350679016,172.21341458706243
-4.039782995627917,48.35611586326243,373.9174928595547,178.01254170959254
30.191931741724005,42.046362741478674,373.88474706734354,182.07821249284848
51.107888331787024,40.27615076795095,375.17321709794,185.61863643990392
77.45561666401483,38.48984445234316,374.7037312323314,189.1912490711195
133.07567674475388,36.38627431839612,377.3341596568515,193.3983893390136
139.48421184478693,21.13505534412255,382.2580014868353,197.2894592424858
141.60592704045564,33.62646574096459,387.0243434690117,199.335955569343
143.74975822292805,32.95094628351717,391.85167203761046,200.68699448423786
303.71202941242007,113.63079996582921,394.246079247436,195.8822054913213
310.6685276366246,120.27211400421359,398.65541050525576,191.76074126766696
299.4646283984978,131.37293412742787,402.7550842124458,187.86722579030206
246.52686437076335,132.94448539461214,408.0252743307591,184.72412325593353
240.41927498170818,130.1788836370892,411.0729073400425,181.08778100215258
253.82796352533293,144.8348081701131,411.69906280107585,179.21946448438766
264.97567078345145,135.7919083971264,407.6516152082414,179.0572971069584
259.95348736046185,135.5722688828747,408.6334926584342,179.49657613546177
21.752588894582345,155.0137496324968,412.64345253595616,176.95144825577432
61.14999410927123,147.37657828319527,415.727035945289,174.0305923235528
72.19945316422493,171.6714017732946,420.89945238757963,170.89316959701756
115.769173377149,158.10872049582505,424.8529101664475,170.69066269054184
149.53912549799284,182.08784961982784,430.61403200320257,168.545545741563
135.65204153055083,177.13738597309373,430.7666732612397,169.23929747608224
154.52911979741685,176.62292260834315,429.89966565486463,170.2682242055834
169.56733260608243,172.3008868809774,427.5063998460383,169.68457572414667
170.75993732990403,166.78670904497167,425.1211903983951,171.5300729039895
175.55943295248187,162.55623319687194,424.703660988726,170.80956276470232
193.7893322048216,158.92732295400566,424.8942624514012,168.90478325859627
206.84661927609903,150.41815723106876,426.17371333401127,167.66043135436001
243.5708310053363,141.08047157649924,425.74527891419757,168.08080540383384
262.7688602608472,136.59965578384396,423.8646465401826,167.91358045489264
288.4194472186647,138.01451215682152,418.05755227594256,165.08386770893753
294.8367292260714,134.44274127756233,414.1876856542662,163.26271207431884
304.34903559851307,135.17707116564947,412.91601890630386,161.79405229814452
316.3521043197794,135.96171495026792,415.4056107674687,160.22476472890764
337.1029599242531,140.84044539567867,418.1016844397245,159.30686081432682
365.6886620542361,137.02371897880624,422.9627136802807,158.07853743371138
344.2725884117588,137.38520169279246,430.15734592416754,157.35557200573894
426.0507265367072,142.521212805986,437.5890213671781,156.08291565792587
436.04972772278154,143.56337068775852,444.8388204919952,153.99859989438085
455.6251183217716,139.69303919845228,451.4291752601488,152.5910356797666
485.2063619765172,135.45276064920802,456.7821340732989,151.85510047502063
512.5510453140358,134.7558883929729,457.76821669105834,153.24884498749086
377.527163214029,114.99472173492482,457.57150910467,155.49607874684196
487.38572254014036,142.82891876076917,462.42305235989903,155.9698501720162
600.6172886130564,136.64724947214344,452.95996900700163,158.89840401914006
535.7530135348209,164.68679987670572,451.74336449335465,158.93865521149473
647.7182002632978,135.03579075643032,442.5545409506041,162.22113869181857
272.29948702107936,147.2508676981455,433.6864727864738,165.58508827114068
304.12912216124295,145.35813127303265,425.21646000386875,169.37056112136636
336.1074617452825,129.88268694423004,416.1255700196058,172.88855518706342
330.36093624094656,128.90270161619947,409.4667598371993,174.84852584312463
355.89884715816936,122.87824501293294,403.46325980619014,177.8829746889704
366.7182364171732,121.561994533161,399.78667878068194,180.51547564851427
423.29762469289255,115.05642709049452,394.3163569701191,184.55257263877425
310.645820626816,108.9499030992765,395.49076228846064,187.80045250865783
558.1510215034685,-10.786182710359526,388.5832510631178,192.26012128113328
584.4046267113663,-11.789975333442612,381.15389233023484,194.26770652729945
592.8517379311871,-12.75951563101657,373.20114651895597,196.20678712244737
601.1609984456896,-13.464064498002372,365.4407167438956,197.61588485641897
614.1652523212977,-10.124480799834004,356.9682326735482,199.70472930051653
622.6951920914196,-10.914124675952678,348.5869593303206,201.28401705275388
635.9530032500954,-11.161320986141618,339.23404869187266,201.77840967313176
644.6063054767802,-11.081310691149469,330.3782987889572,201.61838908314746
666.0814459588119,-15.033207086228813,320.6933297898796,201.2058538820597
675.2364139188389,-14.273988698965837,310.54824998402296,199.68741710753375
696.3419743568708,-14.141887065015453,300.2877329887718,199.42321383963298
704.7587588082648,-13.244128655419232,291.2834483287366,197.62769702044054
713.8237579630811,-16.292230622755824,280.8174404604063,196.05991051381142
748.1205265263554,-11.905597124403087,272.06523585771754,194.76681008258842
752.9225892774824,-11.616544964882763,262.4611103554634,194.18870576354777
757.6495907562964,6.614412205045284,253.00710739783545,193.58286443361328
772.7898345991767,3.740655202491311,243.7786111583003,192.31304795664607
778.0303639812915,6.699305783036081,233.2975523940707,193.25136538588
772.5017531087119,16.053433990379403,224.22507197705022,194.67281113337313
790.5074535088531,20.712575044307982,214.5845182117329,198.5399525429986
777.063653205916,8.091307263537843,208.94876662742266,197.76380635239113
762.4895954199092,15.469123175655838,206.07529782084072,195.81680827959337
766.5762126721136,19.535760400944042,204.2305573818923,194.0120278944774
565.0665695730409,25.620672465704146,205.90452407354678,194.38424499953504
483.7616675314485,46.37468962540676,198.33042710773103,203.30107025020405
461.88213772811963,42.23528157736308,197.81599611068086,205.25510197433312
457.4122648750137,51.56293928831394,200.40843574377197,205.64170477179363
494.5319788888114,36.74437255370486,196.50694164165176,209.70140772265717
504.76917710572843,35.05817870649848,195.220959679026,213.07379541706993
515.9640189947314,41.11637049054359,192.11618136817432,220.24231731613386
527.0060684891446,37.78432749844765,189.5022536669581,226.90640330032574
544.7574830214659,31.464716834184316,186.75442175004446,232.9946251993066
542.9565283749287,31.56042551676441,183.7561447952864,239.40339408197894
546.861308716329,42.57809237848821,182.59609304646432,243.96609609444556
551.0989874527598,29.094592691543795,180.82084716153582,250.83276070453456
604.6339338253101,21.676862576298277,175.38051853467266,258.89291666047643
574.0971346190277,18.450831166799162,175.18873504510913,265.34497947947466
573.1978736022313,19.973817416690025,176.9872570787017,269.2001299716767
582.2605464135222,19.088350576687247,179.82878421640567,270.97106365168224
588.9392154634409,21.07559719539995,180.59713275263215,274.0594137322887
587.5146196048817,20.92162510159767,183.44632446975052,274.36735791989327
589.616218596102,20.680962155693038,186.4171579073423,274.84868381170253
591.8365541377927,20.063611186847197,189.20706550324257,276.0833857493942
597.406021391176,16.1638428555342,192.65894623804522,276.5875147912356
595.1174163866137,20.126151384909974,197.2361562471697,276.02299663606266
597.0772735524167,20.082439739768574,200.74347777191593,276.11041992634546
594.7351984912403,20.566746837640892,205.42762789426865,275.1418057306008
591.1397941647815,18.7678859273272,212.61843654718632,271.1914389858245
595.4729050732002,15.829295546001504,219.1623772816042,269.4635384728482
597.7846688630522,15.532053843766306,222.22354592895266,270.0580218773186
598.744727923657,20.953241982067652,228.04673838104623,266.95895617401914
607.1112662999019,21.9519534425435,234.68168622797333,264.96153325306744
607.895640276169,26.11087575604094,240.97772230445298,264.50847265508634
608.2615462296601,26.503259495608347,248.20416637724475,263.7237051759515
613.2344466258554,19.23033139273994,254.3802256520854,262.14770131445715
619.0732271587308,28.246158715635858,258.97080083773074,260.38418292006156
613.9195245625069,28.19271682826306,261.0993949599879,260.49106669480716
616.8932741926222,32.12282492183576,263.36591732130887,260.8448721292133
623.3875641718334,32.141439511003,266.8878656751891,260.8076429508788
618.7971449766195,23.44666851282105,267.75867648535086,261.5771297867109
625.5976303758686,24.14785415175905,270.82941537932965,260.1747585088349
623.5907640507107,24.50870784984332,274.8431480296455,259.45305111266634
632.323404606553,19.953061345968166,274.2043482848692,260.15110343696244
641.7387054615533,18.91248586268904,272.20238439155946,262.2322544035207
658.0870971975903,23.423945400824977,273.16931043792886,261.6252627068597
652.5912847457469,19.777112402804107,275.7394641040379,260.4974574653238
650.6329447537328,16.336780765438164,279.6561440880661,258.93429768564374
647.799814695002,18.292066205654777,285.3224042055276,255.02372680521052
644.478978067405,20.00396402178417,291.96407746072157,251.59993117295173
653.8539315125497,25.54868708791993,298.8766528258791,249.06464579249578
645.4405430483165,27.187274051763822,307.08335148752207,245.787471864808
637.2258697699159,29.297141635280354,314.8194587046109,241.56773669777493
629.0003698572184,31.233540480696618,322.52746037471724,237.6949390069424
626.0334493394046,32.97441942806029,328.46130141034484,234.21318111221507
623.9976436392022,29.88878741872503,332.5329128107497,231.55456029581933
582.7485614973341,31.21358628798039,335.40256527160534,228.9049625573086
593.9747904169637,32.52061137223018,339.4913482279685,226.29091238880903
579.5200453875965,33.92449522049024,341.80505730626084,223.4831446922889
561.6772028369726,34.93319376713788,342.0775836241995,221.46574759899363
652.8088420834506,57.021813792845805,345.1127858336827,221.4071934291109
638.8330737999495,48.02002897371801,346.45959935894484,221.67428103953984
611.7335670933712,47.59080040621157,347.301369042937,222.53273817455272
593.1903072015638,43.89449991565775,348.7085844282287,221.00551305607956
589.234360791751,44.65468512897908,347.7051282213668,219.4851426294369
589.6425121372617,45.46745613135738,346.88882553034534,217.8596006246803
595.3009182740618,42.52848852163831,344.4074680405936,214.90208106026984
596.13690999716,39.17021723330822,342.7354845943971,212.86982659605678
597.3765498004555,34.51312933014398,340.25620498780637,213.4942707362697
603.2234207435706,34.43779304191007,337.225633180075,213.64494331273752
609.2243658965155,26.324707036965293,333.8441230433482,212.63035498430128
615.175345909123,31.20465691371396,330.4949704031671,211.4232626158382
621.2911773243453,30.93451261302974,326.7457951526328,211.96355121720666
623.2238954490377,30.89558874192504,322.88035890324795,212.04139895941606
628.6817055917389,30.843128357346714,320.3433717125136,212.1463197285727
630.4195569066279,30.88668654000101,316.8676690827355,212.05920336326412
632.8610148424831,21.768505694411004,311.9847532110253,213.71841684024923
647.2657011094293,23.13734877109829,307.903038786961,210.98073068687467
460.8055407025968,-7.899642745957564,314.7176759591429,207.96925885138936
498.58096269113344,-2.6125905869984933,321.0494521554761,205.58341655081185
655.0919791045719,18.869008418111264,313.03488780924556,203.83744401094998
650.0886829149275,28.236688588896314,306.8531169853354,201.29044687257883
647.0362628695283,38.09599833070702,304.99898216059256,197.48977722004005
655.4462217588235,44.37025908911488,303.91466249796537,192.80905476120597
655.2622923179831,27.40188299721021,304.282521379646,187.8790767980087
651.6152975559712,36.62590424420269,303.88032049366836,184.8234151240267
645.0615216152509,11.243957420230629,301.7102459330484,182.11561622475756
534.891415068458,10.833144706995782,302.78470702529694,182.93724165122725
590.0760924976407,11.099689442214583,306.276304945161,182.40415218078965
677.3633689528735,52.86636820221972,299.6430421429668,182.84143971491517
684.7099476074419,52.56088589309235,292.4921993288985,183.4524043331699
687.7498879825936,64.34655330283015,286.41231857859526,182.21862728960392
681.2731744355644,50.49496797231063,284.697204321359,180.58471524805412
563.829849071636,13.300044403008854,286.58318996023786,182.161854546352
555.1116840758177,12.696808318524447,289.34776389663284,183.36832671532082
557.3836391311452,4.901603736224388,292.2012825468104,184.16387835825574
559.3330640580554,4.14822521147083,295.7558571543645,185.67063540776286
561.3516526821103,3.5156481133889628,299.25048411115284,186.9357896039266
567.3318148148958,-0.453882790785201,302.5006207279432,187.26962097109424
554.0031073359186,3.361592806296798,306.1799464831686,187.29803284450662
546.4857947506505,6.085736143054717,305.7851236221128,189.56447018678668
561.9299558999946,5.274371390169975,305.88447208798226,191.18719969255616
573.48993193143,4.066296193477058,306.0914025914004,193.603350085942
580.5527279087275,0.44027323257942896,307.60421505799275,193.03619379714337
584.5902265610657,-7.405373726417551,307.3615382424474,193.06284673687526
628.5428135835787,0.22872312513111126,305.57690543174624,193.45293325820057
630.9697517216894,-1.0944416662991046,300.7230291555247,196.099262841061
632.3799936979922,-1.3248896693071543,297.9025452029191,196.5601588470771
625.5497069794385,-1.9432001915540127,296.07147994384354,197.79677989157082
634.0062771257309,4.760631439229911,294.63606322399005,199.86684020273424
