235.0,233.0,58.0,98.0
226.71582035111584,238.9279320382129,59.94984243038155,100.76265279096098
225.00009507425042,243.33772072756148,60.87087277588119,104.49517645341975
230.8745157821907,250.77797227930472,62.02921257294749,107.68472704805882
234.41358398405973,255.15187672290762,62.89619502836278,109.53040997305746
240.92259193582618,256.8093513322825,63.3303644831092,111.59633489761926
244.74558735264736,256.4532427606825,63.86960208662218,115.03696151987113
244.0300925762412,257.5329623080187,65.30059163943451,118.45446350140854
243.28185909665183,258.91027143296725,66.79705859861329,121.42655247840503
247.31072004839953,258.22666715547945,67.53765761804907,122.79376103338068
253.37645374686832,258.40864844161104,67.26858595307786,125.39539739410907
260.922060778655,252.84617348922302,67.17416385164564,127.5222721216004
257.92104784326955,253.2723933297592,67.11810981131384,129.69887239607945
245.92325061337766,254.22102745017946,66.63323083014973,130.86166333535743
231.98098477174779,255.47877654045777,66.89890394845837,131.4149272175731
216.48689516074575,254.59362355360372,67.07248845069667,133.18523319128124
203.90584955280744,249.1731100965048,67.35135631614077,134.69505134906683
191.0319413907359,243.79619478808098,68.00047956896697,136.03687206417067
176.4391607249301,237.599832675919,68.67212496331004,135.75674476081974
164.5891593267781,236.8344156460366,70.14207722848992,134.11185731613824
153.76220475876985,241.6540272937558,69.55758451355877,137.18029222124133
152.6240208263527,248.16179805305035,68.62207419653211,140.22414161195675
191.59665411428622,247.03206126050094,68.44239224707327,139.24338250428858
203.10066945798485,249.6190083546653,67.99381717969297,137.292267690248
204.7659993894984,252.64190137705575,67.84962693822607,134.43295126702725
203.40759793003681,254.38488228708607,67.42431645987567,134.08910284424013
196.9634845959801,250.62680907055727,67.79364298343026,132.21607416887855
187.43923545820104,255.0981003154227,68.190276973473,132.59942382190536
179.82898899296092,252.2829329455261,67.80523955984965,131.9875464240571
170.1864703789485,254.89917463738365,68.45733165023785,129.86055389661482
161.62234408179197,254.2900768095805,70.15826031010329,127.99328476533162
152.272813048305,255.0702381211036,70.33479030384947,126.43296214228545
147.11894665641714,254.61351234149186,71.44134334624455,124.27935378771545
140.4621037225303,249.0306519364817,72.5390015379169,123.22904692163449
131.1327966989249,248.40100346330522,72.85552350582654,121.43132852143724
123.70687821947746,246.70554080666895,72.52919099469779,118.75098604670035
119.23197707714945,247.01109668359877,72.50833709907698,118.13987429284073
107.64009125797105,248.0874860696114,71.84605486183438,118.96785225526541
97.3315602897458,248.40415993994796,71.58947839519368,118.33450451459231
83.51891733767124,250.90187403360366,72.50101293504373,116.30727092331409
71.31442499548109,251.7372987363026,73.28372742679842,114.6364215179162
67.06198195298623,245.92221732841364,72.96439914890277,114.5009651831804
55.41339007832308,239.88748732101453,72.7892793612168,114.83427342947246
48.93343979376532,238.21691886053054,74.00479643385532,115.23931447632114
39.98747201381917,235.1822676528638,74.12183294139376,115.38365054087
38.2455200272378,234.7253698896221,74.63913655696243,116.2974460673534
35.8929316850623,235.18050641740228,73.36645300817894,115.38717301179307
38.113502593432095,235.22129024392007,71.87933700165003,115.30560535875748
46.98548903429864,228.61702300028256,71.70273426527626,116.80255974912626
59.01629422370719,226.89429358881475,71.21928694283156,117.30074819001534
81.58021952498396,224.78214266279716,73.2364391530594,115.63192469045288
93.83423101490854,223.39907147970467,72.3725136612029,115.44255487063882
106.10358581013438,222.96622851379698,71.33948882214203,116.30824080245416
116.41431252685177,221.70005101290855,71.25457972974647,115.90680375551122
125.62493978488062,219.97663421974733,73.31797016087691,116.4272594922353
135.53123126212807,219.8773934436716,74.28678591017008,116.62574104438676
146.4362834771895,218.85369526625385,73.39237283276856,118.67313739922221
160.28385178980642,218.58416801216714,72.72932946969931,122.21575782541387
174.32265958809973,218.8110988905778,72.05826692539515,124.80706862995723
186.18773470238128,221.12900118707017,72.90646294691446,126.31585059949307
197.76467558418665,224.40631375928865,74.62494520617841,125.97931646077473
212.6950837804223,226.11746926102379,76.09549028031265,125.69014160396506
234.4609644479498,227.94387439683672,76.71469569809013,125.19097181468436
246.98077121042434,234.071814840693,76.92806256325755,125.56158112202995
260.3703113949234,237.83023986115472,75.47487256277822,124.37620367323619
272.73870468592867,239.6537237072182,72.6034111689128,123.85285386512999
280.0290789773534,241.87799349248627,70.29213779817465,122.47168309762161
291.3976558203898,247.5069927351261,71.61672771146549,120.23683846210332
301.51748366096996,248.7875967768813,72.35581318373082,117.67563037859296
312.62057755468646,252.00367119292275,73.91977840803271,114.21475067297686
315.727979586389,251.39805257175072,70.65068477736177,115.4259879153209
320.5666821337049,246.6413535058878,69.70044446834197,116.21222126143478
323.1959081706732,245.29665778007117,67.34675438858442,115.996850718889
338.8013814682984,244.441445160306,67.61534486499488,114.84549986099567
350.25362488712375,253.0558221891843,67.50470934354242,114.71213429038778
358.6601029478269,258.13092027609815,67.76403098439668,115.94345662473367
360.3200384158604,261.0140693677726,67.31221023668401,118.78130900644767
361.0908219488789,266.84711922247214,65.77064317064702,121.62745628428608
362.1078889381903,268.59047422766673,63.73650919202413,123.97713346967625
372.10868226637035,268.46600346802234,61.24182169220688,124.22607498896502
384.917274016683,261.59233396693827,61.529712114303045,123.58170625628797
396.1313757220288,255.99985309586967,62.092728521171736,123.271058089645
407.9901518100129,251.22580516641383,61.40792187216074,124.18187437594777
411.55644001912697,240.9171972553607,62.91706782565356,124.63507133070507
417.4691526387573,233.51915097871148,65.6582582274043,124.86454824299207
422.96987637205007,232.74425087553087,69.47640992899008,123.45042861571908
427.89733735324563,236.47918626819742,71.65487469318505,121.99725119367902
437.76175870498594,238.55579583384807,73.09240745711597,120.86779998629362
448.04729784424467,243.98705807322514,73.73999482499006,119.09898935599296
450.5516452479989,233.72226995886473,74.76281780891365,118.5182533147016
458.52380985821276,233.7305105817594,73.9396615723378,121.52600666568266
464.54624365529224,232.9305818210923,74.11603145725981,123.12586418701686
466.1594560375885,230.63143532413235,73.97171309375764,124.64205077984644
470.5417532786186,231.8701987036953,74.51379230089465,125.26674858378628
473.7525077303535,234.42899542090322,74.33361581853404,123.26982135992502
477.34953808316135,233.58980000688237,73.31538859275963,124.9482121879667
485.85419929482345,235.04159204003332,71.7844602229303,125.14030693236373
493.8625758615226,235.4727471486974,71.1306467969136,124.27799671503558
499.52299554611835,238.50197239991422,72.00466291576036,121.26826008461146
502.41057088580726,242.40450699555475,72.26720952865168,119.5008881855994
512.1901414022096,244.39225524607224,70.68995489954995,118.52237275184828
518.4628583151518,246.1156179844366,69.96781253110416,118.03147013947921
530.4049449177522,245.35478151743501,69.57428115735615,119.5531430734824
537.2944121449177,242.72229098668845,67.60443184563246,121.86585284932366
542.057487992292,237.31689720234579,66.9373873022979,123.81753326659484
550.0181577851416,234.5268129392501,65.8682453112187,123.45682275493816
564.5007575987665,227.25510773212113,66.37117289041728,120.3193568453271
569.6611504194694,230.06714173058822,67.68702146043044,117.60444740124773
578.7279953925806,276.7880507364153,72.68439393058571,113.79549625305613
575.3371037834808,278.39088310333113,73.62858610759176,113.50862703982139
567.3056408196373,280.31883847823065,75.04018552472775,112.5829815921324
593.597169687736,279.21574155467874,75.37479806727092,111.8493048681951
591.247190663714,275.1235155227472,74.2059765100581,114.16497732680133
591.9398927598525,243.91328650989666,72.82057231778117,117.59066445372088
603.4560154609575,237.25232768778108,73.61079595628323,119.00134757759596
606.6659975051043,237.7515017807474,73.21509613657656,121.01513152595682
614.0976112342258,231.69615461391584,73.52936246891825,124.01932958526905
615.3856492196462,226.4421777295946,74.03878270158583,128.3562909468945
621.4272475535041,224.83727780172438,74.5895780201367,131.56609080263487
622.8308114054098,222.45531353376367,74.9978489352207,133.11462071966116
626.4638795030545,220.1030251160189,74.22222606376299,134.57394089323486
632.0318774956063,221.11043286389224,72.84705402409227,135.8127333792992
640.5848270908735,219.65378851302512,71.98296819415263,138.72602208103342
642.294892415086,220.3937681276786,71.83920858282553,140.5224338888242
643.0070196965653,220.17808132399279,70.41495401986677,140.95380749619582
646.8565877777922,221.3966146580048,69.27976822942402,141.79871601417733
652.875572725196,223.10531594191275,70.34043152044347,141.65597174281808
661.5966978857508,225.0700155809082,72.64395172746104,141.01753421951506
661.7752377783142,228.20975547739522,72.28687194233407,141.38084918355128
660.5102953257407,229.6917591573607,71.49618439559275,141.7374142755087
700.6116142781242,250.27781980259851,74.09726479033196,136.9989290368159
743.5047013931462,247.9393134224195,77.06674283879484,135.10144903580306
723.8292324880488,173.3306833015347,80.00949360725616,132.0662907394142
720.4303576927181,178.3801642324653,80.17818901373215,131.91091015383097
718.7158228402408,183.86108116805056,80.29220579474428,130.89423505448843
719.4314857724079,185.99342838303156,78.8608799304099,129.93135762814626
720.7484852398302,187.8021623733725,76.22688099556547,129.57727355219816
725.8948552319259,189.84635171961753,75.57515297256651,128.702565513439
735.1719008985852,187.781188943281,76.15900364242027,126.45357706505459
745.3334316547091,188.7038045107517,74.83240933456722,127.77442379751234
754.9618748124782,183.67495380232293,74.55537911146989,128.34219716814957
764.5040376946357,181.5954423385895,74.47332376304394,129.33417502630158
771.770757065404,174.67902060422136,75.84170659241431,127.26519692413076
775.2463320108819,177.63631728195844,75.23615914619239,127.69620601339048
776.2536261268816,167.7290296889669,73.22157091419317,128.49691875264932
778.8702538976846,169.2608282759,71.13502695786656,128.58003316406254
776.6770745606752,171.93441668216502,69.29653932310133,129.45770266031644
851.5703451249012,230.77978928727902,68.01880352636147,132.43036178210446
883.8103008258283,229.32854522439987,68.96795696991548,135.3328499078627
840.8726979387447,236.59550656229032,69.12855560689678,136.67200262785707
