192.0,324.0,17.0,42.0
191.25391346484648,324.1977108408596,17.58413141428059,41.60457831828078
190.56414539233742,324.30774246323836,18.050952914176357,41.38451507352328
190.40154322445275,324.32522550440365,18.37615724994573,41.349548991192755
190.22890683309672,324.3989342544744,18.721430032657814,41.20213149105123
190.09873716904926,324.406369158592,18.981769360752725,41.18726168281598
190.07339472851862,324.33084882381036,19.032454241813966,41.33830235237924
189.9872707659223,324.2426349068968,19.20470216700665,41.514730186206464
190.39323219272902,324.2156937039423,19.332715863720633,41.568612592115386
190.3826433509335,324.07494904741003,19.35389354731163,41.850101905179905
190.32440111600633,324.5076553786629,19.470378017165988,41.932114849114726
190.23626470544113,324.90341298628414,19.64665083829643,42.0912557079856
189.71392917330274,324.74690261183457,19.735268646627325,42.40427645688476
189.16509623907166,324.70953212309547,19.870775916391494,42.479017434363
189.05507524108492,324.7890085892801,20.090817912364965,42.32006450199364
188.9280696458055,324.67285573523725,20.34482910292383,42.55237021007945
187.41109814000802,325.02008297785864,20.453922328589464,42.83286565347972
187.40401562252123,325.0150716775762,20.46808736356301,42.842888254044674
187.01137287809644,324.9269227715207,20.272039010718032,43.01918606615566
187.07498557575718,324.4956364578083,20.144813615396515,42.90127191144112
186.6420611777981,324.4981132745662,20.034113683334613,42.89631827792529
186.32258319533474,324.4757596796998,19.69852613824716,42.94102546765807
185.5722755304665,324.53317692389044,19.260492913324242,42.82619097927682
185.665950166641,324.5566129816553,19.073143640975218,42.779318863747136
185.25506634683666,324.584508958049,18.938909594911667,42.72352691095964
185.28548523827317,324.14069572833347,18.878071812038613,42.658322102385085
185.29437416290986,324.59589559288156,18.860293962765237,42.698737432963696
185.3514844994312,324.5941463355932,18.746073289722553,42.70223594754029
184.96022500386735,324.546028604494,18.579465297732817,42.79847140973883
185.0083301383417,324.5354023801132,18.48325502878415,42.81972385850026
185.0882340192498,324.58181060914023,18.323447266967964,42.72690740044629
184.74166078401933,324.5006156347409,18.074568714011527,42.88929734924503
184.82084036924525,324.496774513567,17.91620954355971,42.89697959159274
184.87353764425686,324.4974684053695,17.810814993536486,42.89559180798774
184.44632169191723,324.3764212599673,17.729867340400386,43.137686098792216
184.3812775597939,324.34500072328,17.8599556046471,43.20052717216669
184.3057718747594,324.2914660608554,18.010966974716123,43.30759649701595
183.8098564868665,324.2960653042465,18.057917650773966,43.29839801023377
183.7891875391306,324.42501833571976,18.099255546245725,43.04049194728729
183.79139996358563,324.5279310303595,18.094830697335702,42.83466655800769
183.23353435411104,324.6719451865573,18.271024700697154,42.5466382456122
182.27686118589992,324.7092261471418,18.307390183478205,42.47207632444316
181.7982736693137,324.7784035795635,18.3265110750629,42.33372145959981
181.29900547461176,324.8020530601657,18.388658166423706,42.28642249839544
181.1813550689218,324.92264567053115,18.623958977803625,42.045237277664484
180.11982906817556,325.49107529226706,18.872105531790645,41.8458307579453
179.42774837845045,325.1884407907888,19.317346112001893,41.51217896166295
177.4728508133182,326.2417631104236,19.45966519665478,41.28927234519904
177.33395640858552,326.3294834148909,19.73745400612014,41.113831736264544
176.33306765856162,326.3753438963273,19.852451290455814,41.02211077339166
175.76657024982694,326.42043119492786,20.041394808182197,40.931936176190526
172.49500980777077,325.97504183708014,19.962407082249563,40.876699376165384
172.56271495612847,326.09806154008214,19.82699678553417,40.630659970161375
172.69249115488591,326.3890018730201,19.56744438801927,40.048779304285446
171.4183352903165,327.0018046313955,19.341106442883767,39.74805701229275
170.12858101275518,327.631017867084,19.170936319704616,39.406190100349654
169.75603878255794,327.7387968647082,19.007410761528014,39.19063210510128
168.88866967342574,328.2677171893505,18.936907518755127,39.035412186335314
168.03554682798912,327.9064721165082,18.844895600734187,38.85877352757284
167.21650871868226,328.10170829908185,18.693071147770645,38.46830116242551
165.89089099587542,329.06277034185354,18.684477687312206,38.319396347596935
165.6100781204258,329.1565750849852,18.361818284854152,38.13178686133356
163.94088725509758,328.7567063216006,18.19644766689317,38.055586300948455
163.6011364973869,328.3878704536925,18.004000860849985,37.921309715300076
163.1782108962346,328.55278758345554,17.983214329005335,37.591475455773995
162.7177304286782,329.14967235618474,18.042709695420566,37.259171479013126
161.89079433053232,329.5166995794496,17.981280750398493,37.38276760314038
159.66654349510736,330.0294315781712,18.137849046973997,37.215690280551975
160.04687603075143,330.067095591504,18.235852279159936,37.14036225388634
159.5763270269741,330.73887104259273,18.31768192375872,36.6560797146648
158.24905685998425,330.89002719630844,18.41141789652421,36.35376740723342
158.26988706001288,331.044003498538,18.36975749646697,36.04581480277422
157.37954778045577,331.30309766463165,18.459316329516042,35.52762647058694
156.9729671053019,331.73418538891156,18.432979353042825,35.50494934880811
155.6636986418739,331.70375470988034,18.535380294391402,35.56581070687045
153.41134758177265,331.31670752876465,18.83324259627065,35.49853710543718
153.50309107475977,329.8177635483129,18.64975561029639,35.95993663349023
153.1507337538284,330.86004227413446,18.505344937475524,36.422755125897815
152.92458093032087,330.6282376220959,18.104223829568383,36.88636442997484
152.24596463789007,330.52312945982436,17.754912468448573,37.09658075451795
151.4420179979452,329.0606872772032,17.662262961680987,37.47065093977414
151.41600569214575,329.69658622699785,17.714287573279897,37.052963485565996
151.04908480206478,330.3658805856378,17.599201527898927,36.563302593829036
150.34275143516308,330.2972522856358,17.332307643055056,36.70055919383298
150.25562650523685,330.9741835646001,17.506557502907505,36.1838298191051
150.2978675615714,332.3520174391345,17.42207539023843,35.92605146812551
150.23367843018482,332.42966518189377,17.550453653011594,34.94335864056664
148.9790709411036,332.1005665219129,17.613915257732437,33.97105371156732
151.27946919237692,332.8636934888003,17.825638878706513,33.246886465045975
150.90272989559367,333.54132364385697,17.784044741350275,32.6866988858554
150.54250832646525,333.0122221388067,17.718382854604556,32.17269184595085
150.64332016039162,335.083745386959,17.516759186751806,31.916640740437675
150.77739035305203,335.2909985971518,17.248618801431007,31.50213432005191
151.01216472094427,335.41848093249376,16.77907006564651,31.24716964936802
150.85456085693505,335.6823835197492,16.34658815362488,31.4670541148973
149.64040214044797,335.5874066644445,15.800911781315458,31.65700782550679
149.8340159925211,335.1727147806019,15.413684077169181,31.74952502958587
149.98386519266347,334.7394579374,15.113985676884472,31.88453403005328
149.7685337458348,333.9548519633983,14.816389706836429,31.99722825064586
149.85259086731773,334.31248161901965,14.648275463870544,32.00667266651902
149.92822645589374,334.4134354566847,14.497004286718525,31.804764991188854
149.9292653875068,335.7595278838629,14.494926423492425,31.261518785306237
150.3087029530683,334.85060612800066,14.444427897128888,30.954232482752523
150.61950676292523,335.11494010827226,14.525841569182965,30.425564522209402
150.63255282149245,334.8768327880623,14.499749452048514,30.20504157451834
152.42153668186137,334.8679067645155,14.387112973565925,30.22289362161183
150.75098458074194,335.1395583210016,14.271390011049931,30.37095594159078
151.48259639218375,334.8844378435986,14.19117714424663,30.189691518356554
151.21124997012654,334.82650873458715,14.04640511990148,30.305549736379454
149.63728121157456,335.0440219811606,13.761230275720918,30.557145715489494
149.76498503802804,334.7970183389956,13.5058226228139,31.051152999819465
150.1859294602693,333.20551612077355,13.3518838660834,31.482357085255607
150.64996692648373,332.7376053130679,13.115276761312163,32.418178700666935
151.05038552431446,332.5614775669755,13.015208398544196,33.4712030257451
151.0346327251994,332.90053536118427,13.04671399677429,34.2213477783621
151.07663344040722,332.0036635172779,12.962712566358695,35.28962520776547
151.44398124515098,332.87765114346035,12.967280169971778,36.49870280780314
151.77894707319751,332.2566165912202,13.053983907747773,37.74077191228341
151.5961274712751,331.78275002121956,13.419623111592564,38.68850505228481
151.48149473497188,330.839353402755,13.648888584199009,39.779184608715084
151.2870374940213,330.8336839813925,14.037803066100194,40.60636586116397
151.15901643300845,330.3569005867703,14.293845188125864,41.5599326504084
150.89658298818733,330.74774573026525,14.818712077768094,41.6312253880388
150.66468375450802,330.59827243040036,15.282510545126748,41.93017198776863
150.87003592100385,330.36866429353995,15.748020596134904,42.38938826148939
151.11007763188755,330.5780201846349,16.159130742453165,42.86187004738519
150.70136453328004,330.0737759165896,16.976556939668168,42.96498790462303
150.78695185394784,329.5745902650927,17.726896384296804,43.041845121652585
150.8184563202069,330.1912173874221,18.59988615226889,42.744589577483865
161.87421901400512,330.1233836529207,19.220272717598604,42.88025704648668
161.53372583821925,329.5005610351453,19.901259069170326,43.16584990855535
160.7460487351697,329.2134737765314,20.500470309124957,43.74002442578332
160.49384685492169,328.71142790056,21.004874069620996,44.74411617772604
160.31942393843832,328.3093072603487,21.353719902587738,45.54835745814862
152.47705738125902,330.44641709885104,21.495320343923403,46.455182005484986
149.8978678519213,329.916176403642,21.39428001276516,47.51566339590303
153.71572551583262,329.357572627169,22.282773717410965,47.56734481979045
153.87000736322747,328.70379818426363,23.056044962114363,47.79305876610822
153.65811308784876,327.59693109639403,23.479833512871757,48.90819243811509
153.32307259314956,327.3430863569182,24.14991450227017,49.41588191706676
153.04822502219537,328.3898256756869,24.699609644178572,49.60501710431622
152.96467547891808,329.92829987424767,24.866708730733116,49.98887445136518
152.39558786567008,329.204809043778,24.84277125672319,50.27374341179864
152.3012976903172,329.3189630738152,25.03135160742895,50.04543535172426
152.39976570358814,329.0767342640417,24.834415580887097,50.529892971271195
152.8742350669642,332.4005556486644,25.054943381901943,49.72958284086044
153.36338049737006,330.7023426101033,25.238225008176826,49.6412914567227
165.98106861889744,328.87557277130173,25.598624141403633,48.64105379318371
163.7442925049354,330.1277870754736,25.45231848008473,48.4465541294616
155.27424369086543,333.85817574158517,25.148548693010845,49.032914924338066
155.74190495207097,333.8383059923978,25.366200828950298,49.072654422712844
155.74161883501978,333.1467866536997,25.36677306305269,49.298384827964895
156.2650029948159,333.6052354901696,25.48063629854795,49.54211871011252
158.12996666214818,332.5143735760466,25.249221098717545,50.557671826747196
158.32295040513677,328.50801034429395,24.863253612740397,51.50804258483019
158.49774305107516,329.3154527877431,24.513668320863573,52.26167183094211
157.88637038091292,329.2596174256664,24.547258443817174,52.37334255509538
157.93635562084157,333.98206069157806,24.447287963959855,51.26803274230517
156.14625293421958,333.79597145576815,24.50694542140149,50.466695241990976
159.69477280738073,335.2862064019936,24.387056893292055,49.811942422277774
159.7897440878734,336.57013094298657,24.197114332306718,49.54651485215575
157.66005724838487,330.7014610800657,25.024382629182774,48.69946817696033
154.17705730536085,329.6623608541128,26.260674497937288,47.33984381848991
163.67286820031185,339.71667508262567,25.622936396986113,47.8793345115339
164.0740856926767,338.7432926832156,24.820501412256434,48.681926299901676
164.88113937463189,338.9749599233122,24.348562303979772,49.360760075342135
165.6828942088855,341.2624844355031,23.88899962633663,49.361499014416566
167.01074822400543,340.76561428168066,23.505252517966735,49.21925886112649
168.84640668771888,338.4005553510781,23.215620228538615,50.567692084332876
168.85670160561938,338.4596918915593,23.19503039273763,51.591226572667466
169.53226626438956,339.28510969027957,23.000218262666458,52.25302535016539
169.68607761061324,337.7670914549929,22.692595570219098,52.96408077721328
170.90347842545088,339.0032317603557,22.59250894195085,52.82651516789474
171.57542273486078,339.21210355304515,22.412218213612128,53.5723694729968
172.25357891184677,340.42251539913434,22.22708928167186,53.49391262488189
174.1100704697575,341.0771818949166,22.014401508628673,53.35134474757679
173.99797676016505,341.0465613358614,22.238588927813588,54.573515399538934
174.94945965361117,340.51451942288,22.7007053785848,55.637599225501646
175.39731172110334,340.0370113997978,23.01110721115799,56.59261527166611
176.44699072025668,340.4907300760631,23.36254431634596,56.9105754708829
176.22215369112138,340.59008590729206,23.812218374616567,56.711863808424894
176.75763391224024,340.3338875157382,23.982611550664362,57.224260591532705
177.39625044012953,340.23706610176464,23.957154271204963,57.41790341947973
178.73204574324646,340.1466858715493,23.793804324610356,57.59866387991046
179.26952457568714,340.871887890982,23.97267499633799,57.40208817765419
179.06478103247454,341.7858911016033,24.38216208276323,58.0824165592991
179.5998146367469,341.7435923054051,24.583350260819422,58.16701415169541
180.90602598430252,340.936760669911,24.523013959051397,58.50463422601203
181.52335042155931,341.0658686976502,24.568216307964853,59.52626939396062
182.0244920066284,340.1067453743438,24.861333524948854,60.149115653451354
183.20768949273915,342.40979201578966,25.114129179872414,60.78140362484963
183.07796218717365,342.5487628711226,25.373583791003398,60.50346191418371
183.57172554420865,342.51553144749624,25.709860611762217,60.569924761436525
184.6320860300468,342.9644764542161,26.25058405049937,61.002756953203466
185.98697425026114,342.786930453065,26.233899124360505,61.35784895550573
186.005455667968,342.77747287979093,26.196936288946812,61.3767641020538
186.71172422636974,342.72791113925405,26.13540662468295,61.47588758312763
188.91019896910544,343.3296249789742,25.792512906106303,61.623811825985555
190.12169585505703,343.1533738201434,26.064346162345696,61.9763141436472
190.57264603398306,343.91609036087846,26.519770868787838,61.80820612647115
191.1257759966786,344.94442411414116,26.776467643067882,62.477452019288094
191.63172793786927,344.10438032653565,27.14173988411983,62.78036347106577
192.26185540194953,345.07997200049675,27.269498334612813,63.60520688045062
192.86818507627598,344.3480612395881,27.459045436483002,63.66682195174482
192.78458755540663,344.8119415112576,27.626240478221703,64.14550900594314
193.3823339610663,344.81997386844955,27.847076256050027,65.545772880707
194.07695097239096,345.75352881232584,27.89832891568829,66.55963635752961
194.75840464426165,345.5671667476389,27.99146595026771,66.93236048690352
197.6339314199568,346.9506299622166,28.092728233613897,67.0915919751163
197.82061869607432,347.37295882316994,27.719353681378866,67.71410888284356
198.5780759168363,346.4069080681837,27.67396354526595,68.17668608740502
199.35973840667148,346.41309171713107,27.586022327580785,68.16431878951028
201.03861021023704,346.2771505089608,27.175556080096072,68.43620120585085
202.62031423210894,346.44043447584704,26.952605012989522,69.57986176039694
203.34503127813312,347.8005227945797,26.98585008401955,69.82504344908843
204.73717794980277,348.5933477603416,27.17515040311593,69.72619034878247
204.47202837377782,348.56119969434707,27.705449555165835,69.79048648077152
205.2144873633309,349.2059474210373,27.719713568093763,70.00017301942512
206.03463009587068,349.11933245405805,27.581881666804367,70.17340295338363
206.77427144648678,349.4329284992742,27.605078883854468,71.04869078123366
207.53156720439554,349.50089019992936,27.605962702169712,72.42824271405613
208.11908901468155,353.11192206752787,27.966217525676683,72.88267119925402
208.80168935466148,352.85069614706146,28.14930756218439,73.40512304018681
209.49403627365575,352.0991099698658,28.323691125319286,73.34921799345467
210.07867951327836,352.7056614577464,28.715808740763265,73.69751911238262
212.18972303590374,353.51591935187173,29.21403121296259,73.65043982994868
213.75366289461948,352.20895179937565,29.249499596417984,74.6827008844974
214.606343031343,351.91501218505704,29.14129240676985,75.27058011313466
217.16446990954398,351.0510799041589,28.83602366105994,76.99844467493097
218.54630571557163,351.05430863237274,29.318285323232598,78.61495385561724
220.14263971119433,354.26043174719996,29.435259200089995,78.82199136216846
219.66883216226068,356.2069201706226,30.382874297957287,78.24880563121384
220.23656576572077,357.43358864067716,30.916108148359157,77.46416974842666
220.98783060492454,357.6479369015026,31.080535992225705,77.03547322677585
222.5604713392557,356.63925755963686,31.262692076693963,77.38911313394199
224.1959319204407,357.8109352854962,31.335890983513373,78.3898777514128
224.78695876547047,358.4227929312192,31.84161378163609,78.85393894814916
228.07620252890345,359.6124473668622,32.0770476525576,79.88159077575679
228.81020939540778,360.3043599256189,32.33151283983526,80.22024457852976
231.3526554957147,360.07350067952245,32.44230385269127,80.68196307072266
232.88323530030235,360.1882618378595,32.86218362180081,80.45244075404851
235.5182758134212,359.50137303886567,32.82618453612048,81.82621835203621
237.20018606581021,360.01909237143974,32.99005281685603,82.55462407964485
239.86816331175035,359.83577875826796,32.985864025824576,82.92125130598849
241.62390276481267,361.22948282664396,33.03929893167171,83.69875698120828
243.14575774999975,361.7619762288766,33.58478314137105,84.42836726677965
244.75343779522956,361.6626956310795,33.999108411593404,84.626928462374
246.24875822365036,362.335114462507,34.65866186339048,85.10718795383818
248.7959381405208,361.87747576169573,35.0956141688602,86.0224653554608
250.66240519894723,363.45109300714995,35.09216545051473,86.60471626305964
252.58760788477116,364.8950238464002,34.98790468376867,87.46299918946104
254.4022776898201,365.37038223715695,35.12571211573473,88.39585592897944
260.6224506554379,365.866542451221,35.98158674106922,89.30299558036145
260.37555717599963,366.86508797302514,36.47537369994575,89.23369988839218
261.32998022770494,367.77105733988856,36.50212089198507,89.35735445011525
263.5226730796607,367.9237271820248,35.9924391419498,89.0520147658429
266.25292005565575,368.3562485197773,36.30506640726372,90.11134582943919
268.98204894734687,366.72318537076814,36.68242594037301,91.43226635529368
273.82098865550313,369.23716023261414,36.859338283040685,92.31719168698973
277.6366220065975,369.056841355879,37.17549195217932,92.67782944046004
279.6266976180676,370.82170802464054,37.19072000716324,93.14347538086113
280.5073537737176,371.0893008653703,37.43407240162951,92.6082896994015
286.330932466023,372.1844176516574,37.7947123636651,92.41935568460181
288.31113734392324,373.09045137861784,37.8443019642932,92.6122879088952
292.5096280241685,371.0435655127896,37.48197522933818,94.69739598416778
296.4211371586034,372.8811113697702,37.78786690960595,95.08675924477535
302.5609862438978,372.2330627954276,37.767943172384236,96.38285639346071
308.3034296881559,372.4996912528054,38.65253466364524,97.91117920866796
307.9314003023423,373.01141849058286,39.39659343527247,98.98710633598023
313.0541883833006,373.6586123029154,39.7918081742513,99.82087689149418
319.2494966940702,373.49738303623053,40.28448531854785,100.14333542486389
320.2490175776927,373.3562425216402,40.44609426828514,100.42561645404467
326.5563726980742,371.69979333216423,40.83697296726327,101.57091667637299
333.948288768244,372.4253033902884,41.39058236480623,102.31095963696504
336.2416511033192,373.3839207375354,41.227043280907935,102.60531773559708
341.7252671115664,374.15882904392976,41.324393471946905,103.268417564315
344.9094949660322,375.1777450824163,41.62853944327183,103.45478604742729
351.29316493004853,375.2929079748172,42.255062829055646,103.22446026262563
354.3822113142912,377.375362158514,42.797427935228356,103.53985714500406
361.9779032827794,374.48601835069155,43.3864620823834,102.55550843887835
365.7148996876801,377.9061881359381,42.66421317245738,104.71749406821894
373.7125887475009,377.32472405800087,42.55154300118953,105.88042222409341
379.28666641184196,378.2230030928992,42.821908262608645,106.36756827231702
386.1418393200836,379.70569094092264,42.88481220672748,107.99327582980428
390.6523435613243,383.66949590705804,43.14406819178112,109.34593036506848
396.22011998043854,385.0543383866267,43.72930664443829,108.92040366410836
403.0129402797171,384.7287864565776,44.23459696447327,107.22301903777452
406.13757499856047,385.4660667399801,44.984396879310665,108.0814815884777
413.99703264250013,385.0772174186952,45.776590650173034,108.85918023104733
421.6400383496216,384.62744198105645,47.17867131630481,109.758731106325
429.8670753428053,384.04145595395363,47.67743795941461,110.93070316053058
432.3283132382511,384.7468647018843,47.65017371428355,111.96749143754954
441.93140444108803,388.13666496128747,48.14094304332132,112.57424781926005
450.4407949276488,388.8141345273534,48.479190128883985,113.69888412408298
457.6386182612823,388.49973556520916,49.0944802090219,114.3276820483715
466.06518326131567,385.012159274035,49.893938652405,113.73743958352688
467.0103711012311,391.03836459303164,50.53092479138557,114.32183803959065
479.3745117111682,390.71396219021904,51.27316194739673,114.97064284521582
487.83508371649725,390.95089190507485,52.33865786137784,114.4967834155042
497.79925373085644,394.3622903596539,53.061037676344036,115.41800644772769
505.3935635456535,397.2211230282777,53.516732054152286,117.52249811418132
515.0255124297627,400.56373608926816,52.7745644008209,118.77515632715202
519.1257433285663,397.2251891867817,52.52744450621614,120.15002219679013
529.2679722556527,394.6560494752253,53.576515833870914,119.954919324446
538.3814028773769,400.507248940208,54.1259722342177,121.66417585433415
547.0977799723215,398.70001990218657,55.71074700329423,122.56184407909626
555.3806555844926,406.14056280069667,58.44856652645937,121.46902310172419
559.616394129813,409.5184992113086,61.13531281900741,120.29226197209456
566.499753991238,411.9060143169078,61.463098602746385,121.15503396353188
567.8542152462471,414.5132222466453,61.59138405782196,121.61503403424442
570.3073546215596,415.35265905087084,62.377436616980745,122.78232608068524
581.474013839359,415.13971925803946,63.05891017752945,123.20820566634806
590.3185647478126,415.7141625944027,65.63377871098399,122.05931899362153
593.590784731903,419.152231899796,67.8559815494939,121.02760892062872
597.1896112502317,424.22860187402716,69.49312643053956,119.70966688986934
598.9574241855721,425.48465897825963,71.86393801099587,117.19755268140447
599.448090195844,425.89740350076625,73.83847681393966,116.37206363639126
602.5411221009776,424.2212182154889,73.60573324492283,116.74777408632069
606.9164030040915,424.25758827777014,73.79032112212519,116.67503396175807
609.4721355736582,424.477251324816,74.63962855752489,116.23570786766645
614.4199148120155,426.9068347900269,76.69612435493771,114.36455450577645
617.1296524677044,428.9528145924247,77.2649986849115,113.26676972165666
616.9001740421774,429.5591155215186,77.72395553596554,112.05416786346888
609.4402314947038,428.46390381253696,77.76193102558554,111.26820936036671
627.2895893543932,439.0648247229199,80.61001445343025,107.85719791524265
617.743027481992,436.54141594553505,81.941799476734,106.98356922951297
609.9372577277807,434.99447526038955,82.71003142180274,107.10878908713312
601.0402046573887,434.93694033430705,82.60558039189918,107.22385893929811
593.9622192424602,434.4453143491249,78.8626595129455,108.20711090966243
588.3749822062837,432.92756713659014,75.35260618314376,108.30569985430103
596.6589171085259,445.76186758283643,73.18770742399738,105.68185263434927
590.642259861294,446.7885583107137,76.80542404087757,100.82327188606689
575.6276439643543,446.4879624256375,78.92563410292956,98.63356148303657
567.2626031183587,445.72135473905087,81.69622342511806,97.37487838224924
560.7518967632667,444.2538019495582,83.44838098517502,97.49267017370273
543.0411098284944,440.5664559535297,81.85481153085702,99.1727247313193
526.3581429146487,432.01928359982765,75.35484606604396,104.87681249800801
525.9907916193147,431.09097888473866,70.43203121305653,109.56218065001383
517.1896656545649,428.88593208057773,68.30996903954141,111.15451510076215
502.3779653593482,421.29876670654795,67.06731201479282,112.29881966010275
491.8473054772056,420.1062198168521,65.71166899065071,114.68391343949438
480.06536801535776,417.4291700437178,63.94429470383699,117.2234297401508
466.3887214675887,414.78310650224523,63.077362379223494,119.69353428108082
451.153459886837,412.57344280441924,62.26884502388181,121.2693125388378
442.2704775846368,414.2963553098514,60.06531473869723,123.52905749642633
438.7448084596706,415.19117204383844,58.57343898722323,124.58716202892107
429.32332576247563,415.65456521125316,57.55602440565754,123.66037569409156
419.9352253024823,416.87157320388974,56.69069905450362,121.22635970881848
408.48449443324506,417.18582179029534,57.54914048217222,120.59786253600726
394.38690171287914,414.28698885696537,58.132421884603104,120.87314759500703
377.98650280280276,411.2294114336691,57.628903927068116,121.43758314531824
367.4915725886118,411.04671737370336,56.42016759096574,124.57779586081028
356.6161265156632,411.4023580326163,55.77600002608615,126.6658970068315
346.9542718548609,411.02480843067366,55.371213255066564,127.42099621071682
336.9530202610978,411.55280907111353,55.61859864472939,126.36499492983711
322.08775875429427,407.84658565723316,57.236893764677134,125.34377338950004
310.44501089856556,407.7833348118515,57.923728069121694,125.47027508026338
287.59217624727074,406.27224446126456,58.210212672753286,125.65375673775237
276.13265303985634,405.9537555096358,58.35821932469026,126.2907346410099
264.9249331630608,405.81942280728174,57.907767392673584,126.55940004571798
255.8607778722034,405.49459596124706,56.0562764333844,127.20905373778739
246.60038400806576,405.29218885730205,54.75890270421744,127.61386794567743
236.3418840568061,405.6982330974632,52.76280724905911,126.80177946535517
224.89355507704443,404.7488924412851,53.52313282410395,125.9334192296516
214.31691141931023,400.80567190957555,55.300592029549264,125.5159339602036
203.90945686227525,399.9934714921649,56.56229657142907,124.34701985614059
193.79864637815868,400.4698946945966,57.19425922496383,123.39417345127717
182.43436069280858,401.2510370813278,57.5569620327905,121.8318886778147
163.5196279941547,402.8215212560527,56.47598142366,121.47023790025344
154.2273510435476,401.3712371896626,55.77430178682146,121.61562981331166
143.63632760409152,399.6835800750124,54.99623549548387,122.245929896331
132.18722715349202,397.3502134914795,55.97022450620426,121.43161009077707
120.35271149846115,396.15522049150997,57.673110198861345,121.07582788854062
107.15573840940546,395.09132959385477,59.134173595724214,120.4332893748234
95.49102913291208,395.6328282352624,60.172894594302136,119.35029209200805
85.12869564695565,395.56597807660773,58.58977960519178,119.48399240931744
76.4939449208174,393.9357821517283,56.51816669364017,119.98136792138665
67.87930900452645,393.73150509111747,54.60781740613249,120.38992204260828
60.80176836638167,392.5994229866627,52.522364115579975,119.94733049037748
51.38119001972391,391.1588280126455,52.71786523254276,120.16485535607583
42.30308263125612,389.9538107024019,54.85250460556799,119.90462740924451
33.281571976406426,389.8900950387866,56.67156803952891,117.3280657571853
24.502334900882403,390.8473763334165,55.34259464772278,115.41350316792553
16.990354575267006,391.7906781883874,51.83653310889687,113.52689945798372
11.12600359075266,392.38245508809825,48.214571092662126,112.34334565856206
3.7864554110990767,389.8844839616518,45.55090679130781,112.38421343698016
