342.0,362.0,98.0,40.0
345.90124392003435,358.7675779328077,88.07281146837352,48.58954482594241
343.61133992297937,354.3623362438603,77.74549167702583,57.4000282038372
342.0577942222176,349.3972874837055,68.11915508813432,65.20788772574426
342.7018427155772,345.05840042864065,60.53251811203488,71.78614850608051
346.5616324155797,339.5622933814925,54.89481230401522,76.53274182442055
318.61146151679344,331.0645268954985,50.97683363188138,79.089369855445
338.46762873361837,330.7723074098384,47.91772673717076,79.67380882676514
331.26386169304914,327.96049442520734,46.37569046338808,79.3163459129319
323.2796792463482,327.0517123208198,44.68304334955947,79.17157545423701
320.93908573830265,326.6261488385433,43.5698231860615,78.0912333589268
318.4340196799015,327.3688800327667,42.89033020498883,76.60577097048007
306.51108797704757,325.38626954171264,42.517083583389514,74.9819665616712
329.93567592556354,325.96683696573336,41.4838117544819,73.82083171362973
332.3608222669363,325.4207977982349,40.229279913146414,73.1150296279217
338.8518807180785,325.4657130831191,39.60963508998634,71.25913161827845
341.74405011563005,321.8467452862028,39.009560389263775,69.85662705481009
331.31623102225296,319.80972247400365,37.80243983576939,70.53640210378558
355.48447255760254,322.4173186226996,36.68912918086856,72.06737729436485
359.97540824526163,321.86025552124096,36.1567307388262,73.18150349728221
376.83847087152964,322.9740143084856,36.370651047277285,72.65098820084222
369.6113643670882,323.784823433115,37.281321346851236,71.02936995158342
368.6320871432425,325.4103697141833,37.55502238266903,69.46313080132049
351.66340444131083,326.1352397499484,38.162538316945,68.01339072979025
365.6586258521518,326.65131712975193,38.31489722014428,66.98123597018322
354.27299652769244,324.9716668888177,38.08734419727327,65.41221966523962
349.6926769086461,326.215954442474,37.55407659876773,64.53929569735999
351.6596278823859,323.43226999150147,36.807508713370105,63.731996475141116
349.68382806139493,319.2444261293464,36.05198404828772,62.693435585322845
344.52600762397776,321.5661144886526,35.581802956846396,62.67255399511426
340.47189024031445,319.5528934907612,34.49480686910089,63.63391903920642
358.9505375085171,313.8476461244059,34.2144631139263,62.81876351150672
356.954701396042,313.1860787206199,33.67195845353061,62.63050602396352
336.3807473252899,312.6940018587302,32.83849736145676,62.115325132257965
346.87390037316516,311.22340450103366,32.536625272099656,60.6241411319954
338.4008497306075,312.08326764111484,32.07872928065162,60.354747958213366
340.0082693286938,317.20819701263036,31.7409247463852,60.17451053185417
341.7246993577938,318.56506771957527,31.168200307810086,60.32090473758916
338.3516121581367,321.7058102148937,30.80252711278786,61.15126734128888
338.3166381067922,322.55898859774766,30.872475215476868,60.87314840719333
356.02310262341643,317.95156874703355,31.09381606068306,60.11039254265424
353.9909779610619,317.83109085247906,30.904071841557133,58.93335048381827
349.4373341596241,316.68793994265195,30.22926759500065,58.4247689179205
344.9966599724372,314.65913449533286,29.462086241493946,58.34729564346691
339.78321697656867,315.6481716685907,28.977034982286153,57.73321345331939
334.32722631900316,315.337120493332,29.11611938804768,57.008703690165646
329.82720141471503,315.1988991224042,28.747396467035,55.946750327794206
328.75211682707766,317.58592588572986,28.264647873959184,55.12207345366866
333.5698116110741,320.6344471457292,27.70151505308023,54.209177646306514
338.21629671314446,320.7839172545389,27.319080816769407,53.910237428687246
347.701136892178,322.21727207140594,27.278650209612877,53.56742776174119
345.92147501709263,326.6506732753864,27.069294636578793,53.49421044125832
341.12807114912704,331.03340889502834,26.64379429659311,53.48950876840175
338.12505706771,337.1607588094106,26.429263721995845,53.675926414499784
336.40321657198945,340.1924120425462,26.143578865932902,53.82822969406867
336.3487841914096,342.5415099230842,26.25244362709263,52.85120152953796
336.89755276119024,348.9022349237342,26.382900904738406,52.40969570030934
328.3808838814436,357.5427759974049,26.283210846563957,52.26164137063584
328.36738498907675,359.4941219203272,26.31020863129764,52.01863641992948
327.80871215913135,361.6053979593191,26.210752378400663,51.446490080308976
327.4017304197179,367.63386582394827,25.818018209992587,51.456530823399696
309.528164212011,374.54680566974963,26.763404819520815,50.83131333402949
282.67505281859246,377.1048335559144,27.35374093369985,50.54397453194152
262.3057941360417,377.79300015711624,28.060965453626046,50.38071080969479
243.14001347209862,380.1165687285119,28.48769796505776,50.62451932063952
226.3949026993718,382.52992866200617,28.67050152177287,50.732231748278885
208.36280329579964,385.59286014001316,28.8236670154577,50.79792626010269
195.8419191315872,387.50861823855627,29.027677015284134,50.69207381230631
183.47675991342174,386.6040005435627,28.88228177603971,51.25752351851463
165.41848728019318,386.793390241522,28.7579335444045,52.12843010528893
152.072757189175,388.0130780071531,28.980180671286597,52.209932007850895
151.19741533913873,387.4683118880021,29.46543100308627,52.034030877880056
130.67778215278562,391.34653848483316,29.829685143174792,51.90414247783374
120.02761053743431,391.6784037494568,30.724315624083964,51.24041194858644
109.7454304432092,391.15025490854754,30.7985248562563,51.01607519563751
110.34147146310642,394.14325068820386,30.884989158220375,51.42281534511747
101.47803372078064,393.51319888931596,30.607047707029366,52.68291894289327
100.91814134771184,396.69596373818194,30.426748515164235,52.81780893517495
98.9758675625613,395.5352349209493,30.41421195917267,52.54121048544517
98.43332132248497,394.6222735605631,30.204590098387023,53.07241886527922
98.56731739089524,387.7024199846542,29.93659796156649,53.92183664673878
98.51610839169712,385.18205164828936,30.039015959962736,53.734449185590265
91.53841007937461,380.8241696646245,29.62833497185519,54.61417081869141
99.61032502722622,378.9784016726918,29.228320707453733,55.68173753067309
100.02755018083857,378.88947926899294,29.714713687130924,55.85958233807086
98.93268288537357,381.1260482036883,30.572638492661273,55.38187382487923
104.893209757318,384.8955835449423,32.046027226909146,54.54002438143956
79.6394407436627,386.2905416562351,32.52928206040401,54.45412346662787
65.38218705705918,387.5187848875294,32.50698872978635,54.715427547260674
74.24381682984246,393.37195621176636,32.494989360644105,55.27072655938815
61.03597688535108,394.6060648502555,32.8720595369564,55.54341556795423
45.20691672122713,392.8155100934861,32.769970658442624,56.362767759165926
29.977379933611275,393.54551140857023,32.620051205649034,57.68540085881821
31.947705817144797,364.26856819446436,32.90451325172824,57.08769390298232
30.98614104594083,360.8159232286673,33.4232935281759,55.5668882388147
16.86500137370299,357.357894822122,33.85494562184946,54.139756876664855
-1.842176548535786,354.1097654202945,32.72708828889693,55.129985226401274
-5.6199166370701334,349.9949315509052,32.048860457564686,55.12594495677874
-4.870323109556232,382.07274854658397,31.910426235074315,54.925694094680594
3.7726842761093593,409.0091161680514,32.24509044941131,53.91499580875029
2.1449295145820493,413.38264713103536,31.46235886363901,54.590496470045196
-2.0014235537200094,414.1980562017332,30.35496824142239,55.64542025974114
-5.438665216839258,399.3330766483257,29.191752204216947,57.24343159450248
-10.524524608378712,407.0487811880887,28.618323828221904,57.92974325358743
-14.173665647803794,419.32668319816037,28.34733129560759,57.55294852268713
-1.7172276743995436,453.0215351037268,27.429720145689643,58.14982830274397
11.7151695698416,456.01864943491165,27.081408250132007,58.78472028860555
29.0297155628228,446.58964381110377,27.005811091970966,59.03700355202055
24.657347560825592,442.0402400855994,27.762596615353157,57.48521036221304
18.617857852780226,442.4684438812242,27.944224931417093,56.62880277096354
17.419076855313257,435.3676433173627,27.71665180985668,56.39216075796746
6.2102758098431785,432.503207765602,26.64134889664234,56.90038630501009
2.2080101635749667,436.23609080314776,25.588836367517654,57.19780064848523
4.201158857363074,445.67347924324906,25.44178537567473,56.239506948371336
1.0686822905012043,453.76595882338023,25.39046800187256,55.21359700617113
13.833973026635272,463.23907702510206,26.05623067199905,53.731590030990596
16.381811468509994,462.77649228891147,25.91039430465079,53.41929937427142
16.974724850964567,468.5198024599385,25.95493286377885,53.00596694855224
9.33447959577609,475.55367438069095,26.53422217159949,51.18922410917754
2.770467429574742,472.39473745339797,26.368771795850343,50.25611175931702
5.852102197076622,472.5821716353086,26.165212363275515,49.88124339549573
5.3986114717927745,466.21262234893055,27.07219381384321,48.4251452594617
13.888048798814543,468.6302155711051,27.748110896688434,47.12091716249036
35.64624476321467,485.26041640437546,27.489543622818104,46.59616658616699
44.477270810702144,483.9486679401941,27.181943753173044,45.748773069463766
51.846520843145896,471.2078616478227,26.11351428067337,46.16858956816216
62.963319824385636,480.33686605318695,26.425798389534922,44.81999231093941
64.2139179042568,473.1779955672099,26.149788737513006,45.78661423657087
58.92212616516776,473.1078395799962,25.510819742174917,47.049181458349956
46.148505526649025,477.3009948156222,25.06756004812385,47.7030452379114
12.87596567511113,481.4811589260574,24.821745901927702,48.39910940338293
5.578894684749443,486.78449594221513,24.621350371185457,49.172848841425605
-0.8783631990346823,484.2283377004776,23.784812238465502,49.7014806914713
-0.3870098381498135,489.3963999458256,23.94123552124033,49.61752624167635
0.07283771574224573,503.23455946510325,24.16216691634701,49.31624327250018
0.5911137169339327,501.6490404672103,24.26567830184033,49.067091104656136
12.186548088374693,463.0068485976961,24.977331543526795,50.0910475595866
24.41132542127427,458.60987285287626,26.169286597899983,48.395290527337636
44.93521560445872,464.033113105269,25.76107736405824,47.99898545663052
62.042715487325694,427.87320654209765,24.846838813145844,50.27236982076241
31.180306069162178,424.44308511395604,24.778102552956184,51.303032007562976
30.335435103790466,430.68836009440315,25.28806085608339,50.61031832283092
3.7761439491213658,414.152541938054,25.374048593570095,50.68389579082169
25.550749027738245,424.65131958921245,25.524319893947542,50.94554768409944
20.90092006816989,417.9234775677083,26.511493599582522,48.9637610448903
22.355628803314083,405.9929716363732,25.9528068950938,48.142099866663955
10.57461317497861,395.06680539232593,25.287265105789313,48.07424721792356
30.897603591984417,373.2676269750508,24.586135331871112,48.30390861580104
28.815803796600708,374.29024780145915,24.219411766965813,48.5238285408206
27.72072964202799,391.27212580709926,24.15063072250447,48.4440128336421
14.28038898911408,402.3904222238151,23.98077050346801,48.74953793759732
27.1430865245186,404.3860947507053,24.21392068514344,48.14409009066273
16.82533496040615,402.0073902401461,24.6208583029154,47.28245313665532
11.82791182389277,409.46885651392984,24.552014566553694,46.895961713760144
30.19340852947068,377.4646702928362,24.49473567440994,47.558827259472025
44.11879843313096,400.75846141944237,24.64581982578288,46.89430189851705
67.6246558051973,394.24564999419374,23.263514512111406,47.67788807254905
39.80794358132616,394.2266381706045,22.770242504299084,47.71591171972765
39.69674229314742,402.87835464253976,22.992645080656565,46.79999434553544
51.52831750924341,400.9458374957071,23.155326831631676,46.33305915135215
38.81590668042199,402.5205916043147,23.76361582243338,45.34151029647105
21.981622255213363,404.97761246284097,24.10951559193601,44.72716781566559
8.742942639421269,396.008993320214,23.791444533319712,44.44351350358307
11.610549690803108,401.12647990433993,23.367184014907572,44.83044750403423
9.737582283127464,403.30544905112833,22.870727037113216,45.77549895188956
23.888354759914478,439.4155005969639,22.282386545735392,49.233761891600395
38.10467346245636,451.4875574635818,22.607416387698365,49.423058905865524
36.50848843057809,448.62580637987753,23.570759605582083,48.459480535655615
46.214878034030676,440.7247209210356,24.26897414762326,47.5024899958842
35.33566231548025,435.5864112499401,24.83564504742393,46.62555116054873
53.811810810636814,405.1946035686616,24.58651579504963,46.23722029320776
45.51468409369619,401.7357516463308,24.647338514089945,45.43932313761027
67.0022894580237,419.40266914308904,24.24130446816361,46.125560721787316
38.78992321097951,419.490894610405,23.743723207934657,47.043769667046156
6.950048882225314,412.00517081061304,23.64882151918578,47.720899085572434
25.74154966287483,408.9890537625168,23.73219803760118,48.213959934748075
26.41110066606405,381.198925271058,23.50958709356479,47.96966380056311
27.01126887761603,372.4426027278472,23.418309013671283,47.737375395617455
47.73696950275773,341.4585550586757,23.92192248888997,47.87702798058902
70.61968078317142,329.5884913121785,23.8652687981077,47.09049900672987
38.12631878902597,333.9862215685706,23.813497723940937,47.113817485465354
52.726856738764496,321.7702229036221,23.259088811437387,48.40812224896073
56.687895542441844,306.3125969037723,23.11477667848244,49.32342170454688
53.2852269052389,329.5867215922261,23.188489075724995,49.896546467782564
49.29203563311914,316.0310644977875,23.253885344556814,49.85019342669059
37.8599459736337,319.8826845231388,23.477312112630504,50.071216768802074
58.68077236519279,324.7444990310887,22.845359684939254,50.60001284175899
55.1973595145298,325.1128307904689,22.99746913461387,50.99913536494051
71.08984643299033,322.6436120961243,23.251546014682535,51.36056550834539
55.45979176652518,319.04103633401155,23.354740130237175,52.79591791824204
45.238508278706895,303.82035961087223,23.79505291877219,52.64558849013008
43.27269505708137,304.4439128233673,24.180197852241577,52.58064256840043
52.86710643438989,284.4685209527447,23.998854812291412,53.328499398145254
76.93752397939294,261.0294486118936,24.879852927671646,52.3804653428852
83.07354750942127,261.99135531079344,25.77781586530054,51.65392558123882
103.5459071463615,291.7006488099536,26.91201537823471,49.94357006197858
117.17255651186946,297.3707511533722,27.181909563303982,50.56997099083044
110.61943120540052,299.0853459617777,26.97253924782763,50.772314354496025
115.35428159162436,299.982274187473,27.182049525255977,51.39826066557446
117.70246331811971,299.1253668259147,27.37651210386573,51.88936888079103
118.29915118766024,299.1005514341216,27.416405307497435,51.938999664377164
118.47137414481121,299.3627308454978,27.071959393195492,52.649324764557086
140.03643783167604,257.0307762088694,27.313630800780054,55.52641347876416
143.4548459150709,245.34035831132826,26.904386112942838,57.05350624540777
131.5477189208722,242.37840432716706,27.306310961439138,57.77467440486325
113.00214564072868,234.1945042433217,27.487726970911687,58.324018622204974
73.59249267250718,239.81077906065207,27.873954814810865,57.72646262721118
71.24538979095549,240.71654323931995,28.586002287793807,57.24232036658226
53.72169782869014,240.10102944445956,28.984229394775035,57.140688078704954
47.10868866463453,240.088643909827,28.829697703743737,57.16545914797004
42.535794809549515,235.57597188634645,28.62524545188618,56.840563232903634
34.12992030296595,233.8607317663409,28.180076555923506,57.61613302535628
29.527667067440426,234.95945842874414,28.06693587547666,58.08086460097774
17.515798856716547,215.64789788541046,28.044196571146706,57.96244146278106
18.24617445026346,214.82166371857866,27.917236385484994,58.281118795012496
14.356597172894041,216.04066981609506,27.678988708565996,58.515574010532305
11.14068631769058,214.01914639866723,27.433302027256666,58.55211581035818
8.01294518335001,219.34212364172748,27.030049454210584,58.56013707100121
7.845554588436681,220.13947098922816,27.36483064403724,58.290257487330116
34.03860230944515,207.51252380059782,28.048240982131368,58.336136619038044
34.81958532039284,209.86324324813035,27.825591251842866,58.99196289040046
28.821574354497212,213.60260728116117,27.716604080782226,59.583240892906716
16.910333784034947,207.7715201851408,28.560033962260448,59.08003500641709
10.718972447353027,216.4756400742624,28.711076574225363,59.339777539083414
7.847424044402086,221.3606205916678,28.992198972522736,59.128271717580425
11.923858378119641,238.689991767653,29.04304476591997,58.651672952411424
46.06205000286105,259.76760477481446,28.8265664550694,58.69358800004052
38.597957242207286,260.25253838677963,27.458053569145452,60.43983717731547
28.726286200924456,253.00842490253473,26.80681214747476,61.33167514298097
73.11375527405319,298.89603706264836,29.227297906688783,60.75187472822515
71.25817915162389,318.09703662860704,28.753198834358926,61.41222122340007
51.73236921397447,305.1621578121209,28.704293828824703,60.749479830092824
31.516504166903736,311.6499954098776,28.943793388522025,60.24725549009655
12.846181335247199,314.53293593864726,28.9491858284399,60.01252305824537
27.841449390598225,311.09662755579564,27.927204964738728,61.367319776900956
9.303297497402845,347.30376613735274,27.707292842337544,60.782791771460055
14.507941475974654,385.14930443365046,26.880949232333492,59.017285856798516
34.53492986728804,382.82448099502176,26.69248099805791,58.3515315942757
65.08544938819469,373.2322300066341,26.121520290074884,59.11383581727661
54.20836068233052,418.1498328400443,26.80512972899988,61.46236503147073
36.73804386192697,425.81556827610956,27.671034953864787,59.760785525717225
73.00782778042672,391.40446846418445,28.22024660506421,58.20119749426473
63.00591956622489,394.4140001498217,28.119006199868714,57.54348261194999
48.00019617835388,384.5996326858757,28.89309595416131,55.908685160606126
32.35322997859893,382.9326081672478,29.863588091672547,53.96909241316647
18.079002774931062,381.99973587262866,29.669394127979825,53.221868968674855
4.440889921597856,380.6574258337929,28.518680907028926,53.32222187110841
7.3861705527108334,381.22603836334946,30.27181669789232,50.91104730314708
-3.1900782838828956,378.56514149517034,32.402826098604805,48.62424573051527
27.577992809672256,375.6352214304052,33.07748041751183,48.136045400247994
21.750649310468074,374.7387550866875,34.54460788027796,47.38208820377277
13.408971027549924,373.86898279663734,33.220907955797585,49.12163278387311
5.192184472100983,372.784519257307,32.87571290178677,49.99988538831008
2.4330750927677833,346.4772314404207,30.605069318700444,53.28499952431533
-1.7640784068732778,360.7030399205889,29.83653209564408,53.63089297704285
-4.038855814077413,357.5529882625881,29.181981014888986,53.42586392409033
-4.326741456938365,349.9138981799711,28.470923746411763,53.262101438934806
-3.8043079216295617,352.7988305768899,27.426056675794158,53.85346522027801
22.365775684109412,309.25576560125944,26.8674342770235,57.58393766815655
16.333412562991846,298.15026293673316,27.1622707339176,57.56292895823159
7.188071525770779,304.22244513219334,27.07645984823203,57.232024327393376
4.2310734282411815,318.48850351879634,26.45901765369547,57.438236468408704
5.379239707840984,336.8643442891071,28.058195250969256,55.74614633604763
2.911405820839562,335.8688705026,27.787377274419107,56.43547247142372
4.905198819559811,313.40520825815844,27.720854761211292,55.617056310925484
15.473295670840676,312.63746206967306,27.286994896894175,55.85865282300602
40.03506273743781,352.9317058542859,27.179978138471032,57.82429977971057
34.323580528309336,360.32335525502737,26.75242956047847,58.84168497322696
29.012345621016312,363.13446780734955,26.782536080368565,59.83968692776756
24.302536900540524,366.13789599445204,26.82869327059346,60.52815930408161
24.99709150175232,366.7419538548498,26.789449090736063,62.019773628418434
20.09347094235072,366.47130158343117,27.001208746468624,63.93186123740863
34.14944036055444,362.92609663657436,26.932892772826264,65.41354655856924
6.941925753021412,363.3794510973501,27.298250045235058,65.92919742498238
8.500767175627583,338.2658304364957,27.05315136518201,67.32250793898307
10.953670416022675,339.80301862885113,26.503383569063907,68.60417023894436
12.83569033419553,332.5313203605234,28.581783694578498,65.62024689001888
31.095816700678427,328.700284024864,31.334302669635374,61.64594275896062
46.157391534022366,332.60655289646945,31.549283332631894,62.501442252802335
30.07820240699641,329.6598577963053,33.0282521110846,61.09021114941662
29.8258001020225,330.98085557239233,34.99867455923361,58.44821559724256
28.487367391704108,331.8200214216124,36.21556487048307,56.76988389880239
29.471757382247482,331.8301468042357,37.15751765460773,55.29426675095006
17.82393723124668,332.4455270627626,37.27055338655562,54.063506233896305
23.762522463170967,339.0569640253787,35.41906847819868,56.595281038722405
42.80522707301495,331.5541270680358,34.75856366140274,58.64618035240715
72.00373919496766,284.5243859841072,33.25729442297688,62.25600071668147
89.62626299776642,324.1952067976448,33.6933857466676,63.19692168050477
118.96932343227536,311.63335278373916,32.31289734437973,64.19194235390344
112.53670174287387,299.93159713023,31.688148866541255,65.1121338998527
110.37625624620112,299.4881861990634,31.504468668149915,65.99895576218577
108.70762374306024,299.8979426943622,31.81918623322704,65.17944277158828
62.46855153667439,298.50916857176446,32.50559856820918,67.95699101678373
52.726274226632825,295.5938282389793,33.30294850422792,67.55860345433263
30.38458001282782,300.90111144139206,34.15790135876064,67.90114594277641
23.017095289299313,297.4130102550473,34.62683001075929,68.53688573988444
35.12157475708413,291.8025139794663,36.05841096128218,66.93760834800028
82.48013075511952,302.9072158339221,35.95705219072194,67.17940031971828
80.86637688794013,304.4173449290653,34.36811333193903,68.97558872257362
88.3090406397689,306.307529031544,33.92314349333078,70.00867307263265
81.77243894012904,310.11295552268155,34.10139180506578,70.45716702007294
74.71148185062313,314.4057845976474,33.62965875500832,69.97909066406855
70.83012954546501,317.5428089477396,33.36069258748226,70.13037858615795
109.93589209559421,364.9990410012175,33.73820493468631,71.44938890466628
133.7655130321896,370.96439178046415,34.96894659708621,72.55601628899716
131.4596188529474,371.5993033366574,36.24625215254623,71.2861931766107
121.8052792267063,368.965499492211,37.1761651589138,71.54141007110866
113.67399101951817,367.90082114427315,38.22361845089537,71.98019753116269
111.3812734835698,364.4871226564594,39.37901738678584,71.9475222347777
110.04949284293176,365.95468153197095,40.30826192669353,72.48103796649139
106.43147176010295,365.16141404166166,40.5120988102233,74.06757294710997
98.98121068871362,365.6593896200096,41.132980544282645,74.85657684150394
97.67504160614132,368.1281246691241,41.93811581156831,75.3407154368518
101.8575717498941,367.943082395762,42.71349262112079,75.71079998357594
105.33940855186421,368.47882480941564,43.136866581619444,76.48607704737839
108.91183270175128,369.40556175527644,43.45375565918418,76.4980374999916
108.8351296425805,365.4236774475393,43.60716177752577,76.97780827092109
117.38697469100542,367.19774393237213,43.4298522234433,79.07180214884453
135.45985539557768,370.0944397863843,43.54819876929558,80.91295948397732
137.34436357778824,377.2571229325192,43.65480444916604,82.09008136887397
117.7186338942436,390.9223264100842,43.76683401730934,82.15727527300606
131.1535001338674,391.6211506573417,44.33544803847403,82.71950867137785
155.84901092087983,387.1672737075903,44.39209809477006,83.71563511002917
124.36490290091886,382.9854406750608,45.56051390874561,84.10513340399845
131.94409369276042,377.45913756662605,46.556515866468345,85.0612499074893
155.92161166920798,373.1481156888022,45.761289801640835,87.53201411251948
191.87077450790338,353.1430495401963,42.27788900025957,94.3712737425752
183.3742175088888,353.6837479940627,40.258493578557385,99.62737997475291
201.06374331007612,355.314474432525,41.476293791495095,100.6714390761004
181.12798725088615,353.1259183412587,39.747610381133036,102.85906728343602
182.90030781191123,360.0449445676738,40.58317606752642,102.16163525593655
206.63915087535656,357.1381404177119,43.59129966275978,99.19510273462124
202.03737681627717,359.1509745349355,46.178142250956995,97.3750030101613
196.00971225471244,361.1196239020143,47.111239231114865,97.88659713319225
194.39241663591957,366.9738276494544,48.09767344376731,97.41897476297831
171.69253186895517,373.8824966780745,48.32836899830106,97.15235889955665
168.14586054178562,369.21369480919043,48.64606239696863,97.45576362976254
198.7990619393706,369.7123918580182,48.588888572307255,98.7268594939778
198.64238408186947,369.2374170970845,48.90224428730953,99.67680901584521
186.6893938751518,368.8984740214929,49.75404193142448,100.35469516702831
161.91754283946725,368.6197842637758,50.36568274549982,100.91207468246265
156.01525312347826,367.8887304686975,50.42603492775315,102.37418227261924
138.0062889322612,368.8229919488565,50.874733680174685,102.87694128763536
128.02471398215081,372.77164987963505,51.74658396832775,102.13886278060376
107.76897351289657,366.8159793796884,51.616362269095816,102.09676182822048
84.10340660027606,288.3031182764728,51.19105444117305,103.91404866186934
96.09973910466745,255.4697280270489,51.26901962485504,106.99719066030862
85.13966152184176,251.15802245637414,51.10812831521571,108.26025297656116
70.05332452907825,253.38202681172947,51.652048440062124,108.7503699092972
68.83988024705917,257.90642880802864,51.59324697852179,109.64432601901291
70.75585871261173,260.61067331325523,52.75667615115731,109.23122311230034
69.56194210264418,253.96783919794012,52.63257562965399,109.95722263573847
71.10704590591247,253.91065275741232,52.06273769936547,112.59196519304214
65.16229455927805,255.1501692756006,51.208194107197734,115.21055067084022
69.4100987322701,249.282383363465,50.4281587177191,116.65869188643751
68.56192407114658,242.28466225494986,49.545415330334265,117.7586705553083
71.47190534626824,250.82779266448878,48.8842151483084,118.72807802499148
74.54316515980825,249.0440788352447,47.90496949517211,119.71386869650777
94.95347960559437,245.12259258053712,48.33870709238779,119.82164748927526
