440.0,223.0,66.0,138.0
451.66557899339836,220.60510878284117,67.96627903596581,136.46542317862702
461.7977169078036,221.29079512826758,69.91926161453866,135.09405048777424
461.26451778299815,221.58748053064795,70.98565986414957,134.50067968301346
461.2781588292759,221.84310254416948,70.95837777159397,133.98943565597042
462.9521186648559,222.88634676071524,70.7995949745613,135.0920840970061
473.9988781495695,222.4478384633366,71.12444907725512,135.9691006917634
473.8968385200658,222.61125968439703,71.32852833626265,135.64225824964257
473.273396825028,224.0715222813663,69.3556096076956,135.94153517434668
473.58066186112063,223.89333693636098,68.7410795355103,136.29790586435732
471.90484178079834,223.07175543089468,68.90787725699997,137.9410688752899
470.52543891947215,222.96484145094874,68.454891698857,138.15489683518177
469.2106011543739,222.82944231964294,67.87748991218358,138.42569509779338
466.03425830255674,223.78059859831774,67.82812204923009,139.72440932373777
465.3389033354803,223.1969487374914,69.21883198338291,140.89170904539043
461.62459811397093,225.14693921470075,70.12675406929003,140.2520722695276
458.57096113507737,226.67740451836102,69.70059807062448,140.45785664043342
453.7555605737809,226.65586884164347,69.5443509978479,140.50092799386852
452.42178460747596,227.9473647132159,68.9516302108525,141.1782089703289
450.6313000058277,229.3931750846821,69.27270441497136,141.54648322657414
448.64423036998284,232.699330206352,69.97599403218456,141.47587229218755
448.1219033564958,232.6030652309409,71.02064805915857,141.66840224300972
446.98267593142265,232.24079558038517,69.99618630980183,142.3929415441212
445.7067335546153,230.66723495028208,69.25229666910644,142.2442884100174
444.70604481300256,230.59749684420674,67.97298279582046,142.38376462216803
443.77459588180756,230.77230334658861,66.57540219039086,142.0341516174043
442.8147055409612,229.2215894661329,65.26417032887969,141.90456683511184
440.1472428465638,228.91931487916105,64.18669158838664,142.50911600905556
436.82224285947905,228.89721390508134,64.4444993246674,142.55331795721497
435.1168262599804,228.68502467942966,64.65406915347238,142.97769640851834
433.02251776615356,228.4463662872082,65.63158171686896,143.45501319296122
429.5345886048175,227.3760136839815,66.13708134623832,142.36053905276333
428.02511465695443,227.6603244283026,65.92792270830776,141.79191756412115
421.8145656587285,228.19370963334956,65.48432346009211,140.72514715402724
420.28656435369203,228.43031569189685,65.34743257300201,140.25193503693262
418.7831484947492,226.70146991634857,65.17065146535145,140.526013762493
414.2981759447473,227.96099660817225,64.58706141767998,141.19147209473735
412.4697879865883,227.77358607352105,65.059861633126,141.5662931640398
410.9953154527553,228.20105318157835,64.81110077865785,140.71135894792516
406.0269825329202,228.44664812834907,65.20501277673696,140.22016905438372
405.61069462686663,228.7210077378844,66.0375885888441,139.6714498353131
403.1356376253675,228.7886710095861,67.80049701335206,139.5361232919097
399.2998988961124,230.37609677823397,69.04014416904064,139.5771869060248
397.6309850096401,231.82477193824158,69.1399483346772,139.9178601933176
396.0392945967785,231.1106808872048,69.07859299938421,141.34604229539113
391.54298647157106,230.82069508741336,68.27755505913304,141.92601389497406
390.0621943076201,230.1364168308372,67.98003807798833,143.2945704081264
388.64567875948376,229.65432436258354,67.53918672682875,144.2587553446337
380.1869385502167,229.824915637555,68.05546937440235,143.91757279469078
379.95744456617757,229.9665554284387,68.51445734248068,143.63429321292335
373.5138133098545,230.28946826739883,68.24912913499494,142.9884675350031
373.1195412707881,232.62201524630117,69.03767321312785,141.59748098183815
368.257299898571,234.68992180894864,68.95961123585235,140.72918276377976
367.0752930575569,234.63859428387178,68.07015354946232,140.8318378139335
364.29796934363986,232.60934379747954,67.14575564122819,141.65081611868382
363.0009658034468,232.41453632054373,66.50438503686495,142.0404310725554
360.2205257799791,231.92022106936673,65.60553721913786,143.02906157490938
358.8214225286757,231.848477879314,65.17521308428535,143.17254795501486
357.31865029678954,233.73472525970442,64.95768163263335,142.6231291096584
354.1336475510089,233.48241401233608,64.90512995796303,143.1277516043951
352.3234474471084,231.5767532490281,65.30784139416173,143.72138435940877
347.43675741751287,231.04021475477887,65.38109343862435,144.7944613479072
343.8428748518927,227.27736643931735,66.06836240053886,145.8196618095044
343.5509366075379,227.7251142737939,66.65223888924842,144.92416614055128
338.25110919653343,231.34327155670024,67.4286487903087,144.23668152203763
334.9982444594315,231.1106129233896,67.3784030665606,144.70199878865895
329.7074693324446,230.80107672851426,68.10830073715537,145.32107117840962
327.67681665863233,232.23690198488495,68.86395796056827,145.75506878987977
323.72079608472956,232.17972772039155,70.12568421069821,145.86941731886657
316.1724459835009,233.57300316012078,71.8271705694745,146.43166990032842
313.8874935792276,233.126372941125,73.01049924365623,147.32493033832
312.37037678344194,231.51282859397526,72.62457932629886,147.13186552369072
308.9835499926144,231.7796570814334,72.57694903321473,146.59820854877447
307.4649592433267,232.01861445763035,72.21211966057157,146.12029379638057
307.57606924472816,227.30853227942978,71.98989965776869,145.37436348498267
306.2384219947544,228.5269091292439,71.29125777522876,142.93760978535445
305.21331496212065,230.79536865420948,70.0152912003714,141.72687137554806
304.1128026559276,229.3459492870585,68.92995006602116,141.33934436311378
307.0253516611966,233.16946681315093,69.62859806785677,140.21605532330244
318.0668585418303,235.90699407854086,70.3485350634551,141.25612958019855
329.1955360471215,237.3503259107656,71.08793589988511,141.65471675103652
333.73918764870757,238.64249599896357,71.91227242152189,142.37425648291028
322.94332405032765,245.2693671408727,73.53198266323582,142.43519216912264
322.2136036640805,245.1064482371186,74.99142343573014,142.76102997663082
329.68605296085707,244.72628057813805,76.98352193095201,146.9087647123469
296.5651714605785,245.58656945659368,77.05573889411974,148.67079464161407
315.36395088713687,244.82264295314957,78.0652909147529,150.1986476485023
330.9737745492864,244.98712392299132,78.79161621427316,149.86968570881876
352.83036543664616,245.82010509677204,81.32212495017222,148.20372336125735
381.076099690493,243.06878365854507,82.04683299169314,150.13035520338536
411.75498218707486,241.0596270866949,82.1749979979552,150.5318489353548
447.95129663491696,238.6945800909213,82.28101906795752,151.63701042861763
472.7933505650159,239.39719346523913,83.59952159727416,150.231783679982
495.71040208269386,239.52303185633025,85.14800400431375,149.9801068977997
516.3689069588024,239.91662034981277,84.17290762658926,152.86037658124303
531.8230847220086,239.2396159743181,82.81189785424715,154.2143853322324
547.5609775419068,241.0504169595453,80.85701572669996,154.2828963008091
555.7346666671814,240.2086398483268,79.13994871834066,155.9664505232461
567.4098866679568,241.82953295953854,77.70576685907295,156.37737399120317
576.8053409092497,241.8819927452648,77.08449928868438,156.27245441975066
584.1540736612433,240.01663225688569,76.87354992018248,156.3815463626376
598.4369666960619,243.7031515321117,77.26429510713986,156.2476406263343
651.4351614862528,242.66428787252966,76.37499514756645,158.3253679454983
648.0378528103438,241.216655344935,75.89100287009286,161.22063300068766
646.454014442431,240.51416547446527,75.38558362900507,162.6256127416271
593.3834756162779,241.24509628455831,74.66966948281038,161.16375112144104
586.1266351424882,242.05458907941684,74.5796213719812,159.54476553172395
584.3719252688843,242.64658740563308,74.46324847803481,158.36076887929147
625.0174869351603,242.04890521231272,72.51549193975441,159.5561332659322
621.811312328483,241.36649284061212,71.74817415227176,160.92095800933342
618.0366542689437,243.25059683807393,72.10513972749358,160.74892528633814
614.1733528598734,242.08793826625913,72.6318372401545,159.4742897772278
610.0617448271557,246.27880276020355,73.67368493723669,158.27392915769207
605.7455520454569,246.88410964838636,75.12314523443624,157.06331538132645
603.2750359701872,247.65126636500324,76.46507151636452,155.52900194809268
595.6345618557991,250.38466171312805,77.34594894822673,153.66222895107154
591.6904063482997,251.12040451800925,78.05835808832116,152.19074334130912
584.753042966185,251.40308836302768,77.61837597528918,151.62537565127226
567.0204071043377,253.1699081390238,77.45568371757285,151.6545324974212
560.1730252500627,253.4052678682252,76.90877557123804,151.1838130390184
550.0568909412951,251.70400016298973,75.87657567763573,151.04227036429978
557.9147848167182,254.70541763056804,74.25747606190583,152.08777949670136
545.7728556459795,254.57671700624334,73.96142919739486,152.34518074535077
544.337955279999,252.92077873851113,73.32119617912002,152.1470235305796
541.2874992442556,260.76885620941613,72.4300858115176,150.43491346694825
536.28650915757,258.3453826897212,72.06549944041456,151.82633832484663
530.9364211265661,256.3080371874122,72.35726352662421,152.43155867086531
527.0683738723952,258.25239093685997,73.12659966830262,152.02623035530144
521.4285674700086,260.44676590067246,73.93362256906119,151.12834372901466
517.8371480111896,262.6499758884962,74.13291475809334,150.2136971176701
506.97758551031427,255.69551631081683,71.47903056581794,153.6770409041605
504.3453160527449,257.26297159520004,69.7711827665023,154.0283236926213
499.8901302068832,256.66501953241686,68.29737098721218,155.22422781818761
496.5822764507596,253.0020371729926,68.00740342634693,155.6445174639237
496.88838400869525,250.68635980105086,67.39518831047566,156.82205510627696
495.2907232654584,247.85204933739487,67.13045256309483,159.0306187997345
496.54963297658236,245.79548209140313,68.09993933586874,159.6564470966963
498.31147674785495,242.98233114995952,68.08976866416062,161.76923210874645
501.54237378501875,245.07165814358942,68.7157225144347,164.67832604608844
511.25798755318397,245.63177711949606,70.86642814695102,167.15507695574954
512.0112269807253,244.8895478720239,73.03084079922758,168.6395354506939
524.4193804370152,241.8643328991143,74.32896057821654,170.9593330120033
523.4064217845809,241.82343099793434,76.35487788308524,171.0411368143632
524.6986985230927,241.59599615883366,77.5943218509739,171.49600649256456
524.211746193191,243.0273143258915,78.56822651077749,172.48573942699696
513.8684097145727,240.97685382546857,79.83575525316036,172.70283158487206
511.3686687430197,240.88565706727695,80.92605475890804,172.88522510125532
500.97163255573275,243.03517704918735,82.06565582303259,172.51707939952433
498.38472865366094,242.6356589034242,83.29405513868922,173.31611569105064
495.6402360772171,243.10701321179516,84.80458797767412,172.3734070743087
491.6572977837134,243.74729878616927,84.78862351977979,171.09283592556054
489.3612230766036,243.85480557795972,85.40885785777787,170.87782234197957
487.3648893225386,241.70856111799844,85.42201848203058,171.1908043780247
484.529551037318,241.51173358048197,87.10837867013194,171.58445945305763
482.3160779226261,241.63641007602743,87.51609119722515,171.33510646196675
481.71404450936836,241.42705181805792,88.72015802374062,171.75382297790577
479.16915276931184,241.21059714286434,89.76042936628983,172.18673232829292
476.8482411582623,241.4719015535585,90.32847724797388,171.66412350690462
474.2680977451768,241.55432633581952,91.4129054558563,171.49927394238256
471.3501980067742,242.3832946771153,93.15665970531829,169.84133725979103
468.8108011687004,241.10960243957703,94.13800407470934,168.2912724281109
466.4660831941079,241.02298099117235,94.73614968079167,168.46451532492028
466.17072493149544,240.95090014519434,95.32686620601662,168.60867701687627
464.4447009641191,240.59338690626674,94.66269636065834,169.3237034947315
464.69849397469784,240.2422266783555,94.15511033950094,170.02602395055396
462.70796309376004,240.29502355164396,94.01895557012452,169.92043020397702
462.05239221185025,240.5316007989963,95.33009733394412,169.4472757092724
461.578486095461,238.71552918496218,96.27790956672257,168.9507392190435
461.7509130518075,238.79999987493997,95.93305565402954,168.78179783908791
461.75707591347884,236.68737217006904,95.92072993068685,168.87796807489752
464.1521213490301,236.3869149110599,95.26093856459946,169.4788825929158
466.0905565672483,236.35121386099826,95.51203835113117,169.5502846930391
466.16868733304216,237.9955840176476,95.35577681954356,170.39484376804995
466.3540486777925,238.14716013623416,94.98505413004287,170.0916915308768
466.4548214906547,238.19273965568397,94.78350850431845,170.00053249197722
466.6176481030602,238.443109201255,94.45785527950734,169.49979340083513
466.9151961821977,238.57828409020692,93.86275912123244,169.22944362293126
469.06194422943895,238.5705203422653,93.66972725623481,169.2449711188145
470.987403598503,238.43947926982312,93.91621009367931,169.50705326369888
471.0691972622516,240.05168002908644,93.75262276618216,170.38812827202884
469.549474712422,239.8523704061884,92.67637214685466,170.78674751782492
477.9447266277894,240.25983424104612,92.29861243347871,169.97181984810948
476.2217965991583,242.01855615778987,91.65976285119538,170.53908565416737
474.5963447080254,243.08321343646287,90.8285305326365,168.40977109682134
474.8673824035243,244.06895440741226,90.28645514163874,166.4382891549226
473.07116075746467,244.7290636951172,89.8807024589532,165.11807057951273
481.2107845494594,244.94389206801372,89.48861464513443,164.68841383371966
477.7601127446485,245.06025422499215,88.47245883539539,164.4556895197628
476.10845939100267,245.37206767547514,87.83783540207844,163.83206261879684
439.0374350879277,247.65021708255523,83.62241590868527,159.27576380463665
440.4433741270043,249.92274068819594,80.81053783053206,154.73071659335523
442.9660895967122,249.75073809714033,79.4284671182688,151.4113615483139
442.89680707229746,250.86793077971546,79.56703216709835,149.17697618316362
443.3624080085419,249.81222106357941,78.6358302946095,147.72807129015638
442.1137098242405,248.94891229751642,77.6101987275778,145.9316608866479
442.59482293320735,249.6582316111066,76.64797250964405,144.51302225946753
443.03081002949045,250.09135895968132,75.77599831707792,143.64676756231816
443.5339697703766,250.37697090808703,74.76967883530561,143.0755436655067
443.77567073764703,250.67958062135642,74.28627690076473,142.4703242389679
444.29821066439,251.17101722962735,73.24119704727875,141.4874510224261
444.4964572667387,252.83165174682165,72.84470384258142,141.50476483257887
444.78951949400226,252.72239596818827,72.25857938805426,141.7232763898456
445.0652460120049,252.9274361773845,71.70712635204902,141.31319597145318
445.1793857880321,252.9822245540641,71.47884679999456,141.20361921809396
443.987746039775,253.22525698864519,70.55809901343889,140.71755434893177
444.1004460546879,253.41576681335397,70.33269898361308,140.33653469951423
444.4175114592189,253.464827087615,69.69856817455111,140.23841415099216
444.6535924440521,253.74503357756805,69.22640620488475,139.6780011710861
443.9090183758631,253.68397564055655,70.71555434126266,139.80011704510906
443.2808372763553,253.31694692025445,71.97191654027823,140.53417448571327
444.6029873109013,252.9118657024548,72.63033735857096,141.3443369213126
446.03430184430965,252.8869123352536,73.0936671096303,141.39424365571494
445.594772753576,252.6906558718386,73.97272529109753,141.786756582545
446.90048204447805,252.71774227665708,74.7168744198527,141.73258377290801
446.7766593621606,252.69739735598364,74.96451978448756,141.7732736142549
446.7534947863301,252.8519823879268,75.01084893614855,141.4641035503686
446.90590598485966,253.30805577636602,74.70602653908952,140.55195677349013
446.9218386352448,253.57778810252296,74.67416123831921,140.01249212117628
447.0411988352348,253.9897723702647,74.43544083833922,139.18852358569276
447.2157732430804,254.65039684361287,74.08629202264811,137.86727463899643
447.44107832384356,255.0359297552494,73.63568186112175,137.09620881572334
445.88206088746045,255.61143122903133,73.47293949080698,135.94520586815955
445.5841420311404,257.29034563356174,74.06877720344713,135.8484085889565
445.7026252330498,257.3581780054684,73.83181079962834,135.71274384514317
445.7232220828782,257.57328860036523,73.79061709997158,135.28252265534954
446.06514670275413,258.1213190391107,73.10676786021965,134.18646177785868
446.3193888969071,258.58565717070337,72.59828347191363,133.2577855146733
446.21603969360467,258.27940727044086,72.80498187851857,133.87028531519837
446.26524505352324,256.8868289444046,72.70657115868141,133.43642632739167
446.4208730682186,256.87139302992836,72.39531512929067,133.46729815634424
444.9219295468339,257.16541988613784,72.18713467230833,132.87924444392522
444.66182029111775,257.62392933287117,72.70735318374072,131.96222555045853
444.40923302217556,257.98888140564816,73.21252772162508,131.2323214049046
444.4338441278246,257.8655051792924,73.16330551032694,131.4790738576161
444.44905035688726,257.89103046259913,73.1328930522017,131.42802329100266
444.3924690255773,258.12344577244164,73.24605571482152,130.9631926713177
444.3840720239034,258.1456096437704,73.26284971816932,130.91886492866016
444.57780254477973,258.0988323488722,72.87538867641676,131.01241951845654
444.30435550307686,258.67986882431427,73.42228275982242,129.85034656757242
444.2270227748804,258.8546360721233,73.57694821621527,129.50081207195427
444.0985753856405,258.9092600414483,73.8338429946951,129.39156413330426
444.1071089198422,259.2589871398265,73.81677592629177,128.69210993654792
444.5297840942876,259.14404683384214,72.97142557740095,128.9219905485166
444.9677139886853,259.22256770124955,72.09556578860553,128.76494881370178
444.8779815225423,259.08003915913935,72.27503072089158,129.0500058979222
444.72530286485295,259.0004816667554,72.58038803627028,129.20912088269012
444.8388504071602,259.2919381497431,72.35329295165587,128.62620791671475
444.76097375180257,259.0491847721923,72.509046262371,129.11171467181634
446.0835623272363,259.42987898989014,73.00756300001385,128.35032623642064
446.26310660573756,260.9985073874098,72.64847444301131,128.3539745165863
446.6194862324491,260.90376236355746,71.93571518958818,128.5434645642909
447.0554209310453,260.7992558176664,71.06384579239584,128.75247765607313
447.3947945810295,260.55720693197617,70.38509849242742,129.23657542745354
445.7472260024171,259.09763110769586,70.57092895652883,129.04642038289086
445.59005249992555,259.50139952271326,70.88527596151198,128.23888355285598
445.3623519789608,259.7301814432957,71.34067700344146,127.78131971169113
445.26283056947875,259.59225981985816,71.53971982240556,128.0571629585662
445.6387067282292,259.2622493037773,70.78796750490473,128.7171839907279
445.7257856051619,259.18900669476983,70.61380975103933,128.86366920874283
447.2326785796215,260.6786223654497,70.70773744396631,128.9921515092293
447.0757112875385,260.5820298166756,71.02167202813222,129.18533660677758
447.1844233286068,260.63779673188,70.80424794599567,129.0738027763688
446.93270487213186,260.68137196811773,71.30768485894552,128.98665230389324
447.2798314114518,260.8743797284309,70.61343178030569,128.60063678326694
447.59857245268677,261.0336434297309,69.97594969783577,128.28210938066698
447.57496330385925,260.96887097311026,70.02316799549081,128.41165429390827
447.0333159532078,261.0145189360994,71.10646269679367,128.32035836792986
446.73625976271666,259.70502319760953,71.70057507777592,127.83124933246387
446.68653422387706,259.6555391531753,71.8000261554552,127.93021742133237
446.70422563956106,259.58041217799564,71.76464332408713,128.08047137169171
446.48991994937103,259.5347260301246,72.19325470446728,128.17184366743385
447.3901012491357,259.6883510899477,73.51730996910021,127.8645935477877
447.27581501207317,259.7461257777597,73.74588244322526,127.74904417216362
447.06441084844096,260.1711503815779,74.16869077048968,126.89899496452722
446.6998217793255,260.30716018672933,74.89786890872058,126.6269753542243
446.5376399128537,260.50885742004334,75.22223264166418,126.22358088759634
446.58809479232957,262.1209051657331,75.12132288271239,126.14633976121428
447.90744585398875,262.1124575826308,75.62662301550715,126.16323492741898
447.71993842003695,262.0489372617087,76.00163788341067,126.29027556926319
447.56125409322067,262.1851400972043,76.31900653704324,126.01786989827201
447.16249316564495,262.24548027282583,77.11652839219465,125.89718954702886
446.7233024786424,262.0580111752688,77.99490976619983,126.27212774214303
445.0486044126587,262.14503216645005,78.15004178127758,126.09808575978043
446.8610164884134,262.51130296173744,77.71948926621619,125.36554416920575
443.4270789158016,262.7698618834328,78.23514693118159,124.84842632581498
444.5953314315964,264.55554965730096,79.07567751141274,124.45408638989937
446.0965076147507,265.5281103943107,79.25853979415108,122.50896491587986
446.28593217485997,266.1500815151691,78.87969067393249,121.26502267416312
449.2288335990767,269.7969046397433,79.26221978507621,120.239708384592
450.3573737344105,271.86956124130046,80.13028987028551,119.21954553735452
450.0768886684372,272.6656761179808,80.69126000223208,117.62731578399385
450.6542201854582,273.01042400623845,79.53659696819012,116.93782000747854
452.28527833181903,277.8219485781883,79.3545188115377,116.55488527178638
450.9228269278602,276.578094972072,79.00817077369194,115.97134163825575
450.5169829278206,277.52275260824086,79.81985877377117,114.08202636591793
448.7090356589218,278.2277932634915,80.39412113029356,112.67194505541667
449.2197225926876,278.2713322629249,79.37274726276185,112.58486705654994
449.5976721417744,278.24772248873137,78.61684816458828,112.63208660493694
446.66356781894115,277.15206534351427,78.48533408626386,111.82353953337562
450.75929723840835,277.3936421857854,79.25029006395049,111.34038584883339
450.5879268585153,277.3100005085529,79.59303082373665,111.5076692032984
450.691759886746,277.58625414816527,79.38536476727523,110.9551619240737
447.3600540734069,277.77029940484795,80.07444951650953,110.58707141070832
449.11125300843094,277.8315429293243,79.56496743689951,110.46458436175553
450.9955493785616,277.6084038644728,78.77905909474003,110.91086249145857
451.3303342034245,276.0224206948212,78.10948944501428,111.10631951590871
448.3699354792526,277.3672985050813,78.09343151721302,111.38499158346114
449.6485381171983,277.1235096960136,78.50860162059774,111.87256920159642
449.68360857465797,276.84382118056794,78.43846070567847,112.43194623248782
448.66403576085924,275.2745142050215,77.4837144805431,112.57666833084787
444.36249713136294,275.3037615530577,77.14590829865499,112.51817363477537
450.40768802821884,275.47320974819775,76.95081265002094,112.1792772444953
449.2802483539948,275.1939196391675,76.24021056036591,112.7378574625558
449.24868259946413,275.28944313624976,76.30334206942723,112.54681046839127
445.2909414197808,273.73637525415904,75.33794206887507,112.69265211259982
447.1819851165787,273.28916424543155,74.50232192119083,113.58707413005477
444.5051568320788,271.2984715133465,73.96396523976347,114.62245296901132
446.1465749108362,270.8933641002906,73.63368798283503,115.43266779512308
446.2790734976653,270.4988585819335,73.36869080917673,116.22167883183732
447.6621621138276,270.2132010475962,73.5690604207972,116.7929939005119
446.1964748031478,269.8500012517883,73.52198995657976,117.51939349212778
446.17588847777785,267.9467937131839,73.56316260731964,118.33729573593095
447.4568498961405,267.56856430046315,74.00265945092285,119.09375456137248
447.2924956385734,267.20173175728127,74.331367966057,119.82741964773632
447.1186111432525,265.478824791483,74.67913695669884,120.23667324745355
447.42548114432884,264.69861953981655,74.06539695454615,121.79708375078654
447.25612883598865,264.41419475232203,74.40410157122659,122.36593332577553
447.23096734140876,264.36722531297437,74.45442456038631,122.45987220447094
447.0755074318216,263.60701124560967,74.76534437956056,123.98030033920028
447.40504631337353,263.49440488474454,74.10626661645674,124.2055130609306
447.5172875039668,263.4569429593117,73.8817842352702,124.28043691179633
447.3991006381245,263.33999556742174,74.11815796695487,124.5143316955762
445.91936127842126,262.68089106353136,73.97483794942028,125.83254070335693
445.6593745653045,262.553482486213,74.49481137565378,126.08735785799368
445.85527802730917,261.1268852883597,74.10300445164438,125.80800954318855
445.88313162963783,262.32216590899674,74.04729724698707,126.53921747575944
446.25400069498534,262.1320579157534,73.30555911629207,126.91943346224605
446.54234181656045,262.0591026267507,72.72887687314187,127.06534404025155
445.64720276371435,260.29320494999257,71.40201451903356,127.47999893396718
446.21325550405714,260.1005344429533,70.26990903834793,127.86533994804574
446.37594451046505,259.9989887949313,69.94453102553217,128.06843124408982
445.5724249584886,259.7658708048757,68.46702412935113,128.53466722420092
445.6581340120117,259.3989624861269,68.29560602230487,129.2684838616985
446.120044865262,259.536719144997,67.37178431580433,128.99297054395834
446.5129336731677,259.87242880021074,66.58600669999294,128.3215512335309
447.0510735418343,259.56943359637046,65.50972696265976,128.92754164121138
447.7431041507814,259.5412431952181,64.1256657447656,128.98392244351615
446.83323857449983,259.8493261155421,62.94748849033441,128.36775660286813
447.0267900928773,260.3706946557971,62.56038545357948,127.32501952235813
447.23625408868054,260.7309294460195,62.14145746197306,126.6045499419133
447.58025126543004,260.8541819920013,61.45346310847398,126.35804484994969
447.86613899729036,261.14773051335777,60.881687644753356,125.77094780723675
448.0699579886247,261.2900954139612,60.47404966208464,125.48621800602997
446.86109745268806,261.0996875519242,60.008350648766296,125.86703373010388
446.8305929568089,261.24016582043237,60.069359640524596,125.58607719308759
446.796730419754,261.47094925167255,60.13708471463443,125.12451033060722
446.63365982922255,260.271133096791,60.46322589569725,124.651863271613
446.7660617344035,260.25084484689796,60.198422085335416,124.69243977139908
446.89768926320676,260.33200224728967,59.93516702772888,124.5301249706157
446.54183420247494,260.0611511503641,60.64687714919246,125.07182716446685
446.3014644500519,259.8659130777282,61.12761665403859,125.46230330973863
446.2341434550349,258.3754318919779,61.262258644072645,125.54883660130685
446.22771864214474,259.2071992685551,61.275108269852964,126.78333307274494
446.5805332341739,257.80419405577953,60.569479085794555,126.67305868903574
446.70400339323714,257.4572391221735,60.32253876766805,127.36696855624774
446.56881693934395,257.2551490680281,60.592911675454545,127.77114866453863
446.61222276051217,257.6158815592485,60.50610003311808,127.0496836820978
446.9110506121777,257.55985758097995,59.90844432978702,127.16173163863493
445.80429522319247,256.09166894621,59.22395360827079,127.2001074086881
445.80587548990366,255.92238312008197,59.22079307484839,127.53867906094425
445.9861358575915,256.05459923701636,58.860272339472814,127.27424682707549
445.8086816309883,255.526000656461,59.21518079267916,128.33144398818618
445.5404107824845,254.1941190420187,59.75172248968664,130.99520721707077
445.2247079691135,253.40803128664635,60.38312811642864,132.5673827278155
446.60706783649977,251.4315971948469,60.60336697423227,136.5202509114144
448.3291818737716,250.3229055927152,60.20535034292372,138.73763411567782
442.74463054867033,249.26581017763192,59.089134147959754,140.85182494584433
444.58179224062457,247.92012869862725,58.496966580092405,143.54318790385364
446.25722426365996,245.22532739064667,58.2565683516624,145.82232470217403
438.2695787676339,244.37060566297433,58.536819728762566,147.53176815751868
440.89981205517086,242.57779571424555,59.61358000155025,147.94877463104538
438.8136298096456,240.4109413111092,60.59210725592241,149.08864620063963
433.32059228697614,240.03230847285153,61.89508946608912,149.84591187715503
434.432130141574,239.86283905271955,62.933811445854985,150.18485071741895
435.5440335175872,237.67207218808437,63.99513534229024,151.28125379822765
427.3331595166713,237.4449507024339,63.81797870907427,151.7354967695286
430.1973405138566,237.06159897658895,64.73602696525259,152.50220022121852
421.70759102291356,236.66618493886895,64.96278772095516,153.29302829665852
423.15847684935403,236.51519568719266,65.42700974259945,153.5950068000111
414.6727898811003,236.5236704188237,65.50550090189938,153.578057336749
416.14251214440856,236.2813318701368,65.94577662176067,154.0627344341228
409.24717432105666,238.2444069681203,66.1583836587562,153.53110139058288
409.3018929074303,238.61047613266155,66.04894648600894,152.7989630615004
410.7409987905574,238.73337711375999,66.5487890166098,152.5531610993035
400.2770274849508,238.03036570262032,67.17683392554027,150.57586763786904
403.6227716521237,239.56267571458127,67.21676898016577,150.87695930843273
401.99276476186714,238.71831740172905,67.10600067727827,149.19489385073666
401.73248234021946,239.23106561008876,67.62656552057368,148.16939743401727
403.1874065934784,240.60887013710362,68.05537808445985,148.7524494503916
393.14369553500023,239.68913277140382,68.01490193407898,147.23727447056828
395.10107867080103,240.22076694940182,67.43204301995515,146.17400611457234
388.483726731923,240.08929037687733,67.44177994449294,146.43695925962132
390.01876007584667,239.86697625673546,67.68195005754707,146.88158749990504
426.44325882772546,242.5151512842451,67.89291160111988,148.22705190373398
392.1690274704646,243.74674330918847,69.55805875222843,149.1080336320179
393.2284730879729,243.10542584137218,70.82528031717027,150.3906685676505
380.89971131452273,242.35210380362867,71.49437054674848,151.8973126431375
379.31254157806256,241.51367612405417,71.20816525907895,153.5741680022865
379.40934963300765,240.81290097428666,71.0145491491888,154.9757183018215
379.2662974975505,242.22689355690414,71.30065342010312,155.64469093869516
372.262327826836,241.46308953569394,71.26181332500282,157.17229898111555
365.6694640971016,239.69139596872384,70.31468619366412,157.1824724673538
367.50394310498956,241.40815954786856,70.16245980796803,157.26567693914427
362.7473137062515,239.62414059684403,69.12992925582643,157.31845172465407
401.03305147026,241.9317992525584,69.51128599897041,156.2009904255509
398.9594589158461,244.13840444097406,70.17010419687645,155.27614695964132
397.34191859332896,242.20655807337374,69.91866696019673,155.65332181312806
346.89506859786354,241.75045831457425,69.67255347473198,156.56552133072705
346.3252314918216,240.06362632973983,70.81222768681587,156.44269424601845
343.9825051394168,238.50730646201737,71.98295206194989,156.04060565178773
341.69687179962654,238.3765850226078,73.02482099973587,156.30204853060684
332.46885176903254,236.47289786160576,73.72377030796899,156.55800470201999
329.04096371066714,234.34591807804713,73.44484912444858,157.24461561901163
323.803532884271,234.5394026169904,73.20227273015547,156.8576465411251
320.3356036138666,236.60549610146,73.01291629090119,156.28806706221746
318.79905724008614,235.96071996749401,72.53500241591018,157.57761933014945
308.33950661973694,237.37262182889293,72.0856134000368,158.31523065011353
308.5946170997403,237.5258400936477,71.57539244003004,158.00879412060402
304.9762763647535,237.6296138159886,71.71034266808337,157.80124667592224
296.435229482019,236.53248816620464,71.04134874369059,156.44528043751777
296.2897728441401,238.02665542640744,71.33226201944836,156.97573100415835
292.7269641036814,241.9210839550111,71.39469241514084,156.25006103217598
287.12987486592874,243.77185901476912,72.02244368280132,156.07065331527482
285.18519152302866,245.33576391188734,72.38128449610834,156.47336939353147
274.41906455580727,238.9743342129234,72.65756336576652,155.02557874826957
274.5539217412599,246.37110724200906,72.38784899486133,154.3376971228833
272.57547265609776,245.0636833326418,72.83305870786546,156.95254494161784
265.5529067330154,245.43108959097407,72.64804737994248,159.77526821847525
263.1802273903995,245.99656193647735,73.79806427276375,162.23966531987915
254.9221057745625,247.01946843194415,75.70905220310078,163.84516615427975
245.33545840927616,247.73100865567443,76.34171822776014,166.13021144800186
245.62149096472663,250.8800112558414,75.76965311685916,167.33707392149526
240.09576067163925,248.44951557204868,75.54127249770531,168.43811822063782
234.77000020580044,245.9177232590491,74.87702039698812,169.72977850250533
222.03106717384242,239.9050161385945,73.90204643749544,170.41826130481076
221.944022170346,236.8326861931337,74.0761364444883,169.01939595158916
212.50396553558454,238.56885630583827,74.18338699343789,169.30162827029474
204.98340817283696,240.10917899424993,74.18229294834555,169.98153508611824
200.9013607044206,241.45086692755677,74.80562253022859,171.06854189697935
192.62924765481597,243.1162148530872,76.16136839895806,171.53496610353847
190.1618254601604,242.6788157048292,77.2684547953863,172.40976440005448
178.30388449970724,244.1061751763042,77.824850614561,173.41495980739307
176.3255280908305,245.78788589526837,77.89728424573406,173.93581755604515
164.2918797987229,245.40239976676054,78.6059115702071,174.70678981306082
159.1442694792036,247.13525769656007,77.15088100097961,175.15782435621713
159.26575703136947,247.5378505087592,76.90790589664783,174.3526387318189
158.95383035851864,248.42889437261564,77.53175924234952,172.570551004106
155.54000919005725,248.98765142201157,76.62565425688194,171.45303690531415
144.57571909866243,247.20165612647455,75.54583096947246,171.19029358468828
144.80964570983812,249.0665928852989,75.07797774712105,171.27234646992991
137.72852730972718,247.1633706727581,74.02071944795416,171.27391712016424
139.85483211873114,247.77357593855209,73.55435427526987,170.05350658857625
132.93164646793946,249.8839231512865,72.35934967560614,169.59315613841926
131.29532839742376,251.95879554330293,71.8994228917908,169.1759742792332
127.57143889357653,251.7465747791903,71.91041747688939,169.60041580745843
123.50547753052038,251.82658564495796,72.59289549554232,169.4403940759231
121.2541372604089,252.88110761963728,73.3610920250113,171.0658341373184
111.09898129991157,254.35220843123437,74.813511346157,171.89521103409402
106.93318850767132,254.66612654616137,75.5266309538014,171.26737480424006
104.7745080794383,254.0535986666594,76.03128609799819,172.49243056324397
101.80620584280882,253.53636059191055,74.28918854728208,173.52690671274166
103.79347801132839,253.8027658015402,74.13823207260143,172.99409629348233
93.09904675485986,254.78972709099554,72.64782447178086,171.02017371457165
95.14521901453462,255.53793374372987,72.31378036805486,169.52376040910303
88.99397872899478,258.3231145910388,73.42400123293237,167.68415194988586
81.01079767887771,259.253095182508,74.4954362400738,165.82419076694754
75.24096518500863,259.7628635263034,74.88826908521827,164.80465407935665
67.46461820299248,259.6116184629716,75.61016851192818,165.10714420602022
65.70998339210644,259.212029267677,75.39469085074028,165.9063225966095
63.400530238879085,259.1165047730034,76.28101169413512,166.09737158595675
63.01535522775761,260.4772284902324,77.05136171637807,167.1268175224366
66.19674272154798,262.13718338413196,78.24728660770174,167.5862576740897
71.21135881260358,261.78675483578985,79.63889468753939,168.28711477077385
72.65498036462787,261.74835357171355,80.59309584486616,168.36391729892654
99.4009222459394,263.758004268949,81.12985626552184,168.20380477468984
96.99601856128007,264.6557990884908,82.07347198384946,166.40821513560616
70.3224834235102,265.77567725852305,81.43176986899084,164.16845879554174
80.16057407714703,264.0569818748812,80.81788505506272,163.79339026415624
98.69625584802475,266.475359999995,81.70987560486576,162.75296942308452
140.87242981769248,267.26646727189166,84.67823358286591,161.17075487929128
156.79107685357712,268.1119278406329,87.2614492474764,159.47983374180873
172.53338565015204,268.4503882657681,90.37152695531239,158.80291289153845
190.90290938591778,268.4690039105006,92.50083781836474,158.7656816020734
209.82797699026003,268.53135166809653,93.87471713901445,158.64098608688153
235.63728294240224,269.8225410660848,93.52537319303792,160.00239713385173
240.39144121571036,268.8320398349043,91.93326058065023,161.98339959621276
241.4009373749611,267.9908166553426,89.91426826214872,163.6658459553362
240.60959846132135,267.903850337172,87.54600851087274,163.8397785916774
239.8345789333182,267.99706966309145,85.18306166805452,163.65333993983845
236.29133233268,266.4492432954621,84.53022433318955,162.87932740702655
232.4151492641946,266.8724686041789,84.58846644745108,162.03287678959296
222.33607473990133,264.52669012030645,85.56846809446564,162.88880427702335
218.5416438079604,264.77345764111533,85.42721767934876,162.39526923540558
217.06060471133412,265.01089449454025,84.53392286945714,161.9203955285558
208.27582459747666,265.01106700530875,82.93828978665742,161.9200505070188
199.5661894636985,267.0023477793242,81.32978029336768,161.74304491115706
198.18072552340107,266.4219479992156,80.32551955327378,162.90384447137438
196.19208396185303,268.3748199791911,80.52801139899572,162.7728917887975
190.2232328255527,272.4228055258914,81.13655672280957,162.22969199458805
186.47334536968455,272.97035168765433,81.07838507096811,161.1345996710623
180.82769754647916,273.19691168781856,81.08389017150162,160.6814796707338
177.06810561582125,273.6562193720828,81.09229974417306,159.7628643022053
169.71251969609318,274.0890716894122,80.83519231370602,158.89715966754653
166.2999639931272,276.2790954664546,80.21042395967578,158.24205199344286
153.9872803393304,276.538440054495,78.90394180392202,157.72336281736193
147.60417646285765,278.24782821970166,76.97267369603648,157.97895545215647
142.5140533604361,278.24657319539585,76.21902327175123,157.9814655007681
131.65016033845012,276.7202403693755,76.15737510889613,157.40255878500423
126.45576352397856,277.4542338444769,75.68002210111848,155.93457183480137
115.85712381298723,277.80477809426907,75.32340401512431,155.23348333521713
110.60060289105658,277.89323814796074,75.1088033711352,155.05656322783372
108.23434032130567,278.1239891288661,76.27176056197737,154.59506126602295
100.14581642004366,278.0461523376822,78.11677006845613,154.7507348483909
101.25915072921084,278.02576086371187,79.50732122887806,154.7915177963315
88.73333588544683,277.4826817183193,79.06623957730781,155.87767608711664
88.64546068702481,276.9631574127228,79.24198997415188,156.9167246983096
77.32297167572148,277.012845940216,79.87657411999223,156.81734764332325
75.48601193430216,276.7857863792538,79.87259346069251,157.27146676524762
70.30086515135932,276.3595772502968,79.18941865550299,158.12388502316162
65.5979907880254,275.7747827086406,77.5396513780558,159.2934741064741
73.32017225472549,276.37657898329206,76.79001720731979,158.0898815571711
64.37247854499557,274.93293211577793,76.4700047486575,157.33409531657486
55.15554185618908,276.68891363017434,76.77147010964042,157.44861389110818
44.77034128485549,279.68366290070844,75.74152988333958,158.72589580636256
45.01483657073297,279.3340275520719,75.25253931158463,159.42516650363558
37.74960593964617,280.8374481959349,75.23981596732699,160.05412136751752
39.02134039895379,280.58472088134886,76.34108495618015,160.55957599668952
40.05746943920174,280.9243344459381,77.94013633393322,159.88034886751112
43.1535473195584,278.8879966574041,79.12640196180644,160.2638137502859
53.403790501257276,277.63433086975556,80.91829186546923,159.05574928107285
56.959439158030065,276.50528185893506,81.26439334024528,157.58514790855304
65.84641234599874,276.65034325581894,82.05591493328234,157.2950251147853
78.21616337423742,278.63939099846755,83.37361630302406,157.03938726180508
103.04427940541888,277.06769880782997,86.09606417260146,156.44143736222733
183.1966855167673,273.28478923943965,88.29305004838629,156.44903333163683
231.57208771623726,269.8130308801253,90.77542366164778,155.75922866471154
265.08828326083085,270.1900038221295,93.01727882963495,155.00528278070323
311.2610386223476,270.38311439273104,93.67776523957097,154.61906163950002
335.2157184050798,274.70241954910205,96.21661020149891,153.7417135617414
350.2858611215327,275.0623399531779,97.35795810779983,153.02187275358966
348.0500925768489,273.2648288561551,97.91094185570944,152.69834160617728
349.686962929193,273.27011527325135,98.56015553820441,152.68776877198485
340.27262722327544,272.7253739783806,97.72063418371198,153.77725136172626
341.05663048213904,272.71341753037865,96.15262766598468,153.8011642577302
343.31087885869266,272.9292736916587,91.6441309128775,153.3694519351701
334.271592984442,273.24333198286655,90.58395989249624,152.74133535275442
334.23921566186664,273.3914502989957,90.64871453764691,152.44509872049605
329.3200640566454,273.14913065414,89.09541888088073,152.92973801020753
331.85016589662433,272.9884843764119,87.81334721012345,153.25103056566365
323.02436919257593,274.1466704919711,86.65914152770955,154.69581815264732
325.2728126077693,274.2396680095695,85.92517652562483,154.50982311745048
326.8561407458592,274.3721055308513,86.50618865031613,154.24494807488702
335.9005234779542,274.8177024047236,87.18567694611855,153.35375432714238
337.94346596777035,275.07694045543485,86.85181341123628,152.83527822571983
339.49558455169,275.28747667655153,87.48624805740954,152.41420578348655
347.1377569859334,276.2525492630355,87.17473770743646,150.48406061051855
336.54466427172713,276.0449272994864,86.10505571548826,150.8993045376168
336.8494354049148,276.12086544346676,85.49551344911285,150.74742824965605
333.48217393748627,275.8754261717413,84.86061219833773,151.23830679310691
322.1443353202268,275.6110193209752,85.44924325293927,151.76712049463927
323.6084036411726,275.10572580020016,86.22012069511962,152.77770753618927
323.5663640408223,274.6353597390913,86.3041998958201,153.71843965840696
323.53937678009464,276.509932072356,86.35817441727542,153.71172107776658
321.6900228035148,276.1748508665898,86.31363690964623,154.38188348929899
321.83637627066315,276.99674657848664,86.02092997534949,152.73809206550524
322.00848498489916,277.4438865835172,85.67671254687747,151.8438120554441
336.01489181514364,277.69473627436184,83.59202935042805,151.34211267375483
348.39703893498705,278.3644401744951,80.79426438771614,150.0027048734884
351.29439827678965,280.1597889080372,78.59305839911126,150.0055201014044
353.9194160106086,282.27124550348617,76.89881459152355,149.33839857055676
354.92757314550977,284.2871379110802,74.88250032172124,148.82344937159888
355.3373100544941,284.50201712248304,74.06302650375254,148.3936909487931
357.2237445030029,284.7862463122004,73.74417623829821,147.8252325693585
361.08490597692503,284.56219989885255,72.90221148270751,148.27332539605408
362.9126583380975,286.41943706922814,72.67885345784781,147.9909977527883
364.54330749585006,288.02098895747486,72.84170027778153,148.21203911173373
366.61973653283286,289.63513275503936,72.11904340654118,148.41395271932993
368.5648967940784,289.85243133717836,71.6493306917097,147.979355555052
370.47115934529216,290.0299057920925,71.24290463832142,147.62440664522364
374.8477663795427,290.8105254627614,69.27739295724118,146.06316730388582
386.47239747126423,290.8009622107939,69.38612801331695,146.08229380782086
399.75627576120445,290.930986113652,69.53061761693444,145.8222460021047
414.56532454208485,291.50135871736603,69.95232653907367,144.6815007946766
427.04746967605024,290.6053967795252,71.61562603921685,143.14497594934892
429.7647057184706,291.18030063387596,72.8508128007499,141.9951682406475
429.8483806004005,289.7690123556392,72.68346303689023,141.4784357059899
429.6991193361112,290.25643329385446,72.98198556546878,140.50359382955932
420.88933928599243,290.61142691819566,74.00318383575578,139.79360658087694
420.60687914138987,290.6056085857089,74.56810412496084,139.8052432458504
420.4815872940477,292.1154575572717,74.81868781964528,140.12219460856912
415.6482270469346,293.5970486613097,74.44857351336815,140.50462400066087
414.15807032726974,293.4587258366861,74.08399517705482,140.7812696499082
406.1507259117578,294.2611850339965,73.38517895052019,139.17635125528727
406.27848165237083,294.60062242307976,73.1296674692941,138.4974764771208
406.2048037165792,294.7294539658368,73.27702334087738,138.2398133916067
406.60352405730856,294.7009537568892,72.47958265941864,138.29681380950194
407.25597427053094,294.5982355886839,71.1746822329739,138.50225014591254
407.69507471322316,294.0522488799477,70.29648134758938,139.59422356338496
407.1661966900136,294.37051578113034,68.09422128014111,138.95768976101965
407.83123305022855,294.5212453546993,66.76414855971123,138.65623061388163
405.4051695791098,296.00938179684783,65.24616936811613,138.865010796501
404.0978796779408,295.99934392780267,64.69910130661418,138.88508653459127
399.4841365168491,297.82339282266474,64.46943011477393,138.38937458287504
397.8807016488416,297.9727635187554,64.53514366277678,138.0906331906936
449.0254614116984,296.31649195067746,62.66018229899325,135.12726644172892
449.92121815979544,296.93995261244856,60.86866880279923,133.88034511818677
450.1842386199113,297.1155610660194,60.34262788256749,133.5291282110451
448.6592740175998,297.43859236571336,60.394337355708814,132.88306561165717
445.92757373146213,296.79908682191376,59.87825366337576,131.1723345669521
443.22199702441765,297.46943464521405,59.37773652340644,129.83163892035154
441.6272731750974,297.9002932252662,59.63960654445053,128.96992176024736
441.62592075931735,298.70796326331526,59.64231137601067,127.3545816841492
439.91420757416216,296.08489173936306,60.1695724183503,126.80839407611211
433.75319583825654,296.2522392218867,60.90197305564823,126.47369911106475
431.52705896371185,296.719352320693,62.44897059614526,125.53947291345217
430.1363924071509,296.6484774009292,62.31183391560627,125.68122275297975
424.22851296011464,297.0173041087774,62.454917389723526,124.94356933728336
422.894428801819,296.8712046731275,62.21323533299345,125.23576820858324
421.0117175503539,297.00570482944215,60.1587709464511,124.96676789595386
414.72731675822524,294.49953605705366,58.37579991416749,124.23839639411443
413.90780875997507,294.8728034518485,57.18614879937257,123.49186160452484
410.18795750659734,295.11127179475426,56.234811796521925,123.01492491871329
408.9948629085273,295.1329955721137,55.84757760303764,122.97147736399438
407.77542587027654,295.06445252814956,55.52044768703339,123.10856345192269
404.5862474861046,296.57427206116444,56.37429397655915,122.85117962530201
403.2531833879639,296.2934865583906,56.26693600766068,123.41275063084967
400.46034783493246,296.2374676132014,56.29307023511748,123.52478852122823
398.8599210056473,296.40513199391887,56.71206917242796,123.1894597597932
396.0383546031603,296.72744317878323,56.78656360946921,122.54483739006447
393.4306128925453,297.13915336520756,56.44955698638918,121.72141701721574
390.8357189095453,297.1507821465136,56.12260546408132,121.69815945460374
388.7445879298981,297.61685956704923,54.80024343723284,120.76600461353252
387.7793547131192,297.7949953355434,54.01511550942109,120.40973307654419
386.77491897020127,298.9467288811459,53.3273479326127,118.10626598533912
384.5815232830403,299.3799481520409,52.411900167002386,117.23982744354913
383.78101867602805,299.4328277431572,51.39044630636498,117.13406826131649
381.4113520670925,300.208627875916,50.92387416514553,115.58246799579892
378.59173280416144,301.0712111029998,51.418620680706866,113.8573015416313
377.0559438458328,303.4460137190525,51.93428371003209,111.66361119685799
375.52022148221954,304.2852570748248,52.47267467629494,109.9851244853134
374.03095676620643,305.8307587516853,52.93321176164607,109.41211347826743
372.7406740611825,306.52535531998626,52.996133409841505,108.0229203416655
371.3743772395845,308.4779803501277,53.23028565899372,106.61611167542655
369.8935166714858,309.8923356707132,53.71008709754541,106.26932073190122
367.4438112102787,309.70507385473655,53.63922441227102,106.64384436385443
365.98241824298054,309.8941013234153,54.0726111743014,106.26578942649685
364.107841326892,308.91726352298787,52.83907482629844,105.72811993726178
363.55641221019783,309.4607748202012,51.47978272717167,104.64109734283511
361.6136700331026,309.80050841415243,50.519866455621894,103.96163015493269
359.6320478509234,309.2608326308113,49.690891190121256,105.0409817216149
357.5324470677398,309.23570870257726,49.09523280120705,105.09122957808303
356.50361980712296,310.75306384322283,48.76512130267696,104.44428531655569
355.56380593848354,310.86408190848044,48.272169202322495,104.22224918604044
355.4370763436677,311.53276149523725,48.52562839195418,102.88489001252682
363.21982192366625,312.2106279754165,49.379937078130624,101.52915705216836
372.47112860782283,314.98993807437427,49.60354655755178,100.65209256618644
383.1161955785989,319.8895694848744,49.29997202977057,100.18018948463981
389.7270157114928,321.3209644744117,49.99638733239546,99.63707543363395
389.59960417270815,319.6794067559944,50.251210409964784,100.59640226611444
388.49644887787883,317.952859903075,50.11527764058527,101.70725261291514
392.0485547270281,317.656486583119,50.07949105975058,102.29999925282718
392.06438452358896,318.07211635502165,50.04783146662882,101.46873970902185
396.35223509241274,318.9895925500283,50.8780684904676,101.98527185938022
396.08402030720686,317.38948962919426,51.41449806087937,102.8120547712459
397.18725208496875,316.40679489086136,51.602843738431744,102.3826350148356
398.9410881483942,316.0829479580405,52.878725895186896,103.03032888047736
398.3320652685233,315.8576126068472,54.09677165492869,103.48099958286389
406.73221032199467,316.75617346576513,54.4526708322128,104.13476204848908
415.2679929771285,316.5235171465888,54.647383416699796,104.60007468684168
425.0408070001304,316.4511953296486,54.91613264247738,104.74471832072214
442.1513109955897,316.42839949476405,55.46472977478291,104.79030999049121
449.6574297280434,316.6075585768285,55.41430978411458,104.43199182636221
449.8426718823367,316.7653596152894,55.04382547552804,104.11638974944047
