107.0,148.0,14.0,27.0
110.86102337231269,148.40280674716362,14.565499778131187,26.194386505672743
113.24703246177724,148.29838656592077,14.876068850118882,25.76790346179389
115.93499794574433,149.92422442114133,15.208755467010185,25.687681965144673
118.58091492023311,149.33121592954706,15.665500850782706,25.59623687438875
122.94594299551028,152.14121834563676,15.966411735228231,25.13678463363783
127.15118948939305,152.4124582314253,15.918225048532499,25.237559192912286
129.51037117536035,152.39578991245008,15.707547410338838,25.27089583086269
131.26743755119855,152.64464096428256,16.038942798097562,25.41411508377022
136.14850083491459,154.83095370158478,16.006067757216858,25.58180698822313
138.68474082171224,153.17426601179244,16.138167298318542,25.64232017112218
140.81826557295386,153.8405851782801,16.446952670310573,25.617063230854114
141.86747945245574,154.62171328320716,16.323960161354055,25.371763854364886
146.51638002779166,156.89780269768906,16.164649172138407,25.388830106129163
149.19794229509026,155.21707519323317,16.004262813726484,25.49857375492514
152.8330117116877,154.95792496691288,15.876406554718326,26.01687420756571
155.4882967531055,156.06817779835762,15.804933211396552,26.415916914433115
180.6267769428572,162.35470814296718,16.319086805999206,26.375728504538884
185.96008448684907,163.25596497100645,16.335351642109856,26.576254834228067
188.93338255485534,164.0716986075116,16.427260974752592,26.95762271743619
191.8347097093662,165.9668270206902,16.050018686562872,27.236424906702936
194.614807205541,164.96382938672193,15.897516695990628,27.21453529897297
196.26827076582816,165.14363222741073,15.955872699970623,26.854929617595356
198.9899801467232,165.12513927424527,15.862065471689876,26.89191552392631
200.3514632021509,164.2606890209953,15.809763810899835,26.617817692877242
202.9620844705491,166.58441218472925,15.890192722580956,26.609333882827116
204.3401019339856,166.37017026615342,15.789920144487024,26.37387713278392
206.99958217517195,167.32619350993517,15.740928906673737,26.438069111930247
210.02746302942492,167.93425551075936,15.615034338329735,26.539693363651192
212.97485294749143,168.15255700715076,15.644569050528535,26.761347542905234
214.8703594468089,169.78505094060813,15.825844541050202,26.806600083620925
217.5586443331475,170.48761576843475,15.775565160880781,26.73304302609468
220.30085413440202,170.75334977574798,15.601893895381151,26.86541855359441
223.74533718094312,170.99253115567555,15.34162553986468,27.04992556749583
226.35895834007408,171.2710281112036,15.40388051338876,27.154118817913016
228.6462270964671,171.38488895904737,15.475856945423075,26.926397122225488
231.78503316378948,174.4944266789479,15.814615710074115,26.662055491790618
236.96279520341173,174.35914006420353,15.410818918211831,26.932628721279315
239.5993028768696,172.91363947750716,15.422808453582102,26.520501843243345
242.4839233623464,174.42107560423744,15.546037657489238,26.12450522305423
247.00586755017602,177.18000601010883,15.615046726802305,25.814014379867047
250.5525611361825,177.53207324907703,15.643772683238957,25.757344731789743
253.49690459661736,177.7247840603068,15.579026264253818,26.0190276095396
255.76434979502585,177.51055687427308,15.593500250889278,26.44748198160703
258.21291534211093,179.37595843798417,15.948555702904269,26.655818763823795
260.1094047505241,180.18519300898677,16.14927794400724,26.36858330779499
266.4852184557092,183.25292383221898,16.027328805477968,26.21560084272889
269.52950825643455,190.73710109679365,16.542631117946765,25.77578652420236
273.78317348193707,195.25810751217517,16.64720683432309,25.345679860820702
278.8825960020746,193.55564272648564,16.31459466864429,25.461865140667754
288.36734715603416,199.99289058142386,16.3094241245118,25.012276448444606
303.44139438118054,209.13004784531626,16.575840909612936,24.210127949503107
304.31154646297404,209.1113722339481,16.753975493227745,23.607999589838816
302.9756864023328,209.39631247691332,16.89239020625255,23.03811910390834
303.4821514873262,209.90962850543872,17.133384355304855,22.638449206377064
302.78965270636894,209.85491585255429,17.268729303535466,22.123048205303988
303.3722047274973,210.03207550644913,17.341953784313844,21.768728897514276
302.48080313261227,210.5095578440108,17.279969505140308,21.428693378705514
303.136137450234,210.30316002604354,17.186719494769996,21.232779702203445
303.39361356081974,210.72439611650557,17.275959392462404,20.994499640143207
303.4213849178674,210.77064089077263,17.22041667836714,20.902010091609107
303.1853683918041,210.16585961711888,17.09279684759731,20.912266873124047
303.53448148437525,210.53889398397766,16.99231950954347,20.763946986494823
302.97113393821655,210.88761590769056,16.93132510011965,20.66034788993958
304.204219949256,211.24224159404707,16.83021799250898,20.542362745843683
302.8282789856955,210.08544699438272,16.643008401480866,20.504678730653005
303.6738804910471,210.3821730907158,16.704441930742288,20.495438717975066
