68.0,336.0,375.0,144.0
28.11299643215179,327.06800877813134,383.0596075222978,145.9274491963154
2.333993697883585,317.8325309401477,385.9062809533922,148.16129419313526
-22.206660646470482,316.81676948727363,385.79040103725254,150.1928170988834
-21.10950803391347,311.67452368064465,383.5960958121385,152.24300871873174
-21.4236519275953,306.22151684351866,384.2243835995022,154.90958845523704
-24.995355741726968,304.94041440164756,383.07171506736745,157.47179333897924
-24.717921430017356,304.04030205496906,382.5168464439482,159.27201803233623
-19.12119518704145,299.09228920769294,379.672459221395,160.81897846348988
-13.000730633721844,290.4237167856372,375.76693778731857,161.4853079624758
17.012488024220772,286.7963996305174,373.77553331446205,160.44922329513992
17.51028973221932,282.9215087362907,372.77992989846496,159.95540979547138
43.718035862509566,279.2263733909644,369.68721554259855,159.12521750200503
18.113718351999466,279.90119478329774,371.9295857618348,157.7755747173384
35.279891845649104,280.0760342069207,362.1060466995168,157.42589587009243
73.6463363262763,272.12556214162174,349.5435488491336,157.2842422229726
85.02980315194384,265.84553264269937,342.44993401885006,154.17098239976573
100.64232698807092,256.235216877267,334.2618981013378,150.35460217588854
109.91877496002712,257.46508390197437,330.6952273895994,147.8948681264739
108.3838944429096,254.4648634125456,333.76498842383444,146.49717811408385
79.14658847201949,255.93886497290748,332.8952081979366,143.5491749933601
58.47083547583202,253.54879223207058,330.12606467529974,140.97587888919858
41.515296747958786,250.97324384798404,327.6976771112162,138.85908265340566
24.734561980473217,251.95842245109046,325.2825449686041,136.88872544719283
7.325069780597232,249.16873207232518,324.4739594812442,135.34259222730094
16.38025984972478,246.31804546834974,320.5364084784098,133.95755086754153
36.22630499956773,246.80982425637728,322.874236741959,132.9739932914864
50.841531502937784,247.3209721950917,328.7500706479428,131.95169741405752
63.943380245796845,244.67334961666958,330.8972892886888,130.15921353928576
65.54170537301204,244.76019310302814,334.7872384224507,129.98552656656864
75.8906557801433,244.6241522412943,342.6469266693441,130.25760829003633
82.86209078790856,237.03094852098837,350.4754043010085,130.92978396585158
61.459131706516274,236.43229610714454,356.37403031152263,132.12708879353926
30.702451354059576,235.91777704134125,357.9869902413184,133.15612692514583
23.414318756440082,234.9698155332748,357.5048321751658,135.05204994127868
39.36006117406242,233.63616286878263,355.83913110557796,137.71935527026307
63.804182241883126,232.7608085801375,352.43357352103874,139.47006384755335
90.38691336908141,232.13511989819193,344.6451552193895,140.72144121144444
116.93594123707715,231.4336663554031,336.3851564196267,142.12434829702212
125.8745793710084,231.05418050754184,325.88658549260333,142.88331999274465
130.34589839301623,230.537011898973,316.94394744858766,143.91765720988235
132.03869837684016,226.2812677852786,306.42970753781185,145.3005054941432
137.12700209221114,225.38145084125023,296.2531001070699,147.10013938219993
134.39581332469427,221.28821633651697,287.9505650401406,148.40415209068493
131.91892372980357,215.07065298853678,279.3377230655932,147.2726576223165
142.63462992442157,240.2237411336907,271.18092498305384,143.4276314054468
139.9999784133201,251.07858592625377,263.5476002981201,141.07188338102586
137.50860544519855,249.51854288154885,255.93322617345459,137.8934094399814
70.84048673741763,179.3818449510466,254.36647462268851,130.99990824680998
41.06429064985423,174.2404571830255,254.01371482023342,123.31113818957758
35.25365079504462,174.51552997409217,248.07802784970244,116.90867038072746
22.706429926146598,174.35943703386073,244.90114090809595,111.56659052530983
11.6802077114896,176.13672065708346,239.38050477003566,108.01202327886439
0.7154207935570298,175.61757238004517,234.4497404259895,103.67825219695868
-5.470190692071455,174.78883418645165,231.1479357514097,100.1113860355335
-4.001503977749991,175.8676553717247,223.09693390518237,97.95374366498739
-8.075200758472732,174.36748368851653,216.36743793902087,95.99512385553479
