282.0,351.0,38.0,54.0
281.4699378817838,348.1863627874312,36.17346238134207,56.740612570047276
276.92137979650767,347.15996950262195,35.09100912615739,58.79339913966572
274.72152599892496,345.3501168743919,35.090713293533895,59.47976877759987
274.2114237311814,345.17211501165195,34.63405222369381,59.83577250307988
274.68826798336136,344.10590399393476,33.68036371933401,60.49377453643707
280.6409598641354,342.0882218374344,33.51859682949417,60.12528252254725
287.4425776657346,338.67729745374584,33.05310847380241,59.6483828190874
293.2823161094346,335.7191703129634,32.931778232107305,59.78556377779979
294.25782706760987,331.8989374627184,32.42548042135537,58.757684844697664
298.813413431174,327.95138369389537,31.839752087770577,58.12734798880029
298.8756938940096,323.9892324266492,31.715191162099348,57.64203201401253
299.5878895180068,322.54347999837785,31.68311321113788,57.74891027648938
304.9550003428493,318.20350123043005,32.095636427374046,58.06880916294418
311.2309754097504,316.21110554198555,32.18965016255676,59.2433863467254
317.10599493157974,312.641952997195,31.83197630696022,59.26146319376752
323.0381239628839,307.7727913492877,31.313242301501532,59.072452939576394
323.9192691675826,304.04394426313985,30.957466275515976,58.091060811400055
328.7967669604832,300.2482474118144,30.904249031879704,57.366644506481194
332.91683586938456,296.4310620039614,30.910438219508613,56.75468831675545
338.2100192052005,293.5168721764011,31.247852919700648,57.12117728596424
344.3061119145936,292.9217968685112,31.445475591580223,56.93468255833673
349.71310401068854,292.86434675378194,31.64962452043745,57.049582787795195
355.5045529903229,293.59924384169585,32.508738400955835,56.96223437194369
361.03518309728594,294.6160686275294,32.6136647842689,56.324358124931585
366.6305335847259,295.3144723010767,32.52776112045725,56.31565044172041
371.65553480388877,294.68332305276067,32.18335886701587,56.19143462622615
376.661955167753,291.8576819997911,31.82233174109524,56.32739467398936
377.69118552507365,286.48472886001076,31.138580346674477,56.075626391784866
380.770491796251,281.6857909057256,30.417342811748675,56.158096037354724
381.7062407723767,281.2693194517659,29.894087908773983,55.642795895997494
382.62393662876286,277.188598684801,29.390388466339513,54.48239153756231
382.7100123312456,277.45744656630905,29.218237061373983,53.94469577454615
382.33739389458424,276.27554007924056,28.668374364745628,53.71830960878109
381.9701974012885,272.7473510065049,28.12042003971664,54.36295119615019
382.0149518904347,270.6884456302294,28.03091106142427,54.63353202680563
383.6842113182607,265.5973279805674,27.26207051534713,54.537054087830384
388.2935723682283,261.58186645997466,26.934373267244943,54.947098684587395
390.2228341840967,256.6490151462255,26.887249866592125,54.64906736252853
391.4802202632432,251.80367362283525,26.903062675483994,54.21741054056959
395.291523037196,247.52566000895553,26.835975655560244,53.95866615235014
397.1012897553968,243.72944942159108,26.979357697987755,54.025256369420646
399.43531603690724,243.2776532240707,27.342352333497054,53.67108696482883
404.11485308668233,243.85708752781503,28.054044197603666,53.77106410279721
409.9537362397817,246.42883737263526,29.102019489804896,53.7178610525167
418.16626870803975,247.74482805215476,29.443930805046378,53.665414501440466
423.5608481251117,248.01255221613013,29.013476659293854,53.129966173489706
426.4707763823194,248.03996575523195,28.31195576537455,53.07513909528611
430.6310216568906,248.35494435775828,27.592072700449457,53.71194980426962
434.6541530843412,250.98717124566522,27.128321922914104,53.502504080033006
435.27280688624217,251.45392688017958,27.143693831058975,52.56899281100432
439.70466749342467,252.63275064337293,26.9547303714465,52.68984750026124
439.69115747599494,254.18107951076993,26.98175040630604,52.0687251620506
439.5954860970223,255.192470864018,27.173093164251362,51.275059779991366
434.5613318115681,258.2129447387285,27.475479489867805,50.117073153216374
430.3241283298793,259.8459663126155,27.487905592790106,49.26873882271539
427.0429797174012,261.11287496448966,26.870977231322463,49.127996714441565
424.2689352696917,262.48070145597103,26.49939789129631,48.7602110256569
419.5394170021092,266.7317917194941,26.581174448548303,48.46313297928472
414.4459388415939,270.4864253127431,26.245577208896503,47.96890149990825
407.04153731032534,274.64316640482014,26.024466753752392,47.74844967142873
403.9094047037899,276.2539433580806,25.394032772214487,47.974245362212216
400.133920762778,279.15655712794177,24.953492217189385,47.877238134667635
396.8096983378686,280.54990901212636,24.806048059612323,47.3558307020971
391.6127000484876,283.7142952718342,25.09798869219717,46.63931148611313
382.36412434324643,288.1746287196148,25.72449162159222,45.537053301027555
375.36196863822164,295.17903850425125,25.28147618030534,45.97556058309112
371.8685315090173,299.1038078858334,24.496498311706457,45.89787394693442
372.2659188952519,300.4684470315343,23.701723539237236,46.45566542362463
372.3540217658012,300.3600439652562,23.525517798138658,46.672471556180824
369.7913059889902,296.94814613306227,23.19918853842929,46.95415424457105
370.0055140050104,293.1354795014655,22.770772506388916,46.95769359757199
370.1560809516005,288.11949695676105,22.469638613208772,46.17521221958634
366.9732843257821,287.69496387305344,22.446525626060794,45.959494013870824
362.353196086489,290.7700638122192,24.25808236576752,44.0542197006133
349.7044103009617,300.5049539972225,25.0737255182233,42.6797777269624
340.25163859652633,310.1463280123225,24.9363481584117,42.439950465444774
331.18647129460004,319.24018931112903,24.129697504702104,43.18921312539379
323.81898525519614,323.7715913675061,24.172171331095022,42.52212229973395
317.4035093009641,326.75833143940406,23.478989970038004,42.79054981879398
310.89593691511254,326.5985225257095,23.071927475643076,43.11016764618303
305.0128370034946,330.5595483805899,23.505647306894467,42.399694113139596
324.12906908202876,311.3001725244883,23.278154536407627,41.8863130499348
334.2660580626035,310.74450792400194,24.333839107732963,40.96624581924326
329.6876994832137,317.6498496408064,25.33076152284745,39.395254501132015
326.05210246372883,327.60371632986215,25.509040981549678,38.73971784088924
325.5367366877739,325.14221154251464,25.533358691124604,37.62424436157438
326.31941711033517,324.75649211765256,25.948079814553715,36.415601242746924
327.25095357965466,322.73460847650836,26.042288009015536,35.56616569228309
325.8185918548853,318.9396222668224,26.972392739688622,34.45035387675961
314.3901257375939,334.66947723924847,26.657480045648093,35.817424247457424
310.52660897753225,336.5885361615235,26.53483777731947,35.904144297133264
306.6047799844114,341.09101334900356,26.534338953678073,35.72386633329154
303.3478435095552,346.8635118317282,27.181589256532277,34.93434422041551
304.40134449246483,348.1331522617241,27.027181363085205,34.34765743279584
304.55872546062295,349.746006865249,26.712419426768975,34.01638592516494
303.89651543981984,351.6078213414306,26.127582832456465,34.11127024463923
295.22597169112254,360.99474778520147,25.484065054579336,35.21513897713481
287.4974832190092,363.9227677208899,24.743151924443023,36.981635611340366
276.46093674693356,369.43274826589726,24.569371587813443,37.5687388417331
263.2486097344541,372.79134304918,24.718033771177332,37.6638434563219
249.97182594453125,382.515676123249,24.890200802117096,37.75695549255862
242.01084397775097,389.19588544702333,25.110507591235397,38.13548684639699
234.925990862277,390.9471015549281,25.410336034388088,38.59587685567181
227.27085734870812,389.6695679207405,25.681444057037115,38.14311232314928
215.2977926514864,395.3047903167925,24.619822457819055,39.87669804774926
203.72363763150662,397.2451139224196,23.562602450986468,42.047433348193216
193.9539031408236,399.5187224213328,24.68940676926966,41.591919608829585
193.6418539905884,392.7231665121509,26.34878579759674,39.653820509343284
192.23464550637874,397.45912695343316,27.094966826157815,38.45484338621186
185.21797402943008,407.84632831202873,26.7307403872726,39.27679475819456
176.537712613243,418.7433858434955,26.499936174757977,41.28271040305174
163.96690076363632,424.8173097632485,26.17569167448694,42.92887450493308
130.6413602259707,441.07217340797706,25.852128802064698,44.986705382058446
126.89694045439721,436.43430960457533,25.6035105492068,46.52497519285708
124.67303165985955,435.3517048133561,25.5558384398532,47.56631235068819
140.85344059820264,420.65426220511125,25.070589358775514,49.63928145665632
128.80678629119316,423.0779983184626,24.792981467132236,51.754928231571384
118.83980877456888,425.49477664880885,25.74073631756985,51.66792161658174
85.95971954510966,441.700499148761,26.602749749320438,51.70555913026121
81.54463635036888,442.1336260527113,28.129368168674134,50.839305322360744
81.67309431298432,442.52798017043233,29.103130031233654,51.28127487470911
85.37778210056578,442.4206466076014,29.216512799003528,52.74973505752648
87.49877155748248,440.71906644263083,28.806846190881373,54.87545795223052
88.326167156398,435.84284058056693,28.45380245071116,56.817424930393415
89.56075709379697,436.81235300432303,28.632926185484678,58.85085549723843
92.0697292808679,437.36518144381466,29.042962992618726,60.45918920889315
91.60147589957948,435.67440144330556,29.979469755195577,61.065538459099066
91.25808247485261,436.59941801085927,30.66625660464929,62.04096859742661
91.36992409894971,438.2040628406976,30.44257335645512,63.14838725094352
90.98278914390649,441.20433302531956,31.216843266541552,62.95264916495472
89.53254961574522,443.9894317419415,32.65554333550859,61.767788693777376
88.26678460851508,446.42467393883817,33.71786683681181,61.30492383945513
90.73619524346236,442.1071107865502,34.70133374010923,61.05661788424308
87.6883941867288,437.9906995549892,34.82232777729438,61.82118025201268
88.07937173476456,435.4104856219467,34.04037268122287,62.460535099601046
88.02683202550291,434.7488964281604,34.145452099746166,62.2805806853677
96.94217484274148,426.0094264751297,34.34204661354331,61.73224044315471
96.29799648547693,425.38438143188563,34.13287292845663,61.48480013002706
101.75579623400691,418.5974831986506,33.64943400514196,61.64581871596755
104.83847586897467,415.1771776226007,33.421808829585665,62.54869577368814
104.82485277800845,408.89620649532714,33.44905501151811,61.666044901798756
102.69758781168994,403.43185136060737,33.25966754345431,60.74430876936931
102.13731441830679,399.05534811328897,32.91574086044054,59.24600097554567
101.53744797268425,394.7244766889222,32.67899204378104,57.85237186894727
102.23409585629916,396.186221680828,31.285696276551228,57.75257078631968
106.38789531340612,395.1057615101354,31.297721577050186,57.14028305613394
111.28949940405928,396.62543138862196,31.138967597980997,56.856501642657165
116.7391607790743,394.83197805585587,31.206684130673565,56.33076857716831
123.00074682592339,385.5181716209333,30.961979205975243,54.49426949868041
131.7321306628774,383.51532325764214,32.160518160724,53.168164331360806
128.1744642315657,383.98606970703105,31.274618319767733,52.22667143258295
130.01356486707806,382.8099031169211,30.205598937284414,51.96982272426152
131.05490855442926,384.20830094494386,29.405615512456855,51.73843496796549
131.4484766205117,386.14408489189645,28.618479380291966,51.66397232778735
131.85060470853819,387.0599930572907,27.814223204239017,52.334557024623344
127.65567044581361,385.0505515123201,27.47277395123055,52.6114467809398
127.93756045882367,383.9030351129052,26.908993925210446,52.4154029752158
128.1842210988273,383.08673916271306,26.415672645203166,52.8150421034311
132.8947487357647,385.7678981413538,26.83694262154539,52.37388677125823
137.6183796099622,384.1687593181275,27.238492509845663,51.87886005395006
145.62230486860324,383.15754223909437,27.23030784483911,52.67055068491823
151.93534063330293,381.95400044172885,27.026574344542272,53.835400476738954
161.83180796864437,381.4714070807517,27.326418799720578,54.80058719869329
166.64067513849025,380.8478514221917,27.909626799485167,56.0476985158133
170.30323855027484,377.3584586717472,28.40529982300381,56.50915081079579
171.58209256108213,375.224490869434,28.485188656797114,56.8206911323103
176.29281616719578,380.9123932958436,29.66168165756529,57.367569019111066
182.19477292000005,405.173604055632,31.388421849774275,57.555500811677184
171.55563198041386,410.67735862811327,34.65579252697259,54.86071991377956
189.65472595483652,415.43968805006944,37.67728152160316,52.339574809773666
206.57127280888608,440.5322439626146,37.75328826870917,53.01811366749111
245.64838844883886,426.7406689202802,39.365943153555875,53.53749880340465
256.5553482303788,432.5599781635274,39.43379456659891,55.027942902584094
239.81680823680617,439.1266416798734,40.29565147716843,55.237207128491306
240.5566801320764,440.9992055446225,40.31575491484532,55.99162108364531
280.26433529420234,442.5078197623734,42.527952451333384,57.50925419596245
280.9133638856173,441.0793751185358,42.80086168633997,60.366143483637615
290.3124670888139,442.3940911876799,45.04678726442875,60.97427011219267
291.9992983637202,441.91611444818324,46.667843007945024,61.930223591186035
294.7883348186512,444.639768323855,47.91368271377898,63.306828455538465
302.67873300316,441.60602458887973,49.60593929526725,64.13240004033716
305.3288296602677,439.2058092248818,51.45574224344114,65.35783263713842
314.7569736857922,435.7637040386509,52.79901904439768,66.73307077723507
312.5558108598554,432.0404113245178,55.32214977222079,66.662876509299
313.65942156814333,427.7590124797758,56.95282328986572,67.54988433034134
314.5770792803257,426.48034572334484,59.035300315217015,68.14832161834522
370.1449034184272,398.74962917358266,55.98637043458898,71.56800141629645
373.56555967826495,393.6345969566887,55.15999764604025,71.77316629820643
377.06118865718435,392.71382034253367,54.15272764117512,73.6147195265165
385.9764341414676,388.82392818129995,54.378411306600825,73.36953734498736
394.59066422513365,387.82525150964,55.20587233371583,73.36067722225766
396.2016867402557,388.48241442514563,54.00344455638049,74.06596864415518
397.4505307573803,389.59891169524127,53.51640141456284,73.8436189963955
406.5438104028619,389.6054527341401,51.32402587911323,73.83053691859791
414.0362909298676,390.66657948239146,50.07974719339333,73.67123804613688
424.69074110830536,390.19724746426516,48.170457342453886,74.60990208238943
437.5340307531155,390.4808121897186,47.47389129310105,74.04277263148252
444.5972700611625,389.8435301421201,48.56484142578291,71.51297953948561
451.9652572743597,393.9621867840674,48.88755801392284,70.80501176285816
453.25785988121936,395.95060445766285,48.1793581284945,72.4591924005404
459.093254262332,394.94316696725986,49.73980107259695,70.69371546525271
460.7120757209089,397.7402827662118,50.28095930264131,70.76768558814604
465.5237289594998,397.2978461824621,50.154854393842086,73.55199906932206
467.0052896905332,398.2190771809105,49.131141788713336,75.58835478630105
471.03373531293335,397.27370994663147,48.886279129511564,75.52608210845955
471.2019031282204,397.0665941022846,50.49793208229518,73.99232521379541
472.3178362149995,397.2937379477306,52.16952327217457,71.58630884118458
472.27403700406194,397.26001769507286,52.25712169404971,71.6537493465002
472.1898803282545,397.48462540034,52.42543504566453,71.20453393596587
472.0258998067552,397.71782014410775,52.753396088663216,70.73814444843036
472.6996397200737,398.0308555707882,51.40591626202617,72.05165947254787
473.59076088464127,398.4962822069663,49.623673932891045,73.0582116601931
474.309002135553,400.22342903073525,48.18719143106763,73.45025027161188
474.9463888165849,402.5451484966301,46.91241806900383,74.52239237978787
468.76989225693694,407.64823539658926,45.96567934946138,75.71598872744518
468.1205026845348,407.6262393351649,47.26445849426567,75.75998085029391
463.750883127933,408.986148960636,48.306272715776615,74.96451782227479
459.26608034690344,411.1872101321593,47.62642625022096,74.42217629027417
454.61119894159594,411.22853556965066,47.384141944598156,74.33952541529143
453.6748208077654,409.7278891736857,49.2568982122592,73.5305751660541
446.32987025310973,409.9051950067522,50.47745746205745,73.17596349992108
443.39386105404077,409.19469050403364,50.532240276786716,72.65789397755535
442.80599034856675,406.79904449624024,51.707981687734815,71.65269503540024
439.375404548752,406.30575909324926,50.82383434244514,72.63926584138224
439.5699490711533,404.83668999144305,50.434745297642465,73.64070610908867
440.47581563170746,405.26838830178997,50.568393762217575,74.72269107407823
418.8140743092654,364.46686556726644,48.722175751751934,75.80583537489301
419.6436451320633,363.05845882985767,47.063034106156124,76.67320764465487
419.93490238217225,362.2728639571267,46.48051960593819,76.30979373985207
420.9525593861353,362.0389918853302,46.36459378229785,76.77753788344498
422.155319288314,362.53517083496087,45.8834774857317,77.70958349197488
421.2341863175336,362.7721113450233,45.795596210499426,77.23570247184996
423.3241282132322,363.4564383491108,45.45895236515558,77.78866843670176
423.1726378036029,363.79543459684487,45.76193318441413,77.11067594123352
424.0885387365842,363.8779338483555,45.849324227228976,76.94567743821237
424.05148022916035,364.2338200097351,45.92344124207676,76.23390511545315
425.03500142189404,363.9389074185441,45.86527440747648,74.91485474696793
423.35730292625004,364.22745038582246,45.44418048360217,74.33776881241127
421.61171903421115,365.29181629810057,45.19022857356563,74.08159683491216
420.7738454234774,363.76069591371714,45.00150659229335,73.41489919819949
419.96302629165405,363.7804595206157,44.77178876909956,73.37537198440239
419.15898385149126,366.15807366448723,44.53297056882468,74.16085293846056
433.3251367500631,411.8791222904124,44.0193448834427,75.4476893924829
433.3172991934859,415.2253187163543,44.035019996597114,76.21539342978511
433.3407472177615,416.81267445964005,43.98812394804597,76.79403855476122
433.1331332311495,416.65818751089716,44.40335192126995,77.10301245224697
433.9952481694941,417.640174760848,44.57520594024333,77.03512184800786
432.03979950785856,417.39687329475794,46.588111968339945,75.62373348501355
427.184587895873,418.4161007030236,46.743694204761916,75.4962468659921
424.77692496810715,418.9973166879092,47.73566188965252,74.3338148962209
424.4482290940318,419.9142860552828,48.39305363780324,74.4107874758587
426.65063236516846,421.3088229768827,49.75735901646883,73.54475093963842
428.95273593542936,421.0720178585709,50.95128436339476,72.08565034711283
429.34179606602936,422.7240001817135,52.10359413093721,70.71211572957006
374.30325728394644,448.50033048079825,56.11055848105626,67.3731429559673
371.21008024789467,450.15065227525656,58.41170842037606,66.01510143344255
372.34799177932274,447.0268683964853,60.05301034619388,64.428419213637
362.56906072317554,451.44696943428653,60.01052535287437,65.38839069084148
373.2272967554429,448.3815452666232,60.41170551311615,65.59624296486538
371.42229315996894,450.89228938979625,62.03775551920654,64.5426690882345
375.27401524032126,448.0683887686399,62.30749108797854,64.21058553343973
362.4324669216354,451.8350167670351,62.08998178244994,64.64674674984936
369.6230501080222,450.64036663390993,61.6790825956345,65.04029456096286
374.1570725857793,450.8042344326074,62.58806379860674,64.71255896356786
377.1801817603679,450.558678889612,62.55583871436908,65.2036700495587
372.7421417256386,451.69948381803925,63.38450782310207,64.93391293288565
370.56949225548976,452.47671595006915,63.68835535674003,65.40017437215569
372.7842511139014,452.96821034194994,63.32452873230919,66.45003113459032
372.9133641881363,452.90649218373704,63.066302583839374,66.57346745101604
372.6748838125151,450.9324185071248,63.54326333508186,66.43884600084813
372.20931431822453,452.9499737162061,64.47440232366293,66.49740632454696
371.159074723628,451.8423528115486,64.51239485696564,66.65016147797165
371.69242287789206,452.08315939697593,65.51118202774558,66.16854830711708
369.20433342807235,454.0975617355339,66.33998076598276,66.28712379140342
375.6784585798947,453.6425000308892,65.9234251323408,67.19724720069267
374.4538288470488,454.2844960828287,66.27632005180536,68.00961964304102
374.03929018472263,453.78930452133784,67.10539737645762,66.88530759926688
372.6801332177492,455.0354987692577,67.71362217990884,66.50300823392281
375.74195680632005,455.31892691481386,67.93085368602469,65.93615194281051
374.2166203189829,453.490998857422,68.87344334904513,65.37584143428646
378.4830321240838,453.5381517287638,68.79655006356717,65.28153569160288
376.2189063902218,454.4802855363302,69.10223250823728,65.50855258799709
375.2061629963108,454.3071824457188,69.00805327899371,65.85475876921984
375.21884407681637,454.06095607802473,68.98269111798251,66.34721150460807
375.3014531252894,453.7564816716358,68.81747302103642,66.95616031738581
374.2111834659131,453.5268300786115,68.85989511580883,67.41546350343441
377.92597314166665,452.0753150988213,67.86843126899959,68.17245496144898
376.70199484784075,452.0636909202444,68.17401303300515,68.19570331860264
375.72089547750863,452.87223808501767,67.98865719224631,68.72616357047917
376.7705806928198,453.9867128504538,68.0422682333282,68.65019551131118
374.60044881797023,455.94690802001503,68.07726817888329,69.03506897633272
374.9685088020826,456.68773261866056,67.34114821065853,69.71265601228163
374.1317879841069,456.3616843714974,66.856343000789,70.3647525066079
373.2158245495252,457.2855877043545,66.5274843209364,70.67773138990967
376.06897405534573,457.3142111214921,67.3025800725237,70.62048455563449
374.82379814964384,456.165535365196,67.62107224224911,70.74597642654827
376.7639187936374,457.2327146589778,68.09857037847628,70.79048755109193
373.5127579279982,455.9508574210666,68.03951245582778,71.16707547560527
373.5392514632012,456.82595447542326,67.98652538542186,71.6089727725666
376.4868675239972,457.0594909160062,68.68580102118479,71.14189989140067
375.2164082743994,454.9826392751796,69.02479340886944,70.89175095003182
375.2181154263424,456.13881083753694,69.02137910498331,70.78276893377743
374.04607754267874,455.0977199831637,69.16385843063236,70.6633542008456
374.00056639625456,455.28623828033005,69.25488072348071,70.28631760651281
377.19744805324285,455.59132847298724,69.45356994462799,69.67613722119842
373.6100471546319,455.77876529346184,70.05531681301136,69.30126358024924
374.578199399677,455.835137078767,70.3135961083244,69.188520009639
373.13124582524813,455.87653360514844,71.0106374004176,69.10572695687608
374.5069475822494,455.6524967716036,70.46573982522357,69.55380062396578
375.66626619772285,455.5772271219197,70.35212303555673,69.70433992333358
376.78691579211244,455.4158750193488,70.3164315388417,70.02704412847541
376.9339505995706,453.0339398704322,70.0223619239254,70.3706498254295
377.8956658171473,451.9376549026235,70.30984335877119,70.35230789104779
375.8646717908006,451.70861958470755,69.94152748556327,70.8103785268796
375.0598546353571,452.65117495609667,69.33460690524164,71.14182267531001
375.04299302069325,452.60876434633605,69.36833013456942,71.2266438948312
374.94017106931676,452.6725639077453,69.57397403732239,71.09904477201272
372.74527548113383,453.4118226276783,69.53318404562941,71.83581791617613
376.95865532029774,453.487703946027,70.01126302492754,71.68405527947868
378.1705626989747,454.540828766699,69.81883172823851,71.8091890987996
375.9185622794069,454.4723507919242,69.86221762661565,71.94614504834917
374.8369697146836,455.5167028743638,69.79226047872709,72.09058316080512
376.84747619750846,453.5408672093778,70.23985191695155,71.57365008690311
375.2182781614448,453.849694499919,71.2649891875179,70.95599550582057
378.6566136781072,454.6396369573331,71.10741582870502,71.61580981582978
378.70585574527723,454.6734906947038,71.00893169436496,71.5481023410883
378.8893914340835,454.5005773886128,70.64186031675243,71.89392895327038
381.0908780842986,455.5695999006795,70.72815991252399,72.00052037723775
378.56161986191745,456.82618038588873,71.29132950786081,71.73503283153211
376.16149247960016,456.70987098916214,71.5868223739273,71.96765162498528
372.9066960947978,457.5957554306101,71.31431997597714,72.45658113127435
379.92875938636485,457.53385204071895,70.85473827725204,72.58038791105658
377.2111699125217,458.9997836224236,71.7723571924623,71.90730476388532
373.7628808390294,459.74799563187946,71.88092056245121,72.67355233730558
381.1289006257148,459.32538414635036,70.80752000844332,73.51877530836377
379.96246419489364,459.2442948893764,70.86763808885013,73.68095382231165
378.73048013635787,458.2222713576107,71.05535821560473,73.44875289552607
377.78462229919427,458.4752284524015,70.6714966323354,72.94283870594447
375.5083078870378,459.6313223636906,70.70098073388078,72.89222324475024
379.0029626185425,458.5626863164466,70.49540469307051,72.76825086517175
377.93375274883624,459.84400102019134,70.37777485433847,72.46167103582683
380.1076575857716,460.1207765037244,70.52872567097022,71.9081200687607
379.85548197660273,458.41259219282784,71.0330768893079,70.8383414171849
378.7668016142525,459.72371501825864,70.97624257630329,70.45029080402843
378.79187042374565,459.9133982987272,70.92610495731694,70.07092424309131
377.45900504477044,460.0985188913068,71.3714202689766,69.70068305793207
377.48679503002097,460.1528867127163,71.31584029847559,69.59194741511317
379.8504800573851,460.17403095268344,71.02642776766638,69.54965893517884
378.9979666948538,460.1351303847949,70.51768839060267,69.62746007095602
377.8510507067485,461.2540629383187,70.60452128653655,69.59659404418505
382.11413564236295,460.37629662167586,70.90986067892491,69.14424936156647
381.10716364832143,460.2546145964221,70.71827194716158,69.3876134120741
381.39246132814606,461.2153357019812,70.1476765875124,69.67253821836886
381.92636254537115,462.03645329508646,69.0798741530622,70.23219300032012
382.31569323374526,461.9053739157819,68.30121277631397,70.49435175892916
381.2899375068922,461.95692605917526,68.16703552633142,70.39124747214252
379.89577845502293,461.14687971888117,68.77340371044703,69.82939023310769
379.79228328265134,461.3024341112461,68.98039405519026,69.51828144837782
379.8539167841891,460.19738347050406,68.85712705211475,69.54730533806475
379.60953909663704,460.3693332659785,69.34588242721883,69.20340574711574
379.51739137173865,460.3952277492649,69.53017787701556,69.15161678054295
381.71435647874716,460.5571964248442,69.50417413503767,68.82767942938439
380.8965162186161,460.5574032203871,68.96140678089566,68.82726583829864
379.8033634255423,460.64372151472867,68.97781226790214,68.65462924961547
381.94830409173414,460.83096828915274,69.02280799557506,68.2801357007673
380.9599046839783,459.8120472377732,68.83736363698172,68.1557346294216
381.90340645141663,459.17876848297067,69.10772505206987,67.26492718906181
380.85232951661845,460.2655902886108,69.06232711852542,67.23883538092244
380.9019294561987,459.44515442415167,68.96312723936506,66.7332801328381
382.0327986086637,459.69078569097576,68.83826810005583,66.24201759918992
382.21636355256567,458.70881991430275,68.47113821225193,66.07879878961322
381.1023732650381,458.7634574232531,68.58030587659677,65.96952377171252
380.9236844412392,459.9377360132175,68.93768352419463,65.73976182174545
382.01847169286964,457.8685514193941,68.86886418885453,65.6366206735505
381.38166151599717,457.57475619522603,68.02444083503944,66.22421112188671
380.4749537127493,457.51706734019876,67.7237519633792,66.33958883194121
380.9618987035067,456.3333866114833,66.74986198186451,66.59574470826011
383.3334853015435,456.5061772634153,66.20654971254828,66.25016340439615
383.16637810223756,454.73759596459445,66.54076411116009,65.61546107851433
388.23795361556654,453.8883548976221,66.8035513021182,65.2327555689358
387.5979554168058,453.8440681515941,66.00427256671708,65.32132906099172
391.8038832129952,454.81317362871454,65.86486785187732,65.45123082613568
395.6876927401511,455.1316464114169,66.3691187699594,64.81428526073097
391.1048235531438,456.23684594989174,67.27148073743572,64.66973028541588
389.5873991853627,458.15029851073103,68.22861612066515,64.99825186840273
391.5146500356825,459.65811300722254,68.56992786133213,66.1784363167263
387.86425288557626,460.7783679782427,69.50490836944887,66.05986430538454
383.79884249807117,463.0166996143259,69.09690528167357,67.98731893030727
390.97225714851703,463.8471661689931,69.86159898700342,68.48517482186163
387.78348498490215,464.40632056304264,69.70315613182176,69.5455284278998
394.0451389952058,464.4496609055926,70.33720202513474,69.45884774279979
392.58876759976204,465.7097583942594,71.0484430850552,69.1401544964333
392.52859648711666,466.78967131553156,71.16878531034592,69.187971969171
393.33573277352355,466.9212285917197,71.7648003423672,68.92485741679484
393.3161209633193,467.0485269389016,71.80402396277567,68.670260722431
394.33266631059666,462.8749244705651,71.98298910663337,68.16924230545416
393.29581884143073,463.9610069706049,71.8497665865478,68.20399476379185
391.9418190882186,461.6852745785502,72.35238187475483,68.34469111146689
391.6874302703345,462.4167290603598,70.64568230404547,69.09725935432532
396.00268236867583,462.2006020472126,68.61710552362614,69.52951338061965
395.52653580350056,462.0254932743735,67.39387321087116,69.8797309262978
394.60193851025537,462.00472048539297,67.08136737153434,69.92127650425894
395.6639986519473,461.26093646991,67.11465315377262,69.2514384696028
395.59289096599935,461.65420860257456,67.25686852566845,68.46489420427373
399.61692746045003,458.00807542796355,67.75811324897155,67.20784284129124
398.48604672347074,459.98237440584745,67.89443101188789,67.51013230760768
397.44284601753037,459.9985532416616,67.84847924294706,67.47777463597933
396.2905719053172,460.0545004256352,68.02190735803279,67.36588026803224
395.0248071761591,460.21601558734875,68.42135193013326,67.04284994460511
399.689016109509,458.14753240118245,67.62600167827611,66.91328250951643
399.0035839926313,457.89879367077816,66.87814445951139,67.41075997032499
400.1975031601202,458.0860117402251,66.60508786268623,67.03632383143106
402.6401227529567,457.86991513705703,65.92902151966597,67.46851703776724
399.0453011637259,458.32750511117086,66.81652370490742,66.55333708953962
399.73985763293615,460.7104998729871,67.52772251253776,65.98797105800858
399.5494058158846,462.64987810920854,67.90862614664086,66.31436337077807
397.6027742056213,463.0777684060757,67.57446818697362,67.57229336714065
396.4099543466266,463.2756021277485,67.83181244748677,67.17662592379497
399.7451397059896,461.30923542428343,67.53977437083444,66.85713756934271
399.0447813730033,460.01445924346547,66.82401105998353,67.3302099541552
396.8704908452775,459.03609001310457,66.94726983948681,67.17428727690286
399.80500300457015,457.573287672579,65.30254501962494,67.98774220859227
396.8509065009153,457.3893648343634,64.91387856713285,68.3555878850235
396.29232974904545,455.03346566150697,63.93247528915161,68.8702726672944
