145.0,159.0,25.0,61.0
149.0383258496507,158.4067449207831,26.193683563149044,60.86217654951231
151.39625523410294,160.69227570029992,26.85184941090248,60.321633452972165
151.88327475688322,161.06926522802567,27.22508731802044,60.91493135019915
151.53900703723912,159.86112569088658,27.91362275730866,61.96876344832971
151.1221184136453,154.41968122935523,28.747400004496313,63.122779606789706
155.51520442877637,149.8131974060971,29.909833555541894,63.808371040756455
161.43196164641824,150.6255475926933,31.140179847166117,63.635210748331616
165.55496271345524,151.41914804584587,31.716760527933914,62.04800984202641
132.4327041565386,99.08269749463709,30.931533979331007,67.63346379127748
143.69622037658348,90.25618410754191,31.28047660716331,70.03584052018647
152.33035091419612,73.44448192488892,32.805155323176365,69.2055219348888
156.46093535020586,49.32416203930018,32.44744777285344,70.02539377588735
169.14034217193026,16.947785303462425,32.47082835401917,71.3226616860265
183.98453072689412,14.153769375779824,33.28999278305319,72.09371329839774
194.75861775417638,16.682797600941,34.57886172996851,71.92930891982107
212.48715823221076,18.875480019378713,35.450580086162596,72.49787126189057
222.10387624447696,23.70326840449499,34.63950649932643,74.56561604291927
237.6218703517149,20.34053726341422,34.0376809638265,76.21871787858483
242.63720932453649,20.241318333848334,34.23255635297795,76.4171557377166
256.19672099776926,15.864973166692614,34.48254824430143,76.61702881021894
267.42929248196697,14.927394833648414,36.06738904218757,76.77432949300152
279.26703478641247,19.09286315726633,36.86234882121653,77.18283727002283
286.8716064784119,18.594005295477857,37.56253210918487,78.18055299359978
293.8616392700359,25.31330681965303,37.938042199541144,79.09752561885368
312.48351292981073,22.03265963336238,38.79589173796295,78.40137297086896
325.09653783942383,23.63386262932177,37.21799287082995,80.65623258327938
330.11358345666923,22.67341751542115,36.30642136320236,82.57712281108061
333.70197981308206,21.95322214350211,34.63879502604959,85.85390234680965
331.46983024406643,23.05329672402761,35.39474293032068,85.50792880263872
338.20058880134314,23.3120757245554,34.97171656122671,84.99037080158314
337.7024228292108,25.149871647820845,35.968048505491424,85.0100921737695
345.05212842837574,26.408930331057732,36.1936136433316,86.22321889133823
350.382858940038,22.938846477845864,36.85503172092548,87.50194704730278
320.6128012001519,19.239527401939498,36.95750145588771,87.23121155462391
349.35180393510456,23.556247902397914,38.85213724335331,86.25875652240009
349.1813224459731,23.113502071188435,39.19310022161633,87.14424818481905
350.4213959741194,22.89400627706172,38.66636285106941,89.53664945881815
350.6751425524902,21.434260540979807,38.15886969432783,92.45614093098197
348.6802363539587,20.527620245356253,38.124669279607744,92.25741511633758
345.122736356563,21.09216931755595,39.21407452776531,91.12831697193819
351.66679535315416,79.68739936763438,40.20660761512173,92.61763026489285
349.63506323303733,86.54854996148359,40.168860011311196,93.24957053134908
345.489129199629,93.64770391950496,40.22438122466555,93.46486960886526
335.58923686727474,98.16771683789506,41.4555174453115,92.67757641389072
334.23516886363984,88.50376435725096,42.090183514595545,91.2707819953223
334.2687020382269,88.92400796563562,42.02311716542144,92.49445651377843
325.1874004078335,55.51825820686552,41.4587401653791,92.72113732614862
328.395490355069,85.76461737300752,41.26503638888693,92.37902146765975
294.54139806258956,98.71339305130287,44.933741137770824,89.20515650451503
322.76908020894217,60.94893762592547,42.648400351452736,89.72941942334901
323.1525292421749,80.49952953674487,41.88150228498725,89.60603912311961
299.8664301741217,114.65175163001038,43.65540890401256,88.49903221221018
318.33615247498693,87.46958009379532,43.63395536407641,87.48638869194889
317.9776035435363,68.06880682788116,42.31524107213383,87.6075042817436
315.56822887883703,63.523032686996764,41.089871040847,86.62552029570345
315.26984680264565,91.77281811898422,41.68663519322976,85.5393145745911
314.1233635171327,91.1638859448711,42.00602229671178,84.78359945527345
306.66928539397463,68.21903851833878,41.16961052975134,83.43959026850862
311.6660871297932,93.44591001345145,40.84559499080485,83.26770452827452
312.893627975152,96.40300904659986,40.31629874530977,85.05664824286742
312.82570489772263,104.25013293034218,40.45214490016844,84.90395133840242
311.6955031991391,102.02419264165923,40.76971344804925,83.5273273679096
307.8952201770859,107.51955176128453,40.657228446971644,84.1061856964351
304.9843841662612,99.88302563637484,40.67461081608019,83.9011322061454
302.9961345797654,102.96252699357018,40.786967559868536,83.5383431355595
303.5512340212569,103.52864553945494,41.605491940348344,82.40610604378998
301.29734139727503,101.4059996825141,40.334278839673615,82.79873219191266
299.6946585558363,100.36654970451687,39.71953029716786,82.96757503521553
298.75700798766127,105.898836786761,39.69299809516959,83.31400090081712
294.22499791626933,103.60384691244535,39.224897305437764,84.0911322764421
294.2762374935766,102.56257174724055,39.1224181508231,84.26410158103839
294.22938007260484,108.42895272256146,39.216132992766674,83.99318551334744
286.5472777242037,90.13233781694935,39.31632256277671,82.4263775075909
289.9879989101522,102.58139467182475,38.095634750002596,83.94511840708046
290.01901458972765,105.22616068612315,38.03360339085169,84.31865415208406
265.45450858648553,123.10211569816153,39.86196282618387,82.62321397923677
263.30057653912786,126.04084447558313,40.37125451192502,82.44361503785491
286.87125513641183,102.49337175645893,38.96213596244235,83.80632183101798
262.3584901988542,122.91488919915945,40.46658806140189,82.88099227758775
285.32519599596606,103.87109966714536,38.54497069633695,84.61100219578918
261.23613557640954,126.62549384255527,40.997252706175274,82.92280938969094
261.9473107604827,129.47482871031627,41.49827433527775,82.99425564591546
286.981502970007,94.09442660377285,39.757220292724305,82.2306109017895
287.7343599144222,99.25573211937636,38.25150640389388,83.25840069272263
290.92792561812274,109.40011910462948,37.50569425547521,83.65446400515162
290.3675993928825,114.69141862179649,36.75323392724337,84.31054164309118
289.83255954257197,111.05271961480564,35.9539345046214,84.11042316410081
290.8687053166714,122.81616017358976,35.734008341369616,84.66429205084512
289.0155044526622,105.83328008595366,35.72745201913956,83.35695074875596
289.8593023797645,118.24976789188295,35.8773182790922,84.24844473509769
290.39366954526884,123.04061445607114,36.66158980886492,83.93178091062893
288.86970820316617,121.87705170608638,37.84723580056274,82.53435302558337
288.4987231710232,123.37839880291628,38.58920586484878,81.39449136193413
288.2212083533909,126.74304944098105,39.14423550011324,80.24279804502744
288.32705769557106,125.03209007255569,38.932536815752954,79.96061495659154
287.64512234331295,123.86929915492428,38.45215530706771,80.44194457865291
286.96250430311636,121.5818359227528,37.974466511974406,81.3310212920226
285.86279359024223,117.86761087449936,38.32633765400827,81.36927025367234
284.9379060065892,122.29400992602335,38.321862189230615,81.78772531104315
281.9614926618026,124.94843860494265,38.693884816076256,82.05967201593218
275.0763633240824,122.36694928286352,39.369085648849534,81.61048301323312
272.0532032378159,123.171656412901,39.787610416619025,81.87700055474598
270.52361151990624,126.32334310773024,39.07259835215103,83.12201816566211
269.5749035051049,129.19173393653682,39.07720604296391,84.95646986320851
266.1950978671545,132.8528537830905,40.07804977164806,85.31258689972333
263.1211537781361,132.2803359035176,40.399135686560655,84.51535523782769
262.87334575514535,131.9028794888828,40.89475173254213,83.33402406971062
260.27965102933854,130.88194552252793,42.226925836429416,81.52067665469403
258.24699767297665,133.999467057795,42.44410582698738,81.05782366740853
257.0761866312778,131.86184766529027,42.86472807077713,79.57006293359372
254.6379432299224,136.58755205574192,42.02224793180942,79.65026572215456
254.31183282535534,131.55997960844505,40.781411659903625,80.24012521154854
230.31437467041164,156.3771207319905,43.64781159021614,77.6147141931815
250.40885037607137,138.9246642388913,41.2753405051419,78.4847948857591
250.682266623427,134.9772270900189,38.86541843323612,78.92731087472592
253.0111962688971,140.45224742707788,37.8635301347134,78.94518317786024
255.92285610909346,137.47736779778023,35.6618947841778,79.46241594167
256.52484596267146,139.17498384336645,34.45791507702177,79.62693369652169
258.044244380104,136.9325568406424,33.18017439743673,80.58967539140971
258.37414506882453,135.83143820701,32.52037301999559,81.03958315327867
262.6276508038796,139.3636244039477,32.74867098352324,82.71052019304082
269.4279171639567,137.4597602560041,33.349630701825944,82.96787537931387
276.65172920046206,135.91887264167397,33.21897900949503,84.26002906038912
278.58570112756433,133.87946092178868,32.96280010723359,84.72708754821645
280.5368682673071,134.04079365063174,32.67648605026435,84.40442209053032
282.2259514681392,132.68503010090632,32.89480517270109,85.31770642793063
287.56282155475327,133.76954999797078,33.11271233547966,86.77921574580394
289.93500946988036,135.14537790621551,33.888834927728084,85.86772607014865
293.20561518639784,136.93753021617687,34.711557300406625,84.1244049016543
296.4096878909877,143.66186613451487,35.62557351583349,81.65897550188814
295.84532628083315,141.00374131061375,36.75429673614255,81.54197005243307
302.09688603152773,135.66908462900977,37.055921089319334,84.89428692731755
310.9569053613803,135.0722292206634,38.1676086430493,84.20482512266682
317.24493425583466,134.87756668808396,38.84062212222005,84.5941501878257
330.4483760139371,141.3624417177627,39.176233842453115,83.08546951551304
335.1093290056838,140.4870383162397,39.324748986467235,82.94219209305751
341.5542176068601,144.62873717078756,39.69707384824548,80.34255241144649
341.9134751552839,141.96562250480315,38.97855875139793,80.07948426247525
340.45306487174423,132.720553203495,38.205803354301175,81.94853102629955
337.58318138584076,128.01398038859034,38.36382351315322,82.05876530118394
339.07918917261605,125.08094211424546,37.236755756113034,82.32999840034269
338.5414622303058,157.66236175539095,38.31220964073347,83.73694888191527
340.60242736182283,162.15728187637495,39.85566097488775,86.07787183432396
341.19161780018,163.11339952361567,40.62680317092826,88.06468268535215
339.2233205035052,165.41785750720248,42.571479663102345,89.43152102170518
336.6519487160445,161.65689457662845,43.622664465147366,90.81610872353878
327.2779105443238,163.50869696762817,45.69650805624356,91.28106212962561
327.1379407342102,164.2127375824493,45.97644767647085,94.12709139475045
326.1821369754071,162.82598080232248,45.714519866125926,96.90060495500407
325.45077141071374,162.65236149076765,47.17725099551265,97.24784357811376
315.7392410947548,162.13857556041626,48.68047801784378,98.27541543881652
378.06854354999314,187.53909969456353,47.20021964149694,102.22029896346857
375.36820980834364,182.743789679035,45.662325144523386,107.18521100767728
368.5329135575526,179.88028467244126,45.18613825005946,110.5544244548571
368.0713028204178,171.89950962177383,46.10935972432904,112.12803563632883
361.77817219419217,170.81458526992805,46.510099660771886,114.29788434002042
353.99509255003886,169.07346952184253,47.223144878082365,115.30459682435878
351.40862350823267,166.98361503751204,47.3906365339802,116.98158257916248
343.6278629588247,164.92844925070855,47.77290093250264,118.56203803605386
341.4621882886332,155.89197991447082,46.98533705290011,121.2782370485728
332.6587185596023,148.54215111246495,46.501182145903506,125.64012644397974
323.1493938716418,138.10339600473793,47.05176467861863,128.04956981622792
312.72285271003767,129.94450819108198,49.125720606551845,128.27095139044695
304.1154364047165,122.32194206484955,50.001037869717365,129.8998208533478
296.284841137501,115.08743437110998,51.85048539037148,130.55709322705
288.4317833040382,113.44897144678211,53.532043486212004,131.02910756148873
285.43748251982015,105.23570532141815,53.837253163801755,133.24716008510052
273.5785486726834,100.45676360778025,54.522355358431525,134.16775645000993
261.6746410339264,94.46009464105688,55.0936361538623,134.54282714241504
248.59697792171372,94.76671055864334,57.88781809657934,131.0094522720286
237.5896738887163,86.93817210422766,59.4728600047916,129.15547247418917
226.16656709094264,82.72537563167687,58.96377766032816,131.74224143428805
218.94556746331273,70.43615628117342,58.66545759788335,132.73616922696755
217.32108965049213,66.5238607595947,58.95717923669723,131.68905830964314
206.11641648005946,49.252481776286274,57.78911680787012,133.81287921793287
152.4326684755276,5.39538097795986,61.64835053252345,126.89095529741053
187.16504652600173,29.174305978907057,59.4434810696838,129.04693454977027
184.18841982147677,22.389198129466436,59.56209611208702,130.9478735153582
159.42124551196707,13.418811173088002,58.996911736246744,131.20645931228222
150.02139959898201,7.427401396880867,60.151388334098684,128.48493284126468
126.35468689157513,0.06434212659485183,63.66206840751059,122.7604368891825
120.2944145735172,4.238124417207928,64.18792083715435,120.21021841119239
120.77608045316038,4.8064174953924095,63.224589077868,119.07363225482342
120.03343211842372,9.825510300633809,61.87292857102706,120.38327534959782
120.10748238504073,10.863781130629157,61.72482803779304,118.30673368960713
116.24512634001093,13.019635348174546,61.049786554563795,116.7949431122793
122.89410840293783,15.685412670577676,61.58229456512532,116.99557732203917
108.67750447554485,16.68468960132408,62.23354743496391,114.99702346054636
96.98027547572366,18.851456735724284,63.54850447497647,110.66348919174595
86.72397506322696,15.954255447468938,62.3147259239296,108.30299950224156
85.83543965105461,19.557384346083623,61.42941617884679,106.42150284386724
83.87367992842452,15.393559705117966,60.113988108442754,104.27125709447009
84.27272941972441,20.218388112544794,59.31588912584298,104.88275324467081
83.93608570986245,18.4203527205013,59.98917654556688,103.35723980450408
80.7261344639164,24.555379143784535,58.76022446511202,103.83527791184926
83.36668845861234,22.47933585580506,56.01495824267336,105.45152272085497
84.15459814988998,29.65499250327469,54.43913886011807,106.17705201883165
82.8449006401787,16.65208181572764,54.56216747765487,104.72284297318217
88.27029510831937,14.362018569661899,53.61992006324776,104.34869870437652
88.53360660383942,16.757287728447253,53.09329707220769,104.46899480105532
87.26829121968728,19.935730844035675,53.17583010427852,103.00830404234537
97.29493335897351,16.003353325438177,52.54728499629553,101.16068949424563
101.64698679751699,17.09818476863377,51.01359998097584,98.97102660785444
105.6471940294895,29.287937860564,50.0079301087497,97.90733572972351
111.0825413630286,30.638389781004676,52.92906035905017,92.90779440261238
110.28249074403571,34.180232743352605,54.52916159703594,90.37404301693451
102.91468704503913,29.50816609689464,53.41384124318468,88.39608505853298
96.6065823066914,32.369651804302045,52.73300217704051,87.10546315799805
101.78154343146495,43.46509803796454,53.3105089025033,86.76942864069295
109.99706741107498,31.27703418650904,52.21082425956629,84.86321922997584
111.3544411033196,32.479838125762925,49.496076875077044,84.60089174808326
112.13415121686901,45.099305947727586,47.93665664797824,82.39149695091237
106.27896826865367,52.44744059654175,47.44060995956262,79.90164023813031
101.38633919787948,54.23582127163295,47.28069660897629,78.31391318637485
93.70561082718953,55.04861000000915,46.94043076059769,76.68833572962245
87.16737727655733,55.74247031444865,46.48752364589759,75.30061510074344
81.6196736053328,62.417529694067454,46.15618626378778,73.3772410660647
74.73550706121212,62.79377118580969,44.96313020629276,72.62475808258023
67.71223397642139,64.38985400706869,44.29828642076536,71.27151618445083
56.81794591821361,65.17202592522808,44.39611922416399,69.70717234813205
44.408152827463084,69.50932505171318,44.214287310432134,68.17583640808554
30.97936757328763,78.8705495096865,44.67428507598533,65.29193113781756
17.188581328241842,86.70015874218991,44.66985499149586,63.42571396010126
6.2626653101114265,93.0047282563072,42.779449659187954,62.687693616151066
1.501855855491911,100.94762530945984,40.726667648225046,63.336757967277116
4.4271234085507025,104.38201983686704,41.39251270177931,61.35525403221658
-0.683103600056576,105.51957993405773,40.34001235097245,60.690555890409726
2.3460289331730735,121.60768378687237,39.03057541455405,61.7561450950667
7.260981004116093,160.917350457311,38.66311034673374,61.990470704737234
6.36266732471271,193.90988788192715,40.459737705540505,60.556510428188986
3.0756435859863416,203.85755758686375,43.867951033039695,58.073258843060295
-0.943960734305282,215.38021389537573,45.501271571077964,57.44855458494375
7.7789458596667025,194.69955297163435,44.24071356431583,58.346738479471924
7.410439722914539,193.8748473181074,44.97772583782016,56.772694250802644
7.302977746922622,194.3838303853375,45.192649789803994,55.75472811634249
7.612056526121766,194.52520784184006,44.574492231405706,55.47197320333737
7.26170513198219,194.33999982826072,45.27519501968486,54.26919268993797
6.567748948927829,192.13011428583837,45.09707970017508,53.990880717927126
5.186105924386506,195.25116031149992,44.74262951531546,53.984261134488605
6.875026991567196,194.68896319608086,42.91783769552581,55.108655365326655
5.511801638918655,189.7497553802715,42.56281440137957,54.201911998893785
4.6509885965442095,188.96604266219833,42.76334488788879,52.72714623856078
2.8000438089653876,190.8432976614901,41.96001656657954,51.976114837621765
1.5211206805180062,201.12162017877208,40.08624683185207,53.57754976116898
7.5049985589026456,177.8661046033073,39.888011758549915,53.01049817823008
5.153348170496471,174.65039003779765,38.75405166850547,53.60466644239258
6.303296316166826,175.13389888134677,37.90391522406667,54.08740860219626
6.509699158011973,175.96306564750302,37.49110954037638,53.872141989330586
23.951554590371117,181.66220891213277,38.432351415798934,52.50484222731055
25.125570141310853,182.7542443374552,38.93989735392533,51.74855989666861
24.18399339008238,182.14098527302852,39.39845178920901,51.55047895834874
60.52821595672214,170.5063873807787,41.02148209779976,50.52553854069845
60.70516394338917,170.05349256491115,42.10732790658282,49.991586390316435
62.40121477496686,169.49214442385056,43.0623683406289,49.665235306703806
61.59619102639979,169.4230293725227,43.21306444239379,49.80346540935953
57.92654588399956,167.33586184249836,43.232815853480915,49.58607714518023
56.81152767799435,164.81441847499997,44.00199370450941,48.785529636249265
55.26677905552887,165.7725781679532,44.17002033137472,48.329945559375645
54.282647314368745,166.8771080586667,44.68195975353615,47.57720983810746
53.275646857608876,166.97856212103363,45.24323922364101,47.37430171337358
53.12860605450366,166.89062772870983,45.53732082985144,47.5501704980212
53.55041775689516,164.1608350506307,46.15955649021647,47.14631959358742
53.48755750439581,164.26708275567498,46.285276995215156,46.93382418349886
53.15615734646373,167.08370373055365,45.4800688517862,47.172616070913975
50.599070839419426,172.00203819494837,44.75809572517241,47.549202888353754
48.07219535043513,173.8205072711646,45.451370389948934,46.81924894471606
67.98008487118184,168.3687759780152,46.320730975683986,46.09838592323527
57.482667231378365,169.43064726523784,46.93971270465657,45.43006145954954
50.17429121917964,173.632879461943,48.46512284245897,44.29856478091425
50.44894722632954,165.21050702331402,49.37628786156234,43.6175852573344
47.525636755924864,166.43354853305055,50.83160395049819,42.63527052181915
52.16556858745695,171.6320792122052,50.374762656852866,44.002238989401654
45.57096397560798,152.56446194432618,50.19532927294421,43.51695043651834
30.56635929032335,154.41509201144865,49.23275669709624,44.24023058033303
24.32988456446212,149.64964607984044,48.46229131773589,44.94217922282759
25.26701426435055,172.13247708641006,48.05870729378164,45.567453860189275
2.9715245215126203,198.51349878154159,45.47217511109157,47.354408336474364
-2.1987530323586846,193.92078692178865,44.11864359225274,47.76926708604418
-4.486537985983347,194.50285226433826,42.907140781787916,48.051904580373495
1.9608762500687966,216.6142978207145,41.467136090017874,49.648308588957946
1.153403559718658,219.64230432112697,40.21519719151736,50.759506286134965
4.284182274003221,221.04669091869502,38.244433906942206,52.24152723499289
3.2140785652624793,225.5200694541049,36.12251971728414,53.23972058083207
3.6082603104481237,227.43218070807174,35.33415622691285,53.61792875305049
1.4733797591237803,231.3460416961773,35.4237094076603,52.75721998000806
5.437900086965641,195.14373635778367,35.78638482682496,51.91833866230138
4.2808833783356945,201.78223881764117,36.72509490006065,51.01924383880423
17.555543620852117,209.17392783097682,39.09716542723579,48.63074767450782
2.833727030440503,217.87945960934235,39.57127777506553,47.77369602234443
0.4457978642628717,245.13419457152543,37.47716474738891,49.59799125023973
0.8185870528778167,251.0350805220203,36.73158637015902,50.107652164952064
1.3231661727200432,252.54124817472587,35.72242813047457,51.185772538490696
1.9594397230991234,256.7925650036422,35.813087305596014,50.86237653593558
3.251385801542156,257.70010017016887,35.94882424516417,50.4071207511093
4.23431329377258,253.41639981720496,35.3381318555833,50.84354588775731
5.005632145517122,250.60760270186822,33.795494152094214,52.40607264643706
4.25018558686336,250.61875513919952,33.95681480861737,52.38376777177443
2.581636838253768,235.5901753821068,33.23812083317504,52.69845648644207
3.625170367955363,231.231248723164,33.840312085361276,52.00390571376472
2.9182672240987877,231.31187113728646,33.90982756120165,51.84266088551975
4.096882888534861,231.48387368376098,32.89562660574944,52.84168616599063
3.045766185747677,228.61346376796564,32.31580325179124,53.21839247851614
-0.10438309978732718,236.4913725369848,33.26849360013176,52.16849755298388
0.2795784927599776,238.97781791275258,32.50057041503715,52.544442117516034
-0.5656519947496434,235.4262718971919,32.861071673642876,51.66777585015632
-0.6246469289803187,239.75617524359257,32.979061542104226,50.945372428274496
3.4160011721689116,207.02809056355446,32.782074946228,50.698961734832025
3.5414398784714507,211.95576562481256,31.22412706817903,51.30017533586697
3.586725438804301,216.45689529943652,31.13355594751333,50.037588004067864
4.337323998163058,217.58222027781443,30.901948485559508,49.056527704075705
5.616604898628527,219.24706727681826,30.845482918402546,48.22892993984204
2.7749678660430632,223.6769121681404,31.577873735820006,46.79556502882793
10.50132536394823,230.71152181217423,33.32271770018812,45.01031642660198
1.4983562915350248,262.283012172935,32.87635257906071,45.83532036038706
1.6103817034340153,249.6404000223792,32.65230175526273,46.4136071658702
2.2100979302929424,251.1077306101116,33.93368656289393,45.959763251754495
0.6332186658592356,251.17719367391803,34.578253024242684,45.82083712414162
1.6702227137562744,252.38627233122347,35.030302769459894,45.92873765054202
1.5052687024800093,250.4265992822944,35.360210792012424,46.03192106851024
1.8570633448787959,257.3160735567178,35.93563002980342,46.322066268137775
1.803826999560254,253.24045951371988,36.042102720440504,46.71641880682987
2.903504468693818,265.3361034974326,36.443889312394475,47.23597537650498
1.0726371581620704,266.60427072021605,37.4755230439447,47.32974182045136
1.5202040030363335,264.2077396246988,37.913649410423126,48.12302384280497
3.1819218800532916,262.067707971132,37.295256343097904,49.69804446322982
4.002587231284444,263.6471696614331,37.02041356762498,50.63858486359568
2.369510800192046,257.0561803909888,38.910280701750956,50.05770612389618
3.8642394769409023,248.12579712665462,38.717460285277404,51.13865103041964
2.3378966359613145,249.0184831391326,38.946800293307945,52.17662467939232
5.801138501506916,256.5750699420982,39.176459085702454,52.806964625129645
4.087706975148436,257.86944653354726,39.714169452748436,53.10736412790257
3.5986915383456832,242.47868860384023,39.2342529898734,54.72993325770573
3.2759880577593385,237.4062035178473,38.40494788131255,57.50134308102393
4.803856808013972,257.243731817644,38.3548736766866,58.40274097585545
4.677629308990738,261.6570083643218,40.1228717018709,57.1539030181889
5.015868367967133,262.44897304587334,40.9724304009851,57.09601047215284
17.418059120313657,255.15241860911206,42.333730450421,56.29754196089361
5.113401959267144,260.1233307399277,42.15341462270948,57.201180889801776
-3.44675892607545,242.93183476965862,42.112124819363984,57.260949682278564
-0.720334370042881,241.5445600945822,41.340408887598976,58.47512130566477
-2.9086132731401015,241.4302063262815,41.01867499479571,58.70382884226616
-4.692564633197076,241.75651312430773,39.89383662406185,59.615462276496274
-2.85951501899817,242.29362241967368,39.34646237095012,60.10060617340744
-3.1164739151740157,244.01822883678847,39.86038016330181,59.76648546331387
-1.4754628520068316,244.47179266416137,39.70051386274932,60.420435721458986
-2.3282800807093054,245.8782253253821,39.83790404515553,60.74405894901503
-1.3952262256214745,246.12625865432028,39.54718712703604,61.823383083194805
-2.3579500661339523,246.95417534044623,39.88591335035075,61.754271168653176
-0.7147373916320312,249.38657882340536,41.37351972506491,60.07215201854687
-4.19010672760357,245.51290115500456,41.96117602108835,59.86565438544892
2.8015067556997444,252.75532160980268,42.35421500883008,59.75707943020103
1.967120847244626,253.37871046798483,42.42078411901986,60.11250442055722
4.34388443776357,262.2155987707909,42.49328825273236,60.134175969029954
1.0769548826526503,250.63046258929276,42.58634612235291,60.76164398992164
1.138225923344173,251.17066921627523,42.46380404096986,61.302453804386836
2.005970967058296,251.7582336169396,40.728313953541615,63.38206064085146
-0.24139533060334273,250.97145809439138,38.703841716325904,64.9556116859479
4.450350026734451,259.1410494193575,37.41681259472463,66.42864454077917
4.151003817907476,262.04060960983736,36.396177166612716,67.10683554288285
6.7035700143815085,267.90461867264906,34.51490761069812,68.27426876539337
4.7493009707752805,278.5655549990978,32.03643825113096,69.30692217622457
6.961275324857821,288.6177306774538,30.749978747999993,69.59625065223442
7.132875646236686,297.99151911567697,30.406778105242264,69.45311509726561
2.407570482611959,295.2863122825176,30.603890286633344,68.69452999967866
7.269686751935261,266.54252274700536,34.69215928139228,64.79321336667857
1.756061903878848,277.87437777621653,37.976075705603506,60.713503160820125
2.8848222746573313,288.93763561686796,40.35001509517928,57.112828004048176
15.898663578059207,312.0722281666532,40.318087552931445,58.24766684572673
6.852569380540913,316.89589202442744,38.315096373898754,60.96660348345168
6.780838874421558,288.3930123443912,38.458557386137464,58.94754292352604
0.5991859843583356,297.42523520904956,38.61828770895367,57.66301344801092
2.322024914264343,305.5428183467638,39.69903139801729,56.51591900216792
11.90342179937289,307.1251803307717,41.66782211685243,54.86059392622736
6.627592281984839,287.66909253568247,41.6034281738189,54.34171559882715
7.951939946540982,263.05552282762415,40.46234714950699,55.32519726133159
28.79534408089733,245.9307551422906,40.885261630280226,54.98460323063521
31.558900956942885,242.6387844922075,39.87517083067509,57.0515215783155
25.041634235939256,237.0214312042471,39.22609496243794,57.643420912935056
60.13133639448094,247.14218651145006,44.976472566474115,52.587866682753116
48.35897076353237,254.70558221477205,50.09788039795362,48.208013943852706
38.176697499282575,254.66667351305318,51.88579332527213,46.73777854719206
28.896268910024332,251.82490097799626,53.36807194266889,44.65833336225148
66.26794090532533,220.80159994879432,60.36126449209916,40.39038690704429
67.39863398039545,211.40597294792752,62.836363602907994,40.23569986498171
48.650765738293764,209.0241663877261,66.45075519450116,38.54572348203018
36.961184522905086,209.47055326671946,71.80285680757689,36.014126013343365
26.135906550804776,208.3031948593043,76.70984566495946,35.000129410810004
14.221134174079431,216.3441491572698,76.34341296675568,36.20106185177506
7.698076916153816,218.86628822752513,75.43799778825408,38.132548558440874
5.5799461100415755,218.58423784880705,77.91003386196557,38.69664931587705
2.978675679820448,217.85688747051955,75.87185077394777,41.96153105956702
-9.53501094898201,194.64310729686252,67.84522754363287,49.82609550430797
-15.100928910355483,187.5606478307994,60.500542991307285,58.4480582939125
-17.671406442339343,203.85957012777243,54.402678446528434,65.18608233057947
-1.7505061707886327,241.66683894118955,50.781465827798144,68.58919089198436
-5.444012112190677,234.40021585035694,46.92078097363499,73.74935645951025
4.795962396285411,224.2533190274624,45.32622100052932,75.15776106145282
0.5449650100862371,199.6269514869443,46.29705734432433,73.57517674941641
42.82969771239216,186.84347230824403,46.12475923291433,74.76073122211417
59.27065056590467,197.99552401340986,47.26839984650739,73.25001722993798
78.98802197765824,210.39619089626507,47.4579203686625,74.86485902800243
69.03983191172117,217.48216675708497,50.1263480348742,72.17820895013762
65.64072676884436,217.89039642292846,51.169918571577305,71.3617496184506
6.675406065954007,204.6251222661126,55.63934473419273,67.12315481529171
-0.474256061147976,206.36337490302213,58.35175769758608,67.50895330507626
9.17980461297465,213.77863181841667,58.8511013328835,68.52441146112133
7.041486624390721,214.2944283839903,59.118803393632916,69.49728528818332
7.9338389478187885,214.76333356351444,59.35789971599245,70.58327589835075
6.366542825322455,215.90562946186145,60.448084061712166,70.34309200092963
0.47885527450422316,212.48736622315062,59.87408278260098,71.00493028797747
25.150704126849675,206.24892112490153,55.833280196724246,75.24493046287307
11.347475396571458,197.63508854503056,52.56138072055463,78.06269571880954
4.801353804943645,194.50821631837087,49.27563719083429,82.26919183300693
52.727627457980255,139.0704029783334,47.96309795113571,84.218287480085
38.5341459912314,143.4774697417086,47.4830619297723,85.71379643721357
31.44760951461699,144.5055859983585,49.20088337328385,83.65756392391376
12.972932858064777,146.31882016066993,48.80755740679212,82.10568889260182
6.8650320710893205,148.055666707348,46.70915851531732,82.72176736079584
2.2920315907347266,151.9579164696829,45.76285266988693,82.99111328103768
2.935883279214579,151.999134355852,44.47514929292723,84.91499760532
4.034570974955134,153.54614844972212,44.29038001466617,85.84618164401986
11.367860811930129,137.89010674494943,43.78553121871822,86.81169888641799
30.64136840083775,109.18927812812497,47.83813547247365,81.3282036258436
26.25019797729064,107.56191564070733,50.569625957272876,78.53207823838387
11.857303446525727,110.5832271045548,51.05944963256853,76.53173608015094
36.80472119864278,119.81466550914107,49.14720331095937,76.06233021446275
40.16987653916825,120.81051938647485,48.29803692791019,76.03100389246241
23.1166059397142,129.43815136911968,47.38158043795301,76.28723877160543
7.587759497685351,140.62654819401854,45.55795769583127,77.12078556381672
5.4518894256581305,140.61729708118872,44.082007434773615,77.13928778947636
13.223923579955823,133.85613883654096,45.558450063267344,75.53226122358154
7.010796481758476,103.15071821960436,42.84647459161039,78.28246249375464
7.02657390963838,104.71097609882028,42.81491973585058,78.93599684627388
3.9816919759087632,107.99474477984712,43.21630968820539,78.05683339932463
74.36261450001824,167.70734962528945,46.09501056494264,75.81206906827268
78.63212871599993,175.28601139578248,43.27243170085977,73.99312785234109
80.05543306392518,175.68799884201005,40.42582300500927,73.18915295988597
81.3492765091602,179.4239760508399,37.83813611453922,72.79926289193668
82.00443491031243,185.89341802653576,36.52781931223478,71.90343450560243
82.78097043866188,187.69748527024979,34.97474825553586,69.98000660588379
82.3170668941793,190.0695431920912,34.272869292014974,68.49526286717301
76.83681246224808,185.41760549971838,34.06274647581982,68.22431109758362
69.1590258808851,181.20649857017662,33.53629986021166,67.11731308966662
64.72488431791152,180.2804068685794,33.02726516121322,67.40661018870347
65.12255694450594,180.04470275320983,32.231919908024366,67.87801841944264
65.4056852865593,179.95952466102344,31.665663223917655,68.04837460381542
66.53723358602502,179.71497818935381,30.94651345672152,68.53746754715465
72.71182320942079,179.66538233665221,30.9050300877407,68.63665925255788
73.65098217031249,176.01579747474688,30.56588620400995,68.23995878610516
74.59947902472899,174.04987580189953,30.196350976157007,67.58942668885956
76.44757356385105,171.97711511157158,29.52320938035247,67.2003768458561
77.27251082732525,172.6580445475874,29.367370769420333,65.83851797382447
77.50838426019578,173.6655539006264,30.36716981100891,63.82349926774644
78.34224303292288,174.30947050437433,30.159189509703126,63.99540330439902
83.50134484662313,175.38472353873306,30.051303020678283,63.303513969735235
84.10091295217194,176.96887883598282,30.2988182585042,63.028506273082826
89.29105414884158,178.19849538611436,30.047187965408945,62.016223472854634
91.0027245188511,182.24356927740814,29.479442065582262,61.06506279074789
97.02938021199729,185.03221608331535,28.658454830711754,61.10393125464448
99.59983157676042,188.5852237723743,27.68846152928927,62.339734732734144
99.91109042390644,189.26485183397043,27.06594383499722,62.37174374746309
99.9188075615313,192.92517341901444,27.050509559747518,61.95489959247724
100.69269722339467,198.70189935687097,26.87718101636954,61.39705395955448
98.65723648793416,201.29139465934756,26.85816205764876,63.03463073733771
97.28096165039734,202.03060938131543,26.837353278035387,62.94288052074548
97.53996453910256,205.42642761676046,26.31934750062495,63.0761658667407
100.76862893996957,204.5677055635212,26.750676376633518,62.03814690212218
97.54151931719854,203.1725333629118,27.723439049903682,60.71739887413706
88.68069397983348,202.97394041103726,27.656869272184913,59.74626012769777
114.37700062723131,210.0178522702218,29.03269152455644,57.83576768944418
104.7055659810081,209.3516778337937,29.48848974375328,56.469963551836166
111.92358998062768,213.00943755705708,29.758350716620647,57.17584899918565
108.67128178429982,210.45000921772186,29.503398476424678,58.23896449814511
108.23751052754481,208.0009224589962,29.007822724351,59.04778321884533
112.24050186996854,202.95169306673466,29.200121208817613,58.215200444282964
111.10974201494392,197.69941837532548,28.746583508977196,59.217048892487526
114.24381590210548,191.8962606311854,27.935709520905185,59.9088168082654
113.54093688431794,187.44972826083705,27.981190288405926,59.27994067244161
113.10424577711015,189.38594562620213,27.50266090828915,58.11132913077614
113.96930801881179,192.6898045587701,27.09907161705032,58.13628722646239
114.08408401090786,192.59195951427787,26.869519632858186,58.33197731544685
114.58847166643807,191.322339800053,27.17943143827853,58.233842510935034
114.13253598804928,191.10707303247807,28.091302795056084,57.34169764746136
113.56567359327858,186.7920596165852,27.899486561844057,58.018478342726425
112.99416318422645,186.08981478455155,27.710414890064726,58.09087551691015
113.01099914733504,185.11736411717902,27.67674296384753,58.70591938372994
113.7850421852433,185.65277096547362,27.46689324035153,58.973342039461265
117.63458513688069,187.6915103166337,27.798608713006296,57.57279712911762
114.03925735304595,188.47756021877277,28.370100733220585,56.00069732483952
119.36433717698894,191.1304362227094,28.20586482298804,55.937907185793
126.98625631599992,190.12306109303142,27.338839522186603,56.64567444721982
133.49928112673098,187.11740120867697,27.33582728046053,56.14547552606067
136.80787435752927,187.38826899705822,27.193375052638444,55.60373994929819
136.73133811344962,185.90443404191643,27.346447540797705,56.002293349063194
141.3154608710443,186.16474140368675,27.22947732695415,56.77471795428632
137.98609916552286,184.20904362604716,27.376777945431765,56.77925983402626
138.76725286047002,180.93067142618358,27.119384052110423,58.116350247461334
140.06807578607908,178.8162033166688,27.157575684783332,58.38553024065435
140.09146074085766,177.73841712708574,27.11080577522622,57.89209335106442
142.55745311819985,177.79506589922022,27.444835012764045,57.77879580679544
144.92742919983482,177.8828708124837,27.987601721294453,58.92386569821862
146.41827987102482,177.7797298072202,29.04640030704437,59.1301477087456
150.27238539723814,178.23665370265783,29.54770987431264,59.584553354486175
150.82378433775014,178.2297001939125,29.82850067967744,59.59846037197684
152.25764980122966,178.62192931321982,29.73807586023862,58.81400213336215
161.31642543034312,177.45074879579235,29.50331384961497,58.405164822432035
159.29583556336192,174.020377325516,29.447836303031863,58.43814562874221
162.82803052255449,170.15643160038084,29.208831231123263,59.34065223253599
166.02330535973704,166.16558761385215,29.689022161775853,57.70330335856859
165.29040371011428,163.91662833311864,29.79636092459244,58.12582831074865
164.57056252439406,159.0025265221037,29.86952863778699,58.388429325057565
164.6928348430242,153.5612469078131,29.624984000526688,59.6695876369385
168.9652758790097,148.65584578314358,29.397129752479906,61.163362062353386
174.25369557548143,141.86981940447595,30.052639097191577,62.09902248982658
181.11973865443878,137.72962075909504,30.611564897203706,60.37571141003965
189.60550190406866,142.70767470539113,32.01650137538447,57.48747389338611
196.38570569011898,149.53096042856467,32.40779118999902,55.002260356411185
213.1464256995487,166.9307575884742,33.0111254169678,52.962449312587204
206.41429309986125,172.15058497316647,35.71723415422794,50.59141188978869
230.58762471091612,174.29178106533462,37.47359800662106,49.017291439209316
263.35154919312396,193.37653893840553,35.819923340870446,50.25950026032895
269.50273829293457,183.6586775620351,34.32398476578922,50.78395367012479
282.90909023531646,178.01375921989947,32.85730535896373,51.40178004789575
292.0545621571537,169.0333622584281,31.711488844551127,52.21744664157646
293.2433951865987,164.8363711999659,30.645638784700843,52.740532764262355
292.71944950078523,164.95524540941958,30.3919377264963,52.502784345354996
262.7619945604806,151.7569042360879,30.79356893229239,50.43659428232508
270.64940674832724,157.44247808099874,31.526537461977313,49.22408838042843
260.68846803885486,162.3475264868599,31.22433161129728,49.52603320351853
262.6741380101724,153.24905641848247,31.043394334049587,50.03442756846571
250.72160705899685,124.7457173084475,29.58786940394232,51.247814757127415
254.1518816774843,129.25038612386322,29.034952102269138,52.33068822277873
256.13669183761465,133.90674988375608,28.869785393780205,51.895019130460284
287.454508403356,145.12521396591882,29.179081937299337,50.85936705563543
300.37984153276716,146.90605210554722,29.553934950092,49.795359278437225
309.66424559516867,153.87661813367075,29.57596567065915,49.48750904212829
316.1789687030709,153.22931333108642,28.898353857156753,49.54693520706672
320.0587278114348,150.29451645613977,28.48651352870837,49.29346405006046
326.8393928736516,150.04216731426382,28.277811121914496,49.79816233381236
332.200353981441,144.6722953695007,27.298371141550756,50.79542398812348
337.51180318690325,141.27742891118294,27.617914537996818,50.29019569984527
345.50242986188204,138.14325527147992,27.416605068223586,50.489333794565084
350.39868078535625,138.87461623996808,27.330817931455957,51.45329053513396
345.82373659210305,139.21629855748742,27.898221974804656,51.99599509197499
332.47827359553816,136.37743618789213,27.225845151237714,52.69857386449343
339.4551688362091,136.06934967709262,26.940306663613732,53.31474688609245
343.28854290113827,132.63899214036206,26.75364059322363,53.94206024333003
348.79600983782865,132.1242409739993,27.01243287780256,53.71892633628235
370.71732946837744,131.3567654547971,27.054482569131714,52.74618086311944
380.38632702135675,126.24395447592315,27.56151474656612,51.80897497395874
392.6168864897363,125.88243949127835,27.80561893188047,51.29674378714469
398.74387276368395,125.39923771073552,27.87061944097195,51.031250042531674
402.5018748471089,122.81289391116775,27.729175574507256,51.287564108077035
413.6154975133272,114.13895013135294,27.650103145951846,51.409094964688066
420.760179177998,109.56112707079795,26.900543065280786,51.948502654825894
422.6166419522253,109.73104828640447,26.86547907292139,51.608660223612844
429.37185272303924,116.57137000205002,26.77900739816122,51.3519666591894
426.8931686126068,121.76171572721049,26.87597423437206,50.69207797817648
442.9541162719378,131.9483379579893,27.344803202872086,50.83891917890598
449.2183562032157,136.4179654604891,26.98895177395265,51.63776692081552
454.24119450831995,136.92711248672344,26.726558600941836,51.842383297996555
461.0579279046228,138.9728356990566,26.52848566547076,51.41513519800333
467.76997882631395,143.08618789205238,26.433257343637855,51.670441234815925
474.2878787915281,142.3238627067644,26.74948536002698,51.98127088295392
479.4427202441275,137.68985863679893,26.230465958989228,53.90628139476402
475.18153086062546,135.0168354393229,26.051574653727663,54.28017346270716
468.07643741655863,133.59418272059673,26.56250256983167,54.63470454160867
463.3103137287755,131.49076332274808,27.278626347965087,53.803758424487256
451.5014801453114,128.12078671918056,28.221861167333678,52.98556751576909
448.8584954249487,128.67448835020778,28.45221263378631,53.14206874728283
451.03853333913844,122.93409801984937,27.902609387040453,53.19143166309894
450.48150676521965,118.36147828816814,27.755210574633825,53.50650740475179
453.7076567108831,121.13477096423206,27.620641577064212,54.27765294638132
450.7181862990092,123.30422940742105,27.236870182189907,55.028905834901124
450.70571713300257,125.3171198774593,27.261808514203103,54.83384860279694
452.5758563932568,130.00537544710141,27.344988042535768,54.378739577475216
440.04381342801275,129.9168953841308,27.02382999152161,54.55569970341641
442.8824823479158,134.37555564280999,26.41166965351271,54.5024398142033
446.83786582450887,139.75042134470226,26.03026580375989,55.046753065568595
442.46160281986437,142.1579466998816,25.989427497933157,55.25648196384752
443.1149662667369,146.0644201074745,25.941239071505308,54.99476595256391
444.84704975744796,145.28584576248602,26.238725707684818,55.2980301033403
441.4624590845538,146.50437005387622,26.69044738183186,55.38796538921644
438.29785368602904,143.82086319882046,26.656313891140428,55.66430366913518
438.20443188297406,143.86976520829043,26.84315749725028,55.566499650195226
437.343268257311,144.73942761510793,27.287554164786403,55.1051054203502
440.55235077041726,148.1174141876513,27.263892944691946,57.301437603828546
436.4264464796885,149.3697984760002,27.65230178642262,58.72836889699421
