353.0,123.0,23.0,72.0
355.07215145589305,122.58799834202512,23.192064186161087,71.37854761663401
358.49064907620976,122.64621904272748,23.55586229691389,71.2621062152293
363.48710071726845,123.27512254213983,23.67918250447381,71.44947400064422
368.50833386488875,122.22771370739824,23.787407878926516,72.09419286017116
369.1593233265141,121.32304943713501,23.946681236565375,72.44226911980807
373.5865701677019,121.35473360023411,23.906914810973266,72.37890079360987
378.60212317186057,120.14521036379277,24.148248318166274,73.33045590713394
379.27160088443645,121.14671562755831,24.294740135506338,72.8128926220948
384.9851878896592,119.5573771758876,24.713696959713797,73.03003681677299
388.7268958465348,120.39399366452022,24.687859554047357,72.8483195411247
394.093593949373,121.10968530694689,24.373651723729314,72.90539173846541
397.7287609990098,121.51564721038034,24.520949666468802,73.57699434000118
402.79012895826725,121.54272139227047,24.8686718420283,73.52284597622094
405.02767222379254,121.04921771675421,24.897680691726087,73.00848820033728
411.13876355007613,120.43496207719569,24.632031104234475,72.74243284631993
412.68439276242975,121.62675134789744,24.512628351702155,71.84478214100389
417.8409601345914,121.61540772465192,24.4962100655013,71.86746938749494
421.6647388643831,120.85703372401682,24.203569064609905,71.91323409702669
427.5115252662137,119.93690013406409,24.24033226378115,72.28720927657812
430.3673995463148,120.10443800084109,24.417737970126517,71.95213354302413
433.35416760794595,120.27779418737033,24.327232212349433,71.60542116996564
439.2282689020927,120.31565796805899,24.292358926949404,71.52969360858833
442.91413402829096,120.3528829400615,24.232882610936006,71.45524366458328
448.0094560277482,119.62738825758552,24.264370085638195,71.44592853330433
448.6572462308327,117.98164439032443,24.429536233153758,71.81592316045746
454.50013259304285,118.5330685950431,24.496022003868404,72.18210706291202
459.7341751249218,119.62203177429168,24.356176612623695,71.4796435147739
461.3210478065491,120.45236062478641,24.10823566249124,71.28188802034546
467.27760234614357,120.00591886629098,23.839600484780053,70.71921229965159
473.12020926984377,119.20876898651552,23.69549623206272,70.87087335986709
474.54923081597684,119.23244234482314,23.72178052950992,70.82352664325187
478.07244840726696,118.5471776805155,23.885197438420285,72.19405597186713
482.95962030777076,118.2820911012004,24.362102903415092,72.72422913049736
483.58172339095836,117.25315203965516,24.598633153380263,73.30137083724752
489.73066800643403,117.4763171643222,24.246962124333674,72.85504058791346
489.69642345811997,118.08020046358926,24.315451220961812,73.12776590439753
473.3702360716085,118.36454169933802,24.284048262420143,72.55908343290004
467.44230666032075,118.57743747839302,24.32424150177087,72.13329187479
455.4828178020918,117.57234571468987,24.697130678986497,72.67184486849366
449.0946673418398,118.18134110643942,25.584546589241448,72.93996471127572
435.0281210892232,118.29086319313686,25.10182872071192,72.72092053788082
429.03762549388154,117.40802735583759,25.129313653861246,72.99240393028765
422.3789140363134,117.25667814514469,24.95969577387314,73.29510235167345
411.26061670196526,118.2423835295908,24.6995581205717,72.82347373758108
398.59089051223555,117.11872753901591,24.737653527470265,73.58247060269787
391.8162198351391,116.94476499910479,24.788609260394175,73.93039568252009
376.91246676981666,116.9253508709723,24.48200312490221,73.96922393878509
370.9036483118287,114.66525512772809,24.494459367795017,73.98747267286731
365.49561646419176,115.18024151270384,24.80257584193489,74.45863522022069
353.3248496629672,115.3653879737623,24.928432627850885,74.08834229810378
347.1543633571482,117.00671429071663,25.185323406019926,73.82671012256233
330.57126557109206,115.63485831941628,25.09909965585738,73.54747485404715
325.289899616024,116.58612751055266,25.12038071721343,73.15085802160016
314.0548983415793,117.70762345903786,25.08053710286591,72.40852253551222
308.85275402586745,117.85169664266616,25.05940910724448,72.12037616825563
302.89536756457403,118.00173044638518,25.095378835454937,71.82030856081757
291.71694384197735,118.27787116583342,25.233878517685717,71.26802712192111
284.24642914468257,118.34769089766353,25.416362208888067,71.12838765826089
273.2887455379607,117.4345388571275,25.174184374444245,71.47752206947378
267.54307362336544,118.0868587227385,24.843429819579477,71.65064463625873
256.47667824853374,118.81697104659892,24.86293392654158,71.66463909805127
249.76861055565274,118.92945134810672,25.006105854037198,71.43967849503568
238.0712541898602,118.43076616810396,24.81413030489758,70.9628808374959
226.39065530530138,118.5271208939437,24.753355838992313,70.77017138581641
220.4184438697713,118.62518112630772,25.017633766415663,70.57405092108837
226.30502499432356,118.41019205731189,24.940617281257545,71.00402905908004
228.64443112251172,118.36990940721122,24.66208348587776,71.08459435928137
234.53350049093166,117.5940102150398,24.586697756582637,71.17354861768112
238.23726245176888,116.77303026380895,24.492876174228872,71.35276805227869
243.92967137941164,116.74510913413934,24.81675108011559,71.40861031161792
246.68734899151477,116.39698995128569,25.182519617031712,72.10484867732522
252.54236871431496,116.19228903725994,25.367425806239062,72.51425050537671
253.19250282410155,117.09827206616235,25.563230258641973,72.19835711954798
259.4141474942061,117.85308222587402,25.080896152398164,72.1838562043703
263.99017516939966,117.63975199121876,24.84572270487347,72.61051667368082
270.2431703468742,117.64754577328472,25.731258013642417,72.59492910954889
275.96248555934824,120.66181932167137,26.32329130697086,72.58171387191385
278.39080796887407,121.72372004267025,26.00975997371566,71.97228359184825
282.19703584399525,120.4816879946799,25.89721327574474,72.95636587737465
288.32795220896304,117.22248562347677,25.73143631724341,71.91473576263454
289.8107580970142,116.93542275518104,25.754060825133713,72.48886149922599
289.9997600031564,117.6296663789815,25.376057012849234,72.60310587793353
284.72357157964103,113.46466666585022,25.445950090748397,73.44561689767356
275.16042661426144,117.11341919966087,24.931976280008172,73.70205942293668
267.1554686284925,117.16243423104483,24.386080494642947,73.60402936016877
256.1370266641948,117.0262124376168,24.017530430962204,73.87647294702482
250.18921970248397,117.03616811329402,23.986648754119646,73.85656159567039
239.09999473521776,116.59287917830193,23.815668512615368,73.2531774539188
227.125017665988,116.60041957065862,24.11365172038643,73.23809666920542
221.16763042328748,117.51540851788171,24.160428722359637,72.89161846018769
209.87863800133115,118.32940826492845,24.546989778394497,72.74304721861937
212.66240451603946,117.82479653618518,24.9169905290429,72.26788723108966
218.0700680605756,118.51087417397795,25.976555438386377,72.38009345530611
221.78390408203512,120.56805278737028,26.07493845247796,71.27615825132573
227.95575943000628,119.67451674688789,25.660844456754567,71.57202824476313
228.6391874838539,121.4012594202024,25.781929196980762,71.09442459397701
235.43018058836418,118.43732999681853,25.549681385403396,69.6057621088318
244.39289695005863,119.21127386914459,25.11791339820754,68.0578743641797
250.1109402760527,118.18191535534194,25.104623275497943,68.68874182562517
256.1089039086748,118.6072268083945,24.601817145337996,67.83811891952007
260.4935963767591,117.9495092997145,24.324706275438338,69.15355393688006
266.3906619845881,116.6513337887732,23.96379602088008,70.32075233862518
272.7442046910618,115.67110784694042,24.209780713756576,70.84197421053258
277.6347200501998,114.04434782811524,24.586762452807065,71.19320497466106
283.61046259957436,114.68816386883387,24.33945306457989,71.36859485703901
289.48077014180905,116.89133539677593,24.28695550580584,71.34529587329062
296.2384816572839,118.86250477505317,23.909056822032536,70.32240697166425
304.57319673568304,114.57868350970458,24.498684180122716,71.6987755378246
311.93659437627906,115.38259209614287,24.45813283858555,73.02820715287896
318.75640842333314,120.76204023590503,24.199881493179056,72.6770483445671
326.2004104883211,115.4533257587366,24.082851449202696,72.95479543870422
332.71093231626764,112.29327091844195,24.371962060074434,73.35928100073134
338.78599362784394,113.24070713630582,24.141478776136417,72.95436348240541
345.6219974088106,112.87614783404416,23.789235762464365,73.68348208692873
350.9391987781126,112.10924058683202,23.541970259158813,73.73341983345324
356.93140403495283,111.21642640782505,23.397871896958854,74.03900917253213
366.4780278774577,110.95530681756306,23.567020413993085,74.56124835305613
374.6250003353206,110.1667257087087,23.687824982672318,74.64616061763712
379.8716274559909,111.05887705573467,23.664333608153438,74.35753833313115
390.54303129143403,110.90081497058742,24.68879470899693,74.67366250342563
395.53382001244887,114.48286603105106,25.30840949047398,73.56738451021647
396.98082047565805,116.57862559687598,25.434450813646578,73.90592875295302
404.47435848645375,110.5184485414038,25.618819402817458,75.4062716363637
413.87408400925085,109.47294332838163,25.32204872606367,75.95539203167134
419.34502851106527,105.86048644537033,25.190161004594813,75.4588763104369
426.3797427578671,107.86939886459399,24.933990799063864,74.51066442489463
433.5650412723069,109.22020647834057,24.213013152598748,74.84229794904911
442.6300281075614,110.3572512155655,24.18054811774938,74.07633419423756
437.0908319003462,109.26178931283293,24.78242885899462,73.27396895022125
426.2784761453558,109.30236461340047,25.45970604402001,71.6965730401608
422.52373076516125,110.24098489844418,25.538828702570072,71.30540609044115
414.2371406696809,110.71331767139084,25.810898499588063,70.36074054454784
408.84026838213305,113.5685635406312,26.291332027358315,70.54356940453881
398.50959590967676,108.72373875579953,26.168038230841958,71.3255166564469
387.5204598029883,111.96860782953925,25.7424532585379,70.81014042514903
381.44934619143623,111.79469711765367,26.056490632136672,71.15796184892021
376.9466358117548,116.35646694007619,26.12684819595923,72.45866259887212
362.5542647405747,116.2109033529945,26.239522708726792,72.74978977303549
351.2760253559485,117.45434921861063,26.06712005686947,73.29341556461785
347.83826825246433,118.69748728915667,26.863017732945778,72.32704355624877
351.7448450340127,132.36998769747197,26.652235079428955,72.35057801410576
361.514092622724,107.94986076517554,26.834845944797294,72.64657085029035
359.6660727540707,109.52744041702188,27.48180100688314,71.01595388420802
368.3883354266815,106.53998971127902,26.678022066275233,70.93967478492509
367.7642959958153,103.73943151437437,26.428841459230853,72.04901277240376
366.92837251850995,104.78881722823772,26.592031289720424,71.45889846879817
369.5180934407141,108.58428492107527,25.92204405127204,71.38372075972279
373.3673335481783,108.02912239141382,25.673448418751118,71.00406890256417
367.97156094688955,109.10179801094748,26.104650140524463,70.33876673218315
361.35395294584805,106.32309668523183,26.03501016198227,69.98290005889216
362.08607503266455,106.23099528756694,26.042729768592647,68.69513907397862
367.2952975884561,102.17844117599154,25.799784544911265,69.53203309148535
369.5708885500856,109.36053074587369,25.632393341125077,68.31922611013937
379.79352325760686,110.3691971854314,25.35928647645239,69.18363073821962
401.43000030460536,110.58724253923727,25.53605573272684,70.19586414228363
390.1518390613253,115.18954849889066,26.10232546406109,71.25327684208222
373.794360155624,112.1610091917364,26.007155456387242,72.83624711742581
371.98139201644926,111.92661707038269,26.60852212010495,74.81731616744918
348.4993561840393,110.47343319839825,27.02773990868702,76.17218878221014
332.7287071817687,112.07614540796926,26.999939808197563,77.70212907882271
340.86429842047545,114.91191561505823,26.726653241487156,76.82995743785567
346.3638020255227,106.69736121146448,26.80426700611529,75.85294757047906
348.6161546277901,108.87492220527615,27.009080169473506,76.20734395074865
360.53333625003194,108.47291741760756,26.85399356644557,73.85411664055839
348.47743851544743,102.27533436128392,26.291046475974294,73.91191147338557
346.8341220288664,104.1488128494355,26.51207586856894,73.2305580776499
334.690959019873,103.59053582085481,26.365330494244773,74.34711213481128
341.0763665598138,98.69464168599616,25.91744543849114,74.89670288643268
347.32153922805503,100.02439321531295,25.747658243431538,75.31733936315483
352.8828553845828,95.33995787278195,25.425838624548312,76.97134383809372
358.25096951873076,100.42768612503772,25.61409666945716,76.15973274490052
364.56246565178674,99.02680633612769,25.411386351090925,75.85642183578416
358.60151495579953,99.26033446518817,24.9771972874284,75.3893655776632
348.7286405900567,97.46478119611362,24.83399307057044,74.3907137431176
340.58352867023916,98.27876249783489,24.480249063415236,74.27583912574687
344.5822317276169,98.6467236745893,24.00772665149679,72.03494003167069
349.67453087672106,99.53194845176003,24.07423183228309,70.26449047732923
355.50122829214064,100.62911499050973,23.944374549504065,69.51059959333733
361.37179835295825,100.08567017496048,23.621857937323142,69.17016128575402
356.3368079166809,99.28860184303961,23.77566531674409,69.34770173629093
356.2255547253442,97.20794868832301,23.998171699417533,69.24321454607528
344.65216006780486,97.85932590307767,24.353051648810947,69.3649544519213
332.1983627502488,96.62664181687319,24.90499293592964,70.39763713327189
326.6672104169835,96.53201587953033,24.307663609274464,70.58688900795758
328.3547739060397,95.3698773347357,23.831121625364343,70.01258110334456
334.2541651517427,96.81390036884763,23.491684655649866,69.98937141554362
335.7510170286141,97.08967406169926,23.34975750569891,69.43782402984036
339.8479979504614,96.84433845336409,23.648443190972557,69.92849524651069
330.7488415954436,96.03779020683506,23.284242752704493,70.11370611277616
320.8077858641271,101.8244865061001,23.23227144951375,69.93121795185967
305.11679996763473,93.2226295028824,23.36731073524436,70.09115059070189
311.1928473733661,95.35626418440835,24.040777463804645,70.09906840765765
315.3381781826934,94.09199069702609,24.374961835711723,69.75266671890161
310.87035140399024,91.53382413851043,24.67891042831925,70.55314735353355
298.4302309813375,93.34703431196738,24.814505058671607,71.2934292798467
292.3302611927569,90.30237540695944,25.265670130691266,71.50835983729186
278.9687769217416,90.45472621851385,25.351088126073805,71.20365821418302
282.8566114535734,89.57331866727156,24.96072724514682,70.01235004357297
271.40717065224527,89.47327538946831,24.612222299209993,71.66539825846654
261.73780110900276,90.23646033395407,24.838120464993356,71.6092469018567
261.8152978400927,89.51376251924789,24.683127002813546,71.58111056737374
263.3152558212939,89.93836050151133,24.623828310317137,72.20222323779984
280.9044006170442,111.97239951973394,24.919497298355886,72.47659342577887
307.3266867601553,105.3087309829125,25.620711350894627,72.41748391473145
306.386856921556,103.9538362269805,26.001078761108786,72.12868889262634
308.8015416142373,104.04961381164648,25.677892664528386,71.93713372329438
304.0978110570286,104.32457398776644,26.12454804175809,71.38721337105446
258.41891108345726,86.45697316478193,26.367390464303543,72.76759496676553
258.4847892526684,90.55234629080964,26.235634125881248,73.68381457379789
259.2373047890271,109.78089001760404,26.259141076304658,73.4401776987301
256.8932886907808,105.04976022940578,26.370724479101543,73.74953968773517
257.7334692973633,113.126499467314,26.222289749524464,72.91532604779626
252.53772462019904,112.32659763710303,25.99258535962899,72.99781631618626
257.0678654871919,116.38758152424973,26.018278586802023,72.44749434285855
259.40408163952867,112.41131370062149,25.8666372186664,71.3584481170393
257.7603309553671,116.77195608750236,26.1769123605241,70.08022890944103
252.68011378977104,106.36454352643963,26.005935450976377,70.2322315500869
258.5320189355434,120.06594662437661,26.102212297110878,69.3796214139914
255.61125234726686,108.2622957312882,26.085631163974362,69.55446596140936
304.1571872803252,85.7313499713774,25.79836749145891,70.6142637568668
311.02055964187906,86.04847258054845,25.36221148195696,69.98001853852469
316.9647955101655,84.2526472507586,25.151911565950563,69.19235476539195
322.90377873766164,84.92190590887031,24.831550069865635,69.29853806903193
326.56604310843113,85.03270803372291,24.709118537721466,69.07693381932673
