468.0,182.0,28.0,60.0
467.85024095665483,181.5472846996764,28.299518086690398,60.90543060064722
467.8129636819888,181.34474205712323,28.37407263602239,61.31051588575356
467.7265478591067,181.16212042219365,28.546904281786638,61.675759155612695
467.7706331017638,181.50441851503862,28.458733796472426,62.38784102491347
467.62947080490784,181.5453193393915,28.741058390184314,62.30603937620769
466.84039676487873,182.25212811190443,28.909962476456453,62.30166582496787
466.91748112210126,182.8220361584797,28.75579376201143,62.57398456513462
466.8756492016138,182.7255252606989,28.839457602986403,62.76700636069624
466.75289356995654,183.53147944990954,29.08496886630087,62.572768508197726
466.9536590030835,183.50419814474046,28.683438000046998,62.62733111853589
466.2324008263385,184.2193253200317,28.713047006895096,62.60998411459531
466.02593570233853,184.795482071847,29.125977254895012,62.870844365317026
466.0474495279326,184.85451532532716,29.082949603706872,62.752777858356666
465.26398896999365,185.5300069546676,29.22814645103157,62.82351886822899
465.41438285471276,185.37232162087102,28.927358681593308,63.13888953582215
465.4771678215906,185.91119250178056,28.801788747837566,63.485764774415145
464.85256335516516,185.74308557989207,28.623540649457496,63.82197861819212
463.9925297549459,187.27112941128433,28.91439772427166,63.62431120665618
463.5299064435056,187.19554137691335,28.40819955478596,63.77548727539812
463.66346153204483,187.78970333434845,28.14108937770748,64.01191387639732
463.0735409135315,188.4743777813165,27.89745342572425,64.06604217147108
462.35666244230293,188.55657998985956,27.911244082721666,63.90163775438499
462.40525049365823,189.09354114106074,27.814067980011046,64.24554372249652
462.33355610422933,189.01074823866074,27.957456758868837,64.41112952729652
461.2146122900099,189.23269036517146,27.34330011505355,63.96724527427506
461.2906429590346,190.71437917700717,27.19123877700418,63.82136386838881
460.7844193186887,190.8639989007119,26.799737583373187,63.52212442097938
460.2713773962523,192.38520896496055,26.433130363596227,63.26508642178149
460.2920335376083,192.64329675516598,26.391818080884317,62.7489108413706
459.70761205495364,193.2942721482106,26.18637029878441,62.821250802690585
458.54842963994514,193.70894384812925,25.76135246772715,61.99190740285334
458.43993244073454,195.29309325574602,25.97834686614835,62.880132831609345
458.4777992633649,193.84996145542908,25.902613220887716,63.02870291386509
457.8667603471603,194.39301527338333,25.75504750258463,61.942595277956556
457.8296896845801,194.5794623425099,25.829188827745085,60.21835009632166
456.35557264882357,195.2728642918053,26.121924593435097,60.15929535064244
456.20845063889175,195.39525771959458,26.41616861329871,59.91450849506383
455.0915060251449,196.2041515673924,27.316351938286118,59.63042670197454
454.86811790111875,196.38754051541173,27.763128186338356,59.26364880593586
453.8526741366286,196.79963699554892,28.44614711692674,59.7873244440534
452.9234421333299,197.25412084907936,28.937197827556624,60.24577003296016
452.0363592040504,197.22073603376288,29.328712969543844,61.6951903801648
451.76394878251074,196.7947050437487,29.873533812623187,62.54725236019309
450.74090704631277,198.47378792918443,30.487090889716228,63.486665775230364
450.7235558441407,198.25707332647622,30.521793294060366,63.92009498064673
450.638730073421,198.93629607649683,30.691444835499787,64.02548882421829
449.9056612607273,198.8565684495198,30.68925202426071,64.1849440781723
447.7199081352681,199.48945183365666,30.648902783031616,64.38979580728106
447.73489730207405,199.39391007644065,30.6189244494197,64.5808793217131
447.52382170469946,199.63996470948524,31.04107564416893,65.56393693262179
446.7767522377269,200.46497168869993,31.03835847113801,65.41077908116841
446.54414485171617,200.39116573305688,31.503573243159515,65.55839099245452
445.77140734196325,200.47603566433662,31.54421757231949,65.38865112989501
445.69737345498186,201.31703246284798,31.692285346282176,65.20971780534481
444.95663239681596,201.8350124408961,31.670746457392205,65.67677885447043
445.0241277427287,203.41749412029705,31.535755765566684,65.53074856008277
444.9875283574322,201.6793710179326,31.608954536159647,65.99702041822799
443.48056296567245,201.59806494498702,31.5967558511478,66.15963256411911
443.4932421904667,201.5009026052825,31.571397401559373,66.35395724352814
442.44951930479175,202.1725126615339,32.14122649348726,66.52835381044731
441.5365521193453,203.49929544595048,32.43708197461338,66.93494602114755
440.77255327071407,203.4853619502981,32.42392141434189,66.9628130124523
439.9030804827187,203.49739872287518,32.621530531785574,66.93873946729815
439.65854994226856,203.23297245286517,33.11059161268582,67.46759200731819
438.63069303723836,203.88506323430138,33.60567072215915,67.72404514503272
438.7299856507058,203.89906629345916,33.407085495224244,67.69603902671716
437.848660547101,204.66335028848516,33.600619300449836,67.73658743864931
436.807908416939,204.70197591363168,34.109060475690875,67.65933618835624
436.62541112525923,206.27433013065786,34.47405505905038,67.67608597617436
436.55488709221663,206.10095803275715,34.61510312513557,68.02283017197577
434.67670126002344,207.66109527109614,35.18188195789922,68.09214852692051
434.561123129632,207.70004927702058,35.413038218682146,68.01424051507158
434.4865638550733,208.53098875135703,35.56215676779945,67.9607816876273
433.6811305207402,208.26131035652423,35.56282429073055,68.50013847729285
433.7492045540924,208.12051615327175,35.42667622402616,68.78172688379782
433.8956987230671,208.86512912062582,35.1336878860768,68.9124255159277
430.61920280643636,209.605677258134,35.21951925938435,69.04811935589984
430.7224921933501,210.27960558611204,35.01294048555694,69.32052369303406
430.77498496399767,210.4448404200936,34.90795494426178,68.99005402507088
430.92757157330885,211.07949709548387,34.60278172563939,69.33477169536272
431.0508267656062,211.79446884644454,34.35627134104469,69.5186316640031
429.8101252729343,212.84745095845457,33.61322535145463,69.02489192744997
429.8722113261696,212.63930035465216,33.48905324498395,69.44119313505479
429.0167359436983,212.23351811560113,33.60396634310571,70.25275761315686
428.9190245825949,214.7500803540523,33.79938906531255,70.04927276974269
427.2613545430788,214.73325841940738,33.894107535988596,70.08291663903255
426.6823587822089,214.63299570330986,33.43965027036299,70.28344207122755
426.6439223805162,215.32399561384503,33.51652307374842,70.50890775513767
425.7230159623227,216.09666592811294,33.746243444600054,70.57565959213727
424.93381354645106,216.66469809671264,33.70758092808736,71.05666260319369
424.2755349045752,216.49622029641802,33.400730155862455,71.39361820378289
424.18502945560596,216.294277854551,33.581741053800904,71.79750308751694
423.99491659233513,216.05080432005917,33.96196678034251,72.28445015650061
423.21639456013685,215.96189986747015,33.87327389635871,72.46225906167865
420.7514881926863,220.0099756925842,33.86275287028836,70.9532190927458
420.8495997647211,220.21557434060784,33.666529726218585,70.54202179669853
419.1470458058066,219.6537286471926,33.84126044804324,71.66571318352904
419.22486372075963,219.70911555880662,33.68562461813722,71.55493936030095
419.2633665082849,220.57657932730547,33.60861904308666,71.45029859861043
419.1359665821852,222.16080961031702,33.86341889528619,71.53667507337641
416.512159412246,222.82503716176302,34.21166773344545,71.84134180439074
416.4507891622718,223.89548733559747,34.33440823339374,71.34407450652967
415.53334213096434,224.0013694673883,34.53078694364381,71.132310242948
413.95200482892665,224.8706283645566,34.41578622234354,71.03263011129916
413.84516661667396,225.73406406025617,34.629462646848836,70.94114233143179
412.97863679016666,226.5073233165423,34.72476350899929,71.03238260972371
409.97589858852814,227.31044459183732,34.16725443761821,71.06688642779818
410.20500059933346,228.15429999789723,33.70905041600757,71.0107377015213
410.12519246080376,226.99368694407158,33.868666693066984,71.70919964876116
405.29770180478084,227.6193595680774,33.70928149638248,72.09358215220462
405.3105095855449,228.54366991548468,33.683665934854425,71.8835066613819
404.3195343879137,229.42470180214244,34.030577692108864,71.75648152607431
404.1497271468508,232.0985723364596,34.37019217423463,71.32646059513992
402.43105079089725,231.87390222302932,34.529783497253355,71.77580082200048
400.7387835342962,231.73303062622864,34.6178881155127,72.05754401560179
399.72694980928355,232.28196495624601,34.987696138546504,72.61353478255846
399.54124629585607,231.8126366804906,35.35910316540152,73.55219133406928
397.7762700981229,232.71158641835407,35.51192083641957,73.4428592205665
395.9410211586653,233.36216257324662,35.8031604722053,73.83133603234612
395.7805415265881,234.12073324626027,36.12411973635972,74.01455824459615
390.59251558576796,233.60418490873707,36.24848307515278,75.04765491964255
391.3162709360638,236.32686334967298,36.526836385445556,74.77989007042437
388.9068326324054,237.1138593138083,36.16534615108078,74.93268708938089
388.7761795858279,238.1428532813429,36.42665224423587,74.59743924507102
385.2007576112416,238.8342273791884,36.68796105505842,74.93707483396746
385.16636405349016,238.77386331026366,36.75674817056126,75.05780297181693
382.6815063681573,239.53713165439402,36.52194139839703,75.26610699783288
382.7656270070534,239.43236577040057,36.353700120604756,75.47563876581978
381.89940504355616,239.86209608162923,36.35220285689877,76.35011933406298
380.97919664684076,239.52019207153438,36.445946765759935,77.03392735425267
377.37299345347947,239.2579467692003,36.625250328211365,77.55841795892087
377.3681962399078,240.9399287108672,36.63484475535469,77.7325470441557
375.50220799406014,240.57244487105677,36.82331888691297,78.46751472377656
375.52492250371074,241.40803750750473,36.777889867611734,78.58207682464673
374.3346501028877,242.1362424204488,37.37181203532045,78.912289632696
370.7011693777467,242.06625694936724,37.43158520252925,79.05226057485913
370.5946087501037,243.11036729675433,37.644706457815275,78.76891930152948
367.1096804118173,243.03655506416519,37.396717629185105,78.91654376670779
366.84030129552366,247.83769861849535,37.93547586177241,78.32572309175288
365.89932471527203,248.11996814463012,38.014377526523994,77.76118403948334
360.5668923103456,248.19929932003947,37.9021908505519,77.60252168866467
361.6083808931757,248.36750755531412,37.611123054998345,77.26610521811534
360.9641892693709,250.8386349989586,37.11756604054615,77.66967111701177
357.4648784717461,251.5369218235173,36.99919475917602,78.05234568704935
357.77115126192416,251.06948622833264,36.38664917881993,78.98721687741869
356.6558414995411,254.7497715903463,36.83159005312315,78.76936075524247
351.0032365429348,255.91260075933587,37.39507375146874,78.23399011974121
350.0143025567622,256.77154003903894,37.58062989065427,78.30842339349485
344.35077362077436,256.31936510674825,38.12792107901792,79.21277325807628
344.0306799294922,258.88191949417427,38.76810846158229,79.54570650437485
342.80792855420145,259.27108239336087,39.37827588936713,80.60271602879828
339.01086659667124,261.11301792418504,39.52690776569793,80.64159098651479
338.09832272007964,261.6443425258457,39.487474890181595,81.44346241189307
336.8779761788319,263.22378784367555,40.05261673416942,82.03567425324867
332.031659945786,263.7907905116867,40.27515945581274,82.79568686611609
332.1381466005075,263.6733818683152,40.06218614636964,83.03050415285911
330.2723459127236,263.294356256597,39.976360570182386,83.78855537629542
330.2654504710364,264.1169389982696,39.99015145355676,84.06167061639047
327.3261949676023,263.7731510688034,40.10115111040197,84.74924647532283
327.2167896764459,264.77346222029354,40.31996169271469,84.68308627717649
324.4881353057278,265.440858600857,39.96533651350887,85.28560482293028
324.49714177169074,266.23056749030894,39.94732358158292,85.64609375561417
323.1851479156721,265.8318201359009,40.62647007630946,86.44358846443025
321.3476353407071,266.71926629512797,40.364865613771556,86.6370109522101
320.4294803295332,267.58131856819483,40.234612889768755,86.87946915242696
318.3008299167838,268.7011463055892,40.55628508133381,86.60762799460505
317.3947590617412,269.8541437729133,40.398948025375475,86.2711118260005
317.05747066805725,271.86863239577525,41.07352481274338,86.16579576319862
313.12718565187004,272.0771548609852,41.045851579055345,85.74875083277864
312.3193237704157,272.192412723306,40.69607944178123,85.51823510813708
307.70595361589903,271.8998672546534,40.14260853691106,86.10332604544234
308.9448636870832,272.97719180043737,39.61969824991941,85.90358680925108
305.86751004348133,274.7872731355946,39.94582719276853,86.16914303517324
306.915259180898,276.2201247842127,39.80275694373157,85.25586776373329
304.1208575175296,277.57078342363667,39.58165769127382,84.49118467795016
301.35791707501886,277.49510172043097,39.342625725918296,84.64254808436156
301.0935175451384,279.2726589783244,39.87142478567926,84.92676393253063
300.0290832754994,280.1547839893416,40.06725263940378,85.09555459604975
300.0964002935375,282.31565465220075,39.93261860332753,84.65164780334328
295.34279770326486,282.3013768376352,39.789321525927015,84.6802034324744
296.5479464687399,279.05751565904256,39.307040050612805,85.38387762275177
291.68561520336686,281.9831332587887,39.3825609244931,85.32212741737901
294.52566930213703,283.97293447300416,39.493208306968725,85.20302870895877
294.49916746491067,289.5139593571826,39.54621198142151,83.77325198313943
292.3446574523017,288.65803412759976,40.03411146834213,83.57454217315654
278.55369904701286,291.9069319465243,40.78972570634129,82.82523994371701
289.42758544255446,294.4040825747418,40.143777728148564,81.66763410780766
292.2762972393425,300.4304944507308,42.0072364311431,79.06591322654306
341.3372093714648,300.2821660981674,43.74814598476501,79.36256993166995
379.23219649204316,298.5732947520191,44.69269540414515,78.94358644093968
382.38943535531234,300.44430785689934,44.162995994401584,79.05807910904242
376.224432901542,299.7154653124774,44.96737179671666,78.59482601368197
376.6066987667699,296.7507529673239,44.20284006626079,80.66872665191512
370.9611741888213,295.30140442618716,43.82145458406308,83.56742373418855
365.85942676098193,295.8921276847796,44.11713740530654,84.3675396238907
371.1674959983576,302.52107522734616,43.49302517417283,83.10007603109882
367.3141760120004,301.176173551768,43.323474290556604,83.8208316681726
361.33562237193405,300.8720667030849,43.420275362334024,84.42904536553871
355.54776295763514,300.2354855200033,43.072116715638145,85.70220773170198
356.334837284804,301.93772588118554,41.4979680613004,84.29769572828555
351.9908208390044,302.7566122136834,40.42520802125646,84.61208164961857
352.2800415075603,302.12648750716323,39.84676668414461,85.87233106265883
350.1762719169955,302.226306929225,40.16155258846844,85.67269221853532
348.2159714308003,301.9094866722111,40.184213070451925,86.30633273256313
342.2253682091952,303.3968542731416,40.413866927688375,87.24878172602664
341.80411410090295,303.4267123526259,41.25637514427289,87.18906556705818
339.51933211256477,303.49278277505096,41.84560701326907,89.04709077604804
336.9627858480947,303.6875944780157,42.90366206059033,90.6849861109281
334.83003617466153,304.29516042546135,43.029475893220216,91.53969697315492
330.4321934133616,304.90414742367153,43.48719469861872,92.40621465603502
329.21800899092693,305.9030477511769,43.810460427208056,92.5135171173041
324.20908104339907,308.01537769036145,45.37909487265748,92.51346796373826
322.6813360302801,308.4428466715293,46.29499897787535,93.79811592242251
319.0173941108919,308.8566101781326,47.100126896150954,95.14484088271612
314.1019825628504,310.238700628722,48.099337735391536,94.58856304574802
311.45878938304566,311.2966082863777,48.95165055774875,94.6897844990627
306.6997837189711,313.07375572427105,49.53679479901022,95.60192316671983
308.6966812851627,313.7898530242566,50.05636993654238,96.42641370170644
302.80521435837505,314.8092826032473,50.45061837374328,96.66529162699999
303.38610263313115,317.30519842063075,51.576871037016474,96.24951841780393
296.5641124621324,317.64769502876055,51.41337212689733,97.86577174356367
296.6800485830975,317.71401571872514,51.18149988496714,97.73313036363442
295.59644527964286,321.57055727953366,51.03241764868579,96.96891377158943
290.94349967342214,326.72593043235725,51.1283400738925,95.86813625317694
291.21526159697447,327.11073790203193,50.58481622678789,95.09852131382746
289.0758962251873,327.4690030538876,50.32895963103596,94.38199101011622
288.12620166247007,327.59778500602533,49.975989787951264,94.12442710584077
285.6662410637812,327.43750095539497,48.168368681388245,94.44499520710148
283.6577510794649,328.736707370915,47.753102742086874,94.06270533002842
269.7324425693734,329.0513245140558,46.960163924528,93.43347104374678
271.12963796659994,330.1946419559551,46.34620343507214,93.3272664649453
263.72469448656415,333.47051521944684,45.9783309122637,93.2802740020532
263.4463796169498,332.7202417972471,46.53496065149238,92.61963140375684
262.0102128803252,332.86342547971503,47.246135626090876,92.33326403882099
255.11050424295874,338.0495437121178,48.03010187646662,92.80723676097976
254.87308054532534,338.75157777117323,48.50494927173344,91.40316864286889
248.2588918927259,340.96160740054535,48.66993987829565,91.3375716170035
244.941667679791,304.9157704577979,48.767100944036684,91.51908454108195
237.7550313763449,271.91422232310134,50.039770727148856,92.01916669157492
231.53963687918468,252.17181778120383,51.4075888135533,91.67728050687248
234.20241172474852,251.1834100941078,50.54380611358671,91.42321238548396
232.05087941692182,252.3522419911317,50.42205466388701,91.29795662411271
230.0974262748867,256.4286480458425,49.91199864743405,91.97906911573762
228.7627461303413,256.8487542014544,50.37154111321712,91.13885680451384
226.55434194888318,259.1193612534483,50.37780976724355,91.00818240941591
230.85263219898977,264.8270212863881,48.391569886966586,90.61009671009656
229.3631938017727,266.38230721300357,47.043219755730206,89.66313831970095
208.26558514124076,261.16184867281777,46.707655236805536,87.34482084807595
206.39302879924423,262.34903981702064,46.27942410575559,87.05711046719168
202.9606686420783,260.0828174633499,44.843769112528236,87.43936752075359
197.11969832243608,260.1065287372816,44.18957844833497,87.39194497289016
191.24610238504582,262.0546112311792,43.67255056381773,87.58385323819437
192.2482942922178,263.27476033422914,43.706073555157175,87.18146183777786
188.79551612611397,264.36804845837366,42.48124724701651,87.02748124957589
186.62915814650356,264.56529749245004,42.795724791682424,86.6329831814231
180.482762096606,267.1604935062211,43.03567367503699,87.46901276210133
180.57151095584814,272.07571376539477,42.85817595655273,87.76453591563568
175.29696319162684,272.59254651682073,43.27510882204535,86.73087041278367
172.77122767566206,270.9839848063267,44.28949541116384,85.91090939096065
169.4715514356627,279.6214309499596,44.8167300229854,84.8283314188341
162.08870506083167,273.77777835060846,45.46202354983511,84.4124372836972
160.37068291275753,280.20604233401116,44.853785478050106,83.6887564206917
154.1275007600709,279.3109379214966,43.33271023549419,81.47683966059822
154.16318561892223,282.74924941970113,43.26134051779152,80.42748033432451
152.68775208846216,285.43277077125356,42.360715032538316,78.91193017739289
149.56824992289796,285.79356184549886,42.93573431857496,76.3023530138718
143.1853157724509,293.71120795402885,42.686542505170095,75.34141521315351
139.55359902064347,298.7792913809946,42.58662660088102,74.40943511910189
133.49314655906198,292.65814291083836,41.93015697937757,73.874357514748
133.1277364275846,299.59099018953935,42.660977242332294,72.65251120899094
125.91535515952366,300.85502453896675,42.68142103373665,71.92498235322591
124.03685294881386,309.6153018742235,42.858273194037594,72.30518898830559
117.76921419429394,311.09833212460615,42.80254602170565,72.9365583965037
99.14824829685396,311.7051083752966,42.094271097575444,73.53015859602797
98.14527364131736,312.71759465832207,42.296266045285506,73.30914039334012
96.8122505111014,295.61639864889685,41.35410039963958,73.23351930445097
94.67991811983369,310.41016271128944,42.04479486717045,72.23775369970203
88.1785488041314,312.6057236130232,42.55985824434893,71.4145391117277
84.57075110583125,314.0281742076213,42.65371667881577,72.1305064035981
79.32096517596378,312.9433284720548,42.39731255189548,72.50753521028858
78.50599545103198,315.834760588817,42.23332602320099,73.90037489099652
