332.0,266.0,74.0,130.0
333.5444668868418,266.4589473245085,74.09325984907298,129.082105350983
340.20045177807157,265.49463263603866,73.46201115907145,127.8405544548082
346.96737296448936,262.6315171262278,72.49244793453632,127.28464590027983
350.4126950526179,261.4508783797609,71.83455082101378,126.52954986184622
359.02520657080845,255.95967123565725,70.07960047503852,125.13590599772883
360.93996964909894,255.9188471989831,69.29361495889181,125.21755407107716
364.21928386603594,254.7178876494316,68.7976901185981,124.58812137338995
372.297390082787,250.96217811244813,67.70945744627925,123.05875259064698
374.057555436622,251.04944644731663,67.16157024249071,122.88421592090998
381.1145148874038,248.32823302927716,64.88969313529115,122.40562185980681
382.84598469545773,247.0302710916402,64.34131018984257,122.08698906442143
384.48706846338035,244.42033276382335,63.959597887557536,121.50595525293485
393.6272223934877,241.80312325171153,62.99141786562046,120.96966499773265
395.29642834253235,242.0181986984079,62.51383476842432,120.5395141043399
397.29449341126485,237.99582448148487,61.363996701777964,120.04538632573008
402.1443651703386,236.7165673666434,60.121934190222134,119.78467355321584
403.93682279704865,235.6867656369455,59.33097346072468,119.05032248868903
409.07073847970884,231.83236719475516,57.37169634486983,118.45056512360412
411.08819768234645,230.67217690136818,56.063544503334285,118.04417914663851
413.15163246780656,231.24363876646004,54.63474521996264,116.90125541645475
420.2409837393477,227.27006977018291,53.73848734956336,116.87892660539929
420.8659029744973,226.60979978233587,52.48864887926415,115.55897562440339
423.90131002266133,224.37358684108375,51.61664496672498,114.83259132311878
426.75556821970827,222.4015158568828,51.05523329315787,113.62962857099392
429.54988084100637,221.52442465635832,50.55906611493943,112.83758193985392
431.0043084812722,220.47526413950632,50.17622705409893,112.40988675386683
432.1459989749253,219.28364991322152,50.40592733932758,112.2800339339015
436.29643561792886,217.4334039844599,49.65075397722269,110.95005917548993
437.64122094811256,216.2124722808458,49.4438453724877,110.9092605270858
440.1723618906297,213.20966249583228,49.33842937666141,109.47958126330084
441.427427827726,212.0025850411518,49.28412820954035,109.43790546559035
442.75179594844417,211.19170986373987,49.089664182737465,108.60538360578066
446.43527731956806,210.60327319993036,49.03901012248849,107.3434873727334
448.67105545366246,207.21777141828812,49.406548219943616,106.85584938755188
449.79200680762364,206.28649696746595,49.58353655505701,106.29950724616052
452.38630211616953,203.38987464331214,49.22272304991243,104.85108622654711
454.7574489654767,203.63107464620225,49.25341947179276,104.36868622076693
455.9276014450901,202.8194969146963,49.293117185354106,103.61183901099075
458.59412308170425,200.81800102579402,48.69939889662123,102.87550580429992
459.843447782703,200.22778874959278,48.5493290498562,101.70735080147003
462.28694018803213,199.2074863205553,48.320209029426366,101.41902326443079
463.3393596448623,198.3868458031078,48.53610674574209,100.73956766934953
467.0140362057697,196.1300226753886,48.130498772577084,100.62405049235477
466.8628613716536,195.24090476619963,48.43284844080928,100.09644844579037
471.6365209310222,192.57519938988855,48.09911998505413,98.51766620117604
472.4867857824984,192.5266425184089,48.673130242888874,98.61477994413536
473.65851197303243,191.91859583142423,48.61559489365524,97.54495628627012
477.1858680271959,191.00727096477019,48.36868731479724,97.09833784308859
478.29753512381177,190.40999247257645,48.40381030610429,96.03443764293733
479.3935319185746,189.62566715092146,48.4553026572998,95.35960234552616
482.9675559989774,188.71160264074354,48.01071098385273,94.95324587009581
486.3794221788789,186.846427671661,47.8495338232224,94.2418923421458
487.28347560037366,186.96977231915128,48.249069068620365,93.99520304716526
490.8828441836002,185.8387651033143,47.68308237498886,94.04630065456533
491.92025492734547,182.9458523716609,47.810161836137695,93.22642327195376
496.4186886695055,181.7989352213413,47.5815763515093,93.32818707267003
497.6362816353711,181.61963487471547,47.33601097474884,93.68678776592165
498.759323242063,180.90906328553163,47.28056504760174,92.91729365805276
500.9724126338411,179.95232543358526,47.21118803883844,92.65236847454901
502.35305158662015,179.15726640912322,46.623229155736965,92.06916750101661
504.8289804361576,177.1574409040693,45.980609291933426,91.75958067585285
506.1173129139979,176.54390371672267,45.542920757807224,90.84767862899167
508.6123798034969,175.44030690527546,44.788892158828446,90.93681966187647
509.79890279184764,174.75449508193867,44.52214530912862,90.20214418154848
511.03033586993445,173.9303028084187,44.150210275184484,89.75959760635908
512.0533382665114,172.25458651402937,44.182216723457444,88.9550077122839
511.996670795123,172.44309617701185,44.29555166623437,88.57798838631894
513.4245399792379,169.51488750760208,43.50305449806935,88.24468212494408
514.4623836673182,169.8459138029594,43.47200585140548,87.58262953422943
515.5469600689001,168.1776146286829,43.33726959488604,86.85039478949388
515.7491950454499,167.6812483840759,42.93279964178656,85.8217596235241
516.7578563711363,166.9866623414375,42.91478686015441,85.21162183906029
517.1276727935516,167.44741028597963,42.17515401532388,84.29012594997602
517.320042536529,165.50151384822934,41.7904145293691,84.25436490754936
518.6073469152963,164.61788741182943,41.172399007646945,84.0650245445369
518.5223137015383,164.93485904685494,41.34246543516261,83.4310812744859
518.7868657739793,163.99286320262507,40.81336129028067,83.37828435345652
518.8374665382978,163.36612351815288,40.71215976164386,82.70492133087033
518.9058834250127,161.71814376936024,40.575325988214004,82.17039393754881
519.7753463349703,160.99048883756458,40.74145473312113,81.72064923631761
520.7566077937333,160.88980076017194,40.68028364309145,81.92202539110293
522.0652685976843,159.23999863833092,39.9662017728845,81.41515015939486
521.9920299816847,159.30798183404403,40.11267900488365,81.27918376796863
522.2247673699136,156.5668503339706,39.647204228425856,81.10944279677975
523.1791325463265,156.95057275359204,39.611919729130335,80.34199795753685
523.983994241151,155.98150695204077,39.86381133826162,80.41851456185887
524.999812297891,155.0373109477253,39.69927467905241,80.43980711621907
525.9790481661454,153.64303028182312,39.60536263799653,79.49924905711794
527.1102172236301,153.97937611491568,39.192196710471386,78.82655739093278
528.1138098609522,153.05967642853903,39.01718547862716,78.83378272088613
528.135861893366,152.10910656977424,38.97308141379952,78.90567416125674
529.0893600134251,150.43307182465895,38.89562068976461,78.59867261932058
530.0149731857081,150.71127415999854,38.86809702636607,78.04226794864147
530.9766091922578,149.76935362461677,38.759909780007334,78.11102425266441
532.0468789752404,148.67887650409787,38.43358771057042,78.47776099717392
533.0284028501582,147.06616575421722,38.28446297382143,78.07533647076202
533.1331832217035,146.31042997651144,38.074902230730856,77.78135445404239
534.2063670277341,146.4989279647194,37.72605508458899,77.40435847762647
534.3176175917541,144.7012384066354,37.50355395654899,77.42782573281832
535.3264289322487,144.93480840706377,37.26836463359098,76.96068573196159
536.1670007566732,143.1299760431377,37.358745449602345,77.02730153009338
536.3249790831728,142.6368105731386,37.04278879660313,76.23956453286837
537.4745827640645,142.7246198297154,36.5006549327945,76.06394601971478
537.6233139456166,141.79874030027395,36.20319256969048,76.17062166779598
538.693008046076,141.05434550831148,35.805263623126386,75.91795199736603
538.8392974937897,140.41718445959737,35.51268472769905,75.46143575939796
539.1938731250054,139.68596615600433,34.803533465267414,75.20479026087631
539.2450913456657,138.9143715377482,34.70109702394689,75.045023319544
539.4027891903522,138.2548940669136,34.385701334573916,74.665138399793
539.6370384454746,137.53967345016036,33.917202824329294,74.40778459580669
540.5447897581295,137.03548827864012,33.77754760521938,73.7403075326472
540.6703342661674,136.4176585897404,33.52645858914335,73.31226853767093
540.8468607518278,135.68148726756084,33.17340561782261,73.13153393644292
540.8644352704048,135.0785398002355,33.13825658066866,72.69316716896292
540.9029973615978,135.36437220593817,33.06113239828255,72.12150235755757
541.0141455170854,133.7177631004329,32.83883608730754,72.15949030733329
541.1110015069654,133.03103614522405,32.645124107547424,71.90867236327225
541.2659939729001,133.01795708471838,32.335139175677966,71.93483048428361
541.1764330725217,132.35926807979217,32.514260976434755,71.64003822271468
541.3573588657339,131.59312678763598,32.15240939001051,71.56128783852836
540.6683440202421,130.12081190083603,31.926900766062744,71.29884098226574
540.0918174176483,129.6241874119297,31.48418671210387,70.69632270093172
540.1075451244275,128.90517571984287,31.452731298545427,70.55510363341014
539.3327182020632,128.8011157240719,31.425744521789383,70.76322362495202
539.3508698815269,127.32276314789874,31.389441162861864,70.56155893847563
538.6063444589945,126.75200368700587,31.3028707465021,70.12745659883672
538.6621255916042,126.62897857698829,31.191308481282814,70.37350681887186
537.8846286184515,127.06932916917728,31.17689430345932,69.4928056344939
537.1473480408372,125.64017163615082,31.09507811779042,69.23836601875185
537.1045307580512,124.2306128886571,31.18071268336235,68.95498982623779
536.4480175559855,123.59683963015172,30.945103347515825,68.67390060327078
536.6006045237428,123.81593577316985,30.639929412001187,68.23570831723453
535.9914979649993,123.97405419781147,30.329444919174723,67.9194714679513
536.031836912686,123.43512672237527,30.24876702380129,67.47867416095497
536.0273926222542,122.01101057962273,30.25765560466504,67.30523117683073
535.4492648705454,122.06616829618169,29.905434950009933,67.19491574371281
535.5083365954258,120.74148311933953,29.787291500249193,66.84291591650624
534.1758254453346,120.07059814131958,29.465311613075926,66.69118477886826
534.1920722364005,119.52063173096114,29.432818030944084,66.30548212916213
533.691661931039,118.82442464146237,28.954167967864755,66.21842563435736
533.6443923020078,118.13234603430875,29.04870722592731,66.1328040983652
533.7022725447147,117.4990934857022,28.93294674051348,65.92910477701335
533.7179392956398,117.57096061670018,28.90161323866316,65.78537051501742
533.7305425509699,116.2964274484286,28.876406728003104,65.4092813101069
533.6953240243959,115.77927616815323,28.946843781151095,64.98690132227895
533.0818260535392,115.9157473899015,28.722043139514014,64.71395887878242
533.0636593382463,114.72813952764002,28.758376570099593,64.20140778513536
533.0663764945378,114.08622923974264,28.752942257516604,64.04814223281005
533.017791987479,113.65070703108775,28.85011127163447,63.484420542202855
533.0351753671616,112.11966657965428,28.81534451226907,63.68993147651707
532.4002875226115,112.31007856546167,28.654459696476522,63.30910750490229
532.5312881690411,111.73489861656657,28.392458403617407,63.0371610687709
532.5985354609882,110.59606183191151,28.257963819723237,62.487317536595505
531.9352029453753,109.99892957829968,28.18121557168803,62.27816876455825
531.3626752392171,109.45483185239999,27.92724209570325,61.96733532805631
531.3977081030729,109.476019222039,27.85717636799147,61.92496058877831
531.486172032568,109.44716624943429,27.680248509001345,61.98266653398773
531.5919210555563,108.87188718232088,27.468750463024772,61.747283874460706
531.5411834626585,108.40593268137424,27.570225648820355,61.30038582331762
531.6695421018401,107.06492284318595,27.313508370457193,61.23419493186131
531.6545843516664,105.99260406366407,27.34342387080467,60.64156502844273
531.5532062796707,106.18319649859912,27.54618001479585,60.26038015857264
531.7300932387341,105.05949819768918,27.19240609666921,59.79062520881335
531.7343309472274,105.13640599921246,27.183930679682703,59.63680960576681
531.7313792847964,104.63155497636976,27.189834004544586,59.30334731955343
531.6497426995801,104.2647450471973,27.353107174977083,58.69854653173421
531.5404675559744,103.6349813059873,27.571657462188526,58.625595764442345
531.001728396488,103.64195541563791,27.313903318440087,58.61164754514114
531.0051604709258,103.30495160791227,27.307039169564394,57.955126999439
531.0469716448151,102.13182677231454,27.223416821785797,57.659682871241245
530.4742988427836,101.65054096167117,27.053679302624218,57.30717136930333
530.3879521599437,101.83785735250137,27.226372668304073,56.93253858764291
529.7609402057282,101.060971971091,27.17586361254197,57.181776386270464
529.7404319899757,100.62237660266148,27.216880044046725,56.75167914643586
529.7955601304127,100.66020389489023,27.10662376317282,56.67602456197835
529.098992973982,100.19290463376998,27.201051919005156,56.31191692718973
528.4509035850652,99.562730566177,27.202195144791894,56.27722951032897
528.4701566097616,98.83011937477426,27.163689095399135,56.44790288457119
527.775878175183,98.22099759090072,27.255875222100848,56.36977570986295
527.7154941533647,98.2836429743129,27.37664326573755,56.244484943038586
527.7740848670229,97.71605348419605,27.259461838421227,56.08256184249515
527.2269567734538,97.02891136759732,27.061016599738082,56.16414464987123
526.5688272330559,96.62113870747619,27.086832410199627,55.68924669977928
525.9088831749013,96.04740086985396,27.122762865852998,55.55276471436811
525.398572195734,96.12190843433558,26.86079717057828,55.40374958540487
525.5281057307088,94.91797178237825,26.601730100628526,55.25990123572234
525.4133669797438,94.96012316775668,26.831207602558607,55.17559846496549
524.8487678948086,94.84315527457076,26.688391234257523,55.40953425133729
524.2699861013666,94.29885114512248,26.573006906720433,55.22519459581261
524.2649505708634,94.38517531125328,26.58307796772677,55.05254626355102
524.1956320825848,93.00929469841022,26.721714944284145,55.27249661012269
524.27844230604,92.83009487633403,26.556094497373493,55.63089625427506
523.7245078760919,92.18674515643914,26.39008821786452,55.64372055465968
523.8112829247655,91.63576494622917,26.216538120517534,55.47451122429502
523.1856249118198,91.52528812334488,26.202176684664185,55.69546487006361
523.1684935759603,90.78799425797237,26.236439356383343,55.90140617897764
522.5451806201584,90.71386646045707,26.21082088609227,56.04966177400824
522.7030808765564,89.83147557403244,25.89502037329621,56.54048737594789
522.7168160019299,89.60092873769392,25.86755012254905,55.726007336679785
522.1404689105923,89.75967304252359,25.75699823810621,55.40851872702047
520.8888326270545,89.18286833776736,25.7468853775597,55.30543542272181
520.97138695531,88.81540993157114,25.581776721048783,54.785336704977766
520.4289754128479,87.92278481782289,25.422040843390047,54.08146900730838
519.8762300550444,87.5867021595237,25.296012601871574,53.5221153667813
518.8019355363592,87.67687935800981,25.00226135693191,53.34176096980907
518.1976463297705,87.81911276341586,24.997423129833095,53.057294158996974
517.5831554920958,87.28751833257417,25.017216451452573,52.91129466695047
515.8471238510438,86.92364218076597,24.86706143881706,52.43164087232033
515.953081895103,87.04924196593481,24.655145350698653,52.18044130198267
514.7867781708705,86.43997710799559,24.60687189937596,52.20853056796742
514.0233455332474,86.00954614370298,24.94372946986522,51.879384791795545
512.8785449073083,86.09460187418873,24.851176951676514,51.70927333082404
512.9132011013227,84.67260248836894,24.78186456364787,52.17930386806485
509.98983082820195,84.95738774506403,24.665439542715237,51.60973335467469
510.1584883628655,83.7388867950549,24.32812447338813,51.68213735761812
509.4900912257767,83.346303092542,24.48744406686274,51.289830081940934
508.9764014855535,83.2573525873814,24.34029028754196,51.46773109226215
507.80313991091873,82.57404408138416,24.33768815739535,51.65978546454862
507.74554413171603,82.11871557016718,24.452879715800798,51.39312658829482
507.8050668823082,81.42407444264103,24.333834214616417,51.60697125243192
506.2446213802532,80.81080379897446,23.925287817868586,51.65703340614574
506.28658336409524,80.11563948585048,23.841363850184536,51.877290196245866
505.26064280729344,80.26676436277177,23.54963070928595,51.57504044240328
503.0146391502427,79.91417752845746,23.392426372789917,51.11791119838252
503.07589406599806,80.63928475465369,23.269916541279205,50.82060052482869
503.1528498671435,80.15572687525662,23.11600493898839,50.64128071747969
503.25673835125696,80.36671869148002,22.908227970761455,50.21929708503288
503.32220623810286,80.4837286128741,22.77729219706961,49.98527724224469
501.19516050699434,78.80521294998563,22.52873623689964,49.965323001231276
501.1787095427749,78.96613460934913,22.561638165338383,49.64347968250428
498.9610649503732,78.26205919039387,22.529269928922336,49.9347161651099
498.9427225599688,77.09937886556524,22.565954709731198,50.01892340903078
498.52061216076066,76.16728367304334,22.287732073862465,49.63822692550477
495.35037909743335,74.69882498673681,21.956013111423736,50.35108260175339
495.2186832272456,74.12354061239992,22.2194048517993,50.38512301425096
495.2065418555906,74.23251414018928,22.243687595109208,50.16717595867224
494.62601281431023,73.81040093803955,22.285814753396977,49.892471438698664
494.0685749740504,73.36853203676233,22.285003459743525,49.66052226708
491.349744703062,73.17330762565746,22.161131287448725,48.93866454643543
491.37000088363357,73.5459223137407,22.120618926305585,48.19343517026893
491.3757170945494,73.06786507281464,22.10918650447394,48.06143950230755
490.8445914617935,72.58019869107292,22.08544720429125,47.95078170009653
490.3287954274517,72.53789854532721,22.03307359996682,48.035381991587926
487.16535787739775,72.58097532104512,21.854274978958152,47.94922844015214
487.2708840033362,72.98110257721103,21.643222727081223,47.14897392782031
486.82481706363893,73.13789456641354,21.47079311529562,46.83538994941527
485.8031433403331,72.31847606554507,21.400171844578665,46.36025823382357
485.43211331174723,72.2683349396316,21.093393566791747,46.46054048565051
484.39607698194067,72.2513936398109,21.075622113224163,46.494423085291906
482.4289417533349,71.74957347597288,20.829482337862494,46.45296085482465
482.45632457342947,71.40951669458038,20.774716697673355,46.092895002443406
481.917745313961,70.9252870531709,20.817884729498687,46.02736379815067
479.3664566706022,71.5582247328136,20.75147935546643,45.79528497101527
479.3424928591277,71.55300082866147,20.799406978415497,45.80573277931952
477.3398560626206,70.99537842686314,20.683668692521962,45.89072461318926
476.31407597281867,69.49800407061676,20.676315809899442,45.79710373234232
476.3423304557668,69.44960970449085,20.619806844003186,45.893892464594124
474.22532716060886,69.46881081030514,20.740289015279203,45.85549025296554
474.23976985213824,69.59366017442855,20.711403632220517,45.605791524718754
474.28184122597946,69.67917589501965,20.627260884538067,45.43476008353652
472.3190472150436,67.99928204720422,20.46547162374852,45.729014817171496
471.69461583749256,67.98589764498811,20.69105783128231,45.7557836216037
471.13703196377946,68.11865524386158,20.778598933653655,45.49026842385677
470.49597457109115,67.14723243167548,21.03540969466044,45.38250599948905
469.3933485916149,67.16037492771633,21.18419683392193,45.35622100740731
468.4538257982278,66.75024223726118,21.0023417513736,45.14603605365635
468.0255751619713,66.8649995794591,20.834630184976767,44.91652136926052
466.65396390888606,65.31540197648013,20.524030982292178,44.961894866363394
466.7599032286241,65.38220797276361,20.312152342815985,44.82828287379643
466.89768414537645,66.01946600099791,20.036590509311402,44.56127365696066
466.47116216943607,66.00969446653326,19.890841832265494,44.58081672588994
466.54000206204194,65.97773720088446,19.753162047053742,44.644731257187544
465.5858289950787,65.36605601518875,19.671467603692555,44.87307333993519
465.65564194825754,65.42986916736959,19.531841697334936,44.74544703557351
464.61083406614824,62.78254487592287,19.636296221739634,45.07719251893225
464.1733785557623,63.2955214593717,19.511979339960185,45.050467254585875
462.675336019963,62.84162437191212,19.51812309260644,44.961614323187604
462.6854886577849,62.74928827859767,19.497817816962602,45.146286509816505
462.6733031351541,63.345115423717246,19.522188862224354,44.95241626539116
462.17881191824176,62.89039328402454,19.515763576582838,44.86645282531049
460.8146280065563,61.54304271078934,19.261982728183206,45.57305485726718
460.74960565208863,60.695245265251124,19.39202743711846,46.268865039723735
460.6579042159866,60.15089964268762,19.575430309322556,46.34541452071688
459.0278958955162,59.235468914148775,19.785951437194292,46.14327896908186
458.93336851960026,57.80068186145699,19.975006189026168,46.97824976360043
458.3629895006106,56.99453365393296,20.08304334671702,47.557825298359894
458.3473203314511,57.53458115103418,20.114381685035934,47.520741250122384
457.6713870929188,56.546670869734264,20.42321801394451,47.410501516410065
454.54533340904266,53.51895548675951,20.39393198369921,48.23143778402826
454.3213124670389,53.89197432066885,20.841973867706663,48.54365256424592
454.1695833801009,54.04528423636409,21.145432041582637,49.307727416292565
453.9375532873797,53.78039360582944,21.609492227025058,48.750396049772704
453.7289189980449,53.53189749771185,22.0267608056947,49.247388266007874
453.5978545080921,53.50852617624389,22.28888978560032,49.29413090894379
451.310574201237,53.55154195614706,22.435230246891702,49.208099349137456
451.1831780334228,52.0977021793537,22.69002258252008,49.89903550008338
450.802712345262,51.88704551227053,23.450953958841673,50.32034883424973
449.8501703962452,38.007252104925584,24.21371229605162,51.80644774999525
449.83385540160043,47.637535037283556,25.423630085674237,52.559774490943646
449.0191752948338,46.65393053446923,27.052990299207544,53.317629127919346
452.1891370654366,50.89628822884187,30.702417325928753,52.32492666511922
450.2910858021889,47.16881474436765,33.202134800191466,53.29794837290433
449.41267053837373,44.89655243254189,34.95896532782178,53.783519512610596
448.41618295031503,45.778669834154655,36.951940503939284,53.40892135281615
445.9458970317072,43.09800487211214,39.058325624007765,54.51897120118065
446.3481211717715,45.563531924472656,41.191119966604944,53.99378103054818
447.3403567585144,34.339833410001184,40.702230012294535,56.99862221020986
445.2466536298818,35.640324586182025,41.82316440038622,58.99734766160866
443.3398161568728,37.99153637156478,44.05488412972208,59.04078974088941
442.3977238468823,32.39621284786606,44.3198085778897,60.51587575740669
462.0865721361092,33.499103020996834,44.446660045443885,61.602141081645826
431.4703763186878,28.626639005583655,42.42471409726327,63.02412995681121
434.8441196023181,31.84957822247261,43.94058398396933,63.188936686206574
431.06224791334705,29.14993243959534,43.10304057830132,63.54745618179507
426.8121063419237,28.661883317517926,41.57250683211326,64.5235544259499
427.7879155773338,31.176523319357152,41.28189040425828,64.47728055116718
428.4590159242764,30.238399731738227,39.939689710373166,64.69807358412956
427.4817325168246,27.638423694545303,38.621723561914024,64.9892262134712
428.2073453961251,28.78686854717717,38.78890344060835,64.31074214550279
425.61802930314883,28.18163659591917,37.523008318411755,63.91007422098149
426.51942652461554,28.611777565339338,37.30401501370094,63.049792282141155
426.35902210027564,29.7685601780165,36.057505003160166,62.303545916007366
426.07963917980936,31.25133049852903,36.616270844092746,60.87315022449093
425.4416011391133,31.269178053725163,34.84566840123902,60.83745511409866
426.461157180732,30.71864899276644,34.299413794073395,60.4456557599442
425.7389492420725,29.9930910001612,32.78827669276933,60.41899525584316
427.0729564385536,31.22246168828915,33.02349746052666,59.41187145994694
427.2442716358108,30.66772562952401,32.68086706601228,59.0805741843614
427.33388284287787,30.900695530047006,32.50164465187807,58.61463438331541
424.19448588994413,31.069111461808973,31.67996905460798,58.27780251979148
426.9795427457116,31.342669451500008,31.714221808246528,57.73068654040941
425.54238154071123,31.419294180931452,31.801333491169988,57.57743708154652
