229.0,310.0,40.0,73.0
236.57321357203648,308.70484283467414,38.93720920090643,73.82985978752923
250.97495847377843,308.4913367377114,38.20536021231284,74.25687198145472
265.11118609785467,306.83058018154185,37.90348108919191,74.08206307816484
272.2834296038753,306.5221216986156,37.48212910817408,74.69898004401735
279.3127143817363,304.80057654808456,37.36081633337908,74.65775614984763
292.30969126560484,304.19496714190376,37.45868908291019,74.12951986105807
298.4457010792552,303.46178767848363,37.32053850447682,73.86246892377434
303.8546239125075,302.57926131685684,36.865352126754246,73.90041176556424
317.5167102740594,300.88232690239386,37.057888459501974,73.85469196250882
323.4499022972003,299.9567385366691,37.24869619045444,73.98341272578205
332.89421043762655,299.24682512895646,37.364123432273594,73.67559922096436
339.95074192234034,297.3751657226002,37.05205259143476,73.96867000152977
346.8955005905831,296.13268795190424,36.954728020079784,74.72960144728026
355.7302276787443,296.05578568694136,36.62002578097136,74.88340597720608
362.72442346719714,295.5855105939112,36.470987783756165,75.8239561632664
372.27104554446714,290.0644384661199,36.52945973194602,76.41970981735999
378.07371593361034,289.7143921696275,37.17954462986271,77.11980241034476
386.7764789123298,287.08289379204786,37.49705138194373,78.83819262359998
391.90877900468683,284.71227785096335,38.04984950809836,79.97362506881277
393.6022270953704,285.2947708585643,38.32112848080541,82.46681420768513
400.7688416245497,285.3403846659179,38.94903550371464,84.24572860313634
407.52797235205685,282.90823333769765,38.77983065834125,87.20302317248542
414.09186125981984,278.9834457305827,39.2810477051507,89.21160058857149
413.77344812551405,279.0329228608517,39.91787397376237,91.0975915661119
415.45894677916885,278.0056634483042,40.59387090947395,93.15211039120695
421.4032518419767,274.39641116586137,41.09633228827265,94.17507920388536
427.78152742488277,273.5414186204418,42.96178218882562,93.79620699952952
428.297578601235,269.97864372004807,44.04582580471664,92.4571729259353
434.36558848033957,270.06367634456603,44.60332066736437,92.28710767689941
435.372162178425,269.49670035938414,44.712979498157225,93.42105964726318
428.7935889149264,267.0705588106696,45.02254869273981,93.99081696722078
410.3948728703507,265.5035193397998,45.185593916521455,97.12489590896024
373.1013931731842,263.2655834704351,44.85428669816923,99.3972892179049
343.5924326266544,264.34232354818135,45.873696060544184,101.70523304169588
332.0332709222625,259.56641285299463,46.17081778775126,104.41069392759636
302.3552207823368,258.3618911443296,45.03534687875718,106.81973734492651
308.0018683985436,257.9590554313522,45.449110848197016,107.62540877088117
308.260768790854,258.1947377727336,44.93131006357625,107.15404408811847
308.1371519830478,259.0029351615319,45.178543679188735,105.53764931052186
308.2609060136406,259.5469745774251,44.93103561800308,104.44957047873545
309.6962871083679,260.82067822626163,44.3655696341976,104.20745938671163
311.01421099196125,259.60596476453,44.02151671890477,104.34509145828126
307.29226853705677,258.1443781805744,44.602326154989896,102.69288097704317
309.71788698179694,257.1284287062173,44.29921781205464,102.45071565248489
309.6206610459142,256.60548649359424,44.49366968382016,98.96618467784427
307.9708198390716,256.84268301354575,43.357109980263935,96.27367057932057
311.4401202375838,251.13514371594636,42.89572696473796,94.73431361152231
312.2181215957968,248.70963193661098,43.46834427102646,93.1994771020498
314.1832913351856,245.57527059881545,43.770658151592386,91.00289305895379
311.27031890140404,248.4424501248426,43.32786369848237,89.44769355401492
314.472783562068,245.56636857620035,43.10046582663965,89.02232520181421
314.6344379246067,242.2253689073298,42.77715710156221,87.50827002930504
312.5690318598721,246.05245841585685,42.8654063686743,85.91793530578664
312.024200820751,246.44273419012717,41.95551681815839,83.13783212848783
315.80900515760766,241.70519121351768,42.15831718691357,80.95430451800398
316.4704223714816,239.06161824122034,40.83548275916568,80.497758449838
318.57934206350285,238.570563100675,40.38777360770831,79.59480361463608
317.66569102384955,239.00868453108515,40.35097693245248,78.7185607538158
320.27819252919534,238.76720758928988,38.82720183090985,79.20151463740632
317.3655771606478,238.31694528788023,39.158438650959106,80.10203924022562
316.29001310452395,236.12156573278048,39.45932606056688,78.94207624250588
313.6280012896842,240.3766300501105,39.26788337492267,79.62439146671868
311.8202080617972,239.25311024464986,39.19315647965739,80.0262744021203
311.0447177529497,238.06483302619148,38.89440112311297,80.55309286479756
309.6121844773091,238.47675713687423,38.05498405590997,81.58148645267414
309.7610045587121,242.9936010220216,37.757343893103894,81.81081636776477
307.2245847665032,239.6640218953334,37.277973586812045,82.91776473043159
308.6207937638655,236.3332681675875,36.343974635420096,84.00401505592583
307.0774004624248,232.10192338469258,35.71532449164676,85.03583112840641
304.5147758070092,227.45648197982837,35.256027367567995,85.01913654661801
304.4024213944856,233.43570790545144,35.480736192615154,84.17942883478709
304.9775207811665,230.56873757942023,36.17552294388951,82.53342738830456
303.7465175752446,227.90404321767085,36.804080314538666,80.52901994702427
307.87112497679686,224.52559600176136,37.63189782019438,78.20888207008294
307.7889301052288,221.10554791248,37.79628756333047,77.86470946949785
313.10002207935963,216.17204350047078,37.93750560419859,76.96831630438658
310.9874892602232,216.12876530815532,38.59606842773915,75.27162128165133
310.6737699913082,217.3323144100979,39.22350696556924,72.8645230777662
311.7594151958222,219.27819321444744,38.79739383815023,72.46312003228536
313.71525443882126,216.2147718631041,38.349646097846616,73.39406661643028
315.42969607977375,215.47870238417505,38.3967111192689,73.12823142262478
316.42305299190247,215.76342195617585,38.144873177907286,74.29366816151905
317.16134459054706,212.76460301844466,38.415948430834774,75.04833068633127
320.6798803637101,209.80615374148022,38.43249308520341,73.91161303956554
327.75741376609284,207.4964245749171,38.25345064183865,73.29006223716644
334.84540749092247,206.28169926991774,37.95579611198784,73.98472123218917
335.56806911441305,204.87078630415363,38.25033877295221,73.3268153478264
336.35083717804133,202.55713386083306,38.42008076726804,72.74828586975046
337.44362333118545,201.3106056142081,37.9641986691084,75.2413423630004
338.21164882826474,205.19323636600672,38.18658292477824,76.26825710854504
339.81687165100453,202.31918445603105,38.530779785293035,76.68439716950485
339.8237756139918,201.7260663951356,38.51697185931846,77.87063329129577
346.02899109377745,195.3074140797295,38.75198417949382,79.86898653946798
347.09086925389437,196.1905879765241,38.46800526019739,81.78219354775362
346.83783134328957,192.91224171259046,38.97408108140702,82.75067040999038
348.067499224271,187.13435447791207,38.40042448006234,84.8780490762558
349.1624519120808,185.39642726830695,38.11710692098846,86.44731567892025
351.21383575476324,187.77844802280342,37.86309409777928,87.45640646316072
351.8678380991792,185.59376049920547,38.489605638998235,87.95674905025481
352.1063635878996,182.5557755020454,38.012554661557516,88.17427396631946
353.6908931259655,186.39582032004068,38.73858788371088,86.33682277775671
355.76934931503894,187.83340000291008,38.449086860945265,85.39536908970854
356.90232446818425,190.45355881984176,38.09809076853336,83.98495988360256
358.66005222095686,191.15801118014187,38.35925751474287,82.57605516300237
366.1902898926761,186.68014887642133,38.27796989426139,82.16978744359528
364.33981639373366,187.00491077685354,38.24878836234947,81.5202636427309
366.54976172879856,189.2748739126455,39.39418798935821,78.83543413685985
373.1803145202483,185.19833163290127,38.98368538559913,77.80951656839088
374.63584835515985,183.00343366140402,37.8862953828708,78.57195717719588
375.51931417976834,185.28239783436567,37.92515513612324,77.62561163621156
379.26223664664144,185.02102268152387,37.609891842270805,78.14836194189513
374.0950214824379,184.91252292806325,37.17551548941773,78.36536144881636
384.68357675265196,181.18361619589228,37.483235150306335,78.66156484605281
390.7349283426226,178.65506874375174,36.18103244735519,78.31840951183881
391.625464293544,178.24685710042536,36.1723126438392,77.3624807001648
391.9022221845349,180.70288718810164,35.61879686185743,77.72528065339543
395.12653813404717,178.5359296090412,34.43181697420825,78.55142780393274
396.172066694779,173.56709636374924,34.08577950290028,78.01897639358198
399.59465064346057,173.85335641692507,34.16543341267432,77.44645628723035
400.44960235371815,175.3780585892458,34.17984251862086,77.845676995512
400.3793812567303,176.1258175140714,34.320284712596525,76.35015914586083
403.94251298746065,176.29057866522612,34.038549700907275,76.02063684355133
407.77827498050056,183.34887047633075,33.1726247584512,77.21665106949553
407.4060917563706,176.36444881586556,33.91699120671115,75.85426464135728
409.859391947072,178.04325820670743,34.100938144599944,75.8903440725346
412.33883269454935,176.06962813182435,34.243870607902316,76.43639491679606
411.1212055080184,176.1501753278518,34.96808350208104,76.2753005247412
416.140011356017,174.11486631293016,35.258907820114516,75.18170054756915
418.60720222463766,174.13973947651291,35.45625927153616,73.42137649084934
419.50718476185756,173.2890911875547,35.344641971229386,73.4343252946327
423.53942300334785,172.91579583506174,35.71314361749773,74.1809159996186
425.0555276081936,173.67869199907872,36.08873884639906,74.35902589088109
425.6220500516017,173.16555993665773,36.66872621654259,75.38529001572307
427.31293893719857,171.99297889360514,36.76314360208811,75.99235452345863
432.37946508957026,170.56303187822698,37.12171431896681,77.10364471727792
433.26548516270475,168.45263529974667,37.120735768110336,77.78231468341362
434.00118223447106,168.82439544939172,37.43028803149385,78.81974079103972
434.4559271863369,168.7113028611675,38.32226538277757,79.0459259674881
438.6507893874618,168.71465346580635,39.033993203240755,79.0392247582104
438.29026916516705,167.70099069443972,39.755033647830395,79.23400578673049
440.8534014052318,167.82711990207108,40.172405024036294,78.9817473714678
444.4491864145174,166.03426298901962,40.38640826479636,78.86467456790504
445.27145609819115,165.7237983777037,40.595237356501706,79.48560379053694
449.03051880267105,164.95304763485615,40.541424580902444,79.1610271178919
452.6336223405083,165.08755189602644,40.77677372363053,78.89201859555128
454.1841230340211,162.74807559203896,41.3967661767976,79.8499773633335
454.8531580577958,163.71542852972024,41.943934178260676,79.80050953698327
456.7355419788566,162.92073154848717,41.96700883029768,79.49598225237008
461.8639725748478,162.18555811326473,41.15934456028736,79.07648973842052
463.4150593348622,163.09629777218464,39.92696237332549,79.12480175364773
465.49389260002437,158.9041477148867,39.46779805436326,78.26284633983829
471.40581282456,157.63112741069816,38.61608327104618,77.15151172629737
470.5407701637873,169.76278564460978,38.548484668528985,78.05577019535028
470.96581739558474,186.2841710316337,39.50813613216938,75.77868018430269
475.7363041095194,224.55315348212935,38.93184700803809,74.54406343471045
476.73582441772555,237.8783742655832,38.69769108202057,74.36689222372561
477.7772730829472,237.04230502905932,38.37304768204857,72.52252283583087
482.4605126820009,239.814171262157,37.63437761723871,72.15547584961391
482.4632713389438,239.26702369192589,37.62886030335294,71.54229759282691
486.8826251883911,239.45775912615022,37.28198249909023,71.16082672437827
485.9884119204547,238.15562462867953,37.38361189079911,70.39150143099182
491.2737310925436,237.11736691368398,36.87634045038902,70.79078904368835
490.38043041208,236.74035362288677,36.98855771263958,69.87043152660617
493.30946375467124,237.00313201558566,36.11883636488631,69.34487474120839
494.4175925230751,235.43397653989373,35.54268939278104,69.20296456318721
494.47135071143987,236.76887356188388,35.43517301605158,68.1612762059959
500.1051868368941,238.0178560927631,35.44422690843741,67.27427202185092
500.3594785409792,235.8890125605901,34.93564350026728,68.33579887529464
502.03377315833956,237.03097676502324,34.796887600144224,67.65678713372722
503.8663854233844,234.56931597057425,34.31678755889854,67.80242198935929
503.71274431549836,237.37274552323282,34.62406977467056,66.95480714345935
507.87391543473655,233.04371664420844,34.19813235561328,66.1371791182052
507.16932654308096,236.8812119479138,34.04736852732074,64.70195495720985
500.6966555355394,228.22722058128733,34.70262359178272,63.57480726453096
473.7573176869421,229.65732834945948,33.469335046709354,63.77636751942374
437.0558081529161,229.34352492714004,32.74902574809091,64.40397436406258
418.91764969967886,224.17377652509398,32.79665075258455,64.1767693634103
404.77617549780865,231.0838721131019,32.446241274510925,63.91974771035902
401.9397361990013,229.5069613350879,32.130308204800286,64.07916343272424
405.8084855863722,233.62597276287977,31.863204881687366,63.3115360287695
400.71937133026665,227.62433202167495,31.69390873880825,63.48907504821885
409.3503483858986,231.24613446572423,32.16662729879464,63.634917106474596
412.8421846994822,228.9919945553861,32.62395062803251,63.678599353307845
409.87703856634266,229.04236193670175,32.56731159820644,65.07459741470281
416.74853270400155,225.65955018921588,32.47025096418678,65.77536418020867
417.60445300398203,226.6987429795932,32.283198276306976,66.74655442361633
420.0672483361872,226.35757571284216,31.964805874388933,67.42888895711837
419.3109575194353,225.1510090613274,31.9372428068014,68.30187755905646
423.2445445247199,230.42927039985355,31.831981249436424,68.61203231649023
426.4063216520374,221.4307264953129,31.728658409522623,67.9484258814082
428.97914929091576,222.178197672424,31.21378079090608,67.99707608023274
417.8758254503365,217.9227190882112,30.391002256145356,67.29626276229065
398.28819892130326,216.72130977934032,30.28839078512906,68.18839428276004
431.5927145138862,188.02083935941718,30.639945976473093,67.75973779743869
429.6817877088662,183.93857995328918,29.89643867533266,69.83710872812065
429.8178613666905,184.22639185062314,29.624291359684037,70.80028328039754
429.4388561605997,184.7096614532042,30.382301771865663,71.38164256552662
430.6660903755463,187.4775916503192,29.497562481193285,70.55496958895918
430.03044137849383,186.48807764195288,29.22675251241193,69.44978167991924
430.71602460998326,187.15135190876344,29.376929470080917,69.64457656694589
430.1791947842086,187.27188324611072,28.92376993176853,69.40351389225135
430.34003332787273,187.87252926546745,28.602092844440346,69.71752313355822
429.94561569124227,185.92888252938627,29.390928117701293,69.06246773620717
431.8588663936655,188.61276544547906,28.601733897612448,71.28796986591581
431.6884076684407,187.46810015809845,28.94265134806215,72.04056170789376
431.01499764469133,190.48544827530915,28.73581400525785,73.77415242498667
430.0245356094529,189.63588121044387,29.141841996931085,70.74859831830646
430.01743113561054,189.56442386725348,29.156050944615863,69.35292794811421
429.9662216800375,189.2708164669016,29.258469855762016,68.42145173596174
431.61807999537757,188.8364454323086,28.968834678152454,69.29019380514772
431.0544591891236,189.52704496489355,28.581611454701424,69.42345957593685
431.111103045203,188.24701750242977,28.46832374254253,68.96449244086661
433.538324956156,186.89135518429484,28.116509507499813,70.17494054818201
433.95561266253577,189.38385029643666,27.281934094740258,72.7502279680865
432.5686944386599,190.66576819981282,26.98759615022975,73.25456655359638
456.69382686289185,191.09620841157027,26.35348583754097,72.39368613008142
457.23741521731,188.46564225073996,25.266309128704588,73.11813580870697
458.2625848969504,188.73252800016982,24.71881801088909,72.58436430984727
458.3982216619854,188.13147528474656,24.44754448081898,72.30120980941732
458.58644936967505,188.7400231784473,24.07108906543978,72.56038829746149
458.9362976026283,187.39977011920922,23.371392599533284,73.76781447691613
458.84249362505557,188.50157276899944,23.55900055467878,73.04159576964688
459.03003419189383,188.8892760740338,23.18391942100226,73.73671664617085
459.15610603001585,189.76486274522082,22.93177574475815,73.4590334659016
459.3220103610788,190.24407408042595,22.599967082632258,73.96551103333061
459.3708416944601,188.82699402406672,22.502304415869663,73.86778068337983
459.25986009732094,189.06680991074026,22.72426761014802,73.38814891003278
459.15835612947967,190.1453711890338,22.927275545830554,72.69108965099456
459.05409562056434,189.54412957146351,23.135796563661216,72.43964808789042
458.96105060108994,189.76324426817885,23.321886602610032,72.00141869445976
458.74058479446035,190.69890941341725,23.76281821586922,70.13008840398297
458.48565863467684,191.70850212934823,24.272670535436156,68.11090297212101
458.54857826938445,192.49389008306744,24.146831266020953,67.95344397553134
458.7436277782617,192.41594172683364,23.756732248266385,68.10934068799892
458.3086470372158,192.96335765174038,23.222768700235665,68.41843386830818
458.4433519420784,191.27147351050544,22.953358890510437,69.00499568080217
458.5276182778798,191.61040519144098,22.784826218907646,69.72916273790476
458.25578786958954,191.07243214911796,23.32848703548817,69.39586716532554
458.1967560020547,191.25648582025957,23.446550770557753,69.02775982304232
458.33107590781805,191.676079103525,23.177910959031173,69.59994189271713
458.43377336695687,191.63887400784623,22.97251604075353,69.67435208407473
458.5256999438799,191.98106116666975,22.788662886907428,68.98997776642769
458.5957645262806,192.2715301227254,22.648533722105967,69.80784083472157
458.6694285095647,192.15823758037746,22.501205755537846,70.03442591941746
458.0310770821449,191.35656113747942,22.369538691664182,70.22940888650032
457.85903539758,191.3616374100059,22.713622060794044,68.81054027812284
457.68154283866346,192.54375934960052,23.06860717862711,67.84117030572102
457.62363179376905,194.20657189160545,23.184429268415933,67.29067583240166
457.5511971939421,194.70480791674535,23.329298468069904,67.67603449145186
457.53310778644186,192.9009487673144,23.365477283070266,67.11385926602274
456.80665155298124,194.437727746213,23.435785218436305,66.80551037133594
456.7740528958247,195.56262319207508,23.500982532749383,65.93520192995487
456.9908061666852,195.26089473044794,23.06747599102832,66.53865885320911
456.2929286442392,193.84737937481412,23.09425478777926,66.62773706819473
456.25098398319653,195.34616829819464,23.17814410986471,66.37162778328451
456.2301707232229,191.94601816437657,23.219770629811894,66.32889535621977
433.98168221930456,190.25555596700565,23.916635875298617,65.60355927324136
432.81946700706754,190.72747945096543,24.870045224271237,64.65971230532178
431.79138440288614,192.5370630956372,25.55154410814756,63.789877664951256
431.37854289836645,193.28791943273052,26.377227117186976,62.28816499076458
430.6053796708951,193.20683088582402,26.556178840437358,62.45034208457758
430.52614347646687,193.8016288859552,26.714651229293843,62.63363333412431
430.5186916791946,192.08681105121218,26.72955482383838,63.306585624423356
429.7225117087891,192.4153553411765,26.933581598880565,62.649497044494666
428.9977384250062,193.83489482097275,27.00068586712888,62.575302683536975
428.2498174076874,192.79058575981276,27.113973660426026,63.28136656451641
428.77773267015823,194.3705860508042,27.452915396507088,62.91091050457912
428.0358814621417,195.74917067258448,27.54122281247654,62.94453126114592
428.6006595999365,195.234899484958,27.809105638033962,63.97307363639891
428.52992607567126,197.2474394803613,27.950572686564488,64.1991773755373
427.74333109554254,197.09893864640392,28.10093117333135,64.49617904345205
428.47630949507294,196.77915670893117,28.064759593059918,65.13574291839754
427.58227002173874,195.80418793460643,28.414432858465183,64.20886910452064
426.7857459338707,196.95064091803516,28.576335347154657,63.347108824709736
426.8504893176596,198.73221703521153,28.446848579576894,64.04841800542223
425.9796408292374,198.18871205228126,28.759156290140993,63.70603870500241
425.3388948825025,197.56584070648387,28.610739832888566,63.521873045875004
457.99596351562565,197.03150215603415,27.40489518401161,64.59055014677442
458.55831706635985,198.94571247648736,26.280188082543198,65.0186805083852
459.47189943249333,199.5628763360885,25.85807219059877,65.18940162950557
460.6417596671949,198.89906208869203,24.918324628665328,66.51703012429853
461.6782202378108,199.46753131724768,24.247580746617256,66.78226892637096
462.3838521001578,199.89967265574475,24.23018538738561,65.91798624937684
462.3274214796535,198.41197433120908,24.343046628394283,64.74982406710295
462.1751722741475,197.22516215379386,24.64754503940631,64.39047518207896
462.15289303901125,197.56937351432018,24.69210350967877,65.06885948057997
462.1612105300096,197.92473754141116,24.67546852768201,65.73547301155796
462.1360178483217,200.13174450867572,24.72585389105775,65.48126265783571
461.9359014772839,200.53193883014052,25.126086633133525,64.68087401490615
461.8774602120489,201.97781539540898,25.242969163603497,64.54824519221239
461.688092150781,201.3627121333506,25.621705286139168,64.39870161791485
461.6446600523826,200.39905431965684,25.70856948293607,64.94164436818761
461.06507272423124,201.5058468440955,25.474007520631183,65.51553255652543
460.82840209436495,200.6063272265586,25.947348780363825,64.51899403764759
460.82003135531374,201.1642280054753,25.964090258466115,64.79510968263578
460.8807182122312,200.16990601797494,25.842716544631237,65.38756207080795
460.71321565615204,201.26434012224738,26.177721656789586,66.00379183759351
460.7403848741665,201.8964319179093,26.123383220760637,66.15701003441207
460.7864638933254,202.2814965894081,26.03122518244291,66.80551509421801
460.91658597410054,202.67695787706668,25.770981020892556,67.44090040495243
461.06919896251713,201.59663387415242,25.46575504405938,68.17078455920463
461.298006490314,201.5136867541268,25.00813998846566,68.33667879925581
461.3995966712849,200.53247948346777,24.80495962652387,68.86923498529904
461.4578810100693,200.029699963138,24.688390948955103,68.44099308313496
461.626689472487,199.87138002257524,24.350774024119644,68.7576329642605
461.3839049459676,201.4900895158371,24.836343077158546,68.36815883813838
461.2724431645853,202.31882140559918,25.059266639923038,68.13789810401751
461.4170963986881,203.0401857096784,24.769960171717454,68.12310607979533
460.4766674077267,203.5219235173211,25.228321216295843,67.1596304645099
460.0481754336041,203.89719609592882,24.6683345222139,67.82605594962168
460.1311601859221,203.1757223868965,24.502365017577823,67.85259377222391
459.4245409859159,201.8115528295305,24.50181711854333,67.75336028886207
459.30267899526064,202.61642984312607,24.745541099853938,67.55596359692197
459.24654300643795,203.3059179469305,24.857813077499223,67.59092777144636
459.22951113851184,203.08426988605441,24.891876813351427,68.03422389319852
457.58997922580136,204.1012339656258,25.32408249047638,67.42372480820373
457.59867266253156,202.82226497521117,25.306695617015993,67.13670154339205
457.8149662472566,203.3339539936306,24.87410844756581,67.53137619086692
457.978848401265,204.21788166077593,24.546344139549063,68.595341490568
457.86296673408395,204.909956735589,24.778107473911213,68.6363921118167
457.01774264045804,204.38333353239057,25.03857010552995,68.25965296258053
456.92476789878043,204.80439991305107,25.224519588885148,67.41752020125948
456.30309719312265,204.1118335829713,25.047262405028384,67.38205426624678
456.43298280856203,204.60824278406824,24.787491174149643,67.80613168160147
456.5224386603131,204.2006780180684,24.60857947064745,67.20298260884789
455.83714451780475,203.7232889211416,24.572753732011336,66.75134677904848
455.9703689034068,204.48970618026334,24.306304960807218,66.61781440003543
456.0414024107744,206.4389857727387,24.164237946071882,66.89698761484314
455.3983754739681,206.22423207905976,24.056290799743618,67.326495002201
454.7479594253229,205.92983705927628,23.958937497114825,67.91528504176796
454.5878331334967,206.39605917205017,24.279190080767137,66.98284081622019
454.4706156870153,205.2320081674781,24.513624973730018,66.51632467720977
