524.0,66.0,16.0,36.0
524.1558056764446,66.33506510549824,15.688388647110663,35.329869789003524
524.2896783673464,66.80416939088207,15.420643265307353,35.18007249974495
523.2044376993242,66.98791046207197,15.246549280167024,34.81259035736513
522.8795614894295,67.57722950208019,15.123169584387712,34.40708439291728
520.6630333356942,67.78667743843909,14.965734575466595,33.9881885201995
518.8445042399399,67.91262089941952,14.82160616592632,33.7363015982386
518.8012652639496,69.24928234515185,14.908084117906778,33.31312172689649
516.5322956393178,69.12976338148118,14.97342881873593,32.806727229498755
513.9999353256763,70.09642409607018,14.863575446651215,32.35185551442587
514.3319328443957,68.7160883589726,14.930268186525211,32.1897758793695
513.9563634961884,69.76568292720695,14.95190987276129,32.27907777343685
512.1682094437971,69.37097472751293,14.872343324974656,32.337319242311054
512.1917811719557,67.40764756022035,14.825199868657577,32.61082408195784
511.81015943944203,67.90548570106111,14.854663766231155,33.082706935183765
510.6536043076756,67.90228349080351,14.944325134914049,33.08911135569893
510.69768128882305,68.14361002587854,14.856171172619176,33.34927520392937
510.3569058452984,67.3642265261357,14.792677657262777,33.417953398603785
509.34424760848856,66.90925038934418,14.583223751301608,33.58298221232657
507.5774889898196,67.4277681619619,14.398624673043301,33.28956993021039
507.1973497194687,67.2663803496562,14.42278642432341,32.8762287654002
506.8783850678223,67.13018602535024,14.33015905486093,33.14861741401212
506.5712543183839,67.36792079752804,14.211553015737763,33.40601540765644
504.05046863823827,67.3526302113056,14.111664065114978,33.436596580101345
504.39676446317526,67.57168908228898,14.152239917554631,33.731646340448215
504.0357500598099,67.31836363597583,14.136119618934591,33.500148127723776
503.234092719852,67.8552771567288,14.270396130484148,33.160840170400945
501.71793638633335,68.10327929695615,14.374753767251928,32.664835889946254
501.7153180512193,67.63013992668476,14.379990437479998,32.88446775726304
499.43164353952136,67.46827736527749,14.567809263671613,32.4782711805435
499.3526164690173,66.49510973318047,14.72586340467981,32.242595336809885
499.3271943462781,66.7903250282385,14.77670765015816,32.37885187841074
499.3126102407186,67.86379564277446,14.805875861277158,32.420586282497055
499.35485309038796,67.94788970740547,14.721390161938412,32.252398153235035
499.3270019216689,68.86596255113287,14.777092499376494,31.869754901929767
499.34213273636857,67.85426110442054,14.746830869977241,32.44883454245903
498.23174731870336,67.52372058627991,14.777446502303789,32.37986384440567
498.14332608550086,66.67429425530919,14.954288968708706,32.619544104513714
498.0819462819407,67.10131925984827,15.077048575829005,32.501662653717325
498.04828057298613,66.95063319405924,15.144379993738154,32.80303478529537
495.82155178818977,67.33699325749357,15.144849141007755,32.772479395480595
495.8277374814753,67.36318210866618,15.132477754436682,32.720101693135376
495.8616723125179,67.12231495767506,15.064608092351449,33.201835995117605
495.7872032933812,67.0886264024995,15.213546130624849,33.26921310546872
493.82983124890995,66.80026827637194,15.377516917467604,33.095774697303916
493.843698565859,66.44210531913922,15.349782283569496,33.06159895710393
493.8843393723878,66.83374003556594,15.268500670511905,33.02784892653873
493.4835130517763,67.01655429966874,15.32254650783764,32.662220398333105
493.5290112047875,67.105417522777,15.231550201815303,32.484493952116594
492.71770695148234,65.84181657969947,15.37605519938237,32.79454057470694
492.7494961321777,67.03670804944362,15.312476837991685,32.64302876447184
492.78907444911385,66.9803455382479,15.233320204119254,32.75575378686326
492.84720597515735,67.25735552174001,15.117057152032332,32.94476598291074
492.9380309052039,66.0434782704779,14.9354072919392,33.141277362020304
492.92246003000196,65.25273536319833,14.966549042343082,33.23592741934978
492.9599844831772,66.30796483558906,14.891500135992633,33.36148519558574
492.6696974864759,66.0248649748278,14.726231412633878,33.18184220034691
491.93720026677465,65.58363760710338,14.710565438359033,33.323966728957096
491.5533555373286,65.48787558709876,14.736139610270076,33.515490768966345
490.7349822583605,66.72904088208463,14.882202485988541,33.269185702321394
490.74344005338935,66.84534318160753,14.865286895930856,33.03658110327558
490.4136734720873,66.5051049913896,14.784153459547673,32.97639088472427
489.0556327853525,65.7856703584499,14.546763695416622,32.93852458180331
488.71583101144677,65.32022581961161,14.492723872028431,33.135770288280234
488.7294939601501,66.1796832991496,14.465397974621848,33.62350487956064
487.96503249226316,65.75353512530268,14.510062696937734,33.733672120525526
487.92754680245076,63.67639999850611,14.5850340765626,33.420867803449426
487.9625741396453,65.36479481600966,14.51497940217348,33.00930793890009
487.65619625027483,65.85840585528263,14.393625555435392,32.75619548583324
487.71734986547676,66.1948484684786,14.271318325031517,32.81161366410404
487.7690414319387,65.63744079552498,14.167935192107603,33.19947919404188
487.05811537105853,66.01796689228664,14.128314999923397,33.16916315749088
486.931016424677,64.7314559128484,14.38251289268642,32.823797945219724
487.02005898467394,66.14286632404576,14.204427772692608,32.91732584175292
486.96092279408134,63.61607569737686,14.322700153877765,32.87981158898313
486.95156232920544,65.29564017653195,14.341421083629655,33.164902269523914
486.9070147766975,65.2222479127804,14.43051618864542,33.31168679702698
485.8698875658091,65.11070765595817,14.293770562577297,33.53476731067146
485.07676268767966,64.6078503144879,14.40439865977938,33.80267116408363
485.5007956191367,64.28460088949737,14.29997484353455,33.705527967395525
485.11529726343485,64.66952225407394,14.330582174761382,33.67607461841914
482.4665229295594,61.718623998138426,14.444593210965422,33.653828122808015
482.70374403608,62.364989888710554,14.712351137635181,33.84549662108586
482.20396854442794,62.281621927848576,14.962199013160191,33.262529435030636
482.1345929854057,62.26699276554908,15.100950131204712,33.29178775962964
480.51776472625727,64.00062477150405,15.340571328539916,32.818559068681374
480.78708357962836,63.5971083862714,15.547754113291393,32.87977134765307
480.39898748144157,63.67178560671934,15.573618211976914,32.730416906757206
480.6905085669492,63.37074272842416,15.739177709013118,32.583900995296176
480.7450145874501,64.30246305163399,15.630165668011303,32.21915137169809
479.22072956188214,64.35696309244932,15.710236524432736,32.110151290067435
479.50367955847815,63.97241471605593,15.886259403197215,32.137325170897796
479.3928581189278,63.70285349516921,16.107902282297935,31.931074734136786
479.45148869559694,64.62296575036842,15.990641128959577,31.5832286508247
479.4363214202447,64.61852335586633,16.02097567966409,31.5921134398289
479.03004127731646,65.34667071168263,16.093815677029546,31.61525930517847
478.430776556301,65.25833510486245,15.809710972438316,31.79193051881884
477.3070714153432,63.110054966385796,15.84014036540568,31.6545290178757
476.9930773404604,63.46942118428434,15.730619449143978,31.67330564810586
477.01294129629895,63.92279376739259,15.69089153746693,32.238336761639914
476.60153196568837,62.12430443941078,15.770250245188237,32.11801565010438
476.7908443895956,63.55154382410682,15.39162539737382,32.235853337714175
476.83280645590725,62.50618120432586,15.307701264750465,32.111921393888295
476.44764718196706,62.59508955674893,15.343069936876574,31.934104689042165
476.0322299454641,61.337030317963276,15.440932820222386,32.251308397633395
475.99628941395736,63.52617398804676,15.512813883235985,32.308839197878555
475.6567028641337,62.04202838559186,15.450593495415509,32.3115564529177
475.27019561358287,62.4843114228076,15.483257887603846,32.16734048739956
474.548657607664,62.380478105493765,15.44870528566887,31.636192815140898
474.9581270639468,62.32936262604826,15.36022365762601,31.738423774031915
474.66316026756436,61.660819168514294,15.219743715412427,31.614683619142973
475.05688675102726,62.30138225692773,15.158455187181644,31.785886319706197
474.9758166842146,61.84476562014144,15.320595320806984,31.971524180034706
474.93541858801115,61.946710116342594,15.401391513213817,31.767635187632397
474.27411928487066,61.32385745142594,15.260878965304684,31.550229363275495
474.35140709745895,61.526846096013,15.106303340128076,31.870190913074712
474.38789257707833,60.919542499476975,15.033332380889352,31.6289663860197
474.77623505570847,60.6595604838998,14.97977473116812,32.14893041717404
474.78089074973997,59.6139991270038,14.970463343105203,32.05074941953417
474.7834124621446,60.039159287534645,14.965419918295924,31.92860492978385
474.83976201671686,60.32811244341259,14.852720809151357,32.077007691008866
474.8650615044705,60.36476628451834,14.802121833644096,32.003700008797374
474.4410970891625,60.48218525185928,14.925502340458213,31.768862074115496
474.3420351618106,60.964085909187745,15.123626195162101,31.528346258004383
474.28016818356514,61.28860011334876,15.247360151652932,31.60255000217809
472.84204428396987,59.77334675193196,15.217737398653743,31.727186172821927
473.1751716253554,59.930747779215075,15.279253993249045,31.412384118255705
472.788779774129,59.538933768634614,15.327792661702034,31.471767105416728
472.81007753402304,59.373920557570905,15.28519714191395,31.801793527544152
472.74408309685407,60.0429132281569,15.417186016251845,31.92387585030052
472.7259724366771,59.994910610569946,15.453407336605784,32.019881085474424
472.34934775209035,60.11138291106875,15.470513950103982,31.786936484476808
472.38105126313786,60.12491526633211,15.407106928008979,31.7598717739501
472.3208250039534,60.407174603392896,15.527559446377857,31.92689461716803
472.103844699368,59.91548661181535,15.225446439818427,32.17419698459276
472.15974152335343,59.83093376518937,15.113652791847493,31.608878381839272
472.03922345276965,59.145763180002916,15.35468893301505,31.530752699242214
471.7845164833875,58.70521883685485,15.136818542608191,31.68455705636732
471.8001739762402,58.722739008714655,15.105503556902786,31.649516712647706
471.4428565851125,59.30452267513628,15.095454066129747,31.935317925861447
471.08422708646503,59.54226710948781,15.084037119996452,32.188505000586694
470.71439771915357,59.30005386754661,15.091530504197074,31.94076613404679
470.6164501015003,60.17912973001297,15.287425739503675,31.639988241623502
470.2250842464002,59.152819362123275,15.34244662123189,31.50947649198711
469.8227681922152,58.21378222123166,15.420317827505775,31.207268067482023
469.82770161028606,59.14302200765716,15.41045099136414,31.519871730847587
469.1491047524047,58.675150718794335,15.311457748670644,31.7275208293451
469.1154796073807,58.74207925079304,15.378708038718573,31.59366376534769
469.0926658038585,59.57830629987732,15.424335645762966,31.378450684503758
469.1693158732996,59.14372843739618,15.271035506880827,31.5213391304238
469.237805507913,59.413913301142976,15.134056237653997,31.706662929741682
469.29739068692624,59.14547212621122,15.014885879627514,31.51753025831315
469.2943225537699,59.96984953420436,15.021022145940169,31.311137443735788
469.300908880273,58.678404314925615,15.007849492933873,31.020919071871127
469.3890699645533,58.84412120166991,14.831527324373376,31.403297365559332
469.3362475197368,57.9975309803428,14.937172214006367,31.6638385642109
469.26642270103173,58.121164076386876,15.076821851416533,31.41657237212275
468.8811474503594,58.3099955031045,15.126585648845555,31.759696222603104
468.46251993632234,59.02407889188406,15.237182350492953,31.78484609789729
466.2457560648088,58.38420550211866,15.29700413883678,31.606690892533663
466.32236147980944,58.04141587881745,15.143793308835512,31.56487895676211
466.34711990520816,57.11402003998825,15.094276458038058,31.24732210418616
465.6087874682912,56.828129569985755,15.1337012129572,31.1004829847338
465.5925767096626,57.5043251404911,15.166122730214482,31.18241344325334
465.29065262006685,58.51670998601156,15.051050173712277,31.31440595929342
465.24580119919347,57.73094773300088,15.14075301545909,31.448235636672127
465.22791813125497,56.957658269362916,15.176519151336038,31.550092397653703
465.3098339985459,56.23921097446557,15.01268741675419,31.5380473308456
464.2046887679554,56.38795694435625,15.058652210791223,31.24055539106425
464.1680480992576,56.22253988544516,15.131933548186929,30.853487700667777
464.1046986403666,58.45233199667575,15.258632465968832,30.675028865521682
462.99981487377113,57.3993556195629,15.329079662377662,30.64166128296532
462.97509468397453,57.721759559774014,15.378520041970836,30.710691057184
462.2124181946982,57.550306832235904,15.472465657651375,30.3378928308241
462.24575707097046,57.27486745123706,15.405787905106873,30.17690766307894
462.2074468432323,56.97060109972772,15.482408360583287,30.077087740366768
462.2384342289407,57.2571787647972,15.420433589166404,30.212141630507695
462.24381335081796,57.29033172578198,15.409675345411872,30.14583570853813
462.18611561731984,57.574050278919046,15.525070812408158,30.286362560328563
461.8449323395107,56.73685028534264,15.495421946507522,30.53673170444379
460.8043236277106,56.67729504595293,15.43111295548017,30.655842183223207
460.8349878204465,57.41999412859664,15.369784570008425,30.60206371719278
460.8488018423388,57.171472707876276,15.342156526223777,30.385144709364646
460.94205207374137,58.281924031900964,15.155656063418599,30.29516189908999
460.9322161579692,55.256586701485816,15.175327894962908,30.699723739943753
461.00840138610096,55.33856690890188,15.022957438699454,30.535763325111617
461.30825128339734,55.19290945563899,15.130243458610893,30.120092417133165
461.603689115319,56.00556989943004,15.242128707679985,29.90029335537579
461.51327605885234,56.30312820139618,15.422954820613315,30.006649091586183
461.1795827726578,56.63652271819933,15.38419048081211,30.046010970170247
461.22236521160187,56.35248513068509,15.298625602923915,29.90802600977155
461.2050673790996,54.66946922538611,15.3332212679285,29.761255883116696
461.24596461305816,54.63052262613719,15.251426800011394,29.83914908161452
460.88441847450923,54.56889370269441,15.273783057937385,29.962406928500087
460.9274285853874,56.618584517642944,15.187762836181006,30.08060165837131
461.30695068772314,57.083479267039905,15.131895247362467,29.853988775430192
461.5841267531826,56.76628908199805,15.276433719724762,29.78947854223259
461.52527366196256,54.850045469809544,15.394139902164868,29.419334068862675
461.4937193135532,55.274908693528666,15.457248598983616,29.266637436219142
462.571762130476,52.951195425844396,15.388769954836533,29.042980995624543
462.58096966388376,55.465397550629994,15.37035488802094,28.85440020680942
462.57911620227367,55.87519053133303,15.374061811241141,28.723126473083937
462.5956320421954,55.39702624994639,15.341030131397687,28.993011975342114
462.6993405244327,55.365383725951325,15.133613166923052,29.056297023332245
462.77240587069855,55.369205719358156,14.987482474391383,29.04865303651859
462.7899440458053,56.32578472504497,14.952406124177811,29.189256239615414
462.8143958130476,55.60441703488335,14.903502589693314,29.2598999206851
462.8118368235095,55.50009843908266,14.90862056876954,29.468537112286477
462.7261947746561,54.089311110863065,15.079904666476324,29.53257122775485
462.77312184493246,54.235424450170306,14.986050525923588,29.933625252198976
463.5106383622809,54.573505077192024,14.906090359833726,29.955000432459002
463.5710747441659,55.01991506647273,14.785217596063553,29.758645945441586
463.8718528286943,55.777004497498226,14.875160500816516,29.627465231009715
463.8604021631399,55.45013087181836,14.898061831925274,29.590077313594584
463.8806768931418,53.20984115633974,14.857512371921455,29.924755874887936
463.8729740862805,53.069801828241175,14.872917985644031,29.50965282999634
463.8559409004173,53.909122952533224,14.90698435737049,29.20975198559622
463.9480594534374,54.31390993743579,14.72274725133026,29.085741058477698
463.9527826320482,55.13099669299738,14.713300894108635,28.81269670270972
463.8360563894589,55.72183171576883,14.946753379287163,28.98382352756718
463.86123508778024,55.4649506575562,14.896395982644563,28.814651826198084
463.86255367629417,53.444490280938965,14.893758805616724,28.778074680622638
463.88720581214875,55.42954490760337,14.844454533907495,28.88196861693388
463.859512280337,54.86620664500605,14.899841597530974,28.64929274860164
463.83682359544207,54.94352742628257,14.945218967320955,28.4946511860486
463.7171266602913,53.460267664159524,15.184612837622483,28.08256135412564
463.7896648064565,53.64385824443766,15.039536545291948,28.38914184512821
463.829666001181,55.57531601698477,14.95953415584301,28.580966629126813
463.82688115672283,55.50983024049973,14.965103844759412,28.71193818209689
463.90399536085374,55.626568503227254,14.810875436497607,28.478461656641844
463.8655980225818,57.264766733096714,14.887670113041366,28.567933839591618
463.91634804406107,54.53071925536997,14.786170070082902,28.62955423527638
463.9304001256836,53.735588389209724,14.758065906837832,28.194914404460015
464.2794839753455,55.87175944986582,14.727997431758116,27.9311676286126
464.3768947852905,55.48820205911054,14.533175811868109,28.034577435309828
464.3974106108803,56.407791618152,14.492144160688566,28.181023070173083
464.10029003259336,56.100444792960964,14.423067303940417,28.132398707233268
463.7934496385059,53.58178468333175,14.375334285310604,28.53982227885785
463.8786632609072,53.20182395984095,14.204907040507933,28.63318097232684
463.5853698334802,52.587428965182795,14.126513240393919,28.532009651706968
463.81938427180967,54.61839395021531,14.320626822185934,28.4429344323477
463.9518520933632,54.22172407740692,14.055691179078899,28.572076370614095
464.1529935095462,54.174261335873354,14.314909130069752,28.667001853681228
464.2217430109744,52.24548798540043,14.17741012721333,28.52026771879725
464.2077110258753,53.02604813127203,14.20547409741157,28.284851963907514
464.1733083114091,53.82896091830144,14.27427952634403,27.998809367260645
464.1366139090893,54.526567511443766,14.347668330983552,27.91737220064782
464.23465978871985,55.002633111874346,14.1515765717224,28.279158992905316
464.1320077914241,53.020060145544136,14.356880566313924,28.291049435149517
464.0994776520182,51.80579490891193,14.421940845125746,28.731784608741847
464.05955868134305,51.636039527059,14.501778786476073,28.401115117285286
464.09792177387277,52.448424953973415,14.425052601416606,28.10977033580417
464.0636682453892,52.43022789546732,14.493559658383772,28.146164452816368
464.38440556772247,54.41076649661701,14.514915837018977,28.16207219032775
464.13079595112936,54.67868599479088,14.358702802300549,28.289665461884702
463.7313788963183,52.44702077027261,14.494927303108724,28.114728649223608
463.70217780373326,51.45746177186382,14.553329488278742,28.106667683828398
463.421563482953,50.237541778643596,14.451277642927039,27.89338572261987
463.3658505890159,53.153023067010835,14.562703430801196,27.98794795013887
463.316684898553,52.576966190892065,14.661034811727035,28.47836348018317
463.40272283276863,51.809943555083166,14.48895894329571,28.671224418713585
462.8388879538513,51.19200955794952,14.275725750777331,28.566189462627964
462.83864090313705,52.40748326941652,14.27621985220599,28.13092081418312
463.22040314784755,52.99222559384422,14.171553816553585,28.279153072865014
462.8184436402918,52.96703432302564,14.316251425119841,28.32953561450216
463.08066978975125,49.893192756808844,14.454259892712674,28.515071848329654
463.0941078726401,51.32103364386235,14.427383726934941,28.32964469301266
463.20886897642697,50.47348608615948,14.197861519361258,28.031595916174417
461.8854903404383,45.343571228016415,14.220420937152369,28.450683679262355
462.8758563407751,50.379494403796116,14.227423829526533,28.317511792941072
462.8211103645404,51.54834439118099,14.336915781995915,28.622809270999603
462.8438306146115,52.30258504586546,14.291475281853796,28.448555722717245
462.16576552056335,51.397928011876246,14.320053133030383,28.266541285316176
461.5045774836276,49.32439463370195,14.319222700785513,28.443988523315838
460.8916747912227,50.698961356492696,14.216650130669343,28.351610987586255
460.8395881677209,50.21668642761095,14.320823377673092,28.655098403054467
460.7942095811552,50.904151590968,14.411580550804414,28.61478452282875
460.79467365114743,50.48456316623361,14.410652410819871,28.78567396578353
460.6790736539316,50.44562140116598,14.641852405251559,28.8635574959188
460.6422701340912,49.9258884904253,14.715459444932446,29.227112289627446
460.284686937404,49.57356095258577,14.748115783548116,29.249257310547804
459.948874879671,49.78103472353903,14.736341001123046,29.51770866653233
459.9065340220322,49.39851713175016,14.821022716400684,29.595617207492285
459.9232916500912,51.42235471842023,14.787507460282637,29.686336746240826
459.8066076136507,49.22033960265885,15.020875533163524,29.947483827597438
459.8083207272394,48.78324346413134,15.017449305986274,30.12333436940108
459.72429187365344,48.85180804033453,15.185507013158164,29.986205216994687
459.76503938508444,47.555463185296496,15.10401199029617,29.77187756959331
459.7541390260122,48.73307208216949,15.125812708440613,29.50827642339505
459.3592689315112,49.05475661778574,15.221836809593794,29.55862344001131
458.944672331974,46.60030671389074,15.354920031017716,29.59475340424798
458.5558308047357,49.80879063143895,15.433670757415062,29.468176521865217
458.55254947923476,49.50306326532406,15.440233408416976,29.381204006438704
458.5364845185552,46.05451413461947,15.472363329776098,29.30568710686628
458.5366831383534,47.99858488043856,15.471966090179679,29.59776288626114
458.16769936296583,45.5624295636756,15.508943501966279,29.563142546867695
457.3893988198637,49.098689620675614,15.66331071213212,29.501791813060233
457.08099616785535,47.36133038788055,15.577250726121143,29.462183828512348
456.8392057058381,48.70872335623437,15.360026054853309,29.570620273014598
456.5488656718922,49.1835867976594,15.242040355792893,29.319559157116636
456.88912680532786,50.06625003143326,15.254465836324547,28.94012818437476
456.22952025056543,50.103643034025524,15.198509544669102,28.865342179190243
456.22105801004716,47.11460114646557,15.215434025705651,29.35923516241471
456.3300270713615,49.61301977430236,14.997495903077038,29.213905561406982
455.0416086363516,46.95819556251007,14.82559324393334,29.026074926664656
455.4062496443143,48.34654586544441,14.777776313952504,28.975234664574025
453.3859110402616,48.26856043621418,14.739086394975027,29.13120552303448
454.0640902100951,48.27040615372776,14.745754247824312,29.127514088007317
454.4162310669636,48.37396776753558,14.72304670419393,28.920390860391677
454.31154321393325,50.51013806810399,14.932422410254635,28.71692550609249
454.04152639161,49.76747011008561,14.79368804806937,28.844725408465678
453.39029405514526,49.87166753646823,14.739643498478753,28.63633055570044
453.372550330978,50.673270537655014,14.775130946813215,28.381654760347036
453.3449178997429,50.29688895088479,14.830395809283441,28.46328128737707
452.562671203522,49.53101540606411,14.375029513221797,28.648455251349407
451.9862985315559,49.30674398155081,14.191477569299463,28.428849456448795
451.6458258828836,49.40776062195993,14.210665064099212,28.226816175630564
451.01553377696536,49.13698718491746,14.152986952617528,28.109231888056378
450.7125136745818,48.85567983662984,14.102615474904027,28.015434902151117
450.736828493145,51.82522306647814,14.053985837777667,27.963851083248006
449.0995248407897,48.77727804934005,14.065739791633998,28.18660508598627
449.1321317170219,49.19176185070117,14.000526039169635,28.013673132837724
449.15646886802807,49.54101363108617,13.951851737157154,27.967545126690062
449.1824075441538,50.920786732928136,13.899974384905757,27.811430734838297
449.07677582458507,49.273707926243844,14.111237824043224,27.867214098312996
447.1508867782574,50.53281354375401,14.050150938308237,27.957579515552837
446.80748166496124,50.1300920338609,14.084548657661198,28.110610028099714
446.1881324773548,49.26767541537715,14.012750080801206,28.524946312994363
444.5859478861012,51.47160481316738,13.916784334385786,28.07748943212114
444.58536675324325,50.94969086280648,13.917946600101676,27.817598062742114
444.5046097981461,50.994116163193446,14.079460510296052,27.72874746196818
443.1952916519633,50.81539031788827,14.099833485132923,27.436633323196354
442.8704371190281,52.27147189384684,14.103909650657648,27.107001772661498
442.9609146270983,52.98703009094557,13.922954634517263,26.957612280675193
441.1240609044806,51.713807347468375,13.783334659098724,26.961839487193565
441.483983490819,53.70627068605948,13.69669959545468,26.776173464208142
440.9425914555554,50.32247765703365,13.521498698969731,27.253834687198534
434.17539852367656,53.04916140597504,13.76368541274099,26.864162103596275
435.13324406960845,51.90741868988896,13.742309531682771,27.25333232496285
435.33864240970973,51.84333717603839,13.968287716548291,27.381495352663993
433.37171250271626,52.774095203648855,14.046814019764438,27.447646052828482
433.6686047064685,52.0921529975301,14.097909991041892,27.52176970750214
433.6088370358117,52.16770618162155,14.217445332355563,27.370663339319254
432.66696432158227,51.69003520067551,14.161120780419587,27.679315307746375
432.3620775161343,51.125473284192566,14.120644326867223,27.507939011815864
432.21486686762427,53.77197643522846,13.768027697445476,27.391236121278705
430.012485909062,54.572917739010315,13.698112751332156,27.067832617497274
429.78484666135995,57.025663055698466,13.52009811587672,26.59539390013713
430.42508100712814,56.84156181499267,13.48621791811582,26.340302134660995
428.8958873066041,55.93084025412879,13.449761688626063,26.304839078065992
430.4293169337747,58.5917616130926,13.47200137433761,25.925554664222915
427.983333623597,55.165750383855176,13.462881552507202,26.038583264692146
427.03907686175313,50.71145964958393,13.508979177048886,26.34922387055333
427.0184379038028,50.97170940242079,13.550257092949598,26.448216451666486
426.05949170878205,51.84179783718766,13.603181120496446,26.573007944627374
426.0027246753781,49.018569508373446,13.716715187304267,26.59986970420676
426.0150354889903,50.35043491427932,13.692093560079867,26.44314090872406
425.6296052142442,48.87912701122133,13.838928601067835,26.26562917231798
424.15610870033635,51.626628956716615,13.666211317615469,26.38610384160986
424.47073337930294,51.85095734488155,13.659704326828914,26.56018943242663
424.15520516213246,51.98418852726783,13.665574973168724,26.293727067654054
424.79788765434535,51.612283296990555,13.622959491259824,26.416162776950188
422.82977227855764,52.578223536519374,13.824557513330689,26.351598662644854
424.44962678396655,49.95129872681209,13.709644320840543,26.605774972735006
424.1826225310324,48.09125281956037,13.61693746375389,26.56557460950838
423.8064083560692,49.86412325079995,13.744838221013502,26.766999303029337
423.5249032484504,53.764958079002625,13.678160524794201,26.5215845841067
423.43539849635107,52.21281846224526,13.85717002899284,26.50117783656937
421.5491755842534,50.94738961398948,13.86330608111301,26.52116235169747
421.9258253041709,50.40458093454157,13.738124129459438,26.978662222411828
421.9451548112393,49.36232547976099,13.699465115322711,27.165142750967263
421.2420511442749,49.28498880411239,13.836187671776107,27.31981610226446
421.5408602337903,50.50362145551516,13.877940461236198,27.440034673422538
421.58703233538176,49.10856839388241,13.785596258053214,27.662724799674145
420.62742092728524,49.967905644857545,13.774263480560663,27.874605891409498
420.58153099545865,50.00558310694575,13.86604334421379,27.7992509672331
420.6958301980655,50.34201900003911,13.63744493900013,27.773288530158638
420.41972056317684,49.66093112560921,13.547095635690466,27.850327132844278
420.3654114051472,47.897657987112524,13.655713951749746,28.16624312257705
420.5496721906783,48.239282648212566,13.935819603602528,28.13162102329205
420.21227666757244,49.198351214785276,13.95762932110787,28.1724278762655
420.2171511385831,48.3931987142707,13.947880379086595,28.474820570038332
419.8535186116248,48.489305430633884,14.016936574919711,28.282607137311967
419.8717741453762,47.34122417603089,13.980425507416845,28.608983196148145
419.879851425899,48.33830976014846,13.964270946371297,28.597015165154673
419.20166430525535,48.37952700534329,14.000087051045643,28.51458067476501
418.4783160783197,48.12438906522492,14.127391907470573,28.36516075627862
418.44474844675386,47.44841055994434,14.194527170602317,28.397685127366657
418.7266217531837,48.80640590247987,14.292134908785009,28.32711184646464
418.7421501339874,48.19850461750565,14.261078147177457,28.218897303524955
418.7397000025478,48.35471850197139,14.26597841005676,27.906469534593473
418.2884925224951,46.87771832150641,14.513002827149773,27.583517180461975
417.687651916946,47.89271174967766,14.404884212986884,27.518230062011302
417.6494916527283,47.78970699872615,14.481204741422307,27.72423956391431
417.62615741202836,48.837767656430685,14.527873222822064,27.597383948398548
417.6205025579287,49.048585505851,14.539182931021427,27.8311075071303
417.65289149641654,49.093474875333456,14.474405054045716,27.74132876816539
417.67334575385416,48.36962658801286,14.433496539170562,27.87591320306442
422.8941951476953,54.68919054746274,14.517060864181303,27.077706285944377
417.71127632668566,47.91548108251866,14.522481224617529,27.02707753375482
417.37592550766703,47.20478171356781,14.546309661873686,27.154729870094407
416.4709978413968,47.550869673941364,14.408680192349566,27.11171555003549
416.46012407293955,49.22112915267727,14.43042772926415,27.002040149366426
416.79035343321635,49.56798882321861,14.414896186377353,26.953247985950625
416.48360484015325,48.250249315432484,14.384450840749052,27.01295687450493
416.0459153990492,47.28514163915107,14.615530124408007,27.010273431420217
414.15409849178883,47.576896233778676,14.509852739996019,27.074982775320453
414.12612199573766,47.34054597706358,14.565805732098394,27.547683288750644
413.9553134861196,46.67736258833384,14.907422751334432,27.563490721103417
421.9529572093982,53.897214039602304,14.784956303998262,27.01250619288484
416.16417809534,48.44449963113473,14.641847247979843,27.499564090589022
414.1331629874976,47.791211174255146,14.768619274692334,27.494388274690774
413.8289795482405,47.80086823020569,14.719013211642391,27.475074162789696
413.42949110576234,47.476133315064416,14.861151475966391,27.467705372439916
413.6613576608071,47.1378344888727,15.056582285400898,27.485139105299375
412.7733869790247,46.78323663147642,14.844237085551127,27.531572632287066
412.7100489537256,48.375133453754,14.970913136149246,27.646857338432604
413.11074866003673,46.7469897335892,14.833196471138374,27.584731040704646
412.3607793167406,46.11374939115411,15.012315482781798,27.530392050625977
412.0018690695427,47.39852565754456,15.067462553482038,27.61153321262742
411.0698358797127,47.59193024012359,14.937090371794529,27.224724047469365
411.027090448015,46.51802855385875,15.02258123518989,27.401892416795647
410.9800196201503,46.086412152712185,15.116722890919265,27.604172227159758
410.77701933835556,46.52538937456328,14.85717751332326,27.391763724643102
410.4947596292708,46.008128838008815,14.763720491234835,27.768308357494114
410.1207281038377,46.18704184374593,14.84986141535371,28.072404472767186
409.7625845629909,46.17104938057988,14.89827375762832,28.10438939909929
409.80940233578065,46.17296497665879,14.8046382120489,28.100558206941464
410.06300367975746,46.69659469224062,14.964947843858964,27.72081109554147
408.08246921343596,46.81665978725997,14.937992787603195,27.48068090550277
408.38519569599134,46.13487912186187,14.993209463931827,27.52290295342008
409.30000838817483,46.47881793443857,15.150293193936339,27.49726169972387
408.2576171021749,46.33653226954406,15.241452210362151,27.117291844321514
408.57209523806335,46.56003847967406,15.272976021850392,27.330759507326643
408.67814479070734,45.999919277156124,15.0608769165624,27.12265141071467
408.3621045026219,46.40745891799372,15.035474167519487,26.965055454253253
408.30672373138884,46.388507421740975,15.146235709985595,27.00295844675874
408.3176624206373,46.43142504031138,15.12435833148864,26.917123209617927
408.2722726172849,47.042475888124144,15.215137938193546,27.006074728499783
407.6226338607211,46.94140374974856,15.19764108749647,27.208219005250953
407.6230520276041,46.97809542750613,15.196804753730499,27.134835649735802
407.010785895295,47.23919966884868,15.101378151814597,27.272606600317786
407.0058500690253,46.98020625330025,15.11124980435402,27.1302043012172
405.7085160680757,45.628500549516545,15.072103626310263,27.19980152884177
405.76363238930554,45.6370277404555,14.961870983850595,27.182747146963862
405.74762394397146,45.52909476100673,14.993887874518846,27.398613105861394
405.73928207178875,45.15889765588137,15.010571618884274,27.47859284628379
405.72295044070495,46.065374786818744,15.043234881051827,27.65127713740721
405.6854420720298,46.511993831346416,15.118251618402212,27.423023929073985
405.39302408381684,45.9514060501116,15.040189314713299,27.218402931314053
405.0377144893412,45.82630031185669,15.092263673154127,27.468614407823882
403.17251231402145,44.99299727544671,14.843901957370695,27.145837447432342
403.4610860857124,44.98975776664916,14.920876880275472,27.152316465027432
403.83751204973487,44.31644475881329,14.82355774983122,27.187876885497772
403.8560250554264,43.943389971425674,14.786531738448144,27.27959150370763
403.2472359549881,44.294821768198666,14.693881445612718,27.23184215701761
403.24854906815136,44.915988144761535,14.691255219286298,27.295159381821815
402.94510285164995,44.88930048389951,14.644434665868737,27.34853470354587
403.6794590534136,45.95172578128775,14.483116567087478,27.184775565888433
403.66044906382456,44.05832302084056,14.521136546265542,27.080456737367975
403.33094274419824,44.47151511461601,14.532512767297675,26.901708968037617
403.2675164663821,45.707116753277056,14.659365322929961,27.011296611013808
402.9595985671082,45.108232750943664,14.626217594780476,26.911097562285722
403.0153633117257,45.31404008317047,14.514688105545368,27.146422110180175
403.01019196946663,45.11826930782142,14.52503079006348,26.889466315205407
402.68088026179896,45.17772416487082,14.538764960054454,26.77055660110662
403.0030949901705,45.34689801797891,14.537706844497848,27.07558023607686
402.97679483340397,45.41966726058752,14.590307158030873,26.930041750859644
402.08422623798765,45.42289747354747,14.435631451278939,26.923581324939732
401.7174900168521,45.821556968705906,14.525242923144837,26.77012330502811
402.00800640834257,46.14723628892461,14.58734382047654,26.761898344903457
401.32247491291236,45.272676751739624,14.670258309505167,26.578794666525532
400.97756096623607,45.704349116250704,14.717298112038796,26.35823802832239
401.2845226746158,48.033428734475166,14.743706348505158,26.182400364454704
400.6379154232668,46.37550727313163,14.76055857643932,26.307337600232096
400.59416955848866,45.50160616432353,14.848050305995567,26.13419233909105
400.3455711070333,45.19486702382063,14.706005151647641,26.108428562838327
400.3573715805916,45.577733915963606,14.68240420453116,25.97914016339458
400.3167617564361,45.63347503246807,14.763623852842153,25.867657930385644
400.5659035803717,44.734555050455285,14.89920114615954,25.763915070845663
400.9244367122489,44.97737056658517,14.816758769472276,25.91290792565299
401.2911823689883,45.20377264987305,14.71870094008853,26.095537243172345
401.25257037203954,45.56719464573278,14.795924933986008,26.005163915873702
400.66559052732447,45.38608391176581,14.696992720908383,26.36738538380765
400.6233301356979,45.706701654938186,14.781513504161463,26.366270792660693
400.5633800456856,46.04149319363364,14.901413684186116,26.33823176808147
400.28635114284765,44.35102202484603,14.812302111091563,26.503327211804276
400.2551663271922,44.65923133184336,14.87467174240237,26.531003318825036
400.28848240035546,45.219295008139426,14.808039596075847,26.70200804529319
400.2615272528285,45.541957884643246,14.861949891129775,26.70364037492857
400.05065005774395,45.446850302508466,14.635803033246876,26.893855539198135
400.0632269198289,45.75759043513088,14.61064930907703,26.919224125118525
399.6600702610141,44.05728627140043,14.770169839251572,27.085868515304277
399.7294291227594,44.72004973241331,14.631452115760862,27.064297178473975
399.8339909019392,45.25183266083318,14.422328557401281,27.29930586316431
399.81903088337145,43.90037497253391,14.452248594536837,27.405569481248044
399.5924610224338,44.24053187344454,14.254148698828411,27.376495297010585
399.3292945545497,44.49382751920283,14.133074423998018,27.517311216092708
