440.0,55.0,16.0,44.0
439.99243727946026,55.51997977665871,16.01512544107946,43.87884058185203
440.565076297101,56.394919224341436,15.787187544270871,43.96364196343219
442.8637817020023,56.44821898383732,15.761918397939198,43.857042444440424
442.81925677612065,56.543889648159976,15.850968249702518,43.66570111579511
443.81777597351686,57.0277614556697,15.67657496095774,43.60928005379948
444.1285804138851,57.46272883624117,15.96232518208961,43.64670439452487
444.1082369161411,57.701433038268554,16.003012177577638,44.0823600383204
446.4626811895467,57.88796766566155,15.894287463346334,44.6293235500504
446.5363067440318,58.24709213096712,15.74703635437619,44.83695734934119
447.08472134203134,58.912584969515095,15.576382137023355,45.358321629537784
447.9608327683077,58.2858262390302,15.685173441519606,45.681332011983045
448.3777108821536,58.81431012382599,15.788511844804951,45.56145887336863
448.80119512790776,58.82234037447465,15.878810810680637,45.545398372071304
449.72396697582616,59.768376205802184,15.910629803129895,45.53068939770227
450.2110345910308,59.665422891962095,15.875544649564493,45.736596025382454
450.73925635670815,59.517743721689286,15.760450852381037,46.03195436592807
451.6318366418507,59.948185505697936,15.862220010394573,46.1145356620601
452.09768622827363,59.967578250364745,15.877017828988635,46.07575017272647
452.4869463641913,60.022423548608764,16.04471113373217,45.966059576238436
452.4535693928118,60.5895745510924,16.111465076491225,45.77945860333519
452.841933931271,61.97038540601929,16.28098684175194,45.856589420018615
453.3341101390922,61.341530892165466,16.247064243181896,46.16386863065384
453.25388671457165,62.61296792002824,16.407511092223025,46.483601060997906
454.278987665087,62.56909528277305,16.280671714492527,46.571346335508274
454.2929636390304,63.03790337905172,16.25271976660582,46.59435940985513
454.3573023016568,62.86431855358033,16.124042441352984,46.9415290607979
454.88905048536986,62.946308439646366,16.023604439610214,46.77754928866584
455.91147390576936,63.54476005834743,15.896537751850268,46.539536127783194
455.96164508264303,64.07496545701598,15.796195398102896,46.43230607572624
456.0339405045913,64.12551245726607,15.651604554206264,46.33121207522607
456.04670586100536,64.05844569611536,15.62607384137825,46.46534559752749
456.1170776453841,65.17796800226608,15.485330272620828,47.06785916997905
456.5718084034913,65.29678790198876,15.529052427743377,46.830219370533676
456.60249452007844,65.06280455815768,15.467680194569063,47.29818605819586
456.5083641613319,66.98418358874846,15.655940912062182,47.27996767368315
455.8815383632231,66.46876006219287,15.950266063028078,47.35148828154261
455.8785490951363,66.36272197954108,15.956244599201721,47.56356444684617
456.32412594087884,66.45017998650405,16.033948211443544,48.3575057366472
456.2649435943859,66.49582427218131,16.15231290442939,49.2477954233489
456.7168959905341,68.70017113511514,16.244817616268072,49.82114921815632
456.6430145136431,69.0370963126739,16.392580570050125,50.153556112395776
456.6201835345057,70.06962814193378,16.43824252832484,50.1158794818119
456.45204263908937,69.15152152127077,16.774524319157564,49.92410201025254
456.98771307961925,69.34241845220288,16.720606597987818,49.54230814838833
456.96976453613007,70.59667203344947,16.756503684966244,49.05580354814083
457.5343619800821,70.49348905447641,16.632034266717202,49.26216950608692
459.09384359854494,71.45206228148376,16.529252077824772,49.355810417427726
456.2592215770144,71.25734668386357,16.16940496635682,48.740393086913244
456.35852649414767,72.67439782057514,15.970795132090279,48.874808581112234
456.5302551027826,72.17175938179157,15.627337914820437,48.89230798741676
456.7352409913912,73.19049899473166,15.217366137603257,48.81826037425037
456.33511612295547,73.82901724700943,15.044506481419432,48.51433326275013
455.4714061790741,73.8646594097982,14.840709423222293,48.44304893717262
455.47836363962,74.12566448874345,14.826794502130463,47.92103877928209
455.4475558472039,73.39493618778147,14.888410086962669,48.42931875379578
455.44652982344275,74.68486468746845,14.890462134485029,48.73401711659278
455.4906379029942,74.7886507980755,14.802245975382075,49.49231774510386
455.47322608462434,75.15312086270397,14.837069612121766,49.73835001718664
455.5007313436402,75.63038890970707,14.78205909409011,49.76291350520677
455.4646943406697,76.1966198822722,14.854133100031078,49.60887695260639
455.38729344938645,76.2903885095875,15.008934882597561,49.421339697975775
455.36300479592904,76.71632667611249,15.057512189512423,49.54726355859138
454.3001343664218,77.62413004929346,15.222286992633347,49.69262286812296
454.3512653847615,77.91278883100286,15.120024955953875,50.10089740129573
453.84832725978345,78.53861823727452,15.136421751904441,49.838718042757996
453.35360773358684,78.74401779255105,15.139789232798648,50.41399050370387
452.35063303203384,79.64070648775999,15.157184190619525,51.603444781213625
451.79855803767555,80.33382960015922,15.249910913098454,52.240045088890604
451.7330996842012,79.96646884778755,15.380827620047187,52.97476659363394
450.60910481074995,80.2648255658275,15.55888585164196,53.41301891520786
450.54456851088906,80.4392888964465,15.687958451363787,54.10856669222649
450.52282927090414,80.7246520469703,15.731436931333622,54.594546111523286
448.82017141945937,80.61518635502574,15.94361149476287,54.813477495412435
448.7329718061267,81.5170682875558,16.11801072142816,55.15256859817402
448.70176245883965,81.52065523118664,16.180429416002315,55.145394710912335
448.139718407623,81.67404426897554,16.22399068522845,54.83861663533453
447.49193120989804,82.23328996343605,16.442565297750185,54.79712502934167
446.34508670299425,82.93911605797723,16.57531096410915,54.4659445139836
445.1953219432528,83.25768197685551,16.718352418829117,54.90705670860851
444.4933322064279,83.7091705573621,17.035192347132025,55.09121909294223
443.4155378292456,84.78426679236608,16.99956173645952,55.13224598797137
443.39079927592417,85.2663775885249,17.04903884310242,55.263556926754674
442.8883445088475,85.72484453294852,16.955640404069634,55.44493101109341
442.39621552541826,86.08108429431351,16.840748228490217,55.83160163080139
441.82189538897603,86.13518286683497,16.886891459923504,55.723404485758465
441.25742483326286,86.72044167103434,16.91401196296382,55.654707485745774
440.0448859770835,86.72719664985493,17.13638899106042,55.6411975281046
440.0496983174602,87.51933835102048,17.126764310307102,56.267462570447194
440.10025904650473,89.35097749139543,17.025642852217942,57.06005421147211
438.8756578961798,88.67701831437323,17.2282236749774,57.28466182657124
438.8619680240744,88.458066956796,17.25560341918824,57.72256454172569
439.4081775479616,90.79964114329583,17.300136835345086,57.58722602445124
439.44405769830297,91.36631293131444,17.22837653466226,57.58974623986707
439.5693235818889,92.46553523548373,16.977844767490396,57.66043755092712
438.53185907731336,93.07632226556855,16.790947469986524,57.56977664408492
439.11574765597754,94.86767346223817,16.74932404293163,57.36553544156621
439.2607483660668,93.61839204116879,16.45932262275311,57.61911307811569
439.23111079957465,94.23065943774692,16.518597755737485,57.51524548969494
439.28694445052906,94.8004582635536,16.406930453828686,57.495954947284574
439.2240859877934,94.9578978295817,16.53264737929993,57.18107581522837
439.2429905541687,95.50451666544411,16.494838246549314,57.20368806062515
439.23054513491655,96.20029793657582,16.51972908505367,56.92758985657546
439.2425368627302,97.35092032840309,16.495745629426306,56.85040201254403
439.2978843006356,98.35446374105234,16.385050753615555,57.064297493362574
439.358414196679,98.05223810636484,16.26399096152871,57.66874876273758
439.4069372649931,98.51826912443083,16.166944824900668,57.85440446973752
439.32798645953886,98.96533100722857,16.324846435809025,58.07880109896767
439.3020596173247,98.64227849643657,16.376700120237373,58.724906120551665
439.2667826134023,99.99624154831034,16.447254128082115,58.28642568786039
439.20532689583484,100.17840428052986,16.570165563217103,57.92210022342135
439.1317756986195,100.56504400830747,16.717267957647827,57.148820767866134
439.0280138441031,101.76884477021535,16.924791666680598,56.97888572739034
439.4811016914389,102.55418769577707,17.13890562123425,56.528489525492205
439.5088653812984,103.76013204115151,17.08337824151525,56.3523777182542
439.5383724564932,103.9477578563831,17.02436409112555,55.97712608779101
439.46993709083523,104.58583752136789,17.161234822441514,55.80892646680634
439.4350299741947,105.7248874230925,17.231049055722544,55.747047179712936
439.9736459685826,105.53838542936164,17.262341128127154,56.12005116717464
440.33058127521025,106.69079819200493,17.66285880736335,56.04400222687123
440.29310277787704,107.2656407843842,17.737815802029733,56.01502195222963
440.18441865459164,107.68741392717202,17.955184048600625,55.171475666654004
440.1590630450568,108.1400636084154,18.005895267670173,54.26617630416722
439.8905636515664,109.63743170979605,18.54289405465106,53.474938148196124
440.1532271898822,111.58753633543853,19.117846926959068,52.875568743730014
439.8569777351737,113.2478377054115,19.71034583637602,51.75927551578414
440.32798023029693,113.42776615741666,19.86519133059036,51.39941861177382
440.4552352385809,113.66505721457784,19.6106813140225,50.924836497451466
440.40495067814567,114.50794785195704,19.71125043489288,50.32213920572869
440.4772316933531,117.74509743889547,19.56668840447807,50.3052067207588
440.6003294605295,118.96679268127512,19.320492870125207,51.082002135189974
440.73720784380976,119.49883830441726,19.046736103564708,52.178162671723626
440.8713096221805,119.98033964614655,18.77853254682322,53.39694466199364
440.9983381184019,119.9735886114313,18.52447555438052,54.5138984872403
440.3839505608456,119.74538072567861,18.6384953120507,54.97031425874563
440.29950588585484,120.51178308375795,18.807384662032256,55.684187227953004
440.2905183760485,120.63657764479899,18.82535968164497,55.434598105870904
439.7185717698829,121.72528984511473,18.835888801523147,55.52390189014551
439.719732825134,121.24465446810798,18.833566691021048,55.350344111832136
438.9595689671253,124.66006423731405,19.221580951114447,55.31340530896378
438.7689027703076,124.69213926495033,19.602913344749858,56.38811226101694
438.73354139990454,126.4593105195138,19.673636085555934,57.498279740021445
438.7452745252441,126.58269128971862,19.650169834876813,58.4297644760758
438.66048303964874,126.2117017934344,19.819752806067534,59.171743468644266
438.66416620521085,127.55435131102703,19.81238647494335,60.10069846727572
437.5565230725572,127.57040419910783,19.592003740538622,61.286427190970116
437.5405611479192,129.86751352990797,19.623927589814556,61.61475776900028
437.52573719496246,129.22207806893545,19.653575495728116,61.669742629145304
437.5839507755948,129.57292526155044,19.537148334463396,62.20526059445213
437.5561115648707,130.57167386715835,19.592826755911535,62.693096033922885
437.055146337627,130.38079550239598,19.34414488233997,64.32546509150671
435.92136837788064,130.20139166655144,19.073428055226554,65.9534091364988
435.36170604750305,129.3899829982911,18.905633636351148,67.57622647301955
435.2319695562565,129.83781807280633,19.16510661884422,67.98744422048657
435.2469532703021,130.16220734739852,19.13513919075312,68.65620870165193
432.2349738712289,131.1144892175846,19.853441812735742,68.07805900532063
432.3018583330635,132.58780532135532,19.71967288906651,69.12642983605441
432.1306806445761,133.52557719506507,20.062028266041278,69.93884451970995
432.0903924532824,135.25533701448614,20.142604648628677,70.56484188864344
431.4384477082445,137.35671591435135,20.07431362074839,70.47862564278131
429.97112385760374,136.01392716314513,20.269584812512655,70.42482663567651
429.3507563230461,139.32366321420523,20.137746426814665,70.66822180762294
428.7660682805998,139.06809440123828,19.933573496247195,71.17935943355687
427.16275127527683,139.3342732950515,20.386321380064174,70.64700164593037
424.9734798748726,140.9316924672954,20.631199778860477,70.20793956945062
424.13242434277083,141.68195206333425,20.937065695912143,70.0836655245249
423.5005020069496,142.27590221604984,20.82073879573216,70.27593679091616
422.14474456915826,143.56159978737557,20.770792427537614,70.46600289204196
420.7621539918514,144.7841362451483,20.770994263972685,70.78590929467502
419.9265317404105,144.9378582759271,21.05522302261227,70.47846523311736
419.2944333730064,145.43533598826227,20.93146935625744,70.87146020961008
414.9663591651855,146.59455672452202,21.24035916550164,69.94422850482353
414.6039636424426,147.3986447524454,21.965150210987478,69.71987457697134
413.30078509822283,149.22941550168306,21.78343578501568,70.24044035011303
411.4556983307624,150.62888447477482,21.27941562668773,71.63569609717825
408.0829184374917,153.56420036471397,20.982558890105285,72.80748084042386
407.3341051580414,153.62756834362568,21.060666946856692,72.68074488260044
405.2458128533496,155.04507307691182,20.979697697054988,72.68410465548499
404.5161606899951,155.00088394158797,21.02127929396672,72.7724829261327
403.74968149620065,157.38074397906252,21.1344914539682,72.27200153394577
400.51575423609165,159.22209456290256,20.528423963845402,74.24843797453833
400.504804448382,158.83096100570026,20.550323539264678,75.03070508894291
398.7563381888025,159.33711000583526,21.16167603822002,74.01840708867293
395.1684557022285,161.17498612827438,21.137649352147164,73.22257150748302
394.4447822532274,162.2297824244938,21.156723456756275,72.54125170843727
393.6322875745377,161.85789185876777,21.362709600802972,71.8660296265568
390.05231190221093,166.49605219039216,21.456219190711508,71.06943906900203
389.3240455695443,167.10684813849588,21.508999717349777,71.25159931148963
389.3671969478894,167.06712857654932,21.422696960659593,71.33103843538272
386.61002354274154,167.66699776586384,21.30971180355894,72.94496604045185
384.3576082998456,168.07262245682736,21.531872439814222,73.56127327503697
382.098014251554,173.2320049926347,21.729854770191523,74.7657235799716
379.9584605443289,174.12061756172545,21.625637938843465,75.9107146056556
379.2998770216192,175.7379969213069,21.467472215705754,77.10195419216431
373.9789481671707,175.2156387490596,21.685078553450726,76.65749176935151
374.6403711718074,177.61004415551332,21.849214480537945,76.32962676552583
371.06660730354486,177.1417341890094,21.56963929885411,77.26624669853364
367.93056943893987,180.4805131933398,21.868080238641177,78.05573217665152
368.61528201929684,178.99679099822737,22.008784164471507,78.00291839378778
365.1286778693359,182.9185750844823,22.933926614197457,76.20741607147383
363.6539653823441,184.01242047323979,22.875602955797554,75.52359961015065
358.184677679081,186.280218775719,23.362383442824743,73.97423012504912
357.1324784867165,188.04315577808478,23.98663218150603,71.92850576636532
355.973644076502,188.36910363245056,24.8417583422079,69.81406739790677
354.5945506074787,192.9588417230009,24.70400291403787,69.32241831545592
348.4952010970552,194.73561467327028,25.395113094861163,67.2073210199201
347.42952404879156,199.02023369658832,26.10581095198408,65.74136417030608
338.550739680811,200.0987885174098,26.915285998957607,63.584254528663195
338.43281153317304,201.44234257100237,27.15114229423352,62.29278220819553
336.32923174227915,205.069983579154,27.214943096923363,60.561978564022844
326.98455070720576,209.84740625698868,26.904259617255185,59.15000987255999
318.27023796122546,210.91265960509855,25.696259308166475,58.350690733558
322.0577505477129,212.48453180532533,25.911389555089492,56.50530556975404
319.39918285609673,213.86434445501334,26.127129205601474,55.021029203558165
314.6710336178772,214.44098089588172,26.780867545178836,53.8677563218214
311.541033968956,217.88072166196977,26.780764017877548,53.24837761478892
311.6308715744776,219.126590909225,26.60108880683438,51.9995898422049
304.3399139522974,220.1537249333408,26.524483030619717,51.16686521235455
304.07223901844895,225.32202139821212,25.851831196608106,50.49428589628036
295.45277200427364,227.98322824868805,25.29265859944637,49.91803396213179
292.2660955444773,224.4858868075296,24.655366116128302,49.90207144153804
288.5355513737042,230.1107924631211,25.1733645633881,49.066894971784805
284.3521068539441,230.50107092982003,25.462946307015727,48.28633803838691
278.55877274796234,229.49467384208032,25.575436083946997,48.00429652685991
271.1107959414866,235.81263062391503,25.583809237670295,46.820367931827604
266.93546751837187,239.62235845846016,26.039199740046588,45.96828341461151
261.30666499917174,238.40142219135944,24.94307831228901,46.164023864057015
265.7239100852352,246.29586576779084,24.96666788945991,45.87677627246542
260.1123388466803,249.76958888069348,25.15552371129102,45.549902039827394
253.85957408490333,251.66107429186903,25.54091738965962,45.07242281161774
240.83166406231962,251.73329842708495,25.164693425487094,46.0293097082417
232.52136880524657,253.11148461600055,25.14933573911079,46.600126970515035
228.0974019226871,249.01023811307456,25.05953138938391,46.98209912587692
218.02836021853878,255.5844094936354,25.014127896885682,47.28941429861843
216.4556786206135,260.5723404855089,24.78434602822916,48.564035863228426
211.51630700258437,271.6273438496817,25.544564669895795,48.110525046562834
205.80295193840223,268.7929385526231,25.50895066961421,49.194405989221806
209.9582655138814,263.20102094456684,25.32920044993709,49.92425657940139
186.59785389524498,265.76036097048495,24.114335326917796,51.820555311998085
181.64642753747955,261.1487308017346,23.435376635344983,52.81351788841824
176.7027200409781,263.6512713949201,23.89657183378319,52.52154659932958
173.35070414971125,265.79176538171725,23.507767588712795,52.969115977471375
171.78108063313204,279.0188338510092,23.101591330103922,53.69655760910315
169.46455905118583,282.46579973811725,22.993899367099047,55.098912306957395
156.1545805032283,288.07310026641227,23.13585010963809,54.716222940384824
152.42683740262027,292.4800566863906,23.388128338580117,54.30605273474777
152.23355632605967,288.6064019943729,22.57562434335848,54.8589652287261
145.1190130075555,286.8622985943213,22.492869564510624,54.76921167486522
141.82183529729366,290.07012974720976,21.947900615720826,55.492873738401826
132.00528030121174,294.6249389784592,21.34093720626413,55.90799570019486
125.69016556184684,298.3945878528306,20.92869731801027,56.668451184987106
124.57556597606336,302.415766429434,20.77958187891165,56.95019516911008
104.91184826826918,300.37569252691554,20.820615898356657,57.45885193813383
102.48559174897542,303.8279130521584,20.879066020686523,57.74550526203457
97.75816696358932,302.27374859704435,20.704531480356273,58.44648814448715
71.66221691658426,294.42594705401285,20.84372983152644,58.40522791294739
69.69798215429729,320.58359937687845,21.134808816475665,58.22585433517001
62.92708344484379,315.81363050072605,21.309731356871822,58.0444285394668
50.57364873073016,322.4963192868123,21.701878419615895,56.83641215003588
44.46448403596182,327.3400673374047,21.865345084609782,55.58731995603107
22.011905961261434,341.4993398027494,22.722950008191958,53.45921088934197
