104.0,268.0,151.0,126.0
104.6171824067497,268.4759319244168,149.7656351865006,125.04813615116643
102.60547856955552,266.3641097532141,149.46564544683207,124.94838307951491
101.06528632628718,264.7409670898559,148.22886327464232,123.8775017475048
99.35705825282604,265.00756431273265,147.364471833899,123.34430730175133
97.75653486675918,263.1763974558875,146.30658581350872,122.74770822291762
98.10333827458629,263.2870438973656,145.6129789978545,122.5264153399614
98.8332343999044,261.7006868590003,144.15318674721829,121.4803764633906
93.18210218983619,260.0767593691149,142.9172676127986,120.54883692497607
93.50270386807509,260.3612400419228,142.2760642563208,119.97987557936015
91.91915747922258,258.68151712026696,141.31687532413406,119.21303971278019
90.72167648960257,259.1257264780879,139.6126972523507,118.32462099713828
89.59530727655797,259.3654321596543,137.8068906973047,117.8452096340055
88.34202881110716,257.5580082327192,136.29049965236925,117.43710951203865
89.04754846736745,255.96630788809608,134.87946033984866,116.62755847589835
87.73713012524242,254.39804565059248,133.54216479767578,115.80595072448256
86.55248330312389,254.8993836006086,131.9872006816703,114.80327482445037
87.0775886652688,255.29780904022624,130.93698995738046,114.00642394521505
85.70476620317584,255.72458869700552,129.82756260693395,113.15286463165647
84.66333872392516,254.2884104185676,128.08620739153957,112.20101101463662
85.23873319151315,252.8143249313619,126.9354184563636,111.36719910996052
83.80342170673332,253.0810281690181,126.05524693135854,110.83379263464815
82.35180652714186,253.29621718980124,125.22986705454662,110.40341459308188
81.08818154477613,253.59710604750194,124.04819356206664,109.80163687768051
81.76588223228308,254.08542950209952,122.69279218705275,108.82498996848535
80.45182698624089,252.53025049775954,121.67658890690058,108.29103420492879
80.82389620081467,250.95775868908007,120.93245047775301,107.81601448212558
79.36519748204847,249.5183472508039,120.24899069347036,107.09398013686278
78.09418487616819,248.1019127859904,119.21231038630168,106.34814354756054
78.77032629847218,248.27377614973767,117.86002754169368,106.00441682006601
79.3116468711919,248.63268999125023,116.77738639625426,105.28658913704092
77.92538236053264,247.22633249410438,116.05401559786367,104.6034043116234
76.62665748142831,245.75969808785288,115.177715256064,104.06292302411804
77.27650536479224,245.82358972049917,113.87801948933614,103.9351397588255
77.92970759656913,244.4053544671619,112.57161502578236,103.3423753527414
78.45697364101184,244.58890496107102,111.51708293689694,102.97527436492318
77.19490264577173,244.8733498839669,110.66406220870502,102.40638451913142
75.94650907879827,243.72019732052976,109.80603927899227,101.357879582346
76.41034544342403,242.26391210271117,108.87836654974075,100.94569937515976
77.037280237694,242.4302840352681,107.6244969612008,100.6129555100459
75.79093144251851,241.03595151162165,106.83832935832095,100.12275536410786
76.32846517540224,241.18314666790633,105.76326189255347,99.82836505153853
76.6713734050895,239.63279645072785,105.07744543317898,99.69173934110104
75.44838460460134,239.9716311728054,104.2989903161907,99.01406989694597
76.03845972794144,238.58956054074267,103.1188400695105,98.57670112236526
74.96174481472643,237.0673428958452,102.09616352127742,98.44503003749712
75.69584472181022,237.23411261918687,100.62796370710984,98.11149059081377
76.14393569506095,237.58566708778088,99.7317817606084,97.40838165362578
76.6791416116412,236.13460258499163,98.66136992744786,97.20599505962026
77.34584044149062,234.7499154607283,97.32797226774905,96.89086516281829
76.16320007093272,233.23875834186094,96.63469057639426,96.85461696808241
76.51684996072667,233.64738943924334,95.92739079680635,96.03735477331757
76.87165602027605,233.8627586339292,95.21777867770761,95.60661638394588
77.14988095172069,232.66201163937666,94.66132881481833,95.00300334909629
77.63275964268612,232.97541483739073,93.69557143288743,94.37619695306812
77.87642695571401,231.83738012576632,93.20823680683169,93.69051109300136
78.19613563302768,230.37495670470975,92.56881945220434,93.67207301634356
77.18829054187135,229.3421453757138,91.65159505915878,92.8047810989772
77.6405611407371,229.70210800027172,90.74705386142729,92.08485584986138
78.13476968807461,229.98903713040107,89.75863676675226,91.51099758960268
78.49512474180628,230.19917677598113,89.03792665928893,91.09071829844252
78.61275124086265,228.97977451707604,88.8026736611762,90.69289729393239
77.31204010866259,227.64990915734552,88.57743320505753,90.5259652928746
77.81199363278785,227.89837007449592,87.57752615680701,90.02904345857382
78.07471347930884,226.67943616390943,87.05208646376502,89.67002403951844
78.49431018006717,226.92522648399398,86.21289306224836,89.17844339934933
78.75383201398348,226.94693494441054,85.69384939441574,89.13502647851621
79.08744502047261,225.58637901757373,85.02662338143749,89.10306102460173
79.40704680826538,224.38806605936395,84.38741980585195,88.75767504903526
79.62323874965291,224.7340597222185,83.95503592307688,88.06568772332618
79.7988907312182,224.89761370189078,83.60373195994632,87.7385797639816
80.1888478706213,224.99336982235036,82.8238176811401,87.5470675230624
80.30971570366432,223.79456415168045,82.58208201505407,87.26193057486411
80.46422102720166,224.0016759020674,82.27307136797937,86.84770707409021
80.76239615885777,222.6686619872117,81.67672110466717,86.8506591554118
80.84059632285961,221.26264068580718,81.52032077666348,87.00903997023588
81.06466802916003,221.42363493347142,81.07217736406265,86.68705147490746
81.40925394578893,220.12008532552937,80.38300553080484,86.65264303601063
81.64900271724011,220.26116210716947,79.90350798790247,86.37048947273045
81.74355880614259,219.1335935614747,79.71439581009753,86.00763358732931
81.94618113711431,217.92786386082,79.30915114815407,85.80976773259744
82.15419085790003,218.24517465049038,78.89313170658262,85.17514615325668
82.22504827432873,217.21516272435912,78.75141687372525,84.65189113027324
82.3786905349715,217.35389655563677,78.44413235243971,84.37442346771799
82.49714539219579,216.2411934034539,78.20722263799111,84.03618325348943
82.51375495392753,215.0749962385804,78.17400351452764,83.8139755917681
82.56713018019337,215.19265400734272,78.06725306199596,83.57866005424347
82.78304589831777,214.04501172039426,77.63542162574717,83.32870963444185
82.95598873177144,212.89166659136566,77.28953595883983,83.10092811453055
84.1840595069281,213.07439931100075,77.3588139605395,82.73546267526037
84.54072866760659,213.2545348544207,76.64547563918251,82.37519158842042
84.87930298816858,213.5009510034207,75.96832699805854,81.88235929042045
84.98429488859567,212.39125181761625,75.75834319720434,81.61635629236704
85.38940574561502,211.17470837689092,74.94812148316564,81.57153072859309
86.61249077211484,210.09947625630963,74.96627604611155,81.2576703538101
86.6671233381696,210.2742051591116,74.85701091400202,80.9082125482062
86.83100778124161,210.41602237871447,74.529242027858,80.62457810900042
87.07995752736926,210.4790923052543,74.0313425356027,80.49843825592076
87.12089356310887,209.44507438290623,73.9494704641235,80.13346707754133
88.32608171445055,208.3739727636608,73.96510850305071,79.84965597442165
88.57345099296973,208.53474581604496,73.47036994601238,79.52810986965326
88.79630566423364,208.7322378321827,73.02466060348453,79.1331258373778
88.63202634446736,208.81868630060262,73.3532192430171,78.96022890053798
88.63934161634678,207.87178155602194,73.33858869925825,78.45580775841263
89.0103625908603,207.97577106976394,72.59654675023124,78.2478287309286
89.24840262912542,207.04253927454235,72.12046667370096,77.73920715634124
90.54270447934105,205.96697764659515,71.89144310467057,77.5307502808348
90.63984678075245,206.41163398545248,71.69715850184778,76.64143760312015
90.7389983503684,206.6420245227159,71.49885536261588,76.1806565285933
90.60614572157235,206.8588661717161,71.76456062020797,75.74697323059293
91.77357969943469,205.86307027170346,71.75249729348815,75.41576040161334
91.78472159363021,204.56997418382718,71.73021350509711,75.68452172439758
91.85896977995083,203.5829768790096,71.58171713245588,75.33723325289779
91.9909415561369,203.5700726595885,71.31777358008372,75.36304169173994
91.99470431652682,203.66391539388476,71.3102480593039,75.17535622314745
92.0217951703196,203.75040281018428,71.25606635171832,75.00238139054841
92.09594368575861,202.70392662404868,71.10776932084029,74.79224002545911
93.21293975396333,203.01166261957562,71.17123195935983,74.17676803440526
93.45174484388403,200.94740879786914,70.69362177951842,73.72763060226258
93.66244756840412,201.29742824974215,70.27221633047824,73.02759169851655
94.96448977491218,201.40791773041323,69.92471751297796,72.8066127371744
95.41538252901336,200.2234921343485,69.02293200477563,72.92784099223297
95.61175696439054,200.6295372379371,68.63018313402125,72.11575078505582
96.86354804799282,199.43504792100993,68.34290243944368,72.28842794628314
96.97012065989856,199.41987820415804,68.12975721563218,72.31876737998694
98.17011020826811,198.49763672543355,67.94131994689504,71.95170850943396
98.35677520676315,197.63456888178814,67.56798994990496,71.47503070502698
98.31994288819673,197.74632059536037,67.64165458703778,71.25152727788252
99.4832111502048,197.69398313465962,67.50222756962778,71.35620219928407
100.63252255407588,196.56162508129006,67.3901411143964,71.43438195351243
101.73783609936815,196.74359579965852,67.36549505004885,71.07044051677548
102.96773009412175,195.88730315676642,67.08560533820723,70.60312752489409
102.86538113649851,195.06195839594923,67.29030325345373,70.08566744534147
103.99238220932418,195.25896710172827,67.1995902481089,69.6916500337834
103.78753413533117,195.25650167857648,67.60928639609492,69.69658088008697
105.21976727192819,194.346377784102,66.90705478263705,69.35459400929975
106.06119548030676,194.6536044793637,67.36996456000357,68.74014061877634
106.0537847770592,194.58645854853472,67.38478596649868,68.87443248043434
106.92054140433945,193.39853709126734,67.79705511739905,69.10449298950823
106.69765612777141,192.19471842230598,68.24282567053514,69.35622501545424
106.48413955142314,192.42043024931004,68.66985882323168,68.9048013614461
107.34334177540265,192.53663410337901,69.11798366711366,68.67239365330819
108.61962179980515,192.84823067841197,68.73534798366722,68.04920050324228
109.96729643479264,193.15618636615048,68.19407931603983,67.43328912776524
110.07484735352125,192.11276237679962,67.97897747858264,67.38428143726578
111.49602125962565,191.21358034656276,67.26832938807689,67.05094577603646
111.81707300641597,191.29225591511,66.62622589449624,66.89359463894198
112.9339069915264,191.34013258766558,66.49523120945426,66.79784129383081
114.18356860830599,191.48154966911176,66.0950101275135,66.51500713093844
115.37748054323752,190.52933466019095,65.79553036762977,66.33109303880069
116.5022225697584,189.62590808494383,65.62677626812541,66.05721623575755
117.79637444170818,189.85994534999892,65.11223341602957,65.58914170564738
118.9518832311892,190.11811325634622,64.85950178354457,65.07280589295277
119.9662880189565,190.08933815878214,64.8768695923407,65.13035608808093
119.88572780780106,190.113537234055,65.03799001465161,65.08195793753524
122.91446642371122,189.0775701423175,65.1279118109451,65.10475911163894
123.02751522085126,189.50408890711861,64.901814216665,64.25172158203675
123.86597526603677,186.46681809519765,65.25880163446652,64.22454068136103
123.85626351761515,186.75161514101785,65.27822513130977,63.65494658972063
124.70926577949922,186.92713863996525,65.60262402558136,63.30389959182584
125.75413660914515,186.99643990017645,65.54282566578071,63.1652970714034
126.72862572355919,187.20352028711886,65.62066055242252,62.75113629751863
127.57984314521168,187.372889538712,65.9397025391601,62.41239779433229
128.6481665343766,185.0320906618849,65.82415785248934,63.051791364668375
129.7740288921049,184.26820783255312,65.60185824164408,62.550131918720595
130.7204364130663,184.39383914102618,65.72704171728947,62.29886930177446
130.24256440453692,184.67466371531773,66.68278573434822,61.73722015319136
135.47370964312066,184.74936667710924,66.33043198387116,61.58781422960833
135.55271290158683,185.0212848573941,66.17242546693883,61.04397786903863
135.7443526676193,184.37557686795103,65.7891459348739,60.3323929351766
135.77472106466215,183.72287019022963,65.72840914078817,59.65210512450269
136.31456058888045,183.94254536322626,66.62264661899714,59.21275477850942
137.194911983497,183.85394845747496,66.84274457922163,59.38994859001201
137.9419331858529,183.9511560082429,67.33575224404922,59.19553348847617
139.75412358652432,184.28811458832428,67.69454648358963,58.52161632831336
140.67334291733,183.26119381713343,67.84245118257758,58.589114510095776
143.8541838782693,182.45067211530795,67.44991332070397,58.22044322707842
143.94158259198116,181.4768535769528,67.27511589328027,58.19035433157894
147.66795563125032,181.5447476514435,67.7205251887647,58.05456618259755
148.1035561827191,181.5653704011409,66.84932408582715,58.013320683202735
148.30797730517455,181.7468642355852,66.44048184091628,57.65033301431412
148.45819667858203,181.98209001382065,66.1400430941013,57.17988145784322
149.55865027242874,180.9430305538736,65.87989999166805,57.317236292477176
154.56394746534647,180.04188454642238,65.56400809786413,57.180587808973314
154.9362779970681,180.3094312453457,64.81934703442089,56.645494411126634
154.7957598375136,180.5690604893228,65.10038335352989,56.1262359231725
155.53571285618145,180.57202783863224,65.52824973660834,56.12030122455361
155.79101091380085,180.70337620694227,65.01765362136958,55.857604487933514
158.94522156025795,179.50617456324017,64.41577361451223,56.34982734665212
159.9595163063882,178.37102414186995,64.2879438310449,56.71936848059937
160.03479970018563,178.57851481051065,64.13737704345004,56.30438714331797
160.79890882955203,178.83238194423666,64.50487641536986,55.79665287586596
162.51480497861462,178.9048564691738,64.8596261200519,55.65170382599166
162.43925587350327,178.07010820696527,65.01072433027458,55.42476957885255
163.22247111701702,178.23498552776022,65.33941325955995,55.095014937262675
163.96000195655984,178.49219614222366,65.75924059959374,54.58059370833576
164.02836170593957,177.62007936860945,65.62252110083429,54.431756973395366
166.05235920099778,177.86807464018494,65.35165413949974,53.9357664302444
167.2976001489028,177.02246201012585,64.73756246064835,53.75060147340393
168.34493530262577,177.16495353144433,64.50684094043162,53.46561843076702
169.57755527154742,177.19898836776312,63.89739971077313,53.397548758129425
170.66616849494687,177.20049433047646,63.565486659749965,53.39453683270273
171.76035981070214,177.1325266500302,63.21725224571409,53.53047219359523
174.67801487957234,176.44458670926062,62.892834148647616,53.06938806157644
175.66911324306682,175.48987093954395,62.73517528729278,53.15428173537569
179.26563643918914,175.48226289514008,62.83601266876333,53.169497824183395
178.4308681708062,175.34302867936873,62.68027707543007,53.447966255726115
179.23256517151094,175.52004022088903,62.90422889801559,53.09394317268547
179.90747553302617,174.84931816283608,63.379517077314105,52.61027838646234
179.95510696380046,175.00352699797332,63.28425421576557,52.301860716187896
184.75590564155044,174.01387178252466,62.77364937906465,52.462972643325415
184.61795872108806,174.22171510577925,63.04954321998942,52.047285996816214
186.38321794233485,173.97812519768482,63.1399787624201,52.534465813005106
187.4152111914189,173.9730241484199,62.895721964627825,52.54466791153493
187.6727396844138,174.06028942958974,62.380664978637995,52.37013734919525
188.9070144975139,173.2697804959641,61.71749470955582,52.14577585932851
191.54601795844488,172.36232956315564,61.814101048765124,52.16913997125502
191.7636205406586,172.33862063211333,61.378895884337695,52.21655783333966
192.3947361289926,172.59134556412113,61.90411414999825,51.71110796932409
194.48225355105563,171.55951120418348,61.30390942176102,51.98736163125495
196.44086231614025,171.65487337645615,60.95190328812083,51.79663728670961
196.35212486739184,171.7199198957165,61.12937818561765,51.6665442481889
197.4683980429515,170.9997441268319,60.6715821506402,51.3321454698163
197.55047178888324,169.99795683199892,60.50743465877666,51.57341550667468
199.88745447237136,170.0754076278346,61.12442037419295,51.4185139150033
200.84200068462133,170.1047929388869,60.986009110901904,51.3597432928987
202.66031786347494,170.22755302558656,60.884574834573016,51.11422311949938
203.94181405911752,169.3579220338977,60.083664430105,51.09140311606001
204.0336403095995,168.74967857378056,59.900011929141044,50.558533905359255
204.77943279600663,168.13065651173576,60.1463757841353,50.058629201640244
206.52002510162512,168.0592302524736,60.13257763707355,50.201481720164566
206.32711441348786,168.11025607763673,60.51839901334805,50.09943006983829
209.06558488784648,168.09506322735507,60.261698637231,50.12981577040167
209.32466046568652,168.2486543346675,59.74354748155095,49.82263355577683
210.17528744717814,168.59936710142978,59.7659759521472,49.121208022252254
210.86716783606897,167.7448634150778,60.09492427118272,49.117506298139006
215.11972083316132,167.776248329627,60.178355272666195,49.05473646904058
214.02735460692492,167.56842163173155,60.645112845937426,49.470389864831475
214.6683865694357,167.86337911800825,61.0949175418814,48.88047489227805
214.7501180269084,166.7155104025096,60.931454626936016,49.44698891375478
215.7066186462657,166.72765605525623,60.754342803355655,49.4226976082615
219.43211644305288,167.0208871779066,60.23445034817026,48.83623536296078
218.60883222501047,166.7108847887011,60.16571657209717,49.456240141371794
221.3781093805548,166.51949561871436,59.79996996094569,49.83901848134522
221.48348972517272,166.68782798297033,59.58920927170985,49.50235375283331
224.42331896758412,166.695636142178,60.574112610339775,49.48673743441798
224.53679910428897,165.8490565727598,60.34715233693009,49.44885491094384
225.0160932837608,164.8739555140289,61.11550419731748,49.67211680907464
227.63756278363869,164.97784803839673,61.09964104890224,49.46433176033895
227.18211879235244,165.0157320484812,60.27177611716566,49.38856374017
228.3690506730638,164.9851574232463,61.347526338047416,49.449712990639775
228.95600533040874,164.94512647052642,61.91593860157615,49.52977489607957
228.73029261601192,164.71370742780857,62.36736403036977,49.99261298151529
230.90419207106427,164.62556006167097,63.31985580780812,50.168907713790446
230.70001491148366,164.3268038162932,63.7282101269693,50.76642020454601
231.8190488764351,163.91420399019353,63.290316365950275,51.59161985674534
232.77398891637947,163.6613719948131,63.187254024298625,52.097283847506226
232.86123337459065,163.3137625450467,63.01276510787622,52.792502747039016
233.60107445636535,162.66278617620827,63.35501153819924,54.09445548471588
236.03383276089906,163.64792821271953,64.033974951429,53.97233141912576
236.14006786928996,161.23808703398646,63.821504734647164,53.221981283830765
238.43817298182628,162.1363137927134,62.90792244996562,53.266841736572445
237.48067449466654,161.50262576863847,61.1670230567949,54.53421778472228
237.8517632011638,162.44789177033022,60.424845643800374,54.46500391078331
238.91653255031324,161.6513052533962,60.1039872234998,54.24949666665297
240.3242069571456,162.20623237611537,59.08889056134426,54.93989457272393
240.7003216110818,162.01812504429475,58.33666125347192,55.316109236365136
243.65923641886218,162.36731697446965,57.787779766462776,54.61772537601533
243.71408066080446,161.03619490906897,57.67809128257824,53.739990628938216
244.63526259595335,162.32431566289378,57.59006885174017,52.91809056074824
244.67771361355636,162.04491420157575,57.50516681653414,51.73699636733318
245.45869920923712,162.3398485957269,57.66294500165568,51.147127579030894
245.18157344513503,162.89147093155614,58.21719652985986,50.04388290737238
245.12715112616604,160.67013701477597,58.32604116779784,49.375499400067085
244.9969909644821,160.98842311487041,60.28098386907461,48.73892719987822
245.09586533098917,161.3442163982245,60.08323513606045,48.02734063317009
250.25684780510073,162.09431775297838,59.96055152057974,48.227018145786026
251.11050372925837,162.14210336701896,59.9544740316567,48.13144691770485
246.49646336976264,161.74261044662012,60.68459085431439,47.23083997923577
252.33982075753738,162.4011239826368,59.174780133263056,47.609963582952176
253.50410085893725,159.56639244502588,58.525402130251344,48.24188005880997
253.7376945749666,158.81046281176646,58.0582146981926,48.0743156976753
256.2463641216788,159.82434517094134,58.04946145116541,47.71607959479121
256.5075611924539,159.8269249361506,57.527067309615205,47.71092006437269
261.11536622711407,160.12922981362274,58.24438392375826,47.106310309428395
260.70675813806366,160.22017975908497,57.40485370258072,46.924410418503946
259.8529146657327,158.85776014211092,57.4716338943803,46.36743614672761
260.5063406268966,157.96952531162646,56.16478197205251,46.510984025794144
261.5542001909272,160.45845975362417,55.68421629858612,46.37857550558283
265.4914634947515,159.53214970403565,54.23215776463037,46.62557858633667
265.7854366091496,159.3975944328197,53.64421153583422,46.894689128768576
266.34813334559635,159.22785789976447,52.51881806294068,47.23416219487898
267.3492780273782,159.25769506034987,52.086890560566076,47.17448787370821
268.59253005415536,157.60268963796324,51.16307917938137,47.359113373742204
269.23215159354106,156.89198807148227,51.435077546857244,47.22927506045699
270.36763033710974,156.78074878047954,50.71753643406606,47.451753642462464
270.5347464219804,156.6248579220518,50.383304264324686,47.76353535931792
271.3263059853494,155.87075583370626,50.3456670000083,47.72625767358737
272.9349684723753,156.3157480878205,50.21694609011982,48.380575197440535
