172.0,55.0,120.0,119.0
171.15927102375628,54.193563168443234,117.91768666135557,120.61287366311353
169.90626311298354,53.715918765223236,116.66737565397662,121.56816246955353
170.13037138949463,53.354338755873215,116.21915910095447,122.29132248825357
170.26690699465678,53.34541127062549,115.94608789063017,122.30917745874902
170.28072166530882,53.27420680204915,115.91845854932606,122.4515863959017
170.48911658706015,53.35746725638619,115.50166870582345,122.28506548722763
170.52055546568744,53.14179577711765,115.43879094856888,122.7164084457647
170.76514828796587,52.98609781447361,114.94960530401195,123.02780437105278
170.8719311264837,52.558050558680364,114.73603962697634,123.88389888263927
170.6296714666885,52.53826839529083,115.22055894656671,123.92346320941834
170.8151644818796,52.38085189274052,114.8495729161845,124.23829621451895
170.7725244340757,54.11351710255161,114.93485301179231,124.53740326034261
170.60082272818923,54.08248680579253,115.27825642356527,124.59946385386078
170.64945196537678,54.03409298290072,115.18099794919016,124.6962514996444
170.5729670017819,53.86546404517178,115.33396787637992,125.03350937510228
170.63437087135333,53.76044531178829,115.21116013723706,125.24354684186926
170.91470737627023,55.660313968078476,114.65048712740325,125.2296737682541
170.90003658775987,55.824314105903554,114.679828704424,124.90167349260395
170.8669536158975,55.78086067937106,114.74599464814875,124.98858034566894
170.9084523615765,57.59314168097751,114.66299715679074,125.13850444226253
170.93979111345618,57.47419043468635,114.60031965303136,125.37640693484485
169.12367414564116,57.45188491400642,114.45434521358112,125.42101797620471
168.7929628098804,57.34941510554195,115.11576788510263,125.62595759313365
168.3867798788154,57.32056831623114,115.92813374723266,125.68365117175527
168.6972379162846,59.023667943749786,115.30721767229426,126.08158644892589
168.36009125208318,58.87528027067742,115.9815110006971,126.37836179507062
168.49266583657362,58.9394275618824,115.71636183171617,126.25006721266067
168.24092182091204,60.72282312785646,116.21984986303939,126.49286821920927
167.71297810358763,60.54310965044671,117.27573729768818,126.85229517402877
165.57691655976637,62.6825030053311,117.70406401089502,126.41730483869569
165.4263508750336,62.34453153748453,118.00519538036059,127.09324777438883
164.57166007122692,62.17691082021542,119.71457698797394,127.42848920892705
163.54753822867593,62.094917312062954,121.76282067307594,127.59247622523198
163.19755765104287,62.2533854632991,122.46278182834206,127.27553992275969
162.66522232980165,63.94949666245882,123.52745247082449,127.816021902814
160.07134498555047,63.90007766862226,124.75718625464867,127.91485989048712
159.72916970479295,63.621320219532905,125.44153681616369,128.47237478866583
171.6193122885089,63.60950549620411,125.652690014683,128.49600423532343
173.62727279190648,65.32116778610029,125.63904803128511,129.07495867892834
187.62785714551313,65.25383347673544,125.71595006454274,129.20962729765805
187.87363152241142,64.7596689452196,125.22440131074619,130.19795636068972
201.71073175190995,65.00752601323359,125.70566168256374,129.70224222466175
200.7582821310244,65.2363990155122,127.61056092433485,129.2444962201045
214.406509049056,67.1383446223837,128.62869457270668,129.4855460755665
258.5312938293847,68.9951157864414,133.86919362771528,129.83678933943656
262.40937304650464,70.81916542037905,138.57122142681234,130.34141881600692
262.4156127110428,70.87050051516577,142.7930909999269,130.23874862643348
262.4539373977768,70.7462432181508,147.01501913923042,130.48726322046343
258.08132245250385,70.58032791559089,151.39207252569162,130.81909382558325
256.1706500011791,70.37867278144284,155.213417428341,131.22240409387933
247.16900911916903,72.41745789748437,159.69617001296587,131.6516769215947
240.66163820502464,72.3263098767598,163.5452358171783,131.83397296304386
239.33573772265095,74.18624183021026,166.1970367819257,132.75904362854442
235.8556502261551,73.75626139038009,168.4566099988739,133.61900450820477
231.03995546911864,73.26055090797874,173.33881872751212,134.61042547300747
226.09044814444633,75.39265296107581,178.39783621316724,135.18621853050286
233.00872379465073,77.73771540004849,184.267669400764,135.4226897745589
233.5871095284116,77.68803273172925,188.13067944205068,135.52205511119737
238.97611898058648,77.92799158344198,192.59275715106256,135.04213740777192
241.4281841755655,80.18453341687254,197.96795962653604,135.66872017362658
246.51314759244906,80.16715179937805,203.49154643886013,135.70348340861557
248.1576033892689,82.80960825780805,210.83247271720052,135.73348942774558
266.42070885411556,83.24585100116256,217.71108240045274,134.86100394103656
259.575600217627,83.5137973662693,225.8874408369255,134.32511121082308
253.0295060502556,83.47017360434022,233.3529924423995,134.41235873468125
249.05834928674898,86.41082000275499,241.29530596941277,134.2700090554978
242.96922488745744,88.85694018423303,247.6194858657829,135.23183759475467
230.72431800555864,88.49068187422277,254.21773025440885,135.96435421477517
227.98474068973596,88.05131072196386,259.6968848860542,136.843096519293
228.2803029660382,90.74714791295759,265.27510455431735,137.62076635817317
222.42333399734508,90.42780664613005,270.7243501638244,138.25944889182824
222.75588909579977,90.24317499335817,276.4149123437437,138.628712197372
223.80529888894287,90.48589144216183,280.76154006110886,138.14327929976469
224.68748356648732,90.25048726504491,285.4978134363602,138.61408765399852
215.03954361657918,89.99173382749117,291.63764050846135,139.131594529106
212.197548095567,89.82385985062723,297.32163155048573,139.46734248283389
209.15805892668422,89.74722759163214,303.40060988825127,139.62060700082407
209.5330578147222,92.99847323735277,309.5071000571552,139.97460365436277
202.93575431587476,92.81866445713314,315.75026684730426,140.33422121480203
196.09508549100363,92.97495046439795,322.3832323885902,140.0216492002724
190.0646127645914,92.71688688528377,327.30518787817755,140.53777635850076
180.5676476153606,92.61560488923878,331.8604309975975,140.74034035059074
190.71293030859607,95.71434743424588,333.4362662251683,141.8316554652571
187.35123718023135,95.36453974780844,332.82875326210365,142.531270838132
192.6343880784871,95.0786362613363,329.5969417164525,143.10307781107628
183.50846361813092,94.8166563570914,333.25314945004743,143.62703761956607
137.43470441351215,95.42827076696774,337.08070270452816,142.4038087998134
127.49376581811384,92.05204624069002,334.7814587402695,141.76255080068373
92.56299930961109,84.5706072170041,331.1517831922622,142.027187135053
108.92129852668475,80.93191262072116,327.64046412659394,142.0032564854991
94.26196641635855,80.66184194086388,320.7087186809477,142.54339784521366
96.31879033677558,81.24116633797645,316.59507084011364,141.38474905098852
100.49177669940653,81.77109352103439,315.3281991402609,140.32489468487265
102.16330621556077,82.18292947287519,311.9851401079524,139.50122278119105
95.84759898593492,82.07382215761073,310.658351530276,139.71943741171995
106.21446615950447,82.53370264976422,310.8156504548872,138.79967642741298
109.6569616721377,83.18083553979457,310.88045982582685,137.50541064735228
103.37182062834106,83.46634778216108,309.59479500966273,136.93438616261926
107.52285318037156,83.87465636019068,308.19201071956434,136.11776900656005
111.46590431804592,84.0622428292499,307.1704750878509,135.74259606844163
110.569629320943,80.7656366622044,302.119873707668,135.49265702814392
115.8079785088934,77.7216775055246,298.4086654717992,134.81508520147142
120.05293218386785,77.88475069349846,296.61846941290395,134.4889388255237
126.55344996636438,78.70674198858657,296.95340775881095,132.84495623534747
126.64421406664937,79.16623692587993,296.771879558241,131.92596636076075
155.78542547647305,66.14881095400551,298.1161962726204,131.46004517827544
158.7842953459719,66.50313393647592,298.7549426888842,130.75139921333462
165.04831268998544,66.79073597743474,299.4934221202218,130.176195131417
167.8727078489132,63.39392505797068,300.47844028649683,130.3360084862145
173.1880069281134,60.00111815038558,296.49873341332045,130.47073101616073
175.93002248518124,59.88789176811959,297.6103192980756,130.6971837806927
179.79586629898904,59.96926473959451,296.49434799760843,130.53443783774287
178.6277321284529,60.07504738483175,292.23394073978847,130.3228725472684
180.7390223175487,56.56508770537462,288.01136036159687,130.81162050457968
188.26514558305686,56.2936385934851,285.91601189737395,131.35451872835873
197.79601343465367,53.137392778067564,279.7692898014394,131.20950355556428
197.64547231216352,49.629043089664435,273.7048535738817,131.8606844598325
203.42313843536445,49.602804572269505,268.4379661314529,131.91316149462236
215.58947995488327,46.65676735344648,262.74254064109,131.59281674937685
220.84622322466063,44.20853419108019,258.35259492891845,130.36574224672626
225.9330506400318,41.378552939118364,254.21696594292538,129.98767890590065
227.88221371354592,41.483264477586204,250.31863979589718,129.77825582896497
231.53023596192764,42.01968604066532,248.9326440345328,128.70541270280674
241.63494886005878,42.62985898384625,246.3368947733982,127.48506681644488
252.2431159039418,39.582608206090256,242.55685894105915,127.7674689534812
253.8861400861622,40.04346331113189,239.2708105766184,126.84575874339794
258.20285015030856,40.407211892021465,236.33464202202435,126.11826158161878
264.4015449827717,41.39180398721137,235.22037106432123,124.14907739123898
260.5267357525165,41.62409044480458,231.7872374046119,123.68450447605255
248.07303396434543,39.01416028469289,229.03020701226922,123.37147800253896
239.03775692563465,34.402192677415215,225.1530888987119,121.62157712160487
233.3390947192912,32.73185422537898,220.35092547422025,119.56242474661784
230.5876891344318,33.581912707597766,215.2661156957491,117.86230778218027
230.24508338900213,37.000629664421666,210.76157610444267,116.21462495069832
228.20307057456034,51.06426122573106,209.75047089571046,113.56301601615857
214.44483644337254,48.950319451280386,207.05751143233826,112.75599494410194
210.46258337185924,54.874971667388095,205.05922562263484,110.86948246461657
209.69318301055054,55.27647024131312,201.67835991559815,110.06648531676652
199.55258000753844,55.862629384535836,197.67915200779348,108.89416703032109
197.65679347301176,65.81771973288323,196.69368213520025,108.09215810021284
184.25750938237798,66.39522182360507,194.99942335155978,106.93715391876916
186.11616977710696,81.28476372781961,195.9861783812449,105.38252502519879
171.75514413170495,82.17502705020883,196.5560069595229,103.60199838042037
167.91058803674852,82.7853695521592,194.9053432969427,102.38131337651961
154.20878967851883,97.36276160682718,194.56105795652962,100.97441132405613
145.5346688771696,97.92624479901525,193.5277267593766,99.84744493967999
136.45385339053496,100.53956122973767,193.4460949721896,99.1816277683492
130.19972110002965,107.97784487893327,192.30992998678605,97.9494900363722
128.8252324303134,108.32806273713123,190.54868216470283,97.24905431997628
124.15454720489261,119.663974804561,186.47311805422933,96.93878778730854
90.88238034818582,138.09656283378712,186.91022962668393,95.33079687070106
79.3146033447767,140.30724107799938,183.73064506912758,95.29529680967232
77.06400807571404,147.1442589290144,179.55466890757117,94.63701115716488
74.81280165288726,146.85534422641604,175.5252915396752,95.21484056236156
59.35397901878629,147.02968816131403,172.7111910458933,94.86615269256563
57.22440121639693,144.97841272038846,168.63235228462048,94.79970639139091
52.18164349457918,145.18091341164043,166.3950686868197,94.39470500888702
52.42598314102074,145.21465444836468,161.83878251176833,94.32722293543848
50.710668541417505,143.58484264716913,157.27154668010934,93.58791402239687
42.3551953171125,144.2900232519893,154.38954827963317,92.1775528127565
50.663208397394015,144.96781058715487,153.18121486349375,90.82197814242537
54.167721967775975,143.70415762448008,149.98325655814767,89.53821523235712
57.905687415498804,144.2112412424396,149.99101389960114,88.52404799643804
51.75747998318231,143.1074709441697,154.83776839146546,87.00675840659352
58.7975359507402,143.47175500216082,155.84141186590435,86.27819029061132
63.41937753648921,139.374742423096,154.14444705903122,86.92549708411603
66.16750315674278,140.00327593960736,156.16679630329998,85.66843005109334
68.3967650462631,140.2829705513182,159.24378519350532,85.10904082767165
74.20399471714192,140.29630201879627,159.03995458752726,85.08237789271553
76.64595909240447,138.85297435445756,161.7561950254921,84.16894862714793
69.13759696813644,136.07672956379832,161.47552678561712,85.89709008636365
71.27900777001047,134.21002699412236,164.89252229895348,85.78058666717335
57.38695480355611,131.7255936032656,165.38958223190582,86.85130402032165
75.01564447532505,131.51721749660294,169.3708494595802,87.26805623364697
80.17494642302785,131.27523033283228,171.0207991981771,87.75203056118832
84.64284012982205,128.714244848364,166.10708355287142,88.85192976184214
91.315691254939,127.20368094533713,164.66764381867648,87.90430339588286
125.47323077536919,109.26679808734798,159.25363202027415,92.32753549063216
129.71287337067082,108.036388939649,154.70105171841323,94.78835378603011
139.48189439064214,107.37617127301701,150.76517897437236,96.1087891192941
144.6095301634997,107.23504732650966,148.23767851184365,96.39103701230879
144.3221059050049,101.13760993818855,148.8125270288333,97.09372487791478
157.52748994278537,103.57320554551191,149.3592318580616,96.07360122109509
159.34071497536524,102.07125978886862,149.57502510118783,95.23524942609565
162.92554168688318,102.93170753019845,150.06829763422223,93.51435394343598
166.8370536975706,101.11066675933623,149.86529813868077,93.34642322224376
168.3222457075301,102.84110362609798,150.69907745024295,89.88554948872026
168.55944634201995,98.1337317241116,150.22467618126328,88.02523586883629
175.4648306836704,99.67367506143427,151.2933661001084,84.94534919419095
186.41737963294236,100.7770218311914,151.48885478292482,82.73865565467668
192.67650167826636,99.26258741745679,149.9166584700003,82.11884188957141
196.40055913244194,99.82334082069748,149.6983368701829,80.99733508309001
201.53329257534273,100.97187689432928,150.21037938999245,78.70026293582642
208.72216985379373,101.48203397363285,150.07520692243364,77.67994877721927
210.07129334609874,100.45155003868598,150.91806660707292,76.19980997786372
212.50986618845894,98.27677095402575,149.56886048971035,77.02142857982629
224.55097307794608,97.35490598478486,150.14296226462625,75.3428277248952
226.08074359555718,95.69161128938492,147.08342122940402,75.16764563746466
247.56092135047834,85.27257147737237,142.11602188681832,78.73619973091859
251.9467055553619,82.29769504752213,136.78645058924786,81.24395547842245
266.38165623701036,77.7082487878722,135.16121268490411,83.61168213298404
274.46828437692704,72.70503790261228,132.67294916263185,86.77560752472328
286.2327454903552,65.31657263227638,129.76563367183564,87.80480024135495
296.70052260711,71.95479810480094,129.29211052760223,88.16970335582324
304.7642739481988,69.2633953420009,126.80162150229297,90.14325546720623
316.19931981225204,66.66231336209303,131.16544405427072,88.53694085700096
312.4694767789403,63.183851093253395,131.73801049405392,88.60674576783998
315.35511903846555,62.4896427575836,132.873399315785,86.54182576878877
317.9264477863652,61.20643576926687,134.60283252622375,85.67219439230321
282.80396814469697,62.84804372442271,139.34651432406977,82.38897848199153
312.54627795770944,63.545702351305366,142.19548132622256,80.99366122822622
305.05162142646157,58.19157466331189,146.7400046674874,81.25712688298223
314.87331588266363,58.20910495353786,151.9696522471663,81.2220663025303
325.99724888740616,55.94753328913211,155.13047519745004,82.1153969228034
340.34299927994573,55.34003290092126,155.97222076922716,83.3303976992251
357.5936484937429,55.48801170921716,154.99488742005065,83.0344400826333
366.5681363684577,55.77478721781988,155.5730179987917,82.46088906542786
374.5394336581378,57.77123402052683,154.44680819643972,82.17209165426601
383.0447313867089,55.1612714200231,155.84905520613992,83.709448361905
385.604491508464,55.11262546276449,158.18866756789083,83.80674027642222
412.7845007094768,52.38006751159411,160.31380472999822,85.5061791411541
412.58293409546553,49.36966400983544,160.71693795802068,87.7008814343492
415.31723917239714,50.34358204435538,162.98755696735694,85.75304536530932
406.2440361640775,54.24392658438368,161.7855667584479,85.69171477547205
360.3496816545752,44.487737015301725,161.15154445976364,85.94935822245078
400.67450429418625,56.23304178899519,161.26865550418376,85.53496476753305
402.83803569544347,52.91182447354528,160.78224440333108,84.49609599510916
403.60214573638666,50.34965850518812,159.25402432144466,85.8047682879457
407.84141463481,50.78978847739332,158.40671113766786,84.9245083435353
401.92935408991013,50.68266960940717,158.86667074038763,85.1387460795076
403.1333265567214,44.41724160831725,160.25722451065263,86.27410597002496
385.7401045628105,44.36725530811387,160.49780281026406,86.37407857043172
337.61590699834767,43.55892071369211,152.96667860490766,87.99074775927524
339.50670485010943,42.07891463000064,149.18508290138413,87.19080359667484
342.02626175370733,41.60625005374537,144.14596909418833,88.13613274918538
338.5230420684138,42.478298064862344,143.88980292057516,86.39203672695143
343.36104874813776,42.04176408545956,145.00813236534285,83.66699041768516
353.2254831713636,42.596475821228296,143.1224899499066,82.55756694614769
329.54616042883197,43.77834025897883,144.69674655252504,80.19383807064662
338.3674997757049,42.18981231858464,148.08392493682746,76.36094159208557
332.3205984163477,43.67868016354306,149.7102601995495,73.38320590216873
326.83290663103435,43.857737939146745,150.3011553890628,73.02509035096136
329.79572241518986,43.636512897468776,151.30334864193978,73.4675404343173
336.7665805344891,41.61104355003945,151.30657955312174,74.03224234173082
332.2117374353569,41.24620003921835,149.92799656089753,74.76192936337301
335.9959283029908,42.79428821328155,149.33676260472774,75.1543269047956
320.18784089270514,38.96390613628344,149.572599804496,75.84168269861334
322.0174681803645,38.13220487944966,149.41538087085502,77.5050852122809
308.64323356648384,34.981139396078,147.93659408828935,80.27880917773335
313.42179066769563,32.64334863106804,149.04219845761583,81.40015118383658
318.8989245807019,29.004994006451284,148.85707817146954,81.49742873982598
283.74562074182654,17.039016202282525,140.2134586080271,83.89750419147444
313.5964977973157,17.479254453687382,140.03446024690345,86.5183662621856
