270.0,175.0,135.0,98.0
269.3053999001909,174.50368595062423,136.38920019961824,98.99262809875152
268.3063469376245,174.05786706501652,138.387306124751,99.88426586996698
267.7735588739505,173.65700079656676,139.45288225209907,100.6859984068665
267.430239705666,173.28961642558698,140.13952058866798,101.42076714882603
267.15820977345265,173.3531914654986,140.6835804530947,101.29361706900279
266.7398367441716,173.24261533727434,141.5203265116568,101.51476932545128
266.47388418793196,173.02864054687845,142.05223162413603,101.94271890624309
266.4672134810612,173.03715014450788,142.06557303787753,101.92569971098423
266.4567708442693,173.03318120134338,142.08645831146146,101.93363759731321
266.6534499189894,172.9158838833917,141.69310016202115,102.1682322332166
266.816276622261,172.93418301166807,141.367446755478,102.13163397666386
266.9354649970536,172.8048838627941,141.12907000589286,102.39023227441182
264.97301397276823,172.8873852336735,141.23117264510768,102.22522953265296
264.76566726553256,172.87743476267778,141.64586605957902,102.24513047464445
264.97832492031796,173.15432997127334,141.22055075000816,101.69134005745332
264.8671788299306,173.1969266710489,141.4428429307829,101.60614665790214
265.0099857467937,171.27946121233913,141.15722909705678,101.62640922161216
264.80204022896214,171.31963112193523,141.57312013271982,101.54606940241993
264.28058195443026,171.22103347900727,142.61603668178358,101.74326468827589
264.04649470254515,171.3411987063219,143.0842111855539,101.50293423364661
262.20904287942835,171.455320038379,142.92128947363028,101.27469156953242
262.1400040702706,171.53862050550697,143.05936709194583,101.10809063527651
261.9380359248464,171.50748123671983,143.4633033827942,101.17036917285077
261.9359487352431,171.5491870295373,143.4674777620009,101.08695758721582
261.75329931292185,171.61488394499273,143.83277660664334,100.95556375630497
261.9320688968912,171.82139625788693,143.47523743870448,100.54253913051654
261.9461296536646,171.93765695760368,143.44711592515773,100.31001773108304
262.2568293608997,169.99914245394208,142.82571651068758,100.36340854433503
262.1275748128127,169.93739665434225,143.0842256068615,100.48690014353465
259.81184644950395,170.0876132859377,143.89460948060724,100.1864668803438
259.55554987644905,170.19076338473883,144.407202626717,99.9801666827415
259.5292854534397,170.3399535244906,144.4597314727357,99.68178640323801
259.3753012491444,170.41480053060525,144.7676998813263,99.53209239100866
257.4049560414787,170.6155910388222,144.8776731880233,99.13051137457478
257.1975842006227,168.67517993344032,145.2924168697353,99.18560567511838
255.1590794276765,168.91189544539657,145.53653399689426,98.71217465120588
253.3617154248372,167.14911429543704,145.3025368759751,98.40901182452711
253.3023150859768,167.17645573428658,145.42133755369588,98.35432894682805
251.25893410615467,167.50108303253765,145.68704322748414,97.70507435032592
250.82178786962987,167.65801374488754,146.56133570053373,97.39121292562612
246.91633491055532,167.81722748617392,146.72781422047882,97.07278544305339
244.94848549322808,166.24309568995346,146.84409343253674,96.40162941289778
244.51443009766263,164.24904993609834,147.71220422366764,96.57972655388468
242.1256412095672,164.45060209344692,148.66379086482146,96.17662223918757
239.85054756124958,164.64292047499816,149.3804368833987,95.79198547608507
237.52275945262534,164.7332606176921,150.19815656025693,95.61130519069715
235.63937374368578,164.858220537848,150.11784921894753,95.36138535038536
233.68547646348378,163.15010795189738,150.18394750056487,94.93591424349998
231.6266726870795,161.37579137890805,150.46599079447532,94.64898313058046
229.3804003128108,161.593280669948,151.1235595396451,94.21400454850057
227.19254200216074,161.70159643174057,151.66176664843934,93.99737302491542
225.28361963801837,161.95869393607435,151.63770109420827,93.48317801624785
221.38443793701717,160.16960443007832,151.7702334452867,93.22844150277791
219.3916636736987,160.33519446025295,151.9251703288231,92.89726144242866
217.44396363877075,160.47649132566997,151.9932171623078,92.6146677115946
213.78617390780067,158.69756985068761,151.66157041114084,92.34889755500573
211.79188907962833,158.97302803472707,151.8359418001528,91.79798118692683
207.45987426483077,157.17836024969543,152.88493272761104,91.57979740592168
205.31497451683992,157.3956162793625,153.35527697166333,91.14528534658749
202.91861109417204,157.46024029306568,154.32888687518516,91.01603731918121
196.39840493261772,155.62359405974945,155.8750913511717,90.85792717010631
194.14648936339785,155.66852200270353,156.52723681296308,90.76807128419811
189.65068736446705,153.65170978011196,157.79916268208015,90.94185666500894
185.26443124193779,151.7825094206975,158.80838287786213,90.79861135919964
180.45325838790166,151.8721969925705,160.6423871656738,90.6192362154536
175.73964405241787,150.03138455943855,162.23306920907248,90.38258776793313
173.25874069623598,150.25819521043428,163.25711072721705,89.92896646594161
164.74033799669786,150.3215192964156,164.51329655300114,89.80231829397898
156.13711475990627,150.4389943978216,165.87362338276603,89.567368091167
153.39933151275523,148.4421833853708,167.37162120913038,89.58342144813082
142.68675849987028,148.7528407804736,168.79721008475934,88.96210665792526
139.95827337663715,149.09555778044074,170.24394930754931,88.27667265799099
139.9716403151723,147.31310919983622,170.21721543047903,87.82186346772176
181.58661280215722,145.2225938659272,171.22839231327544,87.99141214236042
209.7531122163256,145.41322620700555,171.30481246914502,87.61014746020372
223.45949112876613,143.25537548857113,172.05859700675552,87.9020571310023
228.56269609760164,143.11857564929966,173.97183617695202,88.17565680954529
225.85339635813457,143.14217830076365,175.317778471165,88.12845150661727
218.97881041310478,141.25685798058765,176.79226348486517,87.80752985484943
211.67960794954797,141.26846475744935,179.06788338150776,87.78431630112608
208.98643265681847,139.00767145966844,180.31376159577965,88.16543052550072
204.10337822977567,138.81911425161232,181.74928099372232,88.54254494161296
196.79258295435204,138.70356246960628,183.79242108712387,88.77364850562505
189.71986653238224,138.54069905103668,185.25784168587245,89.09937534276425
185.290184653658,136.35298146483575,185.60975385851532,89.2210847227633
171.64875129171486,136.52137006018063,187.32674681526862,88.88430753207354
166.88166862163098,136.8027131783777,188.30059638474015,88.32162129567942
159.13627885170808,136.94165412486538,190.93777780199076,88.04373940270405
153.69257023697818,134.8349840636042,193.18907500025688,87.93901950962952
144.0688963821447,134.99728407841508,195.04060086799262,87.61441948000774
134.41205553853524,135.14599071131536,196.87368221238646,87.3170062142072
126.88322622494312,135.32730059631547,198.75678645257483,86.95438644420697
126.19096519672912,135.40637801760124,200.1413085090028,86.79623160163547
116.51402443377606,135.27101922407766,201.7764359833846,87.0669491886826
114.42737907551671,135.02998071659192,201.4915890256363,87.54902620365411
112.69798666569085,134.9103177201332,200.48784878494428,87.78835219657151
108.84367311577304,134.7539015696828,199.29206071558548,88.10118449747236
107.43359341254533,134.57009866977444,197.67183302758022,88.46879029728902
94.52497104978454,134.61270851314447,196.94897355184798,88.38357061054899
96.82425517607597,134.8459925813541,196.76176734424402,87.91700247412975
112.27516317762817,132.60384560796518,201.06352378181805,88.00084986582279
129.2292130823996,132.8404546609978,202.86977517914372,87.52763175975751
162.72954434919393,133.00684517272924,203.1005887617066,87.19485073629464
165.2208283319472,132.80623360749775,202.59757893402818,87.59607386675762
153.83498673906348,132.70256600818118,202.9724247391071,87.80340906539081
151.1070867475718,132.52545626120525,203.93977024778025,88.15762855934267
149.54547462901897,131.88965374483934,202.55428289453698,89.42923359207444
145.3603047244373,131.79713257430933,201.90249562274647,89.61427593313448
141.35697428699342,131.55421418469345,200.89941785310887,90.10011271236624
136.93482455626707,131.55784748988182,200.74600236242605,90.0928461019895
135.16340751456954,131.48824973703506,199.7923334259012,90.23204160768299
133.6149060774846,131.5700252742725,198.4042351733675,90.06849053320815
129.6830462036056,131.35773534932704,197.3438159976927,90.49307038309905
125.39677453287962,131.244146692856,197.0081611491533,90.72024769604114
123.12637619734676,131.38013672634025,197.0957620882,90.44826762907265
118.93692212491004,131.42079926764143,196.5752545089606,90.36694254647028
117.27667265044911,131.7581528878929,195.45503829465764,89.69223530596736
115.67337818375708,132.17105515083466,194.24901517317892,88.86643078008379
113.93779775181972,132.31324707365482,193.33956212133114,88.58204693444351
112.67654604516484,132.42675538200126,191.49965445888924,88.35503031775065
111.34051294909898,132.37040263108275,189.8400402670067,88.46773581958766
107.51413342208969,132.49441701806361,188.87379753892895,88.21970704562591
106.04970027678792,132.41086402415516,187.51156367579512,88.38681303344279
101.4555808448518,132.53953728514347,188.1514504475869,88.12946651146618
99.91551328983005,132.50915210586726,186.95258006946074,88.19023687001862
100.39493025954,132.6623075373976,185.99374613004082,87.88392600695795
100.88327164303251,132.50044970716374,185.0170633630558,88.20764166742568
98.22746475414786,132.8261257684196,186.09398715570597,87.55628954491397
101.30099815251207,132.52008768012973,184.18595155121344,88.16836572149366
105.28313100845637,132.2987644920791,180.44356919556566,88.61101209759494
101.19308929343055,132.31327052745644,180.27380556029271,88.58200002684029
102.00194619199742,129.96221797341298,178.65609176315897,89.11216662091479
99.98951951936141,130.10643262966704,178.52348532664053,88.82373730840672
99.95135822120952,130.6846170701348,178.5998079229443,87.66736842747115
100.37070563560405,130.69205598590656,177.76111309415523,87.65249059592766
97.88056862600115,130.84922582161965,178.62230621236654,87.33815092450143
99.97638737368497,130.88102817670193,178.5568863430489,87.2745462143369
100.70517087524428,130.4699598676106,177.09931933993028,88.09668283251953
103.72273050961766,130.71982661710004,175.1812955105617,87.59694933354069
100.47580882444281,131.11212415912473,177.5947679565152,86.81235424949128
104.8732558081368,128.93412484600717,177.00402495756515,87.06627739150748
100.79600928758889,129.0671179545787,176.96282572086207,86.80029117436442
100.78619811667531,129.11182729469016,176.98244806268923,86.71087249414147
106.4910046900838,128.71591283386675,173.75556590606215,87.50270141578831
100.72038976470718,129.00720878287126,177.1810729380488,86.92010951777931
103.61393816975406,128.7868274408862,175.49187519771718,87.36087220174934
100.77255108309159,128.7380745057784,177.0938181679813,87.45837807196503
101.45758783469992,128.62731415736988,175.72374466476464,87.67989876878207
101.98378988929122,128.55915065264634,174.67134055558205,87.8162257782291
102.06402099697095,128.64436165793865,174.51087834022258,87.64580376764451
104.72308158654204,128.71663028259798,173.26415604118176,87.50126651832585
94.5184664250538,128.9391884650368,177.4708383842004,87.05615015344817
97.73281454521354,128.95945904594788,179.2511318434866,87.01560899162605
97.18338578179848,128.91701325448344,180.34998937031673,87.10050057455494
104.24640642811781,128.7588632067322,178.665920327038,87.41680067005737
92.77855736768177,129.05347948491232,180.96051821989852,86.82756811369717
94.55879011573103,129.2471792027771,181.55153987716398,86.44016867796765
93.63794901774605,129.27500274590201,183.39322207313393,86.38452159171777
90.57985188763438,129.34489902400588,185.3301795656894,86.24472903551003
94.8865948948136,129.1740143120238,185.12669968786994,86.58649845947424
97.55826725896424,129.16755912046193,183.99136686360288,86.59940884259791
97.96593078479475,128.907602911011,183.17603981194185,87.11932126149978
92.8168948420594,128.85247179049585,185.0963449051391,87.22958350253008
96.70475831893685,128.84331669768142,185.75820898424627,87.24789368815897
100.32350236626648,128.82230560329006,182.749478227985,87.28991587694168
98.27642918453782,128.6575173328294,182.65799030931413,87.619492417863
101.27085685521885,128.4793324446849,180.85917209162625,87.97586219415201
106.06726884720904,128.56198413666328,179.606291984413,87.81055881019523
106.53825607270038,128.45806477443307,178.6643175334303,88.01839753465568
110.28949400315103,128.47432030198465,179.43910648892225,87.9858864795525
108.24322404641117,128.3157212403574,179.38225065996141,88.30308460280702
102.35846719524788,128.51617608649434,182.84363157195983,87.90217491053312
101.39160589051005,128.70922882113433,184.7773541814355,87.51606944125312
107.38110167784211,128.95647665528548,185.45579256748516,87.02157377295086
112.61698539322802,128.95850882140454,183.4248284796563,87.01750944071273
111.96600930016207,129.02401965270514,184.7267806657882,86.88648777811154
116.59868102929654,129.01257006181118,183.87628621336157,86.90938695989944
113.99140179541686,128.99931420376373,184.89541315283662,86.93589867599435
115.78164118408272,128.79472008401683,185.52567781789602,87.34508691548815
118.21548601491259,131.212844810621,184.8850542577507,86.73590356379422
117.94451032531532,131.2866156896921,185.42700563694524,86.58836180565206
119.42519529448107,131.37427952253017,186.67805281874863,86.41303413997586
123.05475474877005,131.04540244872487,187.87405617277278,87.07078828758651
122.6828984184605,131.23116509899023,188.6177688333919,86.69926298705577
123.88740811311209,131.28169341954953,190.46953419592177,86.59820634593719
123.23315291935465,131.39443824569628,191.77804458343664,86.3727166936437
132.2991372470826,131.2030576597349,190.84999420235482,86.75547786556646
134.7913883809322,130.9624005016483,190.15970843808367,87.23679218173967
132.11491295908613,130.8354381056641,191.22004119950543,87.49071697370799
136.61275772644728,130.5972707750206,190.84931394742463,87.96705163499502
137.00086225633322,130.40389914326784,190.07310488765273,88.35379489850057
136.6301721762604,130.32491150707926,190.81448504779837,88.51177017087771
146.58116637481004,130.25452059140935,188.21031056228705,88.65255200221752
149.07294139384317,129.91884180391938,187.51575382527594,89.32390957719747
151.46094235851479,129.72643723741504,187.03032582661118,89.70871871020617
158.48101541366856,129.85094460904145,185.86076005414182,89.45970396695331
161.27903816638354,129.98550165557631,184.5335079452656,89.19058987388358
163.06766089395205,130.3348259780684,185.20100156788803,88.49194122889944
168.52501419033968,130.39767847214895,182.77094305246803,88.3662362407383
175.80409329518787,130.64418134560412,180.82680836024332,87.87323049382796
180.76163117706193,130.8749585568437,179.24716545734623,87.41167607134882
189.93698762580527,131.06336466141923,177.44295036370033,87.03486386219777
190.09446062701352,131.29211227042322,177.12800436128384,86.57736864418978
200.0907377544249,131.55672916459764,177.59132913483592,86.04813485584091
197.29989102837206,131.51548455885356,179.08427046102366,86.13062406732912
202.92995944657542,131.79977277771417,180.16007650728193,85.56204762960789
201.55605914096068,131.95657257581524,182.9078771185114,85.24844803340571
208.99365043340202,131.94809949180853,184.64202008790073,85.26539420141913
207.96786502492546,131.69259611818657,186.69359090485386,85.77640094866308
208.89485835147957,131.8221865158592,189.05625037992317,85.51722015331787
214.9799041901818,131.73782956504618,189.62547495157628,85.68593405494386
204.52952041348217,131.40933265720756,193.495576541322,86.3429278706211
177.426559881577,131.40983680645974,195.7968842729485,86.34191957211675
157.3407018706717,131.21642964852154,196.7399289148252,86.72873388799313
117.66129510533021,130.89982523968075,197.27272167221489,87.36194270567474
115.97767021708594,131.00420688193844,200.63997144870342,87.15317942115932
121.57532149974938,131.1211164615994,202.7742939493803,86.91936026183741
121.22088436354387,131.11757760100468,203.48316822179132,86.92643798302684
123.11498988203932,131.2190975463405,204.17530318569064,86.72339809235527
125.30382120392683,131.1401170745049,204.28440138398483,86.88135903602642
129.7964283560463,131.07104864356265,204.28145515431822,87.01949589791091
128.90942898912306,131.06325297306694,206.05545388816475,87.03508723890238
131.56135275257512,131.02392343731526,205.27106102846216,87.11374631040572
133.59816887713862,130.9223197663904,205.70693988893188,87.31695365225544
136.02942554707118,130.83032578255563,205.36383598881787,87.50094161992496
140.62704219965144,130.7664196082466,205.2040136247211,87.62875396854304
140.73657297474603,130.62731027104422,204.98495207453192,87.90697264294776
140.79405883018876,130.48791979360064,204.86998036364645,88.18575359783495
140.76374270779087,130.30320102205562,204.93061260844226,88.55519114092499
145.81345443335942,129.96610556463486,203.8913374251854,89.22938205576648
148.62816892510625,129.90863196507064,202.78882836061248,89.34432925489496
151.47882903341747,129.9547955734506,201.60047657324114,89.25200203813498
156.87970913607342,130.0951659918639,199.78694555967013,88.97126120130847
162.08358160291982,130.04039606417413,198.3049466536644,89.08080105668795
144.22480141321546,129.66433365230387,198.47616933850372,89.8329258804285
106.72157670587282,129.0830487463537,197.67992352023123,90.99549569232883
82.87463647909802,128.9837218350272,196.22818451894065,91.19414951498183
87.43917045807673,129.14727348558478,195.99939132731444,90.86704621386664
90.26758299429615,129.0294209586636,194.78365494664175,91.10275126770907
90.90050953947411,129.08452303242294,193.5178018562858,90.99254712019037
95.69069510073001,129.36825600353458,192.7517310939922,90.42508117796706
97.82212519786322,129.37289936311043,192.87495696022023,90.41579445881533
97.37726413869102,129.4727129119706,193.76467907856463,90.216167361095
99.84758780621831,127.07233340662725,193.2212179425535,90.61974017273825
104.24875671462112,127.37588318608701,193.2115251729071,90.01264061381873
104.48671425947619,127.27995648316899,192.73561008319697,90.20449401965479
104.74245521455651,127.36265700018203,192.22412817303632,90.03909298562871
109.34635645968032,127.32789075580767,191.75965096044808,90.10862547437742
111.8865781419176,127.41429891331865,191.04531894012337,89.93580915935546
112.70797122594198,127.41417877320178,189.4025327720746,89.9360494395892
115.15272527239384,127.48611622826567,188.84177579538778,89.79217452946143
117.81766882558993,127.53167945632214,187.829956780817,89.70104807334847
120.5703300295313,127.80699612760063,186.62635951842105,89.15041473079151
121.09177511363755,127.74148516106028,185.58346935020856,89.2814366638722
123.64142857083554,127.88687120390361,184.74580777261477,88.99066457818556
126.14564291459283,128.13687179149457,183.9817407389416,88.49066340300362
128.47955452833153,128.21164873523986,183.53843004937306,88.34110951551303
128.6062740555887,128.3182479617234,183.28499099485873,88.12791106254602
131.18331136412885,128.35506059789122,182.33894969605086,88.05428579021034
133.98559379148378,128.48962911412715,180.9273289788873,87.78514875773845
136.7603349958115,128.817591291959,179.54550082586385,87.12922440207475
136.9022323721902,128.93222276146702,179.26170607310635,86.89996146305876
139.618679515974,126.86557586156148,177.95675987557192,86.9053071728367
140.2324480700708,127.05938563414367,176.7292227673783,86.51768762767234
142.44202090535842,127.06483121406659,176.39438927184568,86.50679646782649
142.7626088023338,127.23780534682582,175.75321347789492,86.16084820230802
145.37381326696158,127.19506995917531,174.5946596034005,86.24631897760904
145.4035996121313,127.04520397658389,174.53508691306104,86.54605094279188
145.6099086834084,126.89713563286804,174.12246877050683,86.84218763022358
145.97280486848103,126.88055875470243,173.39667640036154,86.87534138655478
145.91941810557634,126.86470388518849,173.50344992617096,86.90705112558268
146.20487339393185,126.88260292949843,172.93253934945997,86.8712530369628
148.4340313426743,126.83324435219303,172.50911296521738,86.9699701915736
146.50812816948945,126.83777776522601,172.33052581203344,86.96090336550766
148.64171059738428,126.93936863541661,172.0909812676834,86.75772162512644
149.119749548744,121.00260853656744,171.13490336496392,86.56944332509738
146.71917863329963,58.1198966483895,171.93270784901526,88.23140934949436
144.63366141164772,25.04166116727155,172.06002646650143,89.6884270986469
148.69602188259267,27.174529496372486,172.0766559991048,89.49336567769166
148.441204092268,27.499203708263252,172.58629157975412,88.84401725391012
148.1070163545083,27.96149250134569,173.2546670552736,87.91943966774525
145.75531916907778,28.11518857154254,173.90034071818442,87.61204752735155
145.9322908854728,28.17658460128989,173.5463972853943,87.48925546785685
146.03123944636246,28.156257387085184,173.34850016361506,87.52990989626626
146.28278050734542,28.144044778768205,172.84541804164914,87.55433511290022
146.68033959205968,28.303486761893865,172.05029987222062,87.2354511466489
146.82051161121757,28.468682321071192,171.76995583390482,86.90506002829424
146.68847028678283,28.5923790042226,172.03403848277432,86.65766666199143
146.80411612731507,28.650856266061382,171.80274680170982,86.54071213831386
146.93749941154954,28.69933869558949,171.53598023324085,86.44374727925765
146.82684884166935,28.884777618157884,171.75728137300123,86.07286943412086
146.80383304767412,28.91776348449742,171.80331296099172,86.00689770144179
146.6627538723781,28.896204509938002,172.08547131158377,86.05001565056062
146.809915504086,28.6023391507047,171.7911480481679,86.63774636902723
146.83472352269916,28.722723557783652,171.74153201094165,86.39697755486932
146.5734786214413,28.613543850321882,172.26402181345736,86.61533696979286
146.64948706221512,28.85488443529369,172.11200493190972,86.13265579984925
146.75311723956557,28.870175636439996,171.90474457720882,86.10207339755664
146.85629944159308,28.893114741273607,171.69838017315377,86.05619518788941
146.97134551112404,29.029221549712076,171.46828803409187,85.78398157101248
144.70490172077683,28.88497567568689,172.00653353007465,86.07247331906285
144.87722397821852,28.75852960788429,171.6618890151913,86.32536545466805
144.9375337161656,28.60490778857418,171.5412695392971,86.63260909328827
145.22266948086212,28.379602998342875,170.9709980099041,87.08321867375088
145.21753977640395,28.146531737185313,170.9812574188204,87.549361196066
145.198227812158,28.25417994138691,171.01988134731232,87.33406478766281
145.2867306112572,28.369995192445202,170.84287574911386,87.10243428554622
145.20080520893595,28.395687151937828,171.01472655375642,87.05105036656097
145.14228704133973,28.351211331259265,171.13176288894883,87.1400020079181
143.3092886880645,28.504741040103653,170.7846169925345,86.83294259022932
143.35697936019184,28.76637501142787,170.6892356482798,86.30967464758089
141.52295304166452,28.84799237891002,170.3649693437618,86.14643991261659
141.78271249210178,28.898662890351986,169.84545044288728,86.04509888973266
139.9750675435131,28.720793293250466,169.485357334965,86.4008380839357
140.30586451329083,28.623244877079557,168.82376339540951,86.59593491627751
140.59118562767196,28.657682811081543,168.25312116664725,86.52705904827354
138.72746433955348,28.551787965892423,168.0202186450965,86.73884873865178
137.14234839275554,30.54229382374608,167.2298748705312,86.71841269110564
135.6021992270907,30.491649372758346,166.36155382504953,86.8197015930811
134.09780392934374,30.33633565969663,165.4327374887663,87.13032901920454
134.52506766250184,32.22538138605898,164.5782100224501,87.28153034633995
134.78538164280457,31.923325914843545,164.05758206184467,87.88564128877081
133.31706733628036,31.581225419003346,163.07219681284653,88.56984228045121
132.13015195230042,31.69598295329159,161.526821666732,88.34032721187472
132.926081900393,33.348391658130204,159.9349617705468,88.92799908757421
131.63682006383283,33.13400270479491,158.63447080509772,89.3567769942448
132.3511988457141,32.906246456975815,157.20571324133516,89.81228948988299
131.55612251961554,32.599337433798055,154.94218308721577,90.4261075362385
130.31570041341152,34.3388062720595,153.59249814917865,90.77769901016077
130.74925469658783,34.414648925103734,152.72538958282604,90.6260137040723
129.49050740643568,34.060951125537514,151.4419010218408,91.33340930320475
129.00605897676962,35.88534162988145,148.6169734253893,91.4784527503005
130.03482466569284,37.64301742790824,146.55944204754283,91.71726840199149
130.7387262605971,37.529290020088325,145.15163885773433,91.94472321763132
131.77615246293487,37.438121363989694,143.07678645305876,92.12706052982858
131.06888807575888,39.29405842569185,140.8091075195973,92.09739411423776
132.26764485073414,41.189050061624854,138.41159396964682,91.95511968998582
131.65764260966415,43.077277752135195,136.02226534836223,91.78799741238969
132.7679280152472,44.96759929310782,133.8016945371961,91.57796994308389
132.78350672884977,46.705108436231534,130.23685701456282,91.63663175226462
134.19919870885786,48.73974179570042,127.40547305454666,91.04819125686338
135.35092614757815,48.637021606515304,125.10201817710605,91.2536316352336
136.04284608103868,50.26888710082789,123.718178310185,91.38663600865955
137.3333377257662,51.749962753367,121.13719502072996,91.80238235877667
138.52376027578424,51.484034288570484,118.75634992069385,92.3342392883697
139.52595090046304,51.26832160867256,116.7519686713363,92.76566464816555
140.51786403324706,55.93105906299161,114.76814240576826,93.32243055632657
141.42066069751297,55.78130309722115,112.96254907723642,93.62194248786749
143.0621086522167,55.43476618511238,112.92938595593606,94.31501631208502
144.75803841199723,60.15045266032935,112.79792498084201,94.66483899505232
146.34834644007998,59.41413366298666,112.88131768289176,96.1374769897377
147.6663749779867,60.78303857780871,113.53425376137756,96.68866031439282
149.15547216133126,60.26733729718076,113.86399817120595,97.72006287564872
150.36589066501108,63.112830209494724,114.77276795939304,98.68829064211432
151.36792566421445,62.65735931971312,116.12790280154,99.59923242167753
152.74870787828573,64.25797912827571,116.76112226382641,99.79277669498126
153.7746797144726,63.56600286216348,118.1168579332086,101.17672922720571
154.80327758206838,64.77142120661154,119.51052756645282,102.21675790674533
154.11174452805466,66.09488455685484,120.89359367448026,103.0589432757267
155.04836511176018,67.03163012490242,122.54436718163487,104.7094668141972
158.03067953036327,68.31324843850328,123.73182672332742,105.72227437644484
157.31691203007773,69.53375618702694,125.15936172389851,106.8919256469332
160.06626472205437,70.60242011288979,126.96369453186682,108.4061168911683
159.57078073998423,71.89262254790822,127.95466249600705,109.52944186854884
160.7350687890357,73.34939370011642,129.36317847406457,110.35299164029283
165.85522487677764,74.650133716575,130.43913325719276,111.52360059357973
164.97558196649513,75.9345216059204,132.19841907775776,112.762349571364
166.59301985110707,77.47307068077079,132.81815632861174,113.53986444174106
167.9186466288689,79.17814723267284,134.0435858463684,114.00639441121729
169.61748588322388,78.80626221975916,134.5490187553706,114.75016443704463
171.02552412718583,80.57664142848043,135.65581718647132,115.1322809386267
172.52069287892832,82.28921890826054,136.61159093079465,115.65323722687478
174.1699846430917,83.67588224826434,137.28225275184374,116.84915589624308
175.7902065645826,85.39907920521803,138.0406429815973,117.40159605507105
179.41333400321986,87.19037761724812,138.83324500108634,117.83842767939262
178.86337240707536,88.89406917763546,139.9331681933753,118.46973621683166
180.30152417462958,90.4548413139168,141.1226907857863,119.41401807178842
181.91230041974444,94.43224096659256,142.0005163582459,119.6579748918155
183.75036581373945,96.29322499704193,142.44123452883446,120.05285578949535
185.955971068597,97.95145365389473,142.16002859936185,120.86640305603225
187.68490251789387,99.64058231603143,142.84091943131367,121.62689946230435
189.46167336138865,101.23825638538248,143.4488742109032,122.59304779018137
193.0007556895065,102.77385462759548,144.74354339953126,123.70826822818724
194.5457447543066,104.2757983302749,145.877906969847,124.92872252274444
196.24075347492575,106.05768278425595,146.74936951414844,125.62643360032204
197.97085715029618,109.78722447658717,147.57531907309485,126.73966403503425
199.37241653896604,113.45983905853649,149.08900485686254,128.02804399335042
200.9798519221834,115.0400270169177,150.23503010336705,129.22856408952723
203.0323205624355,114.59931591415875,150.52798494996904,130.10998629504513
204.67496037743695,116.4605027456836,151.65927570059247,130.80418301262173
206.38078782611578,120.26976530090562,152.69283212808824,132.07608055188462
208.49375056483535,122.17789814220325,152.9485172742998,132.74142549294004
209.9887824417997,123.9056400017061,154.45469334365936,133.78218159722263
209.05924806625742,132.1259572851843,156.31376209474394,135.48652245016183
211.188057586266,131.5751483949627,156.64849592661238,136.5881402306051
210.95010545936987,133.4029934144831,157.12440018040468,137.54764774299662
213.0253040330371,137.1864049337439,157.6119467901247,139.25671221858403
214.8378032979689,138.97576003081014,158.6598106740122,140.35086443820254
216.83067173289666,140.73307737654207,159.38069594842608,141.54285189100807
218.54012419941753,147.05774268947317,160.69866262283648,143.10413608750235
220.54814537066636,148.686276153608,161.46491004666134,144.6293589255552
222.21397474562144,150.26323976270658,162.95181035418523,146.2939907647922
224.34365879420753,154.91241106540244,163.56068823507673,146.73214011552767
226.74679565504127,156.7296397922623,163.63911879018002,147.98238693857866
228.74614247160963,162.88203260345347,164.54630170014013,150.39523094548682
230.60521629258233,164.59478203521186,165.786611419825,151.92818944360033
232.97964968532762,169.0403324580633,166.03993723989336,153.0414738090153
232.45279549882912,175.62150644914962,167.0936456128903,154.95071074767804
231.7347336900148,177.0120080698292,168.52976923051898,157.24037079631216
233.79096782596545,178.75104848064151,169.54676919186005,158.89175820792997
233.4309392719059,184.98100501699153,170.26682629997913,161.94658450222818
235.40784675207075,186.09024274404925,171.54430838467107,164.95940609313436
237.83473944652104,187.39598496877255,171.98954042786383,167.6469390757811
238.87586993709866,205.0816313995256,175.2557761215939,169.71512293847167
237.76695283577334,203.78295454112143,177.47361032424453,172.31247665528002
239.72953604351545,205.9089102799848,179.05673631364832,173.5688575824413
241.51470689366778,207.87516473676524,181.03938544511277,175.1893395006495
