240.0,242.0,15.0,58.0
240.28370310415076,241.44522527590442,15.5312094724135,58.01093376747619
242.9603028206034,243.4606427749881,15.721963053207563,57.3064705775285
246.9383107204306,243.89034635907745,15.483139589410243,57.54951945732935
248.01262121296793,243.55417431948354,15.537301598521802,58.22186353651719
251.2675251859452,244.35621850702165,15.698735517780932,57.72964880564325
252.43573519890228,244.49184441570605,15.578277450411928,57.45839698827445
256.9590037237444,243.876711243563,15.346920458497717,57.58676582533933
260.3807082231474,244.89017773462444,15.099620511192608,57.758535860383375
260.9391311182182,245.2564758862853,15.079878623695016,58.12304345970566
264.2181101016233,245.3944152797272,15.133048836778467,57.84716467282185
266.53615262253606,244.58984569601967,14.892887999003904,57.258341738211605
270.73728308041535,245.60854166155602,15.179972040623806,56.30711792681113
271.73210403415095,246.13302211410806,15.34672816040378,56.336356035332585
273.40296431076393,246.57220933798732,15.250242650672924,56.53972660207239
273.8947891258504,247.6465565798938,15.349388354244967,56.556622785749454
276.66110323774194,248.28626359407713,15.241245756157426,56.362105882522
278.78066203241065,249.68431316443167,15.322629779098197,56.80638295102141
282.0283438975852,249.55310100905652,15.354730789614262,57.068807261771724
284.627625931482,249.61126405096695,15.617211230830836,56.95248117795087
286.85963998030405,249.62757551199854,15.535194109415619,56.9198582558877
290.78230513527666,250.00462717086953,15.34438786619353,57.25925837624901
292.6076989928322,252.1281187981084,14.977685071315019,57.39105501541463
294.3848536085618,252.37046250735733,14.69228177985293,56.90636759691677
297.2892056120427,253.0262495919043,14.27072784529759,56.67222344230409
299.6697450916637,254.40879170995038,13.774281240049282,57.105613471707215
303.63381841017264,255.62249784750102,13.285698044671133,56.80379075136016
303.76309430708557,255.06629952870549,13.027146250845252,56.866952369293685
307.5702729684625,258.0635957225935,12.728939305863566,57.14334601960812
308.66780686168727,257.7774575996979,12.620465220260538,56.67232541497607
313.4670879977706,257.1581052271446,12.333562139354212,56.876401361053865
314.0192279577254,257.4361270052137,12.261229336819586,57.352304922290564
314.60216605939706,257.0210738960696,12.132542790766351,57.145221483288694
318.792368132054,258.30817302856843,12.006629634119328,57.66645733904097
322.46455744677104,258.9596623222424,11.918720578482803,57.40011726223554
323.4691159755876,259.41920992575467,11.972045454698083,57.51224302213531
327.71938672257966,260.0692420138883,11.742050046849675,57.245997106635016
330.9200789037922,259.11782208548493,11.494522898692459,57.09755122535256
335.6341991863812,260.4193600710377,11.235127223729927,57.55075688431876
340.11204116985476,261.37312118417685,11.459509521705453,56.663242020809676
341.04724125366795,261.551042323574,11.613173136194327,56.30739974201535
345.0463345680006,261.5549422070597,11.695489880929301,56.29959997504395
345.98909191684953,259.47477172487066,11.833079522216622,56.41373226145178
350.68732922219147,260.793874591655,11.578907038769346,56.82296057029518
351.78214590222956,261.06052311852835,11.422431613950515,57.30624248417718
352.8601248313673,262.29668993946507,11.306995637156797,57.89469166452642
355.0748160952672,261.19634817582937,10.982394922496923,59.06917973851279
356.69812675484195,259.6442609625967,10.844254940065412,59.06487282825999
357.7122426669467,260.6495064483579,10.882793508968033,59.1211522498497
360.33005917469126,261.7861327424959,10.82178344833319,58.9177488435155
361.32345141545545,261.9011311234368,10.896799883326294,58.68775208163373
362.84906214212396,262.33253546222267,10.933122273891156,58.854124685362606
368.9442143938873,262.4866478684781,11.12928483559834,58.54589987285179
372.5940208388878,263.42877336674496,11.052077484906402,58.72519331612068
372.5367463742033,262.6839380271834,11.16662641427539,59.18211413788035
376.2230045758505,264.94800325428736,11.083528357555759,59.86071107408304
377.7381620968187,266.17156374416675,11.200635214853415,59.51187136048014
381.78429246492874,264.36041216895467,11.481129673384665,58.94779691352872
382.26967081199086,266.658081093049,11.554618591945783,58.529441516081576
386.9766938941011,266.7872633544231,11.499322619270568,58.27107699333342
387.9693948685968,265.3084525171699,11.584295010323173,58.12313715777377
392.7021862883462,266.13219486417563,11.431785262261995,58.545224261859566
395.79077566629,268.8151229013051,11.480699090004755,58.367778673959386
406.8539496697183,266.49472479534614,12.150070167542756,57.827729639423964
411.24562675609235,269.44634641918515,12.741725695711914,57.132825114477804
415.8501872762957,269.16593656656977,12.923168438336239,56.65024884381629
422.06541263853467,270.5035947983743,12.974383596730801,56.05521002735257
422.9092837474469,269.4229514074741,13.352239395136616,56.15089879292272
424.3702041054282,269.32164776836595,13.554499905312861,56.35350607113903
428.4996125008135,268.28004533966157,13.680207745456265,56.340579770819254
430.466796311321,268.3221979225508,13.946963404227134,56.2562746050407
431.47793813918076,269.41254554844915,14.0330289279131,56.18392853264949
434.71003103008695,267.9706898000864,13.897609940049408,55.903256632400584
435.71655925416906,271.3501071787184,13.98112279383393,55.43412978098283
439.36524755642745,269.38315509347547,13.986751732474584,55.19488792680738
440.35868673417,269.7112952815851,14.079942540267176,54.53860755058817
444.9608038633659,267.6010253581675,14.168936988065685,54.62882352800547
448.6862828877163,270.135076887434,13.966696757383396,54.73837605377125
449.62070231641775,269.54248770577186,14.164346389181087,54.89031017249518
451.18003028776815,268.695683176076,14.163047034475237,55.54480036922204
455.7626875630059,262.4806805899076,14.432325457352192,55.39534824375541
457.8206674502419,266.08756767568286,14.5214907718414,55.5405429778869
460.94538645561886,268.78960601133207,14.602090035753855,55.4114973688103
461.28120404981723,266.61575329716186,14.985167484165233,55.54035224991797
462.8991125640917,268.82922508791677,14.940572125697669,55.368370895183396
464.9777095159585,267.40585305645214,15.025300791463685,55.03367303098787
466.0918715373496,269.74543356119136,14.911695773991447,54.5839500721294
466.5842667804092,272.41672885082437,14.975796639475211,54.485816250878024
468.74739246465316,271.4234277723576,14.844392972278245,54.37499455716599
470.26900786946504,268.31198004545524,14.935214641534303,54.329785053210855
471.41742215231176,268.69832998768015,14.729889991664194,54.60283712667268
476.16912531361436,270.7989097403712,14.63815197092983,54.58464131101108
477.14954644358005,269.7754806296429,14.764827472769323,54.54398177069674
479.73277911697113,272.7247213134241,14.826207989261707,53.87334626640891
483.02734929336486,274.10303841256155,14.460719253220898,53.19126260704953
484.2553633382358,275.01360245518686,14.046301073237444,53.411744431557395
485.0547436576691,285.1216996873175,13.46364589191751,53.51765911823087
488.35735950571484,288.2179485356696,12.897838933975507,53.36458615967615
489.4623374140521,286.769085652947,12.675212207793118,52.287653744137124
491.9047591544823,286.42915453551143,12.662016334225465,51.993186457549754
495.1573129183555,287.75304500789423,12.946565165048511,51.285307329518346
497.02730444891927,287.56812960907473,13.068296730165539,50.68970947059623
502.3835086068321,283.68341656229387,12.908951148741128,50.78418084822973
506.22764634853155,286.6283340061884,12.882115415294809,50.64042577290519
508.1863540263346,285.64748501570233,12.785311796763375,50.691817885339965
511.55795971004386,286.11386415019615,12.720377884537402,50.71309925280846
515.8984297673895,286.53867681949254,12.617396286370452,50.816580416051714
519.287294154976,288.46818181226104,12.507888272890066,50.76798229433913
521.9522654611777,286.9190318759137,11.927143815301545,51.016763274145
525.7771589562174,289.9907647665674,11.81531778889294,50.526768215590565
530.4460957908109,291.4219280176814,11.809918903695246,50.46418414855935
536.8614339161273,291.02488953010584,12.030998607094821,50.32599284127956
537.6635186135215,291.17035345276713,12.295946806774776,50.035064995956965
523.5880609250055,299.7697953463494,13.31647865340111,48.74019914040961
530.9467159563208,301.3208196017282,13.585092041165732,48.44801127660107
535.1429585063003,300.9165680841688,13.630440718987614,48.318977225299776
549.2971124417128,293.8306395044485,13.419092893364672,48.442354362139184
538.8959077924336,301.0189908671472,13.665839606033302,48.08087612712123
541.1746819570809,301.6521633766447,13.777627906721778,47.74839843412276
545.3959764327674,301.2952403222881,13.7163779930961,47.53098464975286
549.0207796447645,301.93846857988905,13.883149488277379,47.171575374447976
551.3450784320017,302.1460341697637,13.859924366942733,46.75644419469869
555.9173416772896,301.5892610625491,13.903127799326066,46.951217416832094
563.8105687566369,303.3639176239531,13.796288033318495,48.01355558599077
564.70322609458,306.176274456593,13.88167814608132,48.00095628665856
566.0482209532836,306.01433495926995,14.001989067173913,48.324835281304686
569.0267016989532,307.7794925124378,13.706532930379712,48.56885707799893
570.1721365657673,308.14656687066446,13.298690241357628,48.77622188384872
566.7106473717386,315.10312774011356,13.664113541569913,47.97821032064172
587.7042623229728,295.49552156528745,13.634258647659967,48.965592106940605
608.1182434788966,277.23329351435507,13.473814103798123,49.551311576631754
610.2503112294919,289.9671420501408,13.013678122153427,50.71161114188062
610.8379737125327,284.50925219170267,12.796996895117996,51.08230972924713
612.0292216680346,283.65396039865124,12.333985001444368,51.83315130668495
613.0288662980985,267.62667319229104,12.25760076747685,52.159792787758434
613.6370520004798,271.7370829516383,12.005795245463961,52.62006621381188
611.664331533193,259.24421433288927,12.08651538387544,51.5189380772153
614.2493001860784,272.34011718629625,11.678193204375347,51.99217707751653
615.3542693561769,271.28567796906776,11.370474113096325,52.19883626305524
609.0937918040918,303.8198378294266,11.566546339187557,51.59913467382829
