125.0,125.0,18.0,34.0
124.4236924450123,124.51080919385342,18.3434666010831,33.360084594508585
125.0170892156786,124.65478329907972,17.962271072740293,33.07213638405595
126.78175130314453,123.85969707886295,17.612292315505066,33.0726361156412
126.836105716349,124.79224214522192,17.503583489096144,32.78524612535895
127.24187825583363,124.38257920111357,17.47479384922685,32.82181657447569
127.45669573867447,124.48614208919534,17.827959020192758,32.61469079831214
127.51404835019453,124.46511495474385,17.713253797152642,32.65674506721513
127.35620218513728,124.57551032617323,18.028946127267144,32.435954324356366
127.41459167356443,124.52428028367908,17.912167150412834,32.538414409344675
127.4853156335003,124.4317713246634,17.770719230541076,32.723432327376024
127.5371231674477,124.47238332303347,17.66710416264629,32.642208330635896
127.71028676295006,124.5624198343739,17.320776971641585,32.46213530795503
128.52530005358003,124.67351691376403,17.240479331169215,32.23994114917477
128.68753463632413,124.72094625342292,16.91601016568101,32.145082469856995
129.09236913197833,124.75041423158547,16.869594447052744,32.086146513531894
129.16293527278782,124.79122896741634,16.72846216543375,32.00451704187015
129.21308628676235,124.83220558741755,16.628160137484684,31.92256380186774
129.70478339392966,124.63491085955528,16.399800378489026,32.31715325759229
129.73833189306325,124.56906522905308,16.332703380221883,32.44884451859667
129.85063963951276,124.55533642352182,16.108087887322824,32.47630212965919
130.27467477260356,124.52844685409383,16.014192698202297,32.530081268515175
130.6979589669347,125.00704332143982,15.920958665605001,32.32622268988815
131.46819447160178,125.45044451989486,15.877961450026213,32.188157189855765
133.9346182206137,125.87939559495175,16.16692138102774,32.076227529602775
133.89189454177028,126.74651395909619,16.252368738714566,31.84066234772539
133.9315420247256,126.8396687429636,16.17307377280392,31.654352779990568
136.1366761914978,126.6152765347885,16.222352904547865,31.359879285459396
136.07107469307823,126.45686298297865,16.35355590138699,31.676706389079108
136.53393974596617,126.48534881146834,16.174522717065955,31.61973473209971
137.3788346900987,126.10350434982989,15.970283095899367,31.640648521827384
140.45329529787816,126.30487722745625,15.737809207762632,31.977458682502444
140.41496808994097,126.27546387407895,15.814463623636978,32.03628538925704
141.96991290113425,126.68077761465295,15.675176943106525,31.968308643573092
142.2951289461999,126.65063187412781,15.763986233386378,32.02860012462338
143.27322578447175,126.22764741796139,16.032782212942042,32.13290581825643
145.0273244340686,126.71673524950982,16.263813980858252,31.902575968581544
145.43432840096685,126.43085370440284,16.198269809712464,31.725875296144736
145.81038250151806,126.38485685302584,16.190903159720705,31.81786899889876
148.96319167480954,126.30924493600456,15.852992322088763,31.9690928329413
149.43024781026753,125.85047545456757,15.661215538993936,32.14429630799412
152.3858948998133,125.42525500889445,15.682487513142263,32.253166430185374
152.67290031707054,125.39352121156182,15.852007285123118,32.316634024850664
152.80303569183388,125.45145312925357,16.339137350908267,32.200770189467164
155.65522489203693,126.10931616653794,16.667845757793287,32.39331581672119
155.67678341259418,125.92899527261869,16.624728716678774,32.75395760455968
158.34384918121117,125.90800048262727,16.660828691285836,32.79594718454253
158.7329930062423,125.58902389993327,16.650955772046164,32.665485619107876
159.57679114657816,125.6103964989604,16.49602248017659,32.62274042105359
161.8543789211371,125.60242642724953,16.51902650278912,32.638680564475344
164.12357186132846,125.58126638149818,16.562606004918543,32.681000655978025
164.0068951236657,126.41051766496496,16.795959480244047,32.552565721723425
165.74889024601117,126.43015836590406,17.14784292495492,32.51328431984522
166.51585741926516,126.56864962915148,17.15920806751536,32.23630179335039
169.35923572278674,126.21007949320718,16.85383860183584,32.18467247361563
169.89910481679385,126.22685296793165,16.53686732949597,32.15112552416667
172.32446466764875,125.06406502304449,16.227059066532018,32.20624569456807
172.66072381431437,124.68901325632267,16.30682069531907,32.204069305893455
175.5651404375452,125.0184200887894,16.526996465163712,32.29888176799827
175.80419033625367,125.35551098202819,16.807712962017945,32.383516275791806
176.76433600504987,125.66679017574272,17.182106552430554,32.52585286436439
179.38320947864776,125.6407668014485,17.358320198718687,32.577899612952834
179.75137939036313,125.64550743960014,17.39919274088823,32.56841833664956
182.04621438224981,125.64740427567244,17.476164036086935,32.56462466450493
182.6461670742815,125.56104879346084,17.055295341940433,32.73733562892815
184.46233786612223,125.21292324890021,16.5203634522239,32.65923429455819
184.96219704907122,124.85791766007895,16.284630292258235,32.60526026626838
187.02697881162354,125.25330185432225,15.95066143644201,32.573610811639476
186.93860137488093,125.64288036113629,16.127416309927217,32.547322432822114
187.6478625224672,125.99696064569818,16.219991898526033,32.594710805583986
190.46573961971103,126.46185092576314,16.647003015211272,32.42277590935067
190.45965640466005,126.50246897450285,16.659169445313246,32.34153981187127
190.87695258319516,126.48222415619597,16.586297719740255,32.382029448485
192.4350259382586,126.12952830796077,16.51438572321985,32.32636246655377
194.86261615409063,126.0904718755218,16.21321648523944,32.40447533143172
196.85065846973072,125.66793856384189,16.011850531730516,32.49459821923726
197.34818913529475,127.07996130957697,15.76956410360096,32.68165233976097
197.9863834435239,127.00181387146435,15.995777258337213,32.83794721598623
199.78830432710706,127.30751671410414,16.179507289704116,32.984055890413295
199.6994228731797,126.83563478717092,16.35727019755884,33.164981176055875
200.82693654312197,126.49778988335837,16.407942763206886,33.07210434850343
201.31410119703295,126.16850077229887,16.201699615844454,32.96259641016291
204.05588572937188,126.20433814631144,16.058499293609174,32.89092166213776
204.07588950178385,126.23868818003731,16.018491748785287,32.82222159468601
204.45577219965662,126.32474630486378,16.016405366007923,32.6501053450331
204.79857054550536,127.4152450090696,16.085936107034765,32.73449023479429
205.89252748030995,127.54799208243804,16.17072366776022,32.46899608805738
208.55964656804633,128.0163192689745,16.122555280313268,32.28749454184527
208.57196849445072,127.64631911881764,16.097911427504513,32.27583243862353
208.99951420419373,127.95723751236817,15.993885188919586,32.40506083242357
211.31263079506482,127.55941071726077,15.874576487474616,32.44956034258885
211.3988884680582,127.9233479818627,15.70206114148781,32.47142107621474
212.95246228119052,127.91062714830804,15.583145730659972,32.496862743324066
212.96039559796418,128.26093267219795,15.567279097112673,32.54161265734285
213.33200943274187,128.23050957730797,15.569789056881126,32.602458847122804
215.87382393365215,128.6371393870706,15.712842218210353,32.535868108047566
215.87017836972433,128.70614908082962,15.720133346065978,32.39784872052953
216.20220031058875,129.14158008493735,15.802387273042168,32.27328452101905
217.99288001417185,129.42643648943883,15.950559065123397,32.44947795186558
218.0353367735631,128.97921167705266,15.865645546340868,32.59287524244976
218.75228150343253,128.65002414604226,15.935104508743212,32.49957609340001
220.53710716054167,129.86279278743334,16.1230361865284,32.32858860581988
220.58952630623727,129.95480393885455,16.018197895137163,32.144566302977466
220.6325578938164,130.03017091755603,15.932134719978958,31.99383234557453
222.24771435561527,130.4894327027835,15.6780939514909,31.819376813897023
222.54731503087186,130.66508760184183,15.816007216708073,32.205181631510726
225.1546636800783,130.14050747738276,15.817339491175328,32.50919479858882
225.1656004250352,129.60537463240905,15.79546600126157,32.829847670451244
225.76953862920917,129.67201706417265,16.09541853159868,32.696562806924064
226.4127422911613,129.72084766174353,16.32336534992872,32.5989016117823
226.81153915757196,129.68883969394227,16.285467647133327,32.66291754738481
227.89528280413907,129.87307965726217,16.397912608153533,32.294437620745036
228.33130861411007,130.66724122954767,16.282384700962528,32.21916190167606
228.8437298848831,131.07011333874556,16.01096735621945,32.1668428800832
229.91698681516317,130.80153403508234,16.10834821731711,31.95603658019037
235.96379289057012,124.76576337852738,16.706300816103166,31.336013143700278
236.02765454656281,126.26508531232363,17.32632826949448,30.58062157223781
236.17830946465526,127.62863285354632,17.77220515403947,30.095086651982065
239.57659656548665,139.5458623853276,17.70353312468348,30.18205753439935
241.97258287349396,145.65230660533348,17.397611951496533,29.93197294192806
241.61888590344398,144.88092520374263,17.366221429658225,29.99716682123326
240.58922540071674,144.76047647190867,17.207883629080055,30.238064284901178
241.03593476772312,148.8905477117202,17.054567350967314,29.378946364277965
242.2721825257216,147.1253588669359,16.7563776016642,29.28548110935673
242.70139487504372,149.5844092346253,16.616278631304954,28.67733474368792
242.83740247974058,149.4383126011903,16.344263421911265,28.262593255996162
242.96108286121017,148.43906833204204,16.09690265897203,28.172561485572484
243.07235387925107,149.98286587628664,15.87436062289029,27.847535670019262
243.0855191993412,150.58501212623074,15.848029982709999,27.32529202961878
241.8460839708629,151.79200070209873,15.631452833427241,26.93290058256226
244.2473749567513,150.05311571654732,15.479472315804383,27.088812372126554
249.3637064516428,136.46524772204967,15.20838284088999,27.700352321472053
249.8254893474787,136.29133838216077,14.95334783113888,28.716701783170535
251.51936244990623,135.2671590185148,14.961225389816585,28.727686252342842
251.58631871977465,135.15595683424527,14.827312850079768,28.9500906208819
252.98277421082585,134.0330358953541,14.755922591596882,29.835172136854514
253.33663628591938,135.00267294060657,14.740309606832989,30.664342708042213
253.9141543164912,134.73224926420093,14.993182349107666,31.20519006085349
254.862066873329,134.85163154295225,15.246097554978292,31.68267227653294
256.5397596208135,134.44324409831836,15.528787850020965,31.771832007798352
256.5202716287594,134.26887487247527,15.567763834129241,32.12057045948457
256.7852088950377,134.19995788155128,15.777490093380695,32.2584044413325
257.15741404859455,134.01885635561592,15.778336476330823,32.62060749320325
257.92619605543143,133.3954917397091,15.74189684885256,33.116774531919184
259.4928168602867,133.69124607396841,15.637324370284237,33.28243314618605
260.3402495735978,135.13292410938675,15.457974486782659,33.43010816159065
260.4472923912571,134.98224203864658,15.24388885146401,33.73147230307102
260.77680448473836,135.0284586098607,15.342267760201684,33.63903916064275
263.718443610801,135.2200524033359,15.521274564960482,33.255851573692354
263.6909499632502,135.71065681030643,15.576261860062033,33.02998691301079
264.04221316885514,135.36398724028376,15.62674981660304,32.97031168530525
266.66667395611444,135.4562987904677,15.649004100909835,32.78568858493735
266.5823379837909,135.53817850663512,15.817676045556848,32.62192915260253
266.51778054556047,135.4767113158526,15.946790922017701,32.744863534167585
266.8172371053278,135.88959538219046,16.103181598888426,32.67439919789729
269.30172282784633,138.01134126643498,16.433123289853448,32.21584538369539
269.15220314075947,138.27035967584115,16.73216266402716,31.697808564883076
269.76793025565826,140.15264624926277,17.00774468477266,30.94730791912588
270.12829113448066,140.92207060627106,17.034201755612862,30.155638033594443
270.72008564823983,143.6969195254112,17.322472635123898,29.02151991640202
270.64671347832217,143.87347860646838,17.46921697495913,27.944412023294888
272.26487577314714,143.95471605785903,17.784907294288082,27.071534138717823
272.1696879815996,144.34283532831287,17.975282877383137,26.29529559781013
272.11072030575764,145.3886929351362,18.09321822906711,25.591759656436984
272.48479898792885,147.42770338580655,18.03047487432322,24.94080880308881
272.4415038048812,147.3702095349686,18.1170652404185,24.381274463309452
272.4539269351207,146.97714261504078,18.09221897993946,23.832518056083327
272.4525182640486,147.21525837026707,18.095036322083732,23.356286545630752
272.21739211840736,147.36739029383017,17.913827747622406,23.052022698504526
272.5240493365113,147.48697228037267,17.944374933246042,22.812858725419503
272.5567932249773,147.56682514778416,17.878887156314168,22.653152990596535
273.1801416316228,146.19048614361913,17.90657409214087,22.857063500691222
273.1991693348053,145.67287045169905,17.86851868577589,23.251532405222825
273.44358005927137,145.1295419505008,18.025868425018274,23.69201821944478
272.00241849592146,145.4010882244599,18.286359868572887,23.8043835923129
272.30770048641665,144.18848671782433,18.337216685967835,24.245324210427977
273.3326579506845,144.5266400872027,18.29422864228072,24.23799309995407
273.7763440003565,144.51935751681978,18.075018220872877,24.252558240719893
273.8760985155243,144.0864958679513,17.87550919053728,24.453482678130232
273.9381506619067,143.58710920728635,17.751404897772385,24.78767300177835
274.0086211012723,142.65129386758107,17.610464019041217,25.324080149367582
276.5080537731325,141.33034739315352,17.32540582361734,25.94577003466713
276.50487620851504,141.1951403584488,17.331760952852175,26.894230955782405
276.6359890174066,140.71857754194244,17.06953533506903,27.847356588795133
277.201522389682,140.38899336339873,16.64071193739708,28.5065249458826
277.60735420532063,140.23920617581288,16.533862644042205,28.806099321054244
279.84968466619927,140.03656854414905,16.293878096821466,29.211374584381925
280.1990587800998,139.73441371939674,16.30449305483055,29.815684233886557
280.21452301435795,139.64575107079972,16.273564586314293,29.993009531080606
280.8941439401225,139.3424844042181,16.355432002345704,30.599542864243773
283.76305017852974,138.6164986262172,16.464762960566176,31.320621490866245
283.95822109855555,138.3526406370914,16.817799742790207,31.84833746911784
285.29754370052166,139.04540601649344,17.167964815338237,31.977211848553914
287.03970691978407,138.25108384626282,17.509162248998955,32.03564664014097
287.3292342621508,138.15886527463528,17.70191108507074,32.22008378339605
290.02875520033183,137.8580634889221,17.74759140936306,32.82168735482235
290.49256167222603,137.77277274838966,17.607450094361738,32.99226883588727
291.4106246016991,137.5251860019523,17.346492191237992,33.48744232876199
294.6605817681195,137.8129290853486,17.16962734790128,33.70233734815741
295.890110775106,137.83143453197658,17.08202719534565,33.66532645490145
296.66929257996765,137.41285401578895,17.100526002676766,33.71405627874945
299.41091540943495,137.54156112338637,17.14353480188677,33.45664206355465
300.2528008504112,137.98739872436104,17.032628405906756,33.35139910459149
301.4738679910737,138.47626148622635,16.93942121446353,33.156649277488164
302.2957648307255,138.42500301158515,16.852650519128392,33.25916622677058
302.73683219444615,138.47224673472726,16.74903271201716,33.1646787804863
305.7259969711905,138.41305612303725,16.973441861203014,33.28306000386634
305.9025480635593,137.49334240797663,16.62033967646534,33.56058275467243
307.94509631744944,137.31386328245105,16.429803328901425,33.91954100572363
308.2787723304505,136.80181209312457,16.543303393857308,34.16279129341851
310.95510492471413,137.0719040415109,16.69527529256351,34.40898412339354
313.24069471626956,136.96243000557646,16.87977314496608,34.62793219526236
313.1046112688786,136.8790977630377,17.15194003974795,34.79459668033988
313.4392694661407,136.7823766023932,17.28879779335498,34.98803900162887
314.57687340878425,136.56901650908543,17.44771637296501,35.41475918824441
316.7375286959888,136.17452011036482,17.228259913099503,35.38338116277689
316.7723511231609,136.26641941968973,17.15861505875518,35.1995825441271
317.1792088423918,138.8802963506088,17.15710909341439,34.845085521015044
319.5583998519443,138.54442139600053,17.240739370085752,34.70983338093556
319.98029878196957,138.76521682642093,17.20341443942838,34.268242520094766
321.2153023773144,138.87682320622534,17.131495045213764,34.04502976048593
321.6416120655978,139.00408984311827,17.073725445825115,33.79049648670011
326.0257213313387,139.18708831505916,16.996852233652046,33.42449954281831
327.9528745785519,139.40472515251173,17.05969709537263,32.989225867913156
329.79177962528723,139.90571707600964,17.272525127721238,32.765369646081204
329.37414729008987,140.0291001387069,17.32929149477659,32.518603520686696
335.1646748646915,139.2044709985936,17.385862349280288,32.616178333752316
338.23391942914026,137.7314894419435,17.473358223965516,32.4491489452611
341.28229431663726,138.33551704355915,17.594908503970935,32.01838124890476
344.34381682006546,138.9490013581653,17.6559700989964,31.564425944927684
338.5494001693586,139.52570996826583,17.734571891408137,31.17835749199342
313.1976618169683,140.17809948482548,18.08176621993794,31.399526409669598
285.13263057401065,141.62734874561727,18.61740804698344,30.817462082205584
259.29971880572384,143.37150404554717,19.294781530745304,30.41936057645556
257.4728082216977,167.53617040881073,19.836666164799773,31.10302826039463
256.2313196064819,171.6260268869767,19.927804207458998,30.09883286737975
258.90014903023797,173.75788861664336,20.076324141813075,28.970068711969994
259.6051371331624,174.17900860397353,20.20475377331744,28.127828737309617
256.92641627569014,174.5377286230327,20.252121493361162,27.410388699191277
259.1679848435076,174.81869996583393,20.2598129363579,26.84844601358882
257.1101180915482,174.61780598778847,19.935269519655915,26.510187816242915
258.51133395059,174.87093858774358,20.051197884184475,26.00392261633272
256.82447913892645,175.03633986434696,19.806100850877662,25.673120063125975
257.54444113736446,175.28918707317587,19.795610346839037,25.16742564546815
257.5633093533782,175.6611021388378,19.757873914811558,25.13041034463321
258.0930313214825,175.35673241662403,19.404065166569694,25.03351460109401
258.45940463414485,175.10172202619535,19.369717695722933,24.845136227473517
258.0871369852469,175.34057495049146,19.419292121752214,24.367430378881274
258.2355411607293,175.70027886926985,19.122483770787305,24.33647562480975
258.42475298974546,175.81919666248996,18.74406011275508,24.09864003836955
258.21566373792035,177.78926719331636,18.48886909127266,24.198716127511908
257.9064638529461,176.44479350998665,18.436528541143915,24.204702213862433
242.3964364058928,148.994864214164,18.63760865536876,24.166388371805414
244.3268816470433,148.41034809745278,18.140075505804333,25.33542060522784
247.15827205074297,150.66931378180396,17.935736724528542,25.59362600938363
247.6155911505649,151.67709551996876,17.703943158812564,26.30944106876563
250.1361983718497,150.40894436335827,17.491357478378674,26.77633105535699
250.59285510967263,150.45781771240996,17.271328721512155,27.371869076032993
250.95242960952854,149.02292070718988,17.250709195986744,27.447545189727204
251.2974979431008,147.86229602092604,17.259887992485744,27.67084817132442
253.4357636754049,148.34645518789904,17.200191987869005,27.405335747376967
253.77042285832178,140.69561243907324,17.228711680910187,26.65674589090493
253.7297335576244,141.16591200211036,17.310090282304937,26.403257657365526
254.0517270324901,141.7220726701187,17.35076887721624,25.97560186599152
254.04295566019155,143.8763402296576,17.36831162181333,25.74056804200403
254.34797021138675,144.26178852577542,17.433954161946794,25.645343092292258
254.66507481364835,142.43721411637716,17.475070993572217,25.917861730345763
257.1605866747696,144.0056200373922,17.244831001560417,26.181609695623408
256.9532225554112,146.7056858771689,16.979308213777667,26.903737254566202
257.1027140716274,148.7710534746731,16.680325181345257,27.579475860188758
257.5146170989848,148.81996918352172,16.54822030624582,28.173345622106993
259.52213696236333,147.74532527210718,16.722996748922178,28.227725360219356
259.4911594034715,149.8117263623932,16.78495186670583,28.307314020923904
261.9522244158691,147.97342562534192,16.79288491093579,28.462441874294196
261.98757478502284,148.73809308983166,16.72218417262834,28.34657500600496
262.3440455155912,147.03715584983328,16.71306017889797,28.229362148969788
263.76423754556663,143.88777953447618,16.680362457059573,28.21082051893104
264.7404614594832,142.121427500208,16.831195208895103,27.53696342813009
265.09981793778337,143.86690328375644,16.806089659301453,27.514048896067177
266.77956176691373,144.28381327649376,16.91081957810601,27.373072426005535
271.93305322223483,145.87602461383028,16.991357398241508,27.65115666159172
275.1111226719287,147.12307007927762,16.91724712232513,27.949078452239824
275.4083901043592,146.5591732522617,17.023908607210398,27.674479406778772
277.06194352822314,148.25743795469467,17.21129245584766,27.77244069827794
279.5026849512116,146.38894615454643,17.254361264487333,27.991887402419696
279.79366622436777,148.0209017546089,17.37990423243567,28.265503773598155
282.3289099795875,145.76263188057243,17.305294021202645,28.499862979494225
282.3510545554841,146.28133092412799,17.26100486940933,28.894335226005722
283.81889771491365,143.9400392694776,17.209561349172553,28.5294936377176
286.31973053257576,144.88172098246298,17.211243115444844,28.790421955288274
288.1221223426588,145.34406201958774,17.19983613226084,28.584415208435132
288.2427980099948,145.07640615195422,16.958484797588937,28.40430936614065
290.3940737645689,148.95659244998313,16.907934725927213,28.439272738808064
292.0022776146138,144.59741435155408,17.23319443801997,27.949293663991796
292.66235051241205,144.74601899593338,17.32607749579157,27.65208437523321
294.0032365532567,144.95547542909097,17.458847205637113,27.23317150891801
296.56977890803535,149.35410315379067,17.222896859182097,27.530594162422833
298.3796697674945,151.43130538974802,17.103567094376373,28.27682242626559
298.3797500075176,148.07267231127196,17.103406614330122,28.61114668519419
298.35891077501884,151.7752124087643,17.145085079327654,29.062145539746375
301.62138778504504,149.63696949478,17.114507941810707,29.009046779357945
301.9611390954634,150.48130949342345,17.155296987392006,29.48124178132528
302.68626733811294,150.8760590946387,17.161025695420694,29.419735175558653
305.17555823831805,149.4294999554766,17.27268214947206,29.40414587990478
306.32846484651077,150.82451388219258,17.153373998509217,29.529458113702823
307.341127527177,146.17166090176218,17.314074777168663,28.63370875460158
309.4613434578249,147.05082585667768,17.382102591150407,28.311532069863144
310.1966295763088,146.8367753781234,17.34037074533577,28.02521283139508
312.90037967655496,146.21084673037421,17.60845020439769,27.858175212004863
312.87210878531135,148.81544973809744,17.664991986884942,27.629096876397263
313.8228184318997,147.3803161274745,17.890466797908417,26.954540590642925
316.03402573870227,149.70687754907874,17.683682026047823,27.219652562803
316.12312536696425,148.6617885236086,17.505482769523823,27.200406515513794
316.1751786404758,150.24867636312155,17.40137622250076,27.526025087281468
319.10653099169696,152.04675459412007,17.162770323634387,28.147942727966388
319.26924461483975,150.3460354042771,16.83734307734876,28.71621108820766
320.9878760405849,151.07647663682332,16.95635520161631,29.389093608569958
321.6896790507607,153.08450157069257,16.999257910959876,29.712569929916537
322.8037920050509,150.16054270888037,16.957360773475568,30.459053854316576
