59.0,372.0,41.0,36.0
79.6846927854788,373.23752722842033,43.26114318180999,34.736904675180675
93.84699880874186,372.79316343673025,44.37206298121953,34.39915176498012
101.60197086368879,372.57988939237237,44.956165439739905,34.82569985369591
126.20846314065935,371.7850526470319,45.89808536563219,33.90762812038518
135.86481103223784,370.6762558467778,45.38386336916505,33.618758549334736
145.4795605564519,368.9377816561299,46.00527693685653,33.37366081510816
160.87360750462105,367.0680611311834,46.369655200270806,33.374805205830874
174.61486884541557,366.49968049597385,46.423275155951856,33.25992362910133
181.9698854122401,366.3922459773308,46.72002945591245,33.47479266638745
235.38279514990037,361.7521123863327,45.61634677103172,33.94488178251355
244.55949558271257,361.82556301250264,46.00631224168746,33.79798053017372
255.19430689932068,361.83035543252487,46.03902791151032,33.78839569012929
260.26429226254123,359.4652946304138,47.17982341654366,33.504843413696214
279.5526460927704,359.635388445857,46.58473569071235,33.16465578280972
284.01311051462073,359.6201024166755,46.42390468501718,33.19522784117283
294.7502410244554,359.72078666673656,46.191321602260516,32.99385934105063
301.9413914603145,358.0273523142097,46.72110064827757,32.65270806667064
315.1021228062668,358.0581552167421,46.54596248554343,32.591102261605776
321.5967848437245,357.72932297180296,45.970633426860935,32.00736724986079
366.3876705705802,352.85253146881706,45.672836586166625,31.976405092762207
371.05650051156937,353.0901447043964,46.07963850795847,31.501178621603593
381.70169644740173,352.5772427968969,45.46703530913289,31.31064192643555
391.36284582207,348.9961781337061,45.407907243591325,31.24908224639395
403.2811249219814,349.21127944441446,44.41006451187816,30.818879624977274
406.5540186112671,349.25385391723376,43.76359880207356,30.73373067933875
417.31710858462753,347.0243023684149,42.10517455571848,30.518067729831515
426.27254574267846,347.07315672998806,42.43474917401739,30.42035900668517
432.8461160843699,346.9637360757487,41.86520374936445,30.63920031516387
435.4038550552913,345.75867571024384,41.30322561540257,30.772571142233225
442.3099065021223,345.1513287909336,41.075352602242276,30.85524582414526
452.19488873329374,344.17956327871724,40.51374330262231,30.538970358845873
461.096310565125,342.53780848736164,40.56978676926023,30.473938604625694
466.1993988630415,341.9963017877287,40.40734959098509,30.440980957496215
470.026199810079,341.9746638598095,40.5444571997181,30.484256813334667
478.7874096819982,341.0460998177814,39.75834762583558,30.10987687473009
513.3341237291509,336.6015847640347,39.81756352670625,30.21761885585179
543.652358253641,333.81675275069307,39.698852036217104,30.285668559035884
548.1921873318745,333.90020249660296,39.416180037826734,30.118769067216107
555.4959406523302,333.3140413854334,37.919737763151446,30.198502592368882
567.8024537635059,332.61641760228343,37.9398026896202,30.52274619567659
574.4802380119131,330.66152802717755,37.5030433881967,31.202823047040624
582.2830287210211,330.0579270346437,37.02928224744994,31.329180726574847
587.882515683556,327.489956363576,36.58606012358323,31.087246168108663
597.0778359682909,326.7906981122236,35.23288280125723,31.420921217867086
