414.0,141.0,14.0,22.0
413.2342052859426,141.16413831169697,13.841333319138627,22.235142079598106
412.98187476328354,141.74492772475503,13.781718405038127,22.202115172319203
412.67103962801394,143.24890961767932,13.84060626686637,22.008063430025075
412.18956089146536,143.02611779838307,13.681821704431425,21.892776050851452
409.9435795392689,143.23404627660358,13.721890495354458,22.033405833594163
409.95941559830004,144.2778551895154,13.690218377292238,22.1828253599704
409.7331942284295,142.59430754978916,13.581703021976782,22.184172069083708
407.54227695235284,143.80556016648453,13.490303171668893,21.998284036923632
408.1365430356312,143.98070703704974,13.411462450150733,21.64799029579319
408.156016835106,145.2367313619249,13.372514851201013,21.329121887695585
405.9838724739804,145.3489109607284,13.373768620479712,21.10476269008857
405.71599667967166,145.41797100224,13.369974389343799,20.96664260706541
405.7711128626416,144.8642176558675,13.259742023403962,20.999318323386305
404.4972612405749,145.1449388972676,13.127146087925752,20.9739356765084
404.5705698463719,146.5349980334829,12.980528876331887,20.86111132935653
404.1132004599858,146.480095060495,12.836638765822974,20.97091727533236
402.0318834786286,146.04999359418477,12.77098667431906,21.302584451175512
402.0900912231275,147.352199351669,12.65457118532122,21.36002260649849
400.84685052108836,146.7910316376615,12.484757876079673,21.419840149185557
400.55029825054396,146.28142747396763,12.548587303981204,21.38049825019872
400.2430977661119,146.87314435337535,12.633216866578152,21.256607303917985
398.34230710285397,146.85803165729078,12.729271194059589,21.286832696087092
398.2946535260462,147.331000622583,12.824578347675107,21.40375850071781
398.0336372817945,147.10413936902486,12.811831601211027,21.32270177286646
396.11779930782785,147.85375952645458,12.910000842264502,21.423535760955524
396.04719086142717,148.44972052995087,13.051217735065899,21.30464152430586
394.06250052135294,148.36427750785109,13.260758932838005,21.4755275685054
393.52769431607294,147.82142739266482,13.243990451415863,21.474846906895714
392.758771077529,148.66454326480564,13.153141108434715,21.41731098268305
392.7696324361772,149.22234598626932,13.131418391138386,21.382732844148027
392.50480118001116,149.87468388438927,13.121448094778547,21.157322665291872
390.0057934805686,149.86440342560712,13.294545359398937,21.177883582856158
389.47675425637516,151.55181735618456,13.273999018602487,21.038930089251593
387.2302265267648,149.72919295845637,13.471927112410288,20.9259424399717
383.65960537178154,150.0210723975799,13.612543947522326,20.88069321363654
385.7897623291204,151.1612488641565,13.67364948568045,20.76105000690128
384.22059737631366,147.86469205870466,13.575582061648761,20.881368958514788
384.21318884377484,151.01364849003969,13.590399126726393,21.058311468659983
384.2427227048967,149.89582688857368,13.531331404482705,21.12406956339025
386.3961769730555,152.15522241090167,13.564181528847188,20.9450371794164
389.94787567719055,149.01083716748374,13.485149555553711,21.29011383665659
377.4157785300832,150.85313049731354,13.51693980103089,21.414806053978793
377.7921301675987,150.08658979757055,13.85739622305811,21.308147907877235
378.0833673136596,152.66144210590707,13.825593702099049,21.665161002831262
378.3840483577537,154.51403465964705,13.779721848408565,21.84840753683608
380.73802025179657,162.01052739763026,13.531491891478593,21.906956241019888
373.866102856576,154.60602849343502,13.420937767017342,21.753214021315745
373.6172042144487,151.53889101079832,13.368710562414183,21.83721960915454
372.2554133430977,153.5115110408226,13.340294391632156,21.74477662798366
372.147717360952,155.40966946627788,13.555686355923498,21.239720056038493
370.5243073867068,154.6429963750507,13.534854974059467,21.139240573315625
370.25223923531826,154.65133152967857,13.536235369738648,21.122570264059924
368.582969614979,155.16481362556183,13.619598643918668,21.180664727792863
367.7665719010383,154.76854546924122,13.61801748342003,21.428408844307377
366.99735180912893,154.70966799084553,13.511032299686734,21.546163801098768
366.0643755421077,156.4095401131811,13.73165122255995,21.437086778765813
363.8692610966748,155.1567656828848,13.71783987893598,21.740615522113444
362.19574256279617,157.19125577800693,13.735980368530132,21.555348006392776
361.59723328943403,159.01307695955774,13.828302968959004,21.22579348217762
359.93266048441126,158.03363118708853,13.863740257736591,20.98887947960407
359.70071226126777,158.06653589678086,13.781651475395705,20.923070060219402
356.93304486877173,159.2150543550668,13.880680634250126,20.800555394102602
354.8683668312701,158.24700595291523,14.205981411305016,20.56290631386397
354.3191501406701,160.45937804433186,14.21391714233761,20.500152731700467
352.6372327623532,158.74853128700593,14.311155051472909,20.6552493988538
352.03999560379475,160.62769021043871,14.408866284676629,20.73560234568471
350.09421316488493,160.1900002116704,14.441963800710276,21.059772720109038
349.0541838236818,160.3920009147934,14.29542729713856,21.21242011035755
348.6857253658496,159.99265423374132,14.475824280636562,21.454593540295324
346.4182999045383,160.7120983459509,14.505405215493134,21.705181561288406
344.48504896324306,160.57837980558554,14.399963750579218,21.97261864201906
342.9880172843924,159.3936215258995,14.5456042519998,22.06339691636659
341.9004924877505,162.2030770779271,14.426763195268,22.17921243735033
340.1137483018658,162.80779903051527,14.56086547894225,22.11623056153904
339.75753967183687,160.28274007541398,14.698762586773427,21.99566710170114
337.5275332288271,160.51745146411275,14.55876286138146,22.10124590073005
335.52907589024346,160.16613707280618,14.535856691680587,22.229614562362094
334.8986224105963,160.91132390710942,14.645152240726317,22.4666580091283
333.4734191170821,161.23327452071655,14.589638970890313,22.40394075328698
333.4535535486093,162.6091525970731,14.629370107835847,22.548772814201413
331.4312422317416,162.91663109063902,14.598926182625647,22.515968192633224
329.1339879455775,162.91461857859179,14.54421385871079,22.51999321672771
327.7705541923437,161.7196882211685,14.36958168983059,23.16895412636562
327.54820583331286,164.2134828512602,14.227194743862349,23.46511784245153
326.6228514487454,163.8439066973476,14.310585591449918,23.6151641764277
325.98694902458425,164.7542848932109,14.39689992484947,23.572643557085243
323.8271449408935,164.16452386804687,14.561556416778531,23.565036557284007
322.4025721292395,165.22301362689475,14.429608175685491,23.83293213110909
322.0400427064551,165.54315784500233,14.556673732157185,23.79063698399112
320.23384784177784,165.32154772466748,14.57205345658045,23.634355557172285
319.2398492409767,164.90100691762805,14.767762410199452,23.878007755256696
318.31770146939965,164.2303205966802,14.799000712252788,24.010675569751946
318.04333374665663,164.7565054676041,14.740879427732244,24.172019287917323
315.8878526516509,167.9877375670538,14.79384422242679,23.792408510899243
316.5791775954329,165.5303865391196,14.618219202511835,23.879011096171357
314.51453676356357,167.26718811184375,14.534520898887681,24.016533637034037
314.24498647773504,166.95630726040693,14.471126674898164,24.035800544261217
312.7894026513751,166.59243697635614,14.373727089505683,24.16182766474031
311.2958605923645,165.96923475155504,14.351085459340435,24.20434181506797
311.04642131553203,167.02506739212163,14.247769232688995,24.501455655200033
310.6554491197676,166.52381169185927,14.424854324117275,24.29424845552355
308.23822141703863,166.8423532392307,14.421091760951038,24.261942606858653
308.32567829187826,168.69088362016552,14.246178011271786,24.794515852283777
307.0583958339535,167.68729743719854,14.344031194501639,24.364976485598188
306.5889004435956,168.61467100466413,14.074097203807504,24.92807889348711
305.5634942223122,170.2775760593265,14.300212372054379,24.643430908028787
304.857355982678,169.49027764001022,14.49678088025359,24.39446579005741
303.57398804229763,169.34070254458484,14.633589458403442,24.693615980908177
302.08267400073595,171.3374251017847,14.545020250419965,24.999847074057982
301.990199789402,169.75200780904672,14.729968673087809,25.084237544890705
300.37400045691055,172.0680617001102,14.854007198420367,24.803833958274286
297.93119459783003,171.37511549742362,14.782823634978326,24.950527543246686
297.9534468499074,170.81227837497858,14.738319130823596,24.835043628615352
297.5808440691028,172.81408959322084,14.865413938895777,24.540085713352163
295.4091453163616,172.36107577888808,14.897752640839624,24.83024779865501
295.3415113740071,172.4141927775753,15.033020525548594,24.724013801280602
294.3907318510787,171.19340620339693,15.0702968688736,24.679876679594916
293.66642878382345,172.22203281523377,15.276108789588053,24.486814776615308
292.17055510450837,174.17286388616927,15.157987920873301,24.31699450755822
290.3242295192142,174.83433794576487,15.145903856112039,24.228958133483538
290.64041061653234,174.15223144928748,15.129479825718569,24.361294797952684
289.3246507313251,173.65107999014882,15.290443373050074,24.745958660459216
289.02629322495176,174.67982100962416,15.261075236980147,24.566726067958335
286.8836135395492,174.5821825307158,15.18603122606586,24.76200302577502
286.38388237068267,176.30186405120142,14.93635770760188,25.07004755339472
286.1303965278541,175.4056273849899,14.8183806048438,25.612623308987192
285.7279916614464,175.43777068395627,14.992180027379918,25.54833671105446
284.82362138121573,177.53654081510143,14.901922253214352,25.148793118018098
282.90573849815434,176.01664216869545,14.984460376588622,25.060900708539506
282.5721601107274,175.5808624696698,15.025992576519467,25.30683553166783
280.97367217280294,176.67938968787092,15.073054008547023,24.99972976155842
280.9679163462803,176.06609146990036,15.084565661592382,24.973909786279464
280.3086296369646,179.00538839390302,15.151103555487163,24.729475799588634
278.80611815066885,178.44971946100682,15.038648359037794,25.217318031572873
278.31876752699446,178.56281068686954,15.384484053837067,24.991135579847427
277.05726525294244,179.16486588387838,15.382204490266535,25.049667241667
276.39925626599904,178.82579292758194,15.433910983797256,25.095657414081835
276.1495127113231,179.18741359338298,15.299687330540447,25.639837607697046
275.46492853764005,181.01265030411477,15.389745136445878,25.187140539885107
274.795357249295,180.15347100927886,15.460223163406292,25.002502304962526
272.4473928008915,182.57108039492599,15.726811365922288,24.596624227959367
272.03493834347,183.02425311692332,15.920557908339397,24.321441156390645
270.77894182564927,182.4621393978933,15.911468828233469,24.185127536576942
268.96974217507506,182.68046088364974,15.761431232803394,24.376557381160517
268.95871709285996,182.16609610480896,15.783481397233562,24.776843193223925
268.07608352191596,180.7843968717768,15.644325206739719,25.635818326906406
266.5227407344583,182.0047879316568,15.524496257764039,25.77624782625931
264.31079473577887,183.0930591454142,15.430751305038356,25.53583552020928
264.6032300097377,182.31883463760295,15.486098389835554,25.803849270402253
262.86098428129645,182.42562709094557,15.744889200572203,25.590264363716962
262.7602967316765,181.3506386360209,15.94626429981215,25.801297320559136
261.1703122950233,183.71775295285047,15.862001578915471,26.289839237624843
259.73427245433487,185.14874718751034,16.09923821829873,26.062693810298708
259.4822903353201,184.49419777420198,15.943886164452834,26.053160053164323
258.6693611860918,184.61052336069474,16.256618282881288,26.47707197019286
256.90387368104706,183.51043111830802,16.44688135102247,26.67282928979739
255.88065791717062,187.96320119601936,16.470533404905915,26.532666854475753
254.3021867120911,184.94235754963518,16.264650077953235,27.193832967865283
254.69151324153455,186.71678477411325,16.16495052500293,27.03974604859217
252.99110156448575,184.0405230585257,16.19087803600528,26.99243613081477
252.68844818391077,186.59956501004606,16.121472116019014,27.27205367686384
252.31284175009438,187.1179645297296,16.194986198432822,26.912953422715713
250.5328993971929,187.07377581620526,16.38687560205055,27.001330849764397
250.124008169529,188.31066201774,16.52651011725419,26.562002267067342
249.04804989312316,187.3551804788612,16.656599032520155,26.451137707279127
246.9389303791389,191.22949603287177,16.82803597931778,26.12164374807127
246.5433810563673,187.31583104164812,16.94673199961904,25.880142227615313
246.2849150856178,190.71186438822983,16.79290321939095,25.795682751723007
245.40441566530305,191.49911406591244,16.553113183006978,25.555042647700084
245.10845668297193,195.48599054403292,16.48570973956323,25.493146588731094
244.14625929844001,193.86994248297196,16.438298264958274,25.438898971405003
243.7456721439022,195.00950444865725,16.583808252770936,25.126768003823308
242.17463331806098,194.83944351501904,16.458855684020822,24.813483827013208
242.13442030936923,195.25682030278895,16.539281701404313,24.625350648684673
241.85052400976468,194.33710457128672,16.461946655947198,24.52939917769053
241.61361487385244,195.6847734961497,16.293365007309195,24.403661009814574
239.1750229250108,197.9891407842627,16.068880903104727,24.258885935240322
239.55082244635213,195.86218378761092,15.949082154833578,24.09019786766349
239.8535391892506,193.57722588254254,15.97092154729622,24.269203529983624
237.67046892511644,198.6222029127364,15.924786197010834,24.26445147771851
237.77368995126565,199.30305788216762,15.718344144712448,24.16171262354338
237.80473439942656,198.04967713554785,15.656255248390613,24.170459977848456
235.24763453533922,193.63520677993446,15.781662607146865,24.269014042592996
233.6620116231585,183.4150831467471,15.817064565917537,24.639860569186606
232.61260935534713,184.93716759738274,16.015914869178072,24.76228205518561
233.75817611425555,191.793806386241,16.27867248292241,24.456932918165332
231.22611500159192,200.77615904629775,16.236672152688307,24.36365654251643
230.83515154836002,194.10260377659392,16.38243419034534,24.351304836981924
230.42923901699476,198.05235863965197,16.55585927332682,24.11259486785491
228.30782563010655,201.4149937337663,16.334939706037435,24.40178321558675
228.71268319699195,202.6934536089553,16.16359548064473,24.398347098721107
228.0192304036468,200.15519791934904,16.279558470035326,24.39108808873466
227.08679547558228,201.34932293464473,16.232558256775818,24.551998150661287
224.92686290003618,193.25530205106298,16.079933616784825,24.7668620925279
225.4698198227034,202.5884499680972,16.27323888897119,24.649243462511084
225.3381436597786,188.04858626106642,16.536591214820795,24.881052300554966
224.7489921384661,188.03481513996172,16.417037198276212,24.908594542764387
224.43906576687732,187.22338888181733,16.389536424205076,25.236740024555804
224.13808835317974,187.12702832176905,16.339671374649818,25.429461144652358
223.48088464846882,204.41401132903684,16.346326610517522,25.510927729301876
222.7973908286837,202.73324844252025,16.40289926286918,25.596416034288744
222.89608612709165,188.48133217895105,16.205508666053294,25.83062417212976
221.8769995182003,189.67432837720662,16.27078085670986,26.07516647845342
222.56043297948398,188.12578054539128,16.228677342930197,25.860353620114875
220.8451552217674,188.4141392503075,16.366901479603904,25.942102486034337
220.5453355853123,189.00673879948613,16.304536757360683,26.080911377983973
220.25744451593349,189.43860284680613,16.21728528070836,25.88021689875389
219.86972959140397,189.52028437994414,16.334142953654315,25.716853832477835
219.55185098288035,190.46681803763929,16.311813785917778,25.79804567143892
219.17870234845935,193.23827242804063,16.399183774394967,25.526555133554545
219.14191308604322,192.88893232610323,16.472762299227238,25.568910669440243
219.17828797992763,191.09202932379432,16.40001251145839,25.213588171280126
219.49695950298562,191.4481696083719,16.414316840096646,25.15295497687923
219.0942953314749,195.31777284160822,16.568668887418912,25.225464058796003
219.81212459358426,191.7075701911395,16.442282617267068,25.24487196236591
219.5150169424856,192.4703360316422,16.38367648678524,25.024983146718757
219.29582107020101,192.30909147763083,16.822068231354415,24.698926893961904
219.20591859894932,192.41954194149503,17.00187317385783,24.478025966233552
218.5151750997889,192.86837063578196,17.082222465051984,24.230937431223033
219.03305360354165,194.54754469490945,17.34278814149127,24.113396022829924
219.18387897170666,193.78406260732328,17.041137405161244,24.33901432917419
217.99821705496143,193.60564525715134,16.81599166722288,24.695849029518083
219.04694580864154,194.53073790536217,16.670870215831226,24.797999789064942
221.0633854985094,195.159647663223,16.537451678990337,24.84000055430824
216.29831317435205,204.8799025102289,16.342710539373403,24.849262436159748
219.73163413644698,196.15310423630373,16.57354553971978,24.88177926014845
218.38809924022988,197.71471658618685,16.662400295174983,25.006323356605947
219.06489239590422,196.76981595365766,16.614620117933473,24.937415420503584
217.40145743703243,198.73616936500198,16.686125441342845,24.911146111015956
215.51950015139872,205.48282686833136,16.53884496884942,25.107013757520146
219.04574992706725,199.14647944069822,16.662316172834686,25.384850035411528
218.3889724286721,200.031380707676,16.658694090218496,25.59081312056566
216.6476005554477,203.19794502505815,16.833343528287557,25.87387310256076
217.10324205626455,200.70030228231352,17.25961402025265,25.518944613655027
219.4340814940338,203.46682411166825,17.29165690099847,25.350154390699096
217.79491901204918,204.6745448033918,17.227381748345586,25.608793100549683
216.71830532316127,204.39099562833997,17.366560706663456,25.50454197750069
215.21786032590327,206.10213260968925,17.67909999779625,25.442706394031163
215.93540933327435,204.96678861097294,17.596654959778725,25.68441492637682
216.64675038354136,204.15967669439436,17.53119301268437,25.941418606094317
217.35703926699807,204.83254343611625,17.47341061626793,25.958480493147526
219.7901345737082,213.8118818752087,17.372090654726975,25.69789460765694
215.32411940142342,205.7188922974812,17.527927072391016,25.68166959036342
213.28746271799588,206.41087294737588,17.53665730688329,25.65256933469497
214.44027580061433,207.22046853438658,17.262440565299787,26.064787584326993
219.66973389933136,215.76699546123825,16.985362140789118,25.94146335216257
213.36442668723703,206.25060823078044,16.821808177636054,26.149147558048316
211.8972402197295,208.66756492711457,17.065338258524175,26.024209160102252
211.7645109209619,209.3376145325506,17.330796856059358,26.03390780396792
210.65804083419516,212.72611048934374,17.505351946765522,26.05153283313926
216.34085613571764,215.92942398467764,17.061743411000457,26.471169634521395
210.10982021977685,210.4702980843365,17.256052388756487,26.48474334264763
211.1526552076903,210.14364773454494,17.225345766883308,26.453056257579483
213.2627849577543,213.89531196759805,17.109089298435773,26.473733349554177
213.57535047183706,224.83058946766394,16.48395827027022,26.439056109169357
213.6760207122911,224.83327074139922,16.2826177893622,26.43369356169884
213.17971817827552,228.6128051447785,15.939358207696106,26.221880328275073
211.69970966848035,227.72318990666975,15.604367787894326,26.024106340857237
212.81681307579092,230.3144920088254,15.321397624067838,26.044799871998343
212.83971422613706,229.01254598756668,15.275595323375558,26.064928397003357
212.52421008732418,227.37913589792666,15.261138591175644,26.10442352715514
209.99899177890205,226.8161046463257,15.145121670566565,25.93887264599369
211.02250696263854,234.90135401695068,15.022247820600649,25.803011550636022
201.8149296288821,239.6481080914341,14.956029494760966,25.868834260299845
201.11094649381596,237.9110017425537,15.089709594569733,25.520188447089986
193.69469386723463,222.75397633940355,15.334916587180976,25.391182013978657
192.4764735134235,221.81608353122016,15.225561100825809,25.357620484862395
204.20738958615885,222.5498523594036,15.225657306674506,25.15829517181014
203.89811911599492,222.62549347248486,15.213057833465534,25.00701294564761
203.30016519174393,223.25768543702324,15.151616296747687,24.999978401790635
195.84269644278692,217.1979461661402,15.005703184956928,25.1962835442071
192.95194860781098,214.96797385157367,15.135229294560668,24.632255230808568
191.71314578120683,217.77981440540546,15.125719102184629,24.60458477570959
192.11251985665584,217.75770457432753,14.948177364488773,24.648804437865444
188.30478603932255,216.98889182797828,15.137100730347328,24.329793863361935
187.13549266483625,217.93653191621905,15.006501102704881,24.286403469341664
186.82211926352434,218.2861384411585,15.018791438694068,24.201646886097446
186.57497554343078,219.22781634695752,14.89968111003319,24.158484381043245
187.192648363604,226.57053094969189,14.885842344299963,24.131137670933292
188.43902379850758,230.00225101542443,14.833543227039947,23.978939858972847
187.24562554882579,231.52346287996045,14.792486167012129,23.97133307914006
185.3448630659536,232.48657917795921,14.957049320200037,23.863581389420744
184.4707080906628,233.3891282472598,14.883421047101411,23.880421474499784
182.7082875355043,231.1174798055647,14.770284066664733,23.57308090355161
174.68577770299902,220.76470087343534,14.619593491274314,23.284199567290543
174.1080022713422,221.20208277318727,14.589147700983606,23.002434094588885
172.0513605396147,221.6761816975807,14.58450528456783,22.642511371497857
176.17202425204286,234.48413958503758,14.502498922556459,22.670176079810958
174.99021374355607,234.99955937537902,14.538707902537542,22.803042517624377
174.97726111578015,235.50799998065958,14.564613158089402,22.955056340106466
173.69282487391027,233.91857071968974,14.784862668808048,22.610980402514443
161.9499577855329,223.16459465001938,14.843478396429063,22.448847976406398
160.7824644947474,222.58247171948108,14.84158683173031,22.444654764348115
160.53271760399028,223.73084426619096,14.756955544388116,22.484409946354013
157.0089792302089,224.37352778107274,14.804672469222954,22.365669553711754
163.1230762832466,233.9835925176897,14.80528763063354,22.362240357955923
159.66258414685663,218.08190931488346,14.738876389779628,22.140043992746534
159.40801297692596,224.08959296656775,14.670179600707032,22.25929839699051
159.98621316242762,213.165072445051,14.670755996987147,22.12578086163871
160.2049662274072,212.0903671645068,14.809741998022382,21.969222898749734
160.77646389255546,211.2356809980256,14.819639270604041,21.949256327394814
161.33250467627744,212.49931556043126,14.860177558154959,22.303536840070528
160.22108848176276,211.61058897496966,14.753756714849903,22.334050086742923
164.42417142061728,228.61538008875752,14.481620295964705,22.603592007067803
159.68513946829788,217.4088984181403,14.67157226182781,22.376782497536322
158.78395815616574,213.7005746166234,14.733108263212046,22.249848068089896
160.4685855710115,212.78994051425795,14.840214665445764,22.332935656858183
161.4600146669615,225.46196279626838,14.604626719313655,22.61552136410017
160.2732248793675,211.59964647964634,14.64724583557813,22.36862849026108
160.87335342568568,210.1317428725005,14.606484557218709,22.405696168860427
161.58205843977308,220.81083643671798,14.348324168942685,22.493627378551906
162.84335240504294,224.47748279794422,14.132265769582844,22.65655563243399
170.27071521411062,239.05670375382073,14.239247650936624,22.84607843121745
171.54534299259467,239.52232044606927,14.010294059047544,23.07499602925984
172.18864930924465,240.169707866237,13.88296612377474,22.93950588695158
172.31751609925274,240.61722756207558,13.625232543758575,23.195426421832543
172.4302052323908,241.34388083943753,13.399854277482447,23.466926492026293
172.31276907102847,241.17622879789928,13.634726600207122,23.227088179568103
171.94223269490277,240.9670507941807,13.800233029478603,23.069877864025386
172.01152887402367,241.18570856324547,13.661640671236771,23.208588098955843
172.31630242021973,241.3410127369421,13.627840343576777,23.473726516294658
172.6593026232519,242.75562185404465,13.520950300616473,23.54006009760969
172.96809690608222,245.26571643084534,13.481643271908426,23.724404776581572
173.56444603571344,245.34733986700297,13.44963432215596,24.141502559021347
176.2260313501583,245.90562920590335,13.400189521758044,24.196862954218698
176.39842692788966,244.81779151395043,13.64134287981659,24.0287602840395
178.7069795010988,245.3674301614023,13.724754007428588,24.10461205764327
178.32144202184762,245.74427487678122,13.905724027212084,23.941027565604276
178.6113538787972,244.26478476509538,13.916650888963655,23.946254910722335
178.86194690629546,244.42081895951122,14.006478069772694,23.63418652189068
179.23251187057528,245.22734172808055,13.853246948807783,23.78483740753629
179.54031632627334,246.3652330463777,13.825182355580091,23.859232043615567
180.1161429228756,246.7823867115256,13.84987424843563,23.61309725634987
186.83904423869416,249.7760121917463,13.857644791617677,23.47522593713417
188.0517655839264,248.4296801854011,13.764288325313474,23.25278216962428
189.4637616862056,249.90540692660366,13.83098835844655,23.192020924910665
188.8513237223193,249.493790552406,13.899141202735096,22.858530589821918
188.48738354945795,249.65862924483704,14.052475435922188,22.528853204959823
188.60329311967897,250.5259340145366,13.82065629548015,22.510857276509068
189.41087083533623,251.7172028127169,13.909630768789155,22.400492886313252
189.05836204967363,250.13732864695308,14.046757337408748,22.152895201607365
188.8183781567527,251.00002950523088,13.96023634497604,22.126959819875427
182.3365580363811,250.9690858242121,13.936870325408414,22.188847181913
182.65686918067465,249.24209025204544,13.861434265181744,22.251720956083645
184.1149377346345,249.7301798347667,13.769601074678253,22.4052633576077
185.92267401922285,250.42492168254793,14.113400369082699,22.14700019449691
186.74167647206892,248.76182530145593,14.177941776643463,22.068100330175053
186.6627010059054,249.46534032618254,14.33589270897049,21.795895729072228
187.13558211323195,250.78898837695783,14.522059397206998,21.978421884745657
187.66279351480074,248.97746805751632,14.61124549912526,22.170635808461164
186.22463025159965,249.60923849550866,14.606692833211085,22.059446609402997
187.89607536510067,251.8911726565069,14.710381402269093,22.091016682153253
186.75640133904565,254.3289951305421,14.683215789963821,22.405027479017292
195.198636437656,258.67617708160094,14.644655915861048,22.424065468167555
196.44896789692908,258.2290456095491,14.46613968998472,22.73779173910388
196.45122606856978,257.53429911157104,14.461623346703337,22.962770265674553
184.40590813001344,253.2612802080475,14.544838300638233,22.725605295949265
185.96537796646766,252.29307388885215,14.34285189018519,22.91184597686668
181.7397701320893,258.53937078246,14.0521366952762,23.24075078969409
186.1939809840882,253.38685657024044,13.885952878568382,23.055093749385186
197.22121838346666,260.2902662622316,13.76702806501814,23.10230593500702
197.16521977195524,259.3132610718833,13.87902528804104,22.752525437509092
192.76479288154476,255.96073272866172,14.090460414761958,22.586047200672233
192.73490803478236,255.05935425069757,14.15023010828676,22.66771634366995
193.6089704324214,255.8591555388737,14.129860209133339,22.795868663442253
194.5279850056537,256.87487213387595,14.024301399349772,23.07439592234579
195.45521947422785,255.37273525770075,13.909440143347801,23.179323539452422
195.23087245343635,256.3679423755398,14.358134184930787,22.927398072404316
194.2525233933831,256.1030011958795,14.564980404561037,22.873996464899598
194.64240703687645,256.867027699743,14.371162019427477,23.10379016273204
194.07033196746315,257.3657459767981,14.343037603297637,23.278628163578258
194.16613806563737,256.19522277223723,14.151425406949194,23.266576291181025
193.93753485246043,256.54728524975053,14.023759323494295,23.147323845963246
194.23137868468396,258.0301738001675,14.017018134647506,23.086279123130723
193.2659478324283,258.98445927926684,14.208108895298963,22.917479108791948
192.70522015607585,258.6235459102782,14.168326145287509,23.058686795410903
193.4692706112014,258.44715095662764,14.386398453106002,22.82941896335557
194.60785184776714,258.7307408921534,14.438408418697186,22.84453220198474
194.41926709025847,257.3321080985438,14.232187875658244,22.724847498922657
194.79356259075104,258.8431712974672,14.061742940053156,22.593451427975673
194.89563335392776,259.68497131033223,13.857601413699694,22.62982569763454
196.11667550926114,260.73741795840675,13.697270994953389,22.806686293405914
197.20421372259375,260.7700230469026,13.803686878383921,22.741476116414194
198.7012587526565,261.1775564781723,13.665572905735656,22.497604471370288
199.13734065206108,261.34644952849106,13.923882708977459,22.159818370732783
200.20154548043126,261.46423472834374,14.053611903196323,21.92424797102745
200.2250287637004,260.97148471759397,14.006645336658032,21.783386215344365
200.43538054197757,261.4073114127298,14.146228088546842,21.47201913351565
200.2398717504836,261.71400338002275,13.979302287283845,21.416578583180705
201.67520755294854,263.0764005555824,13.880284351959313,21.46343790166676
201.86095937682197,263.4869940383545,14.062162732509524,21.195632964419577
202.71082699985712,263.92185818343444,14.019604971795827,20.8782971693786
201.85276879380731,264.4524715457701,14.094981418097491,20.910897088572632
202.09723597039297,265.60131256693427,14.154702098341671,20.80783517990606
201.50603067541928,265.61001880553124,14.240926177019862,20.790422702712124
201.8207970418943,264.3196921621785,14.160652506400009,20.624780677766587
202.63309005395053,264.875499079327,14.17236357961246,20.60403157501943
203.111956603972,266.54034104471503,14.305256905991065,20.546226923508225
203.11007794026852,265.24541892423804,14.309014233398024,20.402881886182993
204.40233493741428,267.0664638816762,14.447170393569852,20.0279961566627
204.8048388698565,268.8246530818752,14.183297225778997,20.299560635919235
205.7985113770606,268.1155822590255,14.359541760994352,20.095010119401007
207.17408063855407,270.01625258175795,14.311946569123496,20.07863013749849
208.5504295653321,268.6828143546006,14.257633940485725,20.047121366894896
209.97113546957513,269.9185723801447,14.107749951093439,20.267133134900405
210.30063733720965,268.430695735062,13.987906031585423,20.547087346260614
211.541340526175,268.7604667867353,14.213501128096276,20.428945537802186
211.42332253294157,268.2642467074281,14.44953711456312,20.334684262651376
212.27887893846867,268.5752402578216,14.375882616681817,20.258516599588738
213.43631533152785,270.1833253519515,14.234822613717803,20.3030655860605
212.69274213492704,270.48101786967965,14.096566281375978,20.24948145911868
213.05933039265418,272.4955909538473,13.902098229405906,20.530002998656762
213.070169584564,272.0688096950416,13.880419845586253,20.30412448200959
212.50462588133976,273.4597818494044,13.93959156646368,20.201969387211523
212.13674604868456,273.28476142635844,14.13995479014581,20.016613791675123
213.26086216553614,273.1640556738708,14.035341361551517,20.258025296650406
213.42144113502803,272.71075591549925,14.25200914377849,20.08897337097198
212.8186678178529,272.22435556677425,14.379863066482066,19.984081356775295
215.89038328663068,274.56849634175774,14.169417924580213,20.150060912343235
215.42047404298128,274.30060938751,14.032418949523882,20.14742608966105
215.9507869422944,273.5300861997256,14.044007900973446,20.080150340116216
217.2971861701255,276.54894237000445,14.027621360801074,19.93054421363612
218.40463500327175,278.3741156492967,13.943725888911413,20.009451495256627
218.92828975763655,278.38805598591443,13.961532949700288,19.981570822021155
219.96481142920342,277.2703973808651,14.01821424124406,20.087163397442232
221.61053195300346,277.4966137714551,13.936547887710212,20.1696930652733
221.39426937291793,276.9454937129533,13.83421401162561,20.202215109765625
221.39601148443685,276.99894669134176,13.830729788587739,20.09530915298869
222.4960802920196,279.0486167921526,13.758537496639844,20.251859597802163
221.906532622229,279.4397378174221,13.871331168716791,20.002768381015365
222.35901630716927,280.1070715387886,14.028886174940823,19.730623314386882
221.5283492376782,281.4904090531456,14.10097993534657,19.612682249966817
221.89788711483942,282.80549367916814,14.420198285655879,19.62824825950096
221.35784430301103,281.16968949032866,14.431032803877773,19.692103320875326
222.71370912897564,281.6635891489535,14.398168641804777,19.775850199568083
223.86673894709313,281.8220625644285,14.23812944549662,19.995408478599714
224.66220686379967,281.59766111673946,14.258798019368294,19.90700990488293
224.91991563334824,282.1796820688284,14.279583460026942,19.815373960216704
225.3112984565485,282.94697279346127,14.031974036025831,19.88626117814924
226.60745243745896,285.108389742502,14.100429296437332,19.820648435639555
228.41740595215364,285.9307658921831,14.206537971683465,19.7727600096927
229.6440481569966,286.5302191352598,14.419799178330047,19.64047177007228
231.47021433685174,285.8006768497256,14.511099580284974,19.495142300427013
231.67626852945781,285.5132553412532,14.63308268627279,19.535893826171762
233.7212122952903,285.7878232706097,14.836855214828914,19.523465474986402
233.72593393413413,284.9711170544349,14.827411937141205,19.537335078798126
234.4933102844964,285.77430635580436,14.912373937336334,19.55067117697883
235.26213063680956,287.0895334444298,14.999217851569512,19.62769136449388
235.26250700271186,288.5872589545526,14.998465119764894,19.896758935126396
236.38980876752822,289.06366875743464,14.936565234959833,20.040291151776323
235.79578719086015,288.04688012434207,15.02591100294066,19.876473647250837
235.5633177659538,291.6516832512176,14.942534588909455,19.794965823471276
235.25570668098783,291.64676864041326,15.012045448764365,19.804795045080066
236.37396024794919,290.8894250420482,14.963524060026435,19.67849293292164
236.2898267725961,290.4002581050171,15.131791010732636,19.568269098123253
238.0724868853864,290.8288192238665,14.838510393430653,19.80182672985062
238.63918773851137,291.2895270207117,14.79333951867438,19.968641967653877
238.42974885131596,290.94852630875386,14.666303333079576,20.104729431583987
239.6231497522049,290.2262614713203,14.463094844310909,19.91156412169426
239.7875961582002,302.99669572765106,14.673832574560628,19.733331094326253
240.91884094461153,297.1653199986671,15.11323584547766,19.507754039839316
242.24874680872878,298.33981949625263,15.173990558295085,19.87932148572022
242.7138901178142,295.2373092435962,15.345255790969293,20.025806811385344
243.85742266963544,295.4923794515375,15.281406889192851,20.071470445969204
245.20997010434908,295.17020521180814,15.353607814312516,20.16035976651864
243.54322427935148,295.1988935306798,15.33914188032816,20.102983128775264
241.1028889484608,304.8673325065105,15.764758073656541,19.70008666803917
243.4003505512166,300.11032554469915,15.63096464325411,19.734199819554792
243.74905085642078,296.7297049058669,15.489557807542065,19.823515800863845
244.1717125618715,299.34887641892203,15.199297747868652,20.13580628703332
244.59414676752814,301.4586781767143,14.909528414358928,20.356995393877945
243.77859444759792,297.8746627648015,14.879474676328455,20.32667324684304
243.82056396438807,299.4615285397808,14.795535642748188,20.469537508329708
244.91858078805942,298.96332047696717,14.813723887598819,20.358842687860296
247.3855907306923,302.26223872360436,14.849280004173663,20.387107530373274
246.5166603388558,303.7135143443495,14.927577310613609,20.250495417604775
249.99288420622446,304.1170718492796,15.156298776797232,19.995778038584607
250.37466800746645,309.0056256417961,14.9449940867,20.159402876512246
250.16511784955358,307.86465599247447,14.812796063724102,20.236148819949037
249.78457161094988,309.0056184594078,15.023591083071627,20.15541371752169
250.4511636881327,309.5531269299835,14.79545583817351,20.16544568583789
251.9037118892233,311.13074482219616,14.635055918306437,20.303845680189372
251.1240508929697,314.9223493477731,14.54916172369987,20.39831216889955
263.7445277421621,327.9130251128806,14.535685603649128,20.741285068250555
265.10654722680266,328.88679547291235,14.57859559168151,21.00730351403788
267.32623118089793,328.4719038808486,14.604163862352028,21.27896967580788
264.4600914922126,329.7106212657756,14.710050392736965,21.61473132944659
266.26597650830956,326.6889582822392,14.515006606532554,21.963513553203764
270.01001028629196,331.34195340268946,14.45595987399162,22.372396696780562
269.30468774915323,329.8943685847306,14.713375685828495,22.384493176596564
268.70302957168343,327.51598195713456,14.754517036029087,22.492566412833025
270.1150794834398,328.38266609069257,14.847392946494796,22.50938358610407
272.70980254207154,330.0502208845163,14.924692981135376,22.68543809972597
273.6768888336392,330.6632368799883,15.347019265315142,22.637655542439543
275.5275737443451,332.8180626332728,15.218186737292353,23.091387093722624
277.24014656844906,334.2730001462089,15.393681649804249,23.182045868450153
269.4552167431968,344.2840109852265,15.249441327260394,23.709231847478286
258.10237548521843,349.37645034648637,15.38899031204384,23.892576639281277
251.07636035851996,342.8946667769231,15.296641988028084,23.94171116424842
251.14166032939045,343.7275689132364,15.166042046287105,24.118404803569096
252.18118148335802,344.9292652998078,14.930870572176188,24.173506475525205
256.81607583553114,350.38510135410485,14.833604405681175,24.26886141235262
254.74445648176913,348.14444781216446,14.69782174049738,24.47114712352559
257.3885415241123,352.2340091828436,14.917785876439053,24.24821825640798
257.585524185202,351.6302622516153,15.136216860741024,24.230919505901973
256.6072242502119,348.8164313227486,15.24540165818678,24.316336146032
257.644526185435,349.6875972693198,15.027533157195178,24.430739622344113
258.3534141080661,349.1076175310244,14.843683752688099,24.3567726581798
259.53194027997,347.9445700138864,14.937706000181894,24.23179310115416
259.27061468764214,348.93106348849153,14.847871182949955,24.09626415760705
260.26224322935,350.1344316366998,14.69147822687267,24.125346697641866
260.505747524439,352.8135369553678,14.811228114685981,24.227962362227288
263.17779707763253,353.3932706060128,14.959853293532628,24.289100457655902
263.81691016942267,356.8228087465269,14.90905323697232,24.180867875237418
262.64438183849217,356.87915833604035,14.809130518566779,24.068168696210495
265.9494949549726,362.2874509424343,14.885635021740072,24.193506506187436
271.2057480880254,364.31211462687014,14.76080696027541,24.42145839805031
266.73706991378145,355.6510095223659,14.51311099583099,24.59823762291845
267.0798515574144,356.14741469883006,14.43833387599949,24.82699960485851
271.3584654333849,361.575829940776,14.461947112551702,25.002678963315176
267.3654537779049,358.8333556980087,14.440968833051349,24.944318655454097
270.6379597042522,359.37526250253006,14.657680417723512,25.089909307750723
272.14137643731385,362.06119365736095,14.753511950494408,25.302843996098602
273.2733658021578,363.4249391360015,14.99079623122809,25.076616049238996
274.8057686276393,364.37027951596303,15.055816841887466,25.063831046289373
276.5678093886765,363.4697377657517,15.292965904841202,24.984299254197893
276.9089755380044,360.78774312648636,15.240314190752878,25.310843856188384
276.25931289676026,361.7942528555778,15.272322070621357,25.19880050193533
277.81316005450736,363.0021006253439,15.327275968423843,25.31322353304034
267.55866363815085,376.27459141882775,15.511167856142041,24.80977753184722
270.8104851057664,384.20358896961915,15.945666431546545,24.089545726196683
281.4876925190353,387.676527253801,16.543470681520294,23.41573175112192
280.9949283404948,381.27308467109066,16.275103283930275,23.683659369833187
287.28760154842587,386.5726852546405,16.220999142260244,23.736014135796747
283.69885898713795,375.74291009192115,16.507470119590927,23.469610362728083
268.82200360116104,377.47333441455277,16.7842374206908,23.144606767555686
274.5243836829768,381.23839378561956,16.661933307765857,23.13612539255985
279.7858391635431,382.4832372271179,16.758317497628056,23.145096192150113
282.7989676638895,380.35695444557405,16.369522761646394,23.639353578763647
288.53659720457017,372.8195458890369,16.188459550025428,24.28269819161434
288.6582672662077,376.7384744637611,15.9451194267503,24.688743579194927
294.2484027037055,373.7477225250235,16.216248996699584,24.944547234197792
290.20810550622264,378.5685037356607,15.917722285037541,24.971201474417065
292.68835627545576,380.01733643872933,16.07691556488051,24.633383477434506
293.48333245956326,378.0873099993919,15.762077392674671,24.66809376808226
296.088821577066,381.49226106328763,15.613674796550196,24.81923314375231
297.11831957753645,376.56179221047046,15.452477345698489,25.19117809894039
304.5222696740355,385.8579634408826,15.259868362785804,25.66225895561883
297.88661901224793,380.04273731359297,15.10762375935011,25.786814701331693
300.4789961368183,379.59617861862296,15.030818340141883,26.041438487530076
299.1986388913578,383.78285517641996,15.027651278479187,26.000700417833027
300.8306590433795,386.7760374811211,14.965174246433259,25.777149698026143
301.1847382065074,387.73525796089154,14.892954162931069,25.766523466746268
301.5610012900647,389.6985515763284,14.774984659778346,25.647276219644517
301.87562325290435,385.9148897247113,14.776529014123652,25.645140562584807
306.31912248029795,391.84614113607563,14.72048996623515,25.767511220647393
307.89759756998563,395.7194651975027,14.721765267351863,25.600604250974243
303.8174243424968,389.515587273696,14.702593446268082,26.053679541267133
304.3849185690754,391.172902560504,14.838759718007756,25.91693577989314
304.5267300699798,393.2285896183715,15.191003387003404,25.62076168898526
304.7770101021166,396.14934631714516,15.32787983192669,25.516176874209407
308.9519904553309,395.5116137723384,15.274403588286752,25.51525973877852
308.2253722246708,396.89769772044235,15.453088961255606,25.292194019272934
309.6358951682365,395.8484176083831,15.179898270289117,25.47986284626784
312.73620762148744,396.3200477611376,15.330815564316246,25.171756760811697
313.09799026009716,396.2854393667248,15.240361762670503,25.240973549637296
313.0610585324589,398.3778615321703,15.314225217947047,24.851845081307047
317.8500904496638,407.53557302939424,15.157099546154349,24.75023586791878
319.6806433692876,409.51958858065376,15.23942967520118,24.52564073369431
316.08863264426316,405.8657989748721,14.960194238707485,24.991901132593537
318.01553427180687,410.1125414128068,15.47571193087235,24.61286944447837
316.0878451927545,409.5271969276961,15.567870415466617,24.52915185686312
319.62532016412916,413.4916384351531,15.395358336466485,24.757695408198142
316.62744414866665,407.03322155870785,15.110913900837218,25.11413622798002
321.72149647999805,415.5542323713519,14.979599647461084,25.042948418363324
325.15561668105516,418.53115306968846,14.989389828606992,24.7165865898121
321.76107184723173,409.7749856397059,14.952073728692822,24.852615859621547
326.1492693985255,420.32607084069065,14.883385902532975,24.89773455754805
324.7256505389748,419.2307271634899,14.62316373218171,25.223945978277797
332.2710744748545,430.0461472384991,14.4588086297537,25.360907783534408
328.86768592540955,423.75440691983425,14.432620284696661,25.520814886415266
