185.0,157.0,27.0,45.0
175.8810140207297,155.92064966140845,26.11356484391621,44.908770428403784
175.07765759616473,157.7310239515682,25.503022600735154,44.61390448655072
175.94940668346652,159.59197961780214,24.853426383509614,44.17369902621694
182.6198653481612,158.8232337608204,24.428634329476616,43.5585031942877
185.57153096336583,159.59575337780367,23.825377263552408,43.07347879321817
187.31449627051975,162.48504755634315,23.46714650164798,42.507723523478184
189.30789063006358,162.75020475414678,23.59275837431621,41.97740912787096
192.6046228404911,165.96194612304282,23.13371578348579,41.68834822010347
189.07376409247655,154.9365859912028,23.123256597077688,42.522538436471834
196.54621791698793,167.62159539853977,23.515020873970574,41.69119470326299
196.5373407364899,164.2459280892897,23.532775234966635,41.32460018880309
201.70318041620553,165.66166302407288,23.318322943290873,41.52829843956343
207.3790661450753,165.19795981722203,23.088544560167428,41.44461457375456
209.96896702750385,162.11622021006508,22.938440883991074,41.5724560816516
213.6818915083663,149.05711973503583,22.549470951623885,41.553677779809874
216.23218090643195,145.32830665240783,22.44062300002993,42.022880762713555
216.26303013541656,139.3798883489559,22.378924542060687,42.8823701140077
220.88517468097726,134.9125323685822,22.26943094410613,42.68228658158826
222.81212418478054,128.93895285645183,22.45614880449635,43.51774921885783
224.70435201060204,126.88239034146176,22.77424485788697,43.52832254380438
227.25866848838854,116.19706288086472,22.82194856033407,44.27363083291792
227.66785263712217,112.88209783917586,23.046615212492462,44.64535121854186
228.1142116726337,105.39710444530442,23.206258797697405,44.88227481909285
227.441259273897,101.10235083010197,23.493574171763655,45.003066662240684
230.0753467138012,97.00331451036224,23.551939747473604,45.74398266399442
231.41577449108763,93.17291375077951,24.102664234168323,45.86443075353553
234.69613577393324,88.49986323203957,24.072573191393342,46.503023093793786
236.74854119762503,81.92149603439563,24.356977346602083,46.49211248130461
239.2864932304996,77.87915079481141,24.791254410835798,45.76051315250059
241.99592308510097,73.7497416778568,24.865966578738274,45.22961638304145
242.1826486160664,65.95375788212083,24.492515516807423,45.53134541183446
244.2956381603503,62.85972948203005,24.627431314911238,46.26828360367643
248.5714639856507,52.12451604211064,24.902881154980424,45.67095675684035
252.9950753426633,48.05730426611383,24.850079688478882,45.01095906131028
256.8357171544709,41.91698572907863,24.789420062840463,45.31632985284588
262.8495033937314,43.315348780238274,24.77530230863903,46.88813274118827
264.4315413546593,44.68827067466678,24.956363039868673,47.487425605416554
267.1463848316443,45.30183749113867,25.16151800699319,47.387260356691684
270.5571762910534,46.54850084728748,25.114039316158987,48.28098575838605
227.3902747644176,58.34138546623628,24.70588525814752,49.80473042112301
182.81787682725977,64.04979725956272,24.789938412523405,51.1108700801758
170.8959599969902,63.75360429802881,25.09010184937143,51.703256003243624
160.5959863246117,64.05678409351592,25.44219113507848,52.2879468863312
144.12518814099985,64.82848299303186,25.829697239442037,53.155963180844495
136.66476692603842,65.8118364997863,26.049132883672065,53.63949063161776
122.15778154377163,65.01960230552467,26.63529387116929,53.987967290704646
94.47102933957403,65.71960520250407,26.953491531881685,55.090475439822335
84.57835433460363,63.63863646552343,27.645431318925247,54.16083685434436
73.5615730585071,67.29759032668416,28.067620980220518,53.199215276404594
63.29577969053002,66.299192514329,28.36878941257872,52.66720861316543
55.24138620342306,68.06230580098998,28.075037177162493,52.92618339591196
47.78015837642499,82.31011128103756,27.87134984641291,53.422346489912755
47.508070909481205,83.54552554347109,27.15121658203531,53.48013436157606
49.44752279730656,83.39428195023146,27.030553583038568,53.78262154805533
52.58540384116097,84.50616065559068,27.030263979457878,54.069053130988124
55.19747040914713,86.42801964084941,26.843266255921232,54.003186719797384
54.059906545409945,86.93861887328255,26.608228177794725,54.23707115773155
57.13445519548283,86.9193469400969,26.73127952206875,54.275615024102855
60.18070112912871,87.44615739504195,26.924424778177702,55.73624896357303
60.07834321201034,89.12819525560697,27.129140612414425,54.9358166987979
69.770572651626,94.15640463995277,26.84987228655215,55.068832891903114
71.47944074023056,99.08840308170154,27.244473080064736,55.37106793033015
81.52744095386251,99.62552526576573,27.661171581306167,55.57886724523337
87.58939815922442,98.82793603114432,28.460294308181467,55.881742000716294
104.14573670879523,109.38694166123682,29.42201369991236,54.42203640834236
111.3040168965961,110.19769518848969,29.467299819866376,54.1061517625235
122.38177140968703,110.40144618335833,29.441365848262286,55.000389481879026
124.46253546258261,115.43102455006635,29.223260770647556,55.45702749026675
142.25711160732803,115.93444413095266,29.205322211703976,54.450188328494136
154.52319401460568,117.41682262638382,29.41736745583099,54.090085028019445
162.15406068095965,120.13344922788613,29.76342287270863,55.160077137342185
188.47839152183792,120.29070481685667,30.008470850927303,54.8455659594011
185.81742670486983,128.19982371742222,30.042817550856284,56.21197269379353
192.94812280300525,131.32431428180357,30.55027994108717,56.67610728616804
204.3254441196804,118.95338970698249,30.884233555620867,55.61305474699865
213.26300900526667,127.3142562451325,30.53535737111859,56.41757525736887
219.9494745193159,129.27378695002966,30.703297935071127,57.914862484394945
267.2683853684788,137.496356971876,31.21752555339848,59.39692013804272
281.0976411101631,139.2638483855315,31.751875629902173,58.68122346671897
284.91194547705015,141.90453047110617,32.57288235806978,59.03293627019742
289.79941328873645,146.02982301972926,32.79035537625121,60.77475981450527
279.48573214885556,156.59453151317538,33.02115800893345,62.955696709989674
280.09651117516796,156.40821351362115,33.29255466269763,64.82128741548715
291.80508008414506,161.88040072751204,32.75079415264825,64.5520890647276
276.01474084242284,158.23773094240562,32.585128328007755,67.30223659092829
272.56727757639146,160.57941726020846,33.28367651903457,68.8152422963586
289.1704969247768,166.73887019048922,33.327138232095756,69.16296516335206
271.67610298697707,164.75002693213833,33.35439486873855,69.96233065833053
277.8130139139975,166.10342916935588,33.890954156200976,70.45812146927122
277.08851169220736,167.413529357571,33.72208765534571,71.07366298171215
279.5850254147714,172.8476696487144,33.60078645458794,71.57274363628939
280.17183391566516,175.88948429845397,34.05623492471734,72.0053762244784
280.02439801427096,176.91803932050786,34.351106727505766,73.23489673214713
287.7140120170625,183.51634797889074,33.969244556640206,73.36927126846368
287.9048484852402,182.81492328120322,33.58757162028469,74.77212066383868
306.5215471215098,190.62592122031225,33.211990656167146,74.22832236633857
321.4104853570547,200.95100298300062,33.32966411159684,73.50852545864147
330.5544291748969,207.19658973989604,33.21904670854935,72.58470572925597
332.0997319537494,211.89021485037466,33.40267167595073,71.3830318210648
339.77388869628857,215.7462822576674,32.65994854803587,70.16227049855199
342.9312344736602,218.03671293859537,32.71363403876463,68.76559765943202
353.16959942049124,220.41857666457406,32.68178952135977,67.14723718843734
356.187470649421,227.29237557567427,32.8400880849174,65.78772140907122
359.29908585223205,230.37819302979835,32.74235470914107,64.21020927320738
367.0214524724047,233.21886547164493,32.36334698033494,63.04858204297595
371.3542712659423,235.95323744297892,32.59568792956194,62.02882736845909
376.3720988598275,241.33537952663835,32.864154619292655,61.56866507864127
379.564781965624,246.26883055527284,32.35820842265596,61.99074804754586
420.0805458840849,275.9675984079116,32.03233261486616,61.28823199981905
415.12925535671405,274.7222207079072,31.77477494012588,60.8760906199759
423.94319075118113,282.21106892589654,31.438460876767078,61.748987849107976
427.0217292523328,287.7188402511661,31.073309845398096,62.3172971404375
432.13935955896864,287.80500109130713,30.98802119423071,62.144975460155514
453.25219914477657,288.3706981657575,30.696267603214032,63.90557617888228
463.1892650042746,291.08234623635093,29.88877674984976,64.34893876558216
461.5291881585273,305.409207320765,30.29084589942446,63.41701974499395
473.4369700346607,307.36864483519264,29.714959235337467,63.85558417017236
473.69020392582235,320.1095636182189,29.20849145301416,63.00374210494448
492.8743809639351,319.91086093395126,29.38456905677885,61.9735759297763
499.9140645836021,334.43428310445483,29.461622133838503,61.239572221556465
511.92470938449634,345.7956301245711,29.34705508726311,61.01732293917148
519.5298282581402,352.5352767049601,29.54827007065893,60.14740019440729
531.1416798302434,357.67821711321506,29.985675678405524,59.60432886399562
542.1211084595374,364.8769795358791,30.290132569398466,59.12137536215565
559.6112229877486,378.348230806727,30.050752573664244,58.58191810658306
