578.0,29.0,28.0,30.0
574.924285185017,28.90440786008071,27.75867922544411,29.27793422204974
574.8843210969338,29.218092150171273,27.838607401610435,28.650565641868607
574.7264141817382,29.4645255201363,28.15442123200186,28.157698901938563
574.563512142214,29.205375708601043,28.48022531105019,27.789193483905244
574.5761726454009,36.00581227038816,28.454904304676322,27.480058466913583
574.9463869673679,38.235776357294,28.59530777105717,27.424290844675344
576.7101925836424,44.66769523146983,28.596297402050443,26.91055611872216
577.3997537682187,47.30147459070031,28.091197925236784,26.88713475429578
581.0078962704649,50.226997170250456,27.80090175282216,27.096329823263495
584.9771169513627,54.49830986733176,27.64301017044713,27.1987597395679
588.1544695593735,55.416758508805,27.333804804894555,27.089148128183982
588.3439246225793,55.30385669232223,26.954894678482944,27.314951761149523
589.0299631020575,55.74115530996471,26.437456268122347,27.294993074460344
588.9640548212983,53.96335993117006,25.72311946593354,27.465970377219865
590.0010803629134,51.8971159501009,25.324090456661615,27.410903154462066
591.860281894555,51.899759684880216,24.92692646507195,27.40561568490342
591.9478913270455,51.876644354265274,24.75170760009101,27.451846346133305
591.5722774864961,51.50223859493795,24.68110703671594,27.3788296203142
589.0260557445195,57.3478017505007,24.85615278431171,27.161631360689555
588.0768240651062,61.206312054059126,25.11666307397107,27.634376099408342
586.2622336933966,64.09644317588901,25.423890035335162,27.667532974344482
582.1455304172489,69.98808572545569,26.134207976415055,27.586830159324414
576.5441071201809,70.41906489977728,26.340051981647164,27.570795086750763
574.7732686488547,71.16280408772764,27.334925703541597,27.781185524688638
567.9182805942507,71.59053942021437,28.025454669952286,27.793678002568328
567.3094706324698,71.0691776046962,28.364035028597776,27.95736206868834
563.4534335386389,70.00078250120673,28.980546376015802,28.32026156560632
562.3907106181754,69.5083024274143,29.30127231568166,28.4028617625605
561.3151472563794,69.26946077041401,29.63500106750871,28.88054507656109
560.9525007482433,69.1937104011438,29.438808568709494,29.03204581510149
559.9876450845783,72.99297043058017,29.52692932381329,28.799888045134146
559.7556777085534,76.6626455379597,29.072349358687244,28.808655567779716
559.8252692642812,79.98248591008219,28.933166247231675,28.549541489939653
560.7178054327791,83.62866175753035,28.958562814478512,28.499065412013593
564.3744532291996,87.76574150379972,28.883965664575243,28.36844166777989
565.8520388234518,90.37060283183993,29.535208780379804,28.568340468163132
566.1325880208944,90.35889007921581,29.889095237071427,28.591765973411384
568.1400256457223,90.15426116895992,30.47872893497137,29.00102379392317
567.9774584627515,89.02157819573954,30.803863300912816,29.39315624212503
566.8508025403755,86.0154523371005,31.16133618690059,29.71789108311058
565.0034836890611,85.76345279130321,31.021331425696978,30.22189017470516
562.7431997640449,85.61639473215588,30.719701075449574,30.516006292999798
562.6261232446874,87.00205927880177,30.9538541141646,30.637698743265446
559.1263218705631,92.02837632302491,31.163859224606824,30.284489851685475
556.1331009039068,97.19530736440049,31.34430657463919,30.59495117161451
554.532551340071,100.9965833353415,31.61919509593549,30.79562751339978
547.0373124743113,107.75338049147229,31.866334823633487,31.042482004704844
543.5185565541213,108.06567361634202,31.969165133624404,31.408564545020973
539.9963466565486,108.31604715505198,32.02713187615634,31.905882189403002
532.2702869630272,108.42828932487038,32.37697126596437,31.681397849766213
531.6897706686251,108.86827343452228,32.529225508245176,31.81020797698573
528.1678251981631,108.50620892713945,32.48069119782733,31.521133384416835
526.7043242143694,108.54424780565357,32.38406987725411,31.445055627388594
526.2848565026438,109.12674861257314,32.21784941555033,31.28520989870458
523.0419769788875,112.70683045061011,32.70348117457287,31.125194725868933
520.6363294471312,117.57450669006899,32.48928037635194,31.440833970418645
520.6844706766565,121.66879051319353,32.3929979173013,31.30618317592642
520.3589493488712,125.66192453952132,32.04094036513909,31.3447167851334
520.3418131305963,133.26145128774493,32.07521280168885,31.118427359765924
520.3456349099691,133.3829183424252,32.067569242943186,30.875493250405377
519.8925632247918,133.98623635145591,31.982527725967284,30.66004211967457
520.1590620720565,134.45483977819802,32.4359722325892,30.70927746734162
519.6570533099446,134.8523485501509,32.445669325209025,30.908580355039888
519.0540253639379,135.33488289751233,32.65409391111147,30.941142966428192
515.5201827391986,138.26654285494484,32.71191640534583,31.086276841772303
515.3934669755307,140.73977717397193,32.965347932681645,31.162880265038737
511.70131163047233,147.2164613938174,33.28110325904274,31.336828929465604
511.39144828087836,151.06749481929495,33.90082995823068,31.774682603982534
509.18203914088014,155.15566059569298,34.1831500876764,31.871347352288076
506.6665373527405,159.72751985788844,34.013808546904265,32.08825003858965
504.4910484728015,160.13756656442519,34.20131879475052,32.309023503524074
502.9106779018368,160.74532636580858,34.22015699752242,32.1408048804765
499.24574312623486,162.83672872706774,34.23554277561718,32.13770517116329
498.7069258806127,163.4001095096287,34.2680597988207,32.056061074082265
498.71733052594107,163.19115234080343,34.24725050816388,32.473975411732816
498.34522547166785,167.38467530913712,33.940825427183405,32.49201099128119
498.44476206454704,170.64925897912363,33.74175224142499,32.23958885172325
497.59538463643173,174.49989605335895,33.362489268313354,31.81137710595048
497.75958231568507,182.64717214031361,34.06038133861191,31.937423792925543
498.74389786583816,187.25219008956407,34.17015239288173,32.080197590016716
499.01488674722043,191.39601524922938,34.671357435977406,32.13800971756751
503.0303172076691,197.22045431012418,35.055911734857574,32.060327522971946
504.04412202334464,198.90498381858552,35.14167295455613,31.861324782623967
507.53714483252554,201.03179564091195,35.53957124276414,31.827097656011077
509.24586316152994,198.64971657642178,35.303603425084326,32.34929733121938
509.69387907932185,198.56176635044258,35.47271761375144,32.52519778317778
509.2676434418828,197.27644370400517,35.254607114200084,32.954679527193626
505.6631915261693,195.12287366615368,34.94544567088557,34.03979162800741
505.1477945373228,195.92687916043798,34.889881363876306,34.60449720884326
500.94664253250227,200.22225916138825,34.53700652898276,34.768916051477255
491.65579346802167,206.506866226616,34.564389148537174,35.29686581001475
488.80025347532455,212.69373617832156,34.774658506049136,36.12507141352108
485.7404269490848,218.71796952748764,35.31190882496489,36.35789072902919
477.2383501856254,225.15228629990395,35.3866392016062,37.03279570441863
472.1157306180212,228.93290045988547,35.36836940908768,37.45429655046543
470.27021522555043,232.90542481965446,35.619312149932526,37.53611993381972
468.33314694322786,237.08022761893656,36.03758317952966,37.25020058370092
464.06192449537514,242.00722847743057,36.501336262583266,36.62898950974359
464.06109825569985,247.07712242031945,36.50298874193374,35.702467503530976
463.73117116512,251.111468238745,37.162842923093564,35.59331016435491
461.7148965537654,258.55706270749533,37.75829353386163,35.59621521193179
461.5452631915911,266.0330265304548,38.09756025821028,35.66011517974063
461.2913524516325,272.1607867916794,38.6053817381275,36.179770512320566
463.01320419985143,282.3484232533561,38.69437040465643,35.8230865124456
464.07756164587744,288.5812073021594,38.912226416677875,36.263658387242785
465.5653722043448,294.90525552334515,39.48767079888662,36.636135441730495
468.52672596277085,299.1105489979571,39.557912340887626,36.61567717490092
469.25772959611015,308.5160238951157,39.29526542957304,35.795132711045746
469.1066016464076,313.4752902643125,39.597521328978175,35.3342379866464
468.67428793373085,313.50924841596435,39.28259862913934,35.266321683342646
463.89244408650313,317.7679585642035,39.45770445273312,34.96391052386833
459.66767150468803,322.0333807544638,39.70703196466994,34.63328379504111
458.94883734596874,324.88536536152395,39.97466850963506,34.77947344328793
456.1351872973032,334.67236096988336,39.71937042145345,35.20631605731248
451.3315719410845,341.5792429146741,39.89142645648628,35.54531418383773
449.74327002641724,346.93899124827146,39.50556877787734,35.513202040473665
441.70359125307783,358.2450988356178,39.05121122442969,35.33960021595259
437.7425216370624,363.1021152575929,38.775340723206796,34.99472135286388
433.7278871753905,368.5105187877218,38.675147066028046,34.63008046756373
429.3303345261322,377.2119759712023,38.23846391800612,34.53676943786219
427.0281198656028,381.2388627001579,38.26010937603465,34.502867740254274
426.395457915116,382.49192616917384,38.379941597981485,34.28772416027545
425.86514498484377,390.0413395573969,38.296648500559385,34.05984383739598
425.4305694854362,394.6892770821869,38.02681563881641,33.8758396722812
424.92554126478535,399.97737762183607,37.9050186260844,33.486319679286574
411.95303960880244,398.1624244975569,38.00412736215094,32.62128774073203
417.8330336544583,402.94023693524383,38.46957628153433,31.95688978222737
