343.0,249.0,58.0,143.0
343.1191444495487,246.63226566179065,57.761711100902644,141.54789495385694
343.0895849945407,246.8653637066208,57.82083001091864,141.08169886419665
342.8992465365857,247.23360877173306,58.20150692682867,140.34520873397213
343.04825982966446,247.8464477097921,57.903480340671095,139.11953085785404
342.9457878133402,246.69075410066066,58.10842437331962,138.3948113368835
343.15666056322885,247.27651554740208,57.6866788735423,137.22328844340066
343.082949879979,246.2931511307313,57.834100240041906,136.1851386390083
343.23920859054374,246.32109901301328,57.521582818912464,136.12924287444432
343.1273282766104,246.8933876002222,57.74534344677918,134.98466570002648
343.40086751987275,246.09036281612723,57.19826496025452,133.61715587285227
343.45097646178056,245.98701777585111,57.098047076438924,133.8238459534045
342.06712560332033,246.30475758680274,56.920426615452655,133.18836633150124
342.09375129782336,245.05126262265526,56.8671752264467,132.76236610084257
342.19105203826075,245.08048452197212,56.67257374557187,132.7039223022088
342.1013232678083,245.00959743296664,56.8520312864767,132.84569648021977
341.83234102916686,243.29125773464986,57.38999576375967,133.3555514281631
341.762346004874,241.39380635926173,57.52998581234538,134.20674426175043
341.741362628437,241.20187607757956,57.57195256521932,134.59060482511478
341.5136683325339,241.1063204144458,58.027341157025646,134.7817161513823
341.3674421383207,241.15950496496865,58.319793545452,134.6753470503366
341.59391853910813,241.19021789566656,57.86684074387706,134.61392118894076
341.77209924027494,241.2356316690825,57.510479341543515,134.5230936421089
341.65142710931434,241.23682606671898,57.75182360346467,134.52070484683594
341.30778203105774,241.2927329121375,58.439113759977914,134.4088911559989
341.379857922965,241.61701038519934,58.294961976163286,133.76033620987522
341.22329752740706,240.32485182801082,58.60808276727927,133.3791069839923
340.89116874432466,217.96484768448414,59.27234033344399,133.6159686947825
340.28566864408356,206.5679287725111,60.483340533926196,132.56442665003897
340.56525173159315,192.969670777815,59.92417435890705,132.88089300738878
340.63631734625613,192.38796993776404,59.782043129581126,134.04429468749066
340.99977966376025,192.4019967474304,59.05511849457288,134.01624106815797
341.1345798275258,192.03770390075,58.785518167041786,134.74482676151877
341.3060229438466,191.52273202837245,58.442631934400225,135.77477050627385
341.1560212307978,191.21451197747328,58.74263536049778,136.39121060807219
341.17920556869274,191.15846763919018,58.69626668470785,136.50329928463842
341.07161580341244,190.52365592572534,58.911446215268484,137.77292271156804
340.32516467319846,170.70923486157602,60.40434847569645,137.95314121022818
339.8115043120756,154.56229377889164,61.431669197942156,139.61224858419234
339.76279412754656,144.05243588944867,61.52908956700023,138.89260855667175
339.85057484049156,146.1646723762915,61.353528141110274,137.76504027393239
340.11157638157243,144.77786872594078,60.83152505894852,137.4611854683965
340.09838210134325,144.9984308758226,60.85791361940687,137.02006116863282
340.08341870167624,145.20012885315901,60.887840418740936,136.61666521396003
339.96352616366426,145.24978596590375,61.127625494764814,136.51735098847055
340.133116246137,145.39401147793694,60.788445329819446,136.22889996440415
340.2579548657882,145.3463507734555,60.53876809051705,136.32422137336704
339.54508177728053,134.42192064499315,61.96451426753232,136.87745868316557
339.16845436282705,122.19412798838098,62.7177690964393,136.7305604099639
339.3828120638074,111.44652008368922,62.28905369447853,136.6211185698428
339.8256123509277,112.95218560999976,61.403453120237955,136.68706500222584
339.7852246736723,113.09407489787645,61.48422847474875,136.40328642647245
339.7792812288834,113.17054331689238,61.496115364326556,136.2503495884406
339.91146001021735,113.27638320344316,61.231757801658645,136.03866981533903
340.22601709551725,113.09343398388367,60.60264363105889,136.404568254458
340.246526534004,111.64053285772718,60.5616247540854,136.2658496136383
340.6343592384145,111.56351970414418,59.78595934526433,136.4198759208043
340.7971195986657,111.36075893355988,59.46043862476195,136.8253974619729
340.8479096431122,111.13901610624443,59.358858535868976,137.2688831166038
340.9469944534614,110.99055384329277,59.16068891517057,137.5658076425071
340.9108391370462,110.63923828410576,59.232999548001025,138.26843876088114
340.95839847555607,110.56865308347182,59.13788087098125,138.40960916214902
340.92227026351674,110.50766043382296,59.210137295059944,138.53159446144673
340.9389078159132,110.44125878782882,59.176862190267045,138.66439775343503
341.0534392263261,110.16493021446824,58.9477993694412,139.21705490015617
340.9653838391444,110.37210050552528,59.12391014380455,138.8027143180421
340.86042277574086,110.20988979067447,59.33383227061161,139.12713574774372
341.11846957367055,110.09581278778447,58.81773867475226,139.35528975352372
341.21936120166026,110.43443805435214,58.61595541877284,138.67803922038837
341.1360428862681,110.48231989626319,58.782592049557124,138.58227553656627
341.0166321314401,110.43365853532404,59.02141355921322,138.67959825844457
341.0851587573922,110.1849426942465,58.884360307309,139.17702994059965
341.1101713763089,109.85136984514467,58.83433506947556,139.8441756388033
341.11565181279366,109.84521444651082,58.82337419650604,139.856486436071
341.29648409913733,110.06895459291167,58.46170962381869,139.40900614326932
340.86932691159063,133.05756088220156,59.31602399891216,139.1846586916206
340.61676572844226,151.35448486258457,59.82114636520886,139.33579447022166
340.27011009345745,178.36558817296086,60.51445763517843,137.5580031483912
340.1885335674466,192.07386863948798,60.67761068720013,137.6786690817117
339.6628044158218,224.9559369143285,61.72906899044971,139.32945269154285
339.67534184352667,237.2167876946345,61.70399413504008,139.66182085800142
339.7559325390175,251.80654776885393,61.54281274405833,138.48252965134097
339.71256713370286,280.30078236615157,61.62954355468769,137.1356405234474
339.4426861477247,295.7102208037913,62.169305526643896,137.04855616070392
339.17928287342914,309.8176398242884,62.69611207523512,136.56621397434432
339.17015615032375,310.3994774523353,62.71436552144589,135.4025387182505
338.89872864091944,310.49464307311644,63.257220540254494,135.21220747668826
338.78142333427144,310.74986527498817,63.49183115355049,134.7017630729448
338.1958479772087,310.7410392697321,64.66298186767595,134.719415083457
337.84464596029045,310.59462491974716,65.36538590151252,135.0122437834268
337.41302244305166,310.96077107066156,66.22863293598999,134.27995148159803
337.3581663338417,311.12041098182385,66.3383451544099,133.96067165927346
335.43671263573253,309.38613265416825,67.07220258743334,134.32017835138976
335.2729537037774,309.54967062998514,67.39972045134373,133.9931023997559
331.61758245116357,309.617824940447,68.45467567277372,133.85679377883224
329.4918666249611,309.7532394141353,69.56199513249446,133.58596483145558
328.43758343206235,309.9125244833467,71.67056151829192,133.26739469303277
328.05229204499193,309.8517654590573,72.44114429243275,133.38891274161165
327.8676316439179,309.7886018493639,72.81046509458092,133.51523996099837
325.60887144837363,309.7084809918865,74.11411245058872,133.67548167595322
323.88861863809143,309.52814523814374,74.3161233149412,134.03615318343873
336.1071877565176,311.5240200844378,75.85712437500005,133.29167090296443
346.5163427585764,311.7864773811324,77.87622013588148,132.76675630957533
363.4919727269868,311.93680150140017,80.1032434511155,132.46610806903976
373.3449574734201,312.92530364066886,80.32963789280629,130.48910379050227
392.6919094021773,310.9779582456383,81.19257932997368,131.0873908060066
392.780930830565,308.89581211344694,81.01453647319829,131.93185711348713
391.3910516516338,307.5744102355109,80.46486065795845,131.24522669625682
388.58467005253016,307.93148003742493,82.76767010488057,130.53108709242883
386.38204311480854,308.1410310151227,83.83500903367772,130.11198513703332
384.3771426120134,308.4194388783327,84.49532825009112,129.5551694106133
378.5149874924848,309.1748134390946,86.1631896652355,128.04442028908954
377.68576330090707,309.20421995679453,87.82163804839102,127.98560725368961
376.6146357216092,309.0173131772243,89.9638932069868,128.35942081283008
374.44804804483783,309.36019136243505,90.87222414714519,127.67366444240861
383.42276063318155,313.4568715928073,93.4994801725996,126.3391977157114
398.1094152760228,313.51233524213984,95.19737639257193,126.22827041704633
410.0893232775399,313.09473814715557,95.58668987624291,127.06346460701494
419.11444146659335,312.8299091691818,95.02410792216776,127.59312256296244
417.0051665073435,312.79709249438065,95.74626691718811,127.65875591256476
416.4351149920767,312.59193074777556,96.88636994772176,128.06907940577494
404.6454088000221,310.6357828835504,99.261263480184,128.4472886589507
404.17966136548034,310.9945500093918,100.19275834926744,127.7297544072679
402.1151388317867,311.2228550465283,100.73902760133804,127.27314433299492
396.3176931840854,311.5612843025235,101.5799408882801,126.59628582100447
395.9458583140546,311.71934134349385,102.32361062834173,126.28017173906382
384.66791062052755,311.7927551697143,103.3088209444541,126.13334408662283
386.15286263391204,312.1610790983368,103.9477070136822,125.39669622937792
387.1325593039647,313.0039360525486,105.59608562861911,123.71098232095426
394.350332460078,312.33175831811576,105.59380653464353,125.05533778982002
408.94963871098815,314.0833065811038,105.4274824351675,125.18127731413703
421.35865971672234,312.19524329916567,106.00755150520536,125.32910229494088
412.6338434160842,312.2072582503836,105.25758997161677,125.30507239250502
415.67528990203925,312.64700997206955,106.42964716011927,124.42556894913304
409.4926084229687,310.97684688607796,107.89675211919007,124.13314245475951
402.25922155556464,309.11840404191116,107.75641829200003,124.19825125259364
398.0892412334753,309.0835790161672,108.7953099195937,124.26790130408153
395.0492913768234,309.05635968441186,111.20694543429786,124.32233996759223
387.6615856300926,307.1226828152834,111.15161823586945,124.48200903287666
387.3844649967445,306.98421166781753,111.70585950256563,124.75895132780842
387.4719139898239,308.57215748952933,111.53096151640678,125.30549630990629
385.5368500238889,308.6054387547769,111.6729588205776,125.23893377941116
383.95119004900084,308.4429922884018,111.11491229218117,125.56382671216132
377.63348626074395,307.9990214092819,108.84837010538646,126.45176847040119
376.62459276961084,307.6161608390568,107.1632364324194,127.21748961085127
366.8954175341594,305.47300835117653,104.49565234443133,127.81613882679676
369.3894141387364,291.17085803230407,103.16150133879692,127.18970183638436
370.68850684697713,274.6994387363105,100.56331592231552,127.52877353308617
369.7586161252245,247.08936375264568,98.83737685186361,128.96311579105713
370.62367664652146,232.4835305090086,97.10725580926966,129.5383167080691
369.38121869741167,203.45488210693355,96.03209687224675,130.634416148339
370.0661200855737,188.7835778340545,94.66229409592272,131.50392094595077
368.0141484315567,172.7167979365226,95.21639808976488,131.68892691328804
358.3714523265301,142.05328931136512,96.69302508744248,132.46614244152602
360.7489267552922,127.59483538034752,95.53587231480512,132.6006816244672
360.1500088316547,101.23169087363834,96.73370816208008,131.6145504077399
359.74515458447587,100.86934225862652,97.54341665643778,132.33924763776355
353.7455920578766,100.64759520187613,98.7130913104142,132.78274175126433
349.9082433854129,100.31532404688554,99.11634862473726,133.4472840612455
352.01855765952365,99.56659583169599,98.54814965038574,134.9447404916246
351.83240167416704,101.37679543668082,98.920461621099,134.99020943548436
353.8799684257594,101.004450749273,98.49799546271687,135.7348988103
356.2445013166898,100.4403007265976,97.44596527238133,136.8631988556508
348.7049564598117,100.18324862360716,97.81772835853906,137.3773030616317
339.664583733276,101.38016290858066,97.44478717335602,138.67421181933557
346.3855360565612,100.73130513215654,95.11551459925121,139.9719273721838
352.0755602416755,100.81060302502529,94.79129912848266,139.8133315864463
344.89326605164723,100.6454065787648,94.44583184598157,140.14372447896727
344.19881826285825,100.48427908728353,95.8347274235596,140.46597946192983
344.21836927076856,100.51812513149366,95.79562540773901,140.39828737350956
344.88231523435417,102.07816869468053,94.46773348056779,140.98117212951433
343.7579598101914,102.05424173999228,93.0267201327476,141.02902603889083
344.6534366425942,103.95787245086363,91.23576646794201,140.88825122635913
344.4448830762202,103.96076846100188,91.65287360068997,140.88245920608264
343.85536591364576,103.71968415167252,89.19050830778893,141.36462782474135
340.931312835409,75.69470324348475,87.82366892515792,143.30249809783334
342.1444267503712,61.39954009388801,85.39744109523346,142.98504391386157
343.264082909748,48.00901091759967,83.15812877647991,141.22309822396485
342.7436185460382,22.73229585755965,80.69519835724651,139.21864114425063
343.8748600216745,22.477873127940896,78.4327154059739,139.72748660348813
345.22393181208344,23.500876467603177,75.73457182515608,141.08300411075
346.14740965550084,22.52424780997879,73.88761613832125,143.0362614259988
345.39887127406325,22.423769230489413,72.01223863242302,143.23721858497754
346.5188724055006,23.70798053688479,69.77223636954838,144.0118356130775
347.121904947475,24.625748972499878,68.56617128559958,145.49183911457317
347.76239193904274,24.332993966828383,67.28519730246413,146.07734912591616
346.24907959832063,24.076432359963206,67.00955607784208,146.5904723396465
346.609756057352,24.23161821248999,66.28820315977936,146.28010063459294
344.9023427665951,25.537171168931096,66.41528699460008,146.95673746840373
345.0394811709449,26.01971873282163,66.14101018590057,145.99164234062266
345.11139800377464,26.00022866979907,65.997176520241,146.03062246666778
345.09333033556373,25.924433878136384,66.0333118566629,146.18221204999315
343.6864156684224,26.118242183367002,65.56529272307066,145.79459543953192
343.4579464619346,25.78198354002552,66.0222311360462,146.46711272621488
343.2704548449775,25.61017728473236,66.39721436996048,146.8107252368012
342.8912184213377,25.186585194381166,67.15568721724006,147.6579094175036
342.769862726794,25.19948207940709,67.39839860632749,147.63211564745174
343.05407547043956,26.962730673300157,66.82997311903631,147.43247201026492
342.7265524180488,26.791835765839195,67.48501922381782,147.77426182518684
342.5466194189883,26.9258583875486,67.84488522193884,147.50621658176803
344.1275642567177,26.72354470381721,68.01583919197961,147.9108439492308
344.0363987311431,28.38269121283625,68.1981702431288,147.93427169475478
343.93798904941525,28.610456147630032,68.39498960658449,147.47874182516722
345.38959118295344,27.961564963022667,68.83385408684724,148.77652419438195
347.0789961499815,29.800011957324045,68.82367174196068,148.4682577949487
348.50885996553063,29.622752962976904,69.32790823110298,148.82277578364298
350.20431222151615,29.56411761675166,69.31494224834243,148.94004647609347
350.17042896998134,31.075181283769055,69.38270875141194,149.29733812150937
352.1366879494728,32.94112028447016,68.83599470751417,148.9512640351922
356.13027412808907,32.82841461302439,67.59123686500122,149.17667537808373
356.01209842186535,34.06511478699228,67.82758827744863,150.05595222541916
359.3437004105561,31.92773780514021,67.9035748453739,150.96111091646992
359.258074003965,33.302828030629826,68.0748276585561,151.59500296832886
359.24739706229013,34.93330443536291,68.09618154190584,151.7303324795788
360.73678783272373,34.62046230462876,68.51602180418857,152.3560167410471
362.10792447702,34.528036890062936,69.18882710750583,152.54086757017876
363.8563778311669,34.45070643968094,69.1214919322357,152.69552847094275
365.1761665895824,34.21812221866625,69.91255126275891,153.16069691297213
366.33676338391103,36.02551127867963,71.042624579825,152.99718569866863
367.19815087400406,35.82740238328991,72.78851929162434,153.39340348944808
367.99278250269765,35.50330903215776,74.70417407274323,154.04159019171237
369.02464173573276,35.568710410062636,76.18817004042765,153.91078743590262
370.079705462384,35.42170697050045,77.64959506239916,154.204794315027
371.61137626358675,36.966188043830215,78.18740107987186,154.71697978824562
371.225939346404,38.716147284155824,78.95827491423735,154.8350068291333
372.8871022003269,38.797905690047884,79.26893436785473,154.67149001734919
374.55530533181684,39.09846543856739,79.56847322568564,154.07037052031018
376.47230351763943,38.972463631844946,79.36676214951076,154.32237413375506
378.38862165749623,40.300837787072155,79.16663477632457,155.2981347298281
378.4396627167664,40.22036769053149,79.06455265778425,155.45907492290942
378.4112261424278,39.96818379127632,79.12142580646153,155.96344272141977
378.5337992413557,39.45835190738053,78.87627960860567,156.98310648921134
380.2530464667134,41.334980858176195,79.10083553992621,156.89289896965587
380.30145911157626,43.31177276341823,79.00401025020035,156.60492587932043
382.45498300050787,43.45885222207089,78.35668082364892,156.31076696201512
382.4213190355251,43.557309823921045,78.42400875361452,156.1138517583148
382.4139236373152,45.45134001244533,78.43879955003429,155.96829030332103
382.5258148754539,45.78284054030448,78.21501707375691,155.30528924760273
383.9783826553625,45.689274332312166,78.93692380568231,155.49242166358735
383.61486309799875,45.6584822641437,79.66396292040986,155.55400579992428
385.4086106302673,45.825173039906744,79.73217140392448,155.2206242483982
385.10805537786126,45.67251673125598,80.3332819087365,155.52593686569972
386.2453121410928,47.47757061890087,81.72559487489684,155.58265558303344
387.613966689563,49.386505620015654,82.67989743447649,155.45639723732378
388.9921006554015,48.94399098295639,83.62976703640149,156.3414265114423
390.3496375120378,51.09458077818442,84.65014589232001,155.77569949017732
392.2096915533115,51.10317336237652,84.67462287361158,155.75851432179311
394.0336640737979,50.77375624452094,84.77142805236484,156.41734855750428
396.18132724581596,50.51984325510422,84.23222152860036,156.92517453633772
398.31782478514816,50.35017538725262,83.71359888412827,157.26451027204092
400.2784636951914,51.72390683801365,83.54280047873473,158.26752678521183
402.5977699642742,51.697824800694946,82.66649411913689,158.31969085984923
404.66758764390806,51.509881273618475,82.2748733766,158.69557791400217
406.36782466051477,51.416552298471316,82.62119750527339,158.8822358642965
406.9613786944322,51.2124834461533,81.43408943743852,159.29037356893252
408.98100993959343,51.1470425940187,81.1358667715929,159.42125527320172
410.86529503615895,53.13888785990363,81.10511029759115,159.17537846056126
412.42983300551737,53.03605686431875,81.70971201418979,159.38104045173102
412.4672064817727,52.985568920924635,81.6349650616792,159.48201633851926
414.0248196054214,54.761401248989245,82.2670542316983,159.67766709970647
413.70425847841017,54.791007120423885,82.90817648572069,159.6184553568372
415.0968645101324,55.009008018046046,83.89421686036236,159.18245356159287
414.7008075683616,55.19543773570402,84.68633074390391,158.80959412627692
416.49826676478494,55.188193160883614,84.88131611582018,158.82408327591773
416.4121689768975,55.013538180292386,85.05351169159506,159.17339323710019
418.2844953271848,55.15025928419614,85.11041363223178,158.89995102929268
417.86681495819363,55.28917308510239,85.94577437021412,158.62212342748018
419.7765689891304,55.22670687146177,85.93497887972875,158.7470558547614
420.98030924254937,57.11238228086326,87.33786789063166,158.7860745536993
420.9445721155806,57.23813039994134,87.40934214456917,158.53457831554314
420.28985763126195,57.17186685716081,88.71877111320646,158.6671054011042
421.765210766254,57.08302618918053,89.6247760681153,158.84478673706477
422.0801563310668,57.11477868451594,88.9948849384897,158.78128174639394
421.6895543890963,57.07219541031735,89.77608882243062,158.86644829479113
421.52974979178776,57.30739655817227,90.09569801704781,158.39604599908128
421.09401034769246,59.08636529416731,90.96717690523833,158.7142334397982
420.7271912294994,59.05820497035471,91.7008151416245,158.7705540874234
422.4149427158545,59.355442985327386,92.2342298904629,158.17607805747804
424.7175518112548,59.15100382015602,91.53814897080548,158.58495638782077
426.53549124303703,58.66539707929401,91.80567788560832,159.5561698695448
426.6009850246681,60.703251259437394,91.67469032234622,159.40280415506027
427.10515335006477,60.632809739836006,90.66635367155284,159.54368719426304
429.20759807759885,60.417376257038555,90.36427769829328,159.97455415985795
431.251998711782,60.40730247374347,90.17953169200091,159.9947017264481
431.18146207090683,60.02684355533489,90.32060497375116,160.75561956326527
430.92035967227736,61.97639563479251,90.84280977101017,160.77138220717683
432.8822907693807,61.967980408195274,90.84293234591867,160.7882126603713
433.1749163381576,61.77636676007353,90.25768120836497,161.1714399566148
433.38134173034854,62.17578727182271,89.84483042398304,160.37259893311642
432.74516199569786,64.14444148942293,91.11718989328442,160.3363935600904
433.12420625023657,64.87670277599489,90.35910138420697,158.87187098694648
433.39001769542625,65.37043808345594,89.8274784938276,157.88440037202437
433.53893822360124,65.55104960528988,89.52963743747759,157.5231773283565
433.8537724901018,65.84151217782897,88.89996890447655,156.9422521832783
433.9387744349277,65.65280832598704,88.7299650148247,157.31965988696217
434.018570678292,67.61103291435636,88.57037252809602,157.24018493745606
436.1994700791888,67.49484727395402,88.04165702707496,157.47255621826073
436.3824017604994,67.40562629833909,87.67579366445369,157.6509981694906
436.67691044975504,67.20416645412165,87.0867762859425,158.05391785792548
436.8603387280101,88.8555504131057,86.71991972943243,156.76924715935098
437.71977803995185,96.94311897895177,85.0010411055489,155.77249999985523
439.7960029072422,96.52184561238357,84.59912809236394,156.61504673299163
442.25761962564917,96.3447754614009,83.4319802585308,156.96918703495697
442.8359527225982,97.79259715415103,82.27531406463271,157.8148461195658
443.30903053779076,97.49911052151698,81.32915843424759,158.40181938483389
443.50272478517957,97.40336169246751,80.94176993946999,158.59331704293282
443.8054523977846,97.50124254903736,80.33631471425991,158.39755532979314
444.22522902156504,97.54057557237189,79.49676146669903,158.31888928312407
446.4118084551207,97.66527715732501,78.81694581729691,158.06948611321783
446.5241910862481,97.25512254550502,78.5921805550421,158.88979533685782
448.5517123838931,97.24603489230842,78.22317867902898,158.90797064325102
448.29807084427455,96.71880038544188,78.73046175826606,159.9624396569841
450.5722523099029,98.63221208757342,77.88622339466986,159.83974082038154
452.53527853623353,100.3794638863044,77.6478521844986,160.0329184654095
454.53235987153704,99.80552322696761,77.34005188324514,161.1807997840831
456.9910699229069,101.26812179707494,76.12039831195246,161.95336917531546
457.3781093412274,102.84582442085309,75.34631947531145,162.48573779856633
460.0071372018616,102.40402558347775,73.77026559490733,163.36933547331702
462.36068812959843,102.23865720029777,72.73039955529228,163.70007223967698
462.6979583716325,103.29405352091675,72.05585907122406,165.24304342751952
462.8831801184105,103.08895981919827,71.68541557766812,165.6532308309565
464.58238815920794,101.96207640854193,71.95064780471775,167.90699765226915
464.4684729348335,101.92206862096117,72.17847825346655,167.98701322743068
465.8413210182493,101.69019831792977,73.13891474691957,168.45075383349348
465.557410585493,102.20038651373969,73.70673561243215,167.43037744187365
466.9241472590875,101.98745798696226,74.6982984873361,167.8562344954285
466.54305536105477,102.06547702738354,75.46048228340153,167.70019641458595
466.3205588972215,103.44944285421096,75.90547521106815,168.69205820412373
468.397772727625,103.7128740084111,75.53305513085606,168.16519589572343
468.4563902416738,104.25071615407558,75.41582010275852,167.0895116043945
468.5318054750178,104.30145288682417,75.26498963607048,166.9880381388973
468.58212514533636,106.31364654551498,75.16435029543331,166.70967192130922
468.5807613474004,106.2494652768669,75.16707789130527,166.8380344586054
468.65200955862974,107.91293055097852,75.02458146884652,167.25322799622134
468.5682834488364,108.07276587097819,75.1920336884333,166.933557356222
468.61743594901037,108.13988562639577,75.0937286880853,166.79931784538684
468.54803103210367,108.51003791540839,75.2325385218987,166.0590132673616
468.3415126369242,110.48552681213079,75.64557531225768,165.8399950211816
469.9705863610059,110.33128565999088,76.12344786626998,166.1484773254614
469.9280349015169,111.91672592412132,76.20855078524802,166.7264738027992
471.82636326379696,113.54129084033123,76.1706642445703,167.23611415426168
471.89098061030035,113.63705642982252,76.04142955156348,167.0445829752791
461.68883959634456,116.3748585633499,77.64339027935982,169.08990722827048
438.63968295262885,115.28404407952183,77.92254859292142,171.27153619592661
433.5792519032939,116.7497730457992,76.47881449885064,172.1949436609521
436.0449909969842,117.3161674809768,75.3902510856555,171.0621547905969
436.9002491751276,119.48549001859531,73.67973472936862,170.5308388959675
436.9254809018975,119.85709431152989,73.62927127582883,169.78763031009834
437.0739477523351,121.52875993323431,73.33233757495373,170.20211665141863
435.3372937203814,122.85758372638355,73.04707210124104,171.30304260274022
435.7165953621121,122.70579623599218,72.2884688177796,171.60661758352296
434.1293196513994,122.51584757954502,71.70260961296948,171.98651489641728
434.2211736955947,124.66550356582377,71.51890152457881,171.44270972814604
432.3841975793158,124.69620726938977,71.44845822435762,171.38130232101403
430.88607135728563,125.93216457656588,70.70245185467913,172.6516465204007
430.8469616715175,125.6889465058787,70.78067122621539,173.13808266177506
429.0490216991076,127.31970365792844,70.62081573589481,173.632303792816
429.04092268995834,128.90008035697778,70.63701375419325,174.23156382140002
429.3842237220285,129.0700374612619,69.950411690053,173.8916496128318
427.77156787777113,130.4157660540845,69.42392200495009,174.95199380080427
427.8856371153423,132.25885626757753,69.19578352980774,175.02347798578387
427.7363563895893,131.8761757369129,69.49434498131379,175.7888390471131
427.7517499414826,133.64829182618206,69.46355787752712,176.0155686350599
427.42445514330484,135.4490799932155,70.11814747388269,176.18766456347984
427.22501796065234,135.15893308366003,70.51702183918769,176.76795838259073
425.07436455231027,134.82036480896744,71.01500637733149,177.44509493197592
422.92176171043104,134.51616422725738,71.49825270703668,178.05349609539604
420.55831539745986,104.79298521585233,72.38580334122831,179.9097242419441
418.174403291394,90.84537192070431,73.27172389917058,180.6316252529141
418.29302418368593,92.06661569847878,73.03448211458678,182.0972322715391
418.7044080498646,91.4177920767193,72.21171438222952,183.39487951505808
417.2492282323477,93.31001377115871,71.19312772626631,183.53938241717617
417.48142033560094,94.84325686388988,70.72874351975986,184.3856793880899
417.7921635641265,94.53906493642413,70.10725706270873,184.9940632430214
415.98378158039293,96.0609835786752,69.80985297948067,185.86439400921455
415.9942904140345,97.11616558690876,69.78883531219758,187.6753264049929
412.20750825541955,97.00791815043392,69.46866128258455,187.89182127794257
412.13205632801913,100.79738026697181,69.61956513738542,188.20128750028604
412.0710817906512,100.92946744895785,69.74151421212123,187.93711313631397
411.88803036099495,101.03282434274982,70.10761707143375,187.73039934873003
409.85065342036853,93.08064617752885,70.22896689051487,187.82113943048546
409.66633506615153,79.41865620397822,70.59760359894887,187.44688363736608
405.94217085747727,53.2498223212027,70.12960357329204,188.32841652338166
405.4993158925222,49.07015744247374,71.01531350320217,188.7630083392367
403.307226258564,50.542925213767134,71.41494058705797,189.80202498071046
403.0071976413798,51.797313451735704,72.01499782142643,191.2998902614927
402.7264958462991,53.62089287152811,72.57640141158775,191.69164895407815
400.51024452137466,55.32166924435623,72.95426784223535,192.34473242762311
400.1483991288517,57.013911249325076,73.67795862728128,193.03104720436858
399.86947913588557,56.665347960454994,74.23579861321357,193.72817378210874
395.7468834988319,27.7877951794667,74.25363683295923,193.89180796355393
395.37087894678393,27.818579821385242,75.0056459370552,193.83023867971684
394.936439973066,29.348071126527728,75.87452388449105,194.90021189956002
392.44693290233243,31.044503291048386,76.69363718748374,195.66724840899315
390.04352615504575,32.822590101805844,77.31485699839077,196.29666847114464
389.8415832281398,36.67657834305889,77.71874285220261,197.0002107409027
389.6286348970079,36.69775999549307,78.14463951446643,196.95784743603434
387.4776218385181,36.831573889590445,78.21656046098457,196.6902196478396
385.3544649513702,41.1290880134612,78.23533473634947,196.55027039796005
385.259203835594,43.18645187413473,78.4258569679019,196.66140369745168
384.9784299801487,43.136531785862815,78.98740467879253,196.7612438739955
385.0114561069872,45.13066697475668,78.92135242511537,197.01529699502396
383.00168925360657,47.04314669617315,78.69608349254439,197.43514019152332
382.77012628372046,48.98229812261826,79.15920943231659,197.803661634109
380.4943427725286,52.38060402626334,79.45037928412614,199.5278441679672
380.29199549362687,53.795606049291024,79.85507384192965,200.98825249807754
380.22482790518563,55.467387230775145,79.98940901881213,201.9633465846193
377.85980446612575,60.835282377998624,80.38437017671421,204.23281345082518
375.5275488141514,61.834533302586536,80.67409273019149,206.60910035212075
375.4577765490194,63.238768359131356,80.8136372604555,208.21476516436334
373.1230006656996,64.81659646283879,81.0434825051526,209.49881547889095
372.87103508771133,64.66737125751118,81.54741366112914,209.79726588954617
370.4520292382119,66.3730235111349,81.90983269905112,210.8615540433757
370.43526302668977,49.85468081994037,81.94336512209529,212.41659128346174
368.5152679825994,34.029140941410745,81.26304006725644,212.42546503938482
368.80216883716287,26.313077138257142,80.68923835812964,214.33289949134434
368.35942776974895,18.63858317928404,81.57472049295741,216.106059917849
363.39539638805115,20.058623789828545,82.36951275101106,217.832613949431
361.2365442027128,23.278721293248168,82.08152353665713,220.6038061126531
360.89575883792605,25.244949200407163,82.76309426623058,221.31157941233008
360.78970385967034,27.09925530202939,82.97520422274202,222.26562097382802
360.73315552435423,29.095060666369562,83.08830089337422,222.95415739819458
358.0712483566789,31.359254239236023,83.72006405223073,223.11782142895575
358.0938854406339,35.53465633221117,83.67478988432072,224.17857391534926
358.0718640439657,35.33335992407794,83.71883267765709,224.58116673161572
358.2372099865919,38.12695768324325,83.38814079240478,223.72069873768888
355.9514010182897,41.613296409196195,83.2513203013856,221.45645971340664
355.49505058880754,44.18112004718104,84.16402116034985,220.99433539842718
355.44890875460976,49.61354619342916,84.25630482874547,224.17941840555284
355.5032767296492,50.44455362574982,84.14756887866662,227.2480549538725
355.27170849211257,55.76683777547359,84.61070535373983,230.92147162093153
352.6674465607086,57.375020875528264,84.9856135724705,232.53872106489945
352.41713195194694,60.81365506220027,85.48624278999372,235.38852227341658
351.979942647408,65.05939867045115,86.36062139907166,236.72375328339575
351.79090699648276,67.24152268087543,86.73869270092212,237.3077774667407
351.5267343170339,71.7292359153015,87.26703805981978,238.2592761398423
349.03022663572574,53.44630419623718,87.27342694655361,239.91875424679301
348.8301764968639,42.46143114443433,87.67352722427732,241.84655047602683
348.98594763562323,26.867896918631487,87.36198494675867,242.76181634065722
349.2498549131383,8.661648257623696,86.8341703917286,243.80506960404668
346.7282777366592,5.900637097265388,86.81923105314148,244.2689982332181
346.2340392802207,5.815472241263848,87.80770796601848,244.43932794522118
345.7553111791483,9.844738348959652,88.7651641681633,246.5504022023067
342.7577720788231,11.659246520924228,89.62791846605666,248.0537097611346
342.20744032431827,13.012842200795063,90.72858197506625,250.51595694432035
339.3240555141658,22.590996787180217,91.27078142790418,252.25792844141773
339.20817220150417,22.219800863099834,91.50254805322753,253.0003202895785
339.05095620871293,24.259351817460384,91.81698003880996,254.1953242640176
338.6580128963681,28.98240041410284,92.60286666349964,255.34299858290564
338.4082802639258,31.975653094010454,93.10233192838422,254.68401381590667
338.3910169414937,34.42215470967592,93.13685857324845,255.1181341957117
338.10641991113425,44.4535182204842,93.70605263396743,256.3912462934596
337.97407704116597,45.95319385904247,93.97073837390394,258.75435990434585
337.8273694715504,45.65642651613237,94.26415351313503,259.34789459016605
336.968995593727,54.89267282779528,95.98090126878188,262.5348320771544
334.33330996636704,55.9801716459514,95.76078066070188,265.8513263036421
317.21380988747615,59.73171249359362,96.7900900855934,269.4181415193211
296.9942389532571,69.28183411248702,97.99716034135048,272.7362249173521
293.83959068033454,70.85910667873625,98.63257843295155,275.25555823909775
285.0453089023474,72.6287172345242,99.05693791378499,277.4377384859021
264.51758193698487,80.96055097958117,99.79044246610769,278.0549064436749
255.96667557148947,88.59838416866958,99.54507848294962,280.1264167796469
249.62436566548084,88.19251617976872,100.61460789991217,280.9381527574486
228.56373056123158,90.2670142696438,101.86612621917244,282.62769256187534
225.4401530163999,95.27639724802788,102.22792334759086,284.3796425275972
201.33767363038538,101.13181061389994,103.09722738155655,284.5027294803689
198.60377292887023,111.9205403320924,102.63057503227574,286.6630850532282
189.62519316413437,111.10750178227372,102.71706254199732,288.2891621528656
168.04571415306293,115.12347067368395,104.00415706625338,286.2389191554575
167.541539233602,121.32694699323912,105.01250690517523,285.7833542529496
167.09943952697546,123.42644965837002,105.8967063184283,287.5717471897741
169.20714684682463,134.95336515437546,107.7102578385371,288.633780836992
171.32477540085722,134.8127942815143,109.55188973709213,288.9149225827143
179.49425331809027,137.5762595080828,111.55514716060335,289.50206321556976
187.3924622648429,150.07879066114984,114.23416711497987,289.1309180399447
189.50622940984826,150.4901682077585,116.20776239535121,288.30816294672735
194.43266452603388,153.44863341047946,118.8039475034758,288.6157602115333
202.90026789521482,156.95272393176379,120.6943004708636,287.88276573754786
204.85595854785305,164.0444913734873,123.08109276694617,286.29557805681907
206.86013677273678,167.14966176807863,125.39021998781335,286.402720938271
213.56006518644398,156.37067790975513,124.70994475917165,288.8813162567589
220.23764236272442,145.04831529861286,124.12214878740774,292.37500390784794
232.53268845177223,119.92550430747178,125.22733333743622,297.6538916159128
231.97917964914998,111.94635769784014,126.3343509426807,300.57282232925934
235.00429712953323,100.70816895899281,126.86558694406294,303.3047869205077
244.77029494478532,75.71411103542027,127.22463730410146,306.8804621230531
248.25350537533132,71.40671529364388,126.94655547269085,308.80691457692444
248.012068076091,57.24828685390665,127.42943007117154,310.2790142688556
257.5287973755858,32.93641278282581,128.61899303695594,311.7157120932113
261.21222277821016,28.21605743700414,128.03502159938944,314.37354341717236
264.06571857210116,20.00123939274033,129.13884566947127,317.1815481899724
