480.0,321.0,62.0,98.0
479.5620161434032,320.822564872541,62.87596771319366,98.35487025491796
479.45036522441984,320.95793006830223,63.099269551160326,98.08413986339555
479.55421989453345,318.48450800090654,62.89156021093311,97.98432527474662
480.0049416103554,316.3603681282997,61.99011677928919,99.71424045499961
480.0992254464142,309.7714081657695,61.801549107171596,100.24645143145054
480.8319281699002,309.6560455350885,60.33614366019956,100.4771766928126
480.10600771897253,310.7288448963713,59.27529257477617,100.84426995752577
479.16794491951407,309.9222617753351,58.651184229136504,99.95720225504171
479.34497523060963,309.26333377380547,58.29712360694545,98.79855457556096
478.4591411297977,301.66818866333443,57.61548500495199,99.2690039747987
477.187232199078,301.9030931035782,57.710547823965236,98.79919509431116
477.19912058249224,300.7704764200722,57.686771057136696,98.62103469890249
477.2155274796081,300.75949279208464,57.65395726290495,98.64300195487763
477.0608579513581,300.8335705195834,57.963296319404975,98.49484649988
477.1517011878938,300.4781175932755,57.78160984633358,99.20575235249592
478.0561657028551,296.050297185215,58.42331143440105,98.25887069665684
479.67798072525807,295.8266801428059,57.62709918518764,98.70610478147498
481.18272928395754,292.81198993202395,57.058201458491226,97.4136870309311
481.5460106548368,293.3039312885528,56.331638716732755,96.42980431787342
482.93507415047486,293.55530751112065,55.93839461126807,95.9270518727377
482.91008826313885,293.9872469084804,55.988366385940125,95.0631730780182
483.0155470938196,292.54310459274404,55.777448724578726,93.23389233143703
483.2702470079489,289.37578460581824,55.26804889632005,92.58444986999577
483.3154733762156,288.68908245043616,55.177596159786646,91.64808266809771
484.71873751784904,285.7803208137052,54.665381277669894,90.58266573810911
484.7402441176851,286.1347190826077,54.62236807799772,89.87386920030411
484.66588027966486,285.3229442656415,54.77109575403823,89.23888012808803
485.8788815940379,285.4867552260419,54.59666878144324,88.91125820728725
487.18109051887336,284.33734170134437,54.23600846120502,88.96632772724939
488.0340247957047,281.81303154773514,54.76865266860163,89.5379225123495
489.3671446591569,278.344019452596,54.35840637742949,89.70796639543119
489.49559552391247,277.6652913823157,54.10150464791829,88.81379974905137
490.0290886554576,278.01558337778494,53.03451838482802,88.1132157581128
490.3417398887149,278.1662953376227,52.40921591831342,87.81179183843727
489.7719939640872,276.4034729910163,51.35816873315319,86.9563584628184
489.83091489553505,274.6015414248707,51.24032687025749,86.24007979449203
489.95729335937426,273.68180079355096,50.98756994257903,85.9321267449822
488.95670077197786,268.5784726656146,50.850167637613886,85.44584560206565
487.70829431828594,269.03225011684793,51.217942901480576,84.538290699599
486.3626319873881,267.93662581048613,51.78753407196013,84.60780582100637
485.9438888556128,267.88347367039853,52.62502033551083,84.71411010118169
485.6188218830611,268.22047218350446,53.275154280614125,84.04011307496975
485.6102499299733,266.5884180447745,53.292298186789765,83.00655361043104
485.82900672622213,265.2644863413095,52.85478459429214,83.52076837975773
485.79886105080016,261.11198762934623,52.915075945136124,83.28964918902393
485.1414604979816,261.5081035835237,52.0982965787275,82.49741728066913
484.5001455692068,260.5526185882615,51.27486760507766,82.30232843999401
480.86557523473385,260.5816752125319,50.186638146324,82.24421519145321
481.4154667469006,260.6715967317692,49.08685512199039,82.06437215297854
480.7588908179928,259.6715582615087,48.3510213330153,82.01546344670874
475.6952795176535,258.49076669284665,48.29908843351951,82.34121548399797
475.64841186101023,257.2000107024231,48.392823746806,82.88293652513607
472.2290819071859,254.96284881576582,49.08322547429624,83.25842151167839
472.1521614473316,254.06118899960393,49.237066394004856,82.99506621274747
470.8662585058011,252.80918492792176,49.743511116670575,83.43371319571655
469.7390706811726,252.79860843339267,49.91745225920724,83.45486618477474
468.15409937378024,252.80110166890552,51.003710358434475,83.44987971374908
465.9358179601281,251.86204559905312,51.23645371818521,83.22608211967707
463.98694145938873,249.41454382270874,50.92923583861236,83.91611479131434
463.52190013756774,247.98081082694745,49.75171435099642,84.67597665157894
457.75135266467476,246.1432567573048,48.69860123268103,84.15301543616374
456.7287412929026,245.98078914687494,48.67038177858886,84.47795065702348
449.400576685456,246.5802700841009,48.78224042605531,83.27898878257153
446.7405868005644,246.18447171965028,47.91655145507962,82.00869593121993
445.9941074120503,244.4023132712209,47.38112945956798,81.51625128299902
439.0974559728137,243.2966708418672,47.090387262930165,81.7155297024048
439.3316274340787,242.45162125546517,46.62204434040018,81.39559519813143
438.48038180037906,243.2310670363629,46.327189977986386,79.83670363633601
435.114600544126,243.51850763533014,47.15104779359764,79.26182243840151
433.8473890164536,241.4511990544961,47.710838605636525,79.44717511345763
430.2678287746745,240.2908632946946,46.922618810624584,79.78101156341813
429.7638806661797,237.62079664423877,45.95202749669315,79.18568227156669
426.2250757949879,238.03757107662307,45.21675266177114,78.35213340679812
426.37347631690443,238.48092256894142,44.919951617938054,77.46543042216139
419.69870318962853,238.32976647505592,44.8979853334793,77.7677426099324
417.73012873794494,236.698258800715,45.00648033650401,77.20210405827187
415.7887032932072,235.90707512387277,45.073781294254744,76.87669644609396
412.92121505636925,235.32086700676223,45.09650662370246,78.049112680315
410.8601960020137,232.29742356657823,45.374815093005154,78.33040510157045
408.83269718012525,229.55389823909175,45.56830501473012,78.02519417346542
407.78423951401663,229.9537094028595,45.73571752970776,79.15507466316942
402.8213690217082,230.14157420418832,45.91595344923664,78.77934506051179
402.78725387894116,230.74017281588942,45.98418373477084,77.5821478371096
402.85180298945886,231.02149640911028,45.855085513735396,77.01950065066788
398.9957221072217,228.07371088024433,45.88960562582763,77.15684046911312
398.2806994759419,227.54760926136083,45.39761555355035,78.20904370688017
396.3215685194227,225.26130077107427,45.45719726891609,78.92298048978056
393.2867390617659,224.6560034680985,45.70404521668972,80.13357509573214
391.04723155421505,224.49943403213894,46.256932455661754,80.44671396765128
384.83254642725086,223.0386114028995,46.82377109471089,81.39127062365029
384.6249768658979,224.0983274667408,47.2389102174168,79.27183849596764
377.25135661220924,223.01034550695744,46.17603440788521,79.47153787592083
373.8962279505199,222.0030291486328,45.04126420117043,79.52491371004675
372.2081934048847,221.12329048105383,44.53175396153909,79.34160137975374
369.67823843507426,220.5057076899596,43.797434897158396,78.64535729394171
367.42170253941345,220.7223303602837,44.493287421192576,78.21211195329352
365.4655621348017,219.35921362535365,44.57748443298992,77.11026162572745
361.7594226755297,216.79755073881324,44.393186622577915,76.53615485209126
361.52426926384896,216.07761082641625,44.86349344593939,76.08852860901045
358.7486717292317,213.31087555846295,44.74822446938664,75.95553509912978
355.03247093201855,211.33100204514875,44.64103866147863,76.14548842459098
354.0876205831961,210.83402858515709,44.64483433966983,75.25353032512068
354.0145403063949,210.20242341931998,44.79099489327217,74.64402260005633
347.4752616382028,210.55654352137475,44.80671239435591,73.93578239594683
346.52343705873756,209.71315480163562,44.854520725839,73.76671900797766
339.6187359049894,208.87239384707067,45.68503246198817,73.59411369262935
333.17118532514974,206.85653401962938,45.521544475319175,73.89480787712671
332.4237953863062,204.0241340268458,45.14906964717832,73.95784374521008
329.68532590794905,201.89859407402474,45.04021193285019,74.48505920349055
326.8696626710332,201.1530168192683,45.067675666576974,74.10825946630182
327.0296600362007,200.92231038248391,44.74768093624199,74.56967233987059
325.24727450389014,200.64193000976064,44.58388572675587,75.1304330853171
322.24037661710116,199.4105404734689,44.988105196384566,75.72335338991752
320.36958824446833,197.65272640851597,44.958682065539925,77.35348158176822
315.7241165212697,195.67702289952976,44.70356758833091,79.39567701501936
314.75659994969243,188.6370276216126,44.703467082369365,81.86486567615707
312.9021748763724,188.92675864829502,44.4691031636792,83.25701065545736
309.7746732232516,188.86350675680094,44.759769271362096,83.3835144384455
309.51648429499437,185.61624371560015,45.27614712787661,83.89317162112579
308.66819686456125,185.88094944120306,44.96141448678803,85.37506767187477
306.43902539336926,182.6270867257238,45.364306606884455,87.82734228054571
299.81548691457147,182.6794585445212,46.18726889035959,87.722598642951
300.44732015380356,181.25335646846693,47.0069042974728,88.49150090948206
297.8436788595976,177.70112100135924,47.996821138411036,89.26992322248705
299.36888219372645,177.0871107474897,49.22063932053001,90.49794373022613
293.6001724642421,176.83036240675824,49.87728337565945,91.01144041168902
294.57905614826404,175.83488208135117,50.11446778909024,90.80744928102854
293.1468776803963,175.7038223346135,50.78283488264673,91.06956877450384
288.7259389983306,172.10684790660395,50.77967804329941,91.62974197791402
286.76554161038354,170.39041605880823,50.26150961807751,92.84312407294742
289.9563862341837,170.10343384133688,50.5654252620763,93.41708850789014
293.08027325753056,168.29203456271367,51.04423778317521,94.79769154253904
289.85061814856755,166.533450060752,52.96207376875199,93.77338631411325
276.00099959527984,170.6780702844873,53.20121299864332,92.34917033581371
297.85805676670554,165.71711806248734,52.641992908152304,93.18583388457984
274.4715251872551,168.34904586882996,51.65678140042755,92.47038538300181
274.884252897482,168.30284498780748,50.83132597997381,92.56278714504683
276.44938747536906,169.77351969729907,49.935196532984726,91.85557743484867
277.3406344663588,168.0290083422327,50.36109623549013,90.92781277601176
277.44068671799005,169.52110040070232,50.160991732227615,90.14560338911518
271.2237150628657,169.9155669389212,49.472893677842535,89.3566703126775
254.635602974761,161.7650223336699,50.19482425902517,90.5124225121676
254.23254421866875,158.3144190281799,51.000941771209696,90.83461931314848
270.9055043397485,165.83780093109985,50.82751379670161,89.05685241436923
269.63732903515915,165.58297630055105,51.18162442696893,89.56650167546684
256.24585457381363,163.82720234342995,51.61494614024626,90.8822473222579
255.98116100569155,162.45147080239633,52.14433327649047,91.41106278992542
256.6516139122148,160.12192810724187,50.80342746344388,91.59120395327943
256.947435923565,161.42867493556798,50.21178344074349,91.19702760260691
254.2379046380755,157.8503658633916,49.02063837922318,91.74343811446033
254.67276541494897,159.36432531929893,48.15091682547623,93.09768630431788
254.9405945867526,159.81635852097054,47.615258481868906,94.38967229827328
255.2012930545476,158.5856237830195,47.09386154627893,94.64538054896215
252.98329521918288,159.47252806865816,47.128883808894784,92.87157197768485
253.0397306280697,157.00250189262448,47.01601299112116,91.2862879840757
253.17153998834786,159.34904585073608,46.75239427056481,90.89302548557576
252.29122958956913,158.45315699681706,46.37341662040535,90.54520474569686
252.63192670545337,156.90069181861807,45.692022388636886,89.3942113470518
253.0045144168105,157.374303163045,44.946846965922596,88.44698865819794
253.36899509388647,156.8668672349851,44.21788561177069,87.38928256844137
253.3693127852631,157.55118326392642,44.21725022901738,86.02065051055874
253.4703881485706,157.13959312745533,44.01509950240238,84.81942579263088
253.29321324139454,156.74273037195357,44.369449316754555,83.60986262878339
252.76761786008623,155.20550202592727,45.420640079371125,84.69272238029552
252.4348838594759,158.90684402708874,46.08610808059184,83.36672231085754
252.33120754066007,153.90605594700062,46.29346071822344,83.28138795180165
250.94700936941115,157.15330524703688,47.042199513512266,82.84586199335611
250.19134622157574,156.5917127862275,48.55352580918308,81.94308650490316
248.69786271300646,155.61880848102746,49.502314830729176,81.85071711971074
248.59602528559483,152.40809310992,49.705989685552446,82.11371854988964
247.91529782135328,150.55822563349295,51.06744461403555,81.69313880011805
247.24384429072114,156.36661597506196,52.41035167529981,80.46017864827586
247.43503365199797,156.61625179338665,52.027972952746154,79.96090701162652
247.1284388167823,152.7671754128628,52.64116262317749,79.39147768561676
250.63954000124636,150.21726530175224,51.82463405769626,80.3541820388733
251.15115129735318,156.8916582270389,50.801411465482616,79.42178981753962
252.30983933514455,151.27257506626583,50.52237463249753,78.42992068349976
255.045389689229,144.73681889150012,49.088915240397554,79.38850908482438
255.44394984879156,140.33529385657695,48.29179492127245,80.1549556307332
255.37947583026548,143.47816206431534,48.42074295832463,79.89071072819625
255.10799062133856,141.99114805197604,48.96371337617845,80.85933719165715
256.5594562925644,142.16539666466883,48.08975512090149,82.53981305344612
256.44313743603925,139.9885234555722,48.32239283395177,82.81516804052195
257.34014523661295,138.41787684072844,48.575598431146574,83.90924007186726
257.30298478275165,137.76006226256857,48.649919338869196,85.22486922818702
257.21602278044514,138.91977303430457,48.823843343482146,84.9939494174499
256.6385449813677,139.0999711613664,49.978798941637024,84.63355316332624
256.5019366630606,136.60619232831658,50.2520155782513,85.41662266576105
256.40470351554154,136.15520267712472,50.44648187328936,86.31860196814478
256.60545976067317,136.2083531587051,50.04496938302616,86.21230100498398
257.1163827323113,138.0300244068091,49.02312343974987,86.82256271610541
250.8425326457342,132.92713372754653,48.85984374250951,86.43586084930166
252.239462272126,136.56205630314304,48.17598203267377,87.60600586990017
250.72262181813113,136.54900662007825,49.09402368627079,87.63210523602976
248.8251872688861,136.52782758585116,48.625538138135994,87.67446330448394
247.013943320721,133.0808261566329,47.99938507882358,88.19550472945653
245.9400601596407,134.54928941561235,48.025831583446056,89.50121784657398
243.9203830972639,134.39636078675503,47.78315289879123,91.94809150899282
240.7027056155889,138.77974322984213,47.69998944321448,91.8726845147209
241.91815550807297,133.90242359855364,47.43939035477396,90.77582029465995
241.65893472126942,136.160018946904,47.9578319283811,88.41033297408819
241.49524384856676,134.26809575053557,48.28521367378639,87.94662549776442
240.91154637841353,136.56709972578003,49.45260861409285,85.47114942520871
241.24268141174838,137.11118641443147,50.89610927590763,84.38297604790581
241.77642746422097,137.01889816200503,49.828617170962424,84.56755255275867
237.1163137927745,132.11681588715274,48.655220792316804,83.87809338092461
238.19064151161157,132.6978326488076,48.57519482713148,82.71605985761491
240.29279458451924,137.22728441743268,48.47094472486401,81.85726840746035
251.62603594175226,138.2212782716926,50.230549984032805,79.86928069894057
237.33294159802415,135.28171837398253,50.32000202747895,79.64195692778709
237.5879065965256,139.73507578558838,49.810072030476015,78.86956402276064
233.37426060152225,134.23362829578957,48.16990748732284,79.80500246919831
236.20694737893467,135.06558645122595,48.50423311952956,78.14108615832554
234.03378117792434,133.69180795543153,46.90842066119883,78.90792819646394
233.650615060772,137.65756416716533,45.70947922973211,78.83751043608217
234.15233784370955,135.06626256225127,44.706033663857006,78.18827345420127
277.6087385831706,136.87171382944024,44.071837538265456,78.41197560219351
276.12840946359506,142.17998314391664,43.212830529667244,79.25443271648822
272.84835079371226,139.57672692908807,42.142450491977,80.64569645741742
270.18169195649676,136.59892536365493,41.746498031842194,80.87202945371787
263.7503277966215,138.1571188552156,43.17162661847664,79.66190909278254
232.68981223661297,130.31920210205627,42.16602097346386,78.12138711772938
231.97331812592893,131.23062402461002,41.725995272402926,78.17155719505085
231.08758040178782,131.8725534574381,41.63125567566377,78.75391337441607
230.63338668503548,134.40051429531968,40.666483376231106,79.31747089746507
230.10554349250367,138.94977843967797,39.85732921861349,79.54314532215452
255.09617587639497,135.86147215601113,39.93878625318474,78.30305836321357
254.1716406631483,135.06397451391732,39.95044674668407,78.06064371440714
253.69347506546583,134.1032544193493,39.0727223650478,78.14802832654203
251.59899442594,134.2380238267376,37.8011604953478,79.6986638946827
251.62118716415543,133.42496875834865,37.75677501891691,79.5040292534552
249.70965531503236,133.65158815070188,37.945571360171485,79.05079046874874
249.6268879414655,137.6047699384036,38.11110610730523,80.21348118859078
248.9479900619964,133.65978102810334,37.635249642100206,80.76885011261835
248.85016685662853,132.77733006993563,37.83089605283597,82.53375202895376
246.91424510972976,136.86702773129247,37.97766432192721,81.8045071556526
246.234705330139,132.18810733991648,39.33674388110869,80.03535743646168
244.2522464711348,136.54177280882055,39.59694205477355,80.58982535951245
247.70795112914095,137.79861059291034,40.145448214616856,79.94112866029676
248.6562243466412,137.27330359893912,40.11388776013887,80.99174264823917
252.42350464528582,137.5281270974038,38.2187809208879,82.36191357065587
251.55244216523934,134.19390941445036,38.094079876395035,81.56304491821943
251.97253421905685,133.07040119490864,37.253895768760025,81.95704329648957
252.25109970577137,135.80284610925048,36.69676479533095,82.02428465644779
254.59013701076367,134.1403041821981,35.68916974271109,83.51412873187019
254.96639337966255,134.9192398782822,34.93665700491336,83.79531591620244
255.0602857261567,130.35138022416848,34.748872311925005,83.78208988662465
255.59387579645133,130.72776207059732,33.68169217133579,84.85559037071829
233.69707614960453,145.82971740153891,35.5527030575993,81.99249823541999
234.0512235875677,148.09940433903662,36.659037300830846,81.08238259874047
234.0549819712588,148.4386973250202,38.47242364833035,78.58289351189163
252.98228530266925,133.49863936341524,38.75662016193312,77.58874019704426
253.06388906472625,137.5465599104042,38.59341263781916,78.52548300890217
251.999071961667,133.78020549683185,38.905653515941864,78.78861852406393
250.7080854997957,135.03066439826523,39.66097161403067,78.114355546851
251.6501232264667,141.04175982170207,39.60674437123829,78.90110217382447
246.9896513807491,143.74022061346227,39.72549390609534,80.8659359155666
251.88542396226367,135.69287589505618,39.29017450959549,81.99066412593199
249.4050936769488,133.95874589906026,40.49062079454189,81.69870983224044
250.28986336412962,137.89989401924672,40.61776859792708,81.40316230285474
250.32200503982892,134.07551782350524,40.55348524652848,81.47365942178065
250.1879616972139,130.44188370279585,40.821571931758534,81.16299614759126
248.93341817419696,131.91339320641418,41.4360865378985,80.11454958024845
251.16714121042392,128.91407769860962,40.748240368281984,80.4437807416016
250.14878289892533,130.88688884431642,40.90218962767413,80.26369317739808
251.0254848942351,127.59077319673094,41.03157059631165,81.20756959479786
250.68069010098077,130.7544773408178,41.72116018282034,80.57672556298691
228.34371541344115,159.4217056094659,42.66073146750858,80.28711001315712
