385.0,273.0,22.0,59.0
385.3746861038015,273.2616322215236,21.250627792397083,58.476735556952775
385.66948155669525,273.49294010917276,20.6610368866095,58.01411978165453
385.9093136217303,273.48050377519286,20.181372756539464,58.038992449614256
386.63808209470136,274.18809457908714,19.919040407451284,57.819015438679685
386.6764149559168,274.83887082355204,19.84237468502035,57.70475416832045
387.30128991862506,274.9360704790178,19.776890051910623,57.510354857388855
389.7751811228328,275.54791379632036,19.550309550600645,57.46696869956022
390.34469085800924,275.55890376110654,19.586840589695363,57.444988769987845
390.86806205427604,275.5237112203453,19.716002020554594,57.51537385151026
391.2991541141764,275.5159439340382,20.03308022508363,57.5309084241245
391.62955821961816,275.4673737260804,20.55752985424067,57.62804884004011
392.0992258375518,275.5550536147671,20.814364013451993,57.45268906266678
392.1439830004814,275.04055485946355,20.724849687592766,57.2833721059672
392.7623194785782,275.09213440102207,20.682449886620624,57.180213022850275
392.76658185737983,274.7013811562915,20.67392512901739,56.76968895653823
393.3753185665098,274.4087964776884,20.64245595562115,56.168854068880876
393.3803731486195,274.4212468835774,20.632346791401694,56.14395325710282
393.40762775826204,274.9387262976669,20.577837572116664,56.28529244776348
393.97290881007916,274.7095385670675,20.62461173954203,56.74366790896221
393.9747863260581,275.29453057426224,20.62085670758413,56.75842413370466
394.53048909015774,274.64941841281546,20.694334592739025,56.86376504324413
394.45998039658934,274.6500653641216,20.835351979875743,56.86247114063193
394.9806318814044,274.71406680612705,20.984298460502682,56.73446825662094
394.9364921012839,274.9531377723187,21.07257802074377,56.25632632423766
394.98710679409965,274.9717715703864,20.971348635112246,56.21905872810224
394.92738081798166,274.9609595378829,21.09080058734817,56.24068279310926
394.8583325214538,275.57771770611265,21.22889718040392,56.19311763405513
394.97064303561064,275.43102939137833,21.004276152090252,56.48649426352382
395.0363600435025,275.20413514865334,20.872842136306495,56.94028274897379
394.5706970215997,275.18426837400574,20.612127769165696,56.980016298269035
394.1086029458682,274.9233437664662,20.348421017787544,57.50186551334809
394.1806163122467,275.43039660799263,20.20439428503066,57.67833314420743
394.16011848106166,274.98893037912393,20.245389947400724,57.37078887132138
394.818107798018,275.1510042822143,20.116242292652988,57.04664106514065
394.7149186316475,275.9556570859857,20.322620625393977,56.61719275197524
395.41389915312357,276.1814336267997,20.102124942372882,56.16563967034737
395.4140429028176,276.5336838069772,20.10183744298478,55.461139309992326
395.322930752105,277.27861792306805,20.284061744409982,55.12820955494586
395.84606857355243,277.3201202034035,20.393254061714497,55.04520499427501
395.73494040874556,277.2923703459166,20.615510391328268,55.10070470924882
395.6985555714696,277.68768342552823,20.688280065880107,55.471130201774784
395.64677348283954,277.62573788192753,20.79184424314027,55.5950212889762
395.6026741813155,277.4215498020965,20.88004284618843,56.0033974486383
395.7484233835096,276.68208044413024,20.588544441800213,56.303582501738596
395.76208841436323,278.2215372417318,20.561214380092935,56.758043394452116
395.74858379935523,277.05395440959785,20.588223610108948,56.725611013009356
395.85999472080306,277.2285416553974,20.365401767213235,56.376436521410206
395.9028254356629,277.09958082000963,20.27974033749354,56.63435819218585
395.8554320157209,277.00158133178,20.374527177377583,56.83035716864507
395.84394019163125,277.4911967511065,20.397510825556918,57.03257901103609
395.65062873088345,277.94467547943344,20.78413374705248,57.31038090674524
395.6217803308973,277.9773275521858,20.841830547024802,57.24507676124052
395.60471683536116,277.9707852110135,20.87595753809711,57.25816144358507
395.6057629190298,277.7795361763619,20.87386537075973,57.640659512888334
395.5631427540403,277.7092192162623,20.959105700738757,57.78129343308753
395.50142762748595,277.64474582248954,21.08253595384744,57.91024022063296
395.5463638725294,277.5078424633358,20.992663463760568,58.18404693894041
396.16084292963717,277.5657115877496,20.97570558230062,58.068308690112886
396.1493055961406,278.2719431394982,20.998780249293812,57.86588387912771
396.8528056857402,279.1319620708479,20.799340872484677,57.35340681881837
396.92353381579056,279.4003364232416,20.6578846123839,56.816658114031
397.4534220781283,279.49290854188035,20.784494226483947,56.631513876753516
397.46257327329886,279.45388226691193,20.7661918361429,56.709566426690344
397.93185984738733,279.38445523632856,21.014430251541004,56.84842048785711
398.38425992022786,279.84190826398776,21.302911648925015,57.12679597560369
399.45840892600086,279.8177910546296,21.559556439729636,57.17503039432008
399.9907736680558,279.7110124196646,21.702611619817507,57.388587664250096
399.94354588876024,279.6760497667015,21.797067178408568,57.45851297017626
400.4879799447051,279.8076486570065,21.924321597237515,57.19531518956625
401.58556391011786,278.5391779689791,22.15841831466618,57.30299191736686
401.5514973471111,278.2059997836063,22.226551440679685,56.74896927694293
401.53981993929887,278.16437442104865,22.249906256304165,56.83222000205816
400.97688517755233,278.3328662595278,22.160521648598596,56.495236325099825
401.5720880747782,278.5978888690955,22.17892577648502,55.96519110596449
402.23047027365055,278.69430306324074,22.063677880985352,55.772362717673985
402.94798122539424,279.34846319014804,21.82533855563349,55.660725041994965
403.60019820355257,279.2650686567866,21.711718396456085,55.82751410871789
404.1830865811877,278.6847949214437,21.737117652931918,55.79688556765744
404.1831846584129,279.17015495796466,21.73692149848151,56.01735649752347
403.6070843447295,279.5829851416838,21.69476700936325,56.3860512465702
404.33667912239156,278.7691106989132,21.43447157308742,56.81490601306314
404.363856129431,279.21683669363824,21.380117559008603,57.119824035731924
404.5120603522013,279.6630566426909,21.083709113468018,57.4311467278585
405.23507592870436,280.7039362864372,20.840553236572415,57.755137992587045
405.2317430248837,280.0150827961933,20.84721904421376,57.929731332409716
405.80949040697266,280.7063653548929,20.89745488051009,57.75289681548479
405.2414123521015,280.64332569491813,20.82949947698313,57.87897613543433
405.26215833110484,281.4649838213184,20.788007518976507,58.64502804618818
405.2470056626971,280.1236848601713,20.818312855791977,58.89786880023887
405.86770263543076,279.19280170466175,20.795958605050394,59.54059541653227
405.9439053776514,278.97393924413063,20.64355312060915,59.978320337594475
406.4996506907859,279.88075995811334,20.763341096674548,60.627236114298185
407.00814238463323,279.1285815153922,20.98907034005174,60.88888036866863
405.84326383788544,280.3684407111752,20.817714758658056,60.91027465199192
405.88600438847834,280.37049777186576,20.732233657472275,60.90616053061084
405.88555100471535,280.41853091447933,20.733140424998282,60.81009424538361
405.3897892172752,280.57170456789686,20.479896060592527,60.503746938548545
404.90499705954153,281.31156024141563,20.213698993220213,60.25981697435073
404.45985031386226,281.28369908350373,19.876548450951685,60.31553929017453
404.5526071257583,281.24240938696965,19.691034827159626,60.39811868324271
404.02099413314096,281.18492089705273,19.53442294424294,60.5130956630766
404.0127348007439,281.03971178645196,19.55094160903702,60.80351388427812
404.0489117259555,281.19038464145655,19.478587758613756,60.502168174268945
403.40118842529944,281.24746974725423,19.556620077872694,60.38799796267362
403.3393882555506,281.9052835950247,19.68022041737033,60.28959649086679
403.1717999803485,282.07578505242657,20.015396967774578,59.94859357606302
402.30426490790967,282.0857424264441,20.5310797630774,59.92867882802801
401.642176275228,282.2392387951558,20.626735937531556,59.62168609060451
401.68025132585086,282.4223264364327,20.550585836285755,59.255510808050744
400.3895764092565,282.4546919755585,20.69338052587382,59.19077972979916
400.36558860048314,281.7954074657796,20.74135614342056,59.288397192559785
400.3115112096228,282.4203019907067,20.84951092514137,59.26182505448755
400.14151041989123,281.5836670077939,21.18951250460443,59.710291966050704
399.5875876620499,282.314864690988,21.0599779782548,59.485276641694895
397.8024016546193,283.06802877732434,20.934903710763425,59.21076389647299
397.2344668069711,283.2061399111285,20.845148754721414,58.93454162886465
397.1663908296659,283.201189783366,20.981300709331926,58.9444418843897
397.12324103409674,283.927138285209,21.067600300470158,58.715207310808296
397.14502425510904,283.70317466066547,21.024033858445577,59.16313455989541
397.16268525790605,283.0602028298597,20.988711852851523,59.22251640180761
395.86863367728034,283.7119072714329,21.12327672343676,59.145876663994216
395.92023154154515,283.75584619818716,21.020080994907232,59.05799881048577
395.99312190096674,283.17763103637475,20.874300276064012,58.98944098645249
396.77516939940926,283.16100796225373,20.531569056375833,59.022687134694536
396.94677513639016,283.122649768266,20.188357582414064,59.09940352267
397.0322907202027,283.5742113746218,20.01732641478896,59.4067326174737
397.08985006256466,283.55730167488554,19.902207730065072,59.4405520169463
397.78446375757835,283.5451372368963,19.723066023433347,59.464880892924754
399.1333006200536,283.3833502484402,19.439700192790564,59.788454869837025
399.7355224718001,282.86828959293314,19.441816261904613,59.612016408244074
399.66433168055414,283.43159600897457,19.584197844396478,59.68949452329224
401.3294950103891,282.9203191418757,19.877283675309684,59.504244093962285
401.27556278554493,283.1863190238739,19.985148124998002,58.97224432996589
402.4429528406508,283.0679294890286,20.060232917496734,58.00409094830124
403.50609339359073,280.7581303692392,20.31895560825625,57.85368159460123
408.0787872670917,281.30930814334204,20.734060518485993,57.94638762854953
409.68904976591125,281.2295066832386,21.125291265792406,58.10599054875637
410.14536787876756,281.05295679550596,21.425938718848478,58.45909032422163
412.92400129123195,281.0754441265681,21.9875240291152,58.414115662097416
414.6149990201924,281.9788228695384,22.305287037130043,59.073863820113814
415.1334430858711,281.86034411175586,22.516829914093435,59.31082133567891
415.23751805914105,281.68317649665926,22.308679967553477,59.66515656587214
415.9827160699688,282.21540918217136,22.0752524482368,59.85765969718673
416.6850156532124,280.3044477163117,21.926169921690864,59.91303270908193
418.50791574305384,280.80605451294235,22.041220638989877,60.16343608148125
419.2547131100438,280.73583635524716,21.806905282985262,60.30387239687161
419.3288356961156,280.7642161415962,21.658660110841577,60.24711282417351
420.56551139962954,281.2825906781389,21.692420734187785,60.46391976627523
421.88025316647145,281.3975240911962,21.577470713878895,60.23405294016064
422.5873151965055,281.53396303945374,21.415245088460846,59.961175043645525
440.2209038235803,280.85859122851247,21.00970275773873,60.06686027540568
441.0006100937671,282.326003816573,20.68949556964619,59.6104458038466
440.945299889612,282.23652647055127,20.800115977956388,59.78940049589001
440.9936320899398,282.3392636264324,20.703451577300754,59.58392618412776
443.4025088251095,281.54297152030887,20.79267563655991,59.94976601397525
443.3569769404654,280.78245961254225,20.88373940584808,60.237202940973624
443.9279772480561,281.19979341588737,20.98108320747219,60.64187975108874
443.8644105021342,280.6654376641234,21.108216699316063,60.46370279556453
444.6117120966319,281.8026454262182,20.86027332719806,60.68260690512975
444.6621049457165,282.99086612608176,20.759487629028847,60.79670297053141
445.30152227645425,283.7181250053716,20.72571066027388,60.587242904672316
446.5554258326337,282.6743324536126,20.700816518825707,60.19191503727946
446.50493867835814,284.72849448817607,20.801790827376895,59.789692889418625
447.1792649203981,282.80520347687445,20.684607533739616,59.94186734069365
447.87914873107394,285.2646451049452,20.51634658197497,59.949010762900144
449.0765249040306,285.605755959017,20.57867879631063,59.26678905475647
449.6617464383025,283.5482813103699,20.628185452508752,59.72188917782484
450.2332897582165,284.84092616616437,20.712440929381152,59.591283699636605
450.79365814863536,284.3103708922229,20.818717061404016,59.425381334658894
450.1022309139957,283.6795438742093,20.97499328631737,59.46045712632028
448.80223023383735,283.5942886962971,21.11515838758813,59.63096748214469
452.4666113885777,282.7371312776221,21.19578244676106,60.11038459138574
450.5508351230969,281.97250126385285,21.29771181536932,60.396436898139726
451.7560307722238,282.4567340259745,21.38560688786115,60.67711455926933
422.89201251607346,285.31315762447576,21.395279614044284,59.9832555175814
422.30463089190886,285.41819806807524,21.325030940196463,59.7731746303824
422.3643479118952,286.34902669018254,21.205596900223767,59.15225380981008
421.79597551656093,286.675847061435,21.112643567416725,58.49861306730514
421.2026676146266,287.34977502395907,21.080589174993428,58.36942733854903
419.3490011071895,288.15076322592694,21.13919413680314,57.98369361896809
419.30658524141205,288.3427921849863,21.224025868357966,57.59963570084935
419.3251620394477,288.4717293788876,21.186872272286735,57.341761313046874
418.7426262006728,289.57430487024624,21.148485988320836,57.54352625336081
418.7401291715564,288.9519278691309,21.153480046553675,57.58262644789347
418.7647661917079,289.06967752486963,21.104206006250728,57.34712713641605
419.4386687073812,289.1553243011925,20.958443622170762,57.17583358377034
419.63211806075975,289.85006317660424,20.571544915413675,56.983314017130155
420.30420672116446,290.01579509070103,20.41457511355015,56.651850188936564
420.9574443851521,289.9789530563057,20.287726042463603,56.725534257727176
421.00697708816716,290.6126103764234,20.188660636433482,56.63660113396731
420.9899213602381,291.91470000349847,20.22277209229164,56.38305131538223
420.8670778760287,291.3919017486757,20.46845906071041,56.256338219993644
420.29058234256246,290.772967181395,20.446505397400955,56.319262624313026
420.34048678548714,290.0130049551746,20.346696511551606,56.6637392514633
420.36042200480506,290.5643796459723,20.30682607291577,56.73955673556553
419.770233079535,290.8985456070469,20.308275831516625,57.25015290535559
419.8548413258534,290.1577305431319,20.139059338879868,57.545533430359434
419.298242484995,292.5035583396365,20.06486329083143,57.603452756410846
419.3155625341448,292.95292918013047,20.030223192531775,57.89158212096754
418.6115027566195,292.8294815895257,20.24799185846691,58.13847730217704
417.9188473008304,292.1114329553525,20.435466838712532,58.37673863919099
417.2706502330231,291.33886294552093,20.527215955499795,58.717233640026734
417.2495216901248,291.31686072196214,20.56947304129636,58.76123808714425
417.23408783642026,291.4355854919796,20.60034074870539,58.52378854710933
417.20902697398003,291.44904507291614,20.65046247358594,58.49686938523634
417.7723043319638,292.16500136581783,20.73417369215484,58.27522273396954
418.3795238758384,292.204187249124,20.728353920180258,58.19685096735715
418.39533605126695,292.24639660669567,20.69672956932306,58.11243225221382
419.048736857561,291.7537021089682,20.595542396654302,57.8922068077495
420.28583362520516,290.6822509482193,20.52261466952436,57.63384332108889
420.30648966436974,292.37440013033194,20.48130259119519,57.83640208144503
420.417112350569,292.4725378105437,20.260057218796657,57.64012672102151
422.23698503727746,292.0363718705699,20.193140441881855,57.32151573546844
422.25612941733516,291.6930059545432,20.15485168176648,56.823068999370705
421.6922085401866,290.84050566219,20.105328142735463,56.17333899742089
421.0929726729994,293.5113965574738,20.136615773186726,55.50029362254602
421.07820635318524,292.0360046028895,20.16614841281504,54.97669445433275
421.1278149316496,292.6989726784859,20.066931255886324,54.801927912745626
420.6183061275737,292.94908771725653,19.93907301319176,54.30169783520445
421.7274739594213,294.31069550698544,19.99555007872631,53.853294984976245
387.66398950373735,295.04046289812663,20.20223459606442,55.789774422395354
387.50452153103737,295.93487731818465,20.52117054146435,57.49131139785722
387.9356861919128,295.34604864092205,20.85239755585087,58.668968752382355
388.49780349341773,294.9872226535475,20.944551796570163,59.386620727131415
388.40864237197417,294.1442396486668,21.122874039457358,59.844275702362445
389.0243573396249,294.15070267107313,21.129528120150027,59.83134965754978
388.9296126080062,293.24754839628037,21.31901758338728,60.39963795319695
388.78850796875855,294.99924623151037,21.6012268618826,60.644969620554114
389.4093745364244,295.0080057123727,21.61769476088975,60.62745065882936
389.41366261862163,295.09681396171635,21.60911859649534,60.44983416014213
389.37661188515455,294.4380868988032,21.683220063429573,60.511732445806736
389.34625717320193,295.8529637366284,21.7439294873348,60.19754565571034
388.68090797018766,296.56081110395746,21.820236616100196,60.03624219831539
388.6864664435545,296.065329585358,21.809119669366474,59.77374033933672
387.9488466480858,296.00844105672746,22.03485096179384,59.887517396597815
387.87872381539967,295.27564164146764,22.17509662716611,60.097901464007386
387.26588059165346,297.1072345772593,22.140024408431117,60.21699159110635
387.17105391067935,296.4584998877565,22.329677770379345,60.252630429705846
387.1358764669578,295.0618744446725,22.400032657822447,60.51435401798216
386.4916219007041,296.37208065367406,22.417760524477938,60.43550413168312
386.40987685056695,295.5595466754697,22.58125062475219,60.79060038077846
386.4184058346389,295.5213001213874,22.564192656608284,60.867093488942984
386.4294479581785,295.5797872642741,22.5421084095291,60.75011920316952
386.50423340667953,296.3521769616772,22.392537512527067,60.48206062175069
387.20521662760206,296.1677064061742,22.26075462155073,60.85100173275653
387.8210413168091,296.0672843250965,22.302191367407886,61.05184589491191
388.55980719849856,296.2155353654712,22.101368707891844,60.7553438141625
389.14920851462995,296.3716685571247,22.19140231631879,60.44307743085561
389.74296901902017,295.83829128735243,22.269876086962284,60.243837190976095
383.1870265490205,297.7416799752902,22.736172683870926,61.495295152336865
378.2050486803703,296.3645884433472,22.372974986284227,61.667689857501124
373.55572112098895,296.1647903980564,22.664032510505532,62.06728594808266
368.53441539963444,295.01266043023287,22.324408534302663,61.77598702900185
361.7894082953765,296.6717003174238,22.93972578044366,62.32031634333238
357.3056252032359,294.1225664855419,22.762623020559495,62.19305889614462
352.5614234929539,295.2159679646659,23.141499719443193,62.60897785837677
347.3784069458303,295.0587346195277,22.994281768164278,62.92344454865312
341.4197435371461,295.7903277631154,23.06761297036744,62.7762577742739
340.59004081884126,295.43036293877486,23.411800739008104,63.49618742295492
339.10314931822734,295.2902938429306,23.72210619959688,63.776325614643426
339.94685980353313,297.3786469576089,23.376033964108935,63.623665590657936
339.3747611988639,296.13737826503456,23.187313121294608,63.440366871500935
339.4871224349521,296.6613743334832,22.962590649118134,63.71925997069426
339.6385984953931,296.04235799414874,22.659638528236037,63.63048321946295
339.74088431030333,296.9527953926431,22.455066898415684,63.1296591660221
339.85894679135185,296.1084186818748,22.218941936318632,63.5092273146268
340.64500766844367,296.518499380749,21.9571375144274,63.99938324917068
340.61236563744484,296.3040998309925,22.022421576425018,64.42818234868365
340.6820238615262,296.2895517610572,21.883105128262333,64.4572784885543
341.45911520476795,296.4225132702212,21.646640497789633,64.19135547022631
341.5490020245627,295.8792771089488,21.466866858200135,63.968215551248164
341.6738894233681,297.8458332423583,21.217092060589312,63.944552002309294
341.8323844386733,297.39746626277173,20.900102029978964,63.543042785935114
342.5698329342357,297.4830481954407,20.71193000322618,63.3718789205972
343.27170156810115,298.12154067241977,20.589033405158283,63.37573463630201
343.9607522438178,296.8764475628954,20.48957201932152,63.30864092415759
344.56100706121805,297.04077575480704,20.56492240534861,62.97998454033423
345.14288535023763,297.6187171757161,20.673738528699523,63.09667439990629
345.1772704321207,298.2532497831669,20.604968364933445,63.10383685813171
345.8594662506931,298.3195992375824,20.515644727694067,62.971137949300655
345.892489044981,298.4042808783601,20.449599139118252,62.80177466774525
345.4102489718993,299.0967553244773,20.146155934642564,62.68474912615004
345.3701024570026,298.9671851520133,20.226448964436052,62.943889471077874
345.25073786065667,299.6929804373366,20.465178157127887,62.758141920059934
343.2497575360795,299.70906820461926,20.66437148298815,62.725966385494694
343.16785296262907,299.7035004375929,20.828180629889086,62.73710191954741
343.0972954056303,300.28525005273724,20.96929574388666,62.84754612146956
341.769596154156,300.45928975522503,21.068498918471956,62.499466716493956
341.71033465898597,300.4682613109726,21.187021908811943,62.48152360499881
341.6560800182559,300.977346956304,21.29553119027211,62.74021728875188
341.56098390890594,300.8530633134887,21.48572340897206,62.98878457438255
340.7551946152335,301.22040161335826,21.80775873908788,63.543651231872495
340.7045730367434,302.3543944092506,21.909001896068034,63.882312999567354
340.76725284899135,302.2699679053631,21.7836422715721,64.05116600734229
340.76206202911436,302.19809355269706,21.794023911326136,64.19491471267445
341.4680532656696,302.42319290511625,21.694395749105237,63.74471600783597
342.13241052958205,301.7005606197841,21.669803127923448,63.88585867185718
342.78817332019287,302.47211190021534,21.663961494736807,63.648440059029504
342.8224597358107,302.4683888232008,21.59538866350112,63.65588621305861
343.44829089937633,302.36443714364066,21.64477571844085,63.863789572178874
343.4037857669528,302.31219611493077,21.733785983287902,63.968271629598675
344.12547232472434,302.9152997404027,21.598438783410067,64.07009029432002
344.120106641216,302.4026900278175,21.60917015042671,63.78830501862991
344.1137455073689,303.0639477781789,21.62189241812095,63.76897684383009
344.11533700753824,303.6621242612195,21.618709417782224,63.87576814321012
344.0762211841239,303.48206093629864,21.696941064610947,64.23589479305194
343.4029959917221,302.86656346393227,21.732226042930606,64.15572433130075
343.4796086247188,303.48394660360805,21.579000776937114,64.2316259205176
343.58660966061956,303.45909333797897,21.364998705135744,64.2813324517757
343.6480716056244,303.82636087851444,21.242074815125985,64.85254007371589
343.0853559671224,304.27516620378884,21.055891267842348,65.26654424745477
341.9411058260949,304.11452717198586,20.716230997492886,65.58782231106085
341.8956376575754,302.6521316693486,20.807167334531893,65.88783174977328
341.8676545439233,303.12909011698525,20.86313356183593,66.2522382730595
341.78474294887377,303.0490652373719,21.028956751935105,66.41228803228609
341.7304797509182,302.8727618366623,21.137483147846126,66.76489483370537
341.68732195928425,304.073449216482,21.223798731114154,67.03723028179836
342.3551642885868,303.3264125950707,21.23042399352708,67.18899360360291
342.3832650451063,303.9015616901743,21.174222480488105,67.38328092335047
342.2844590312703,304.075822137321,21.371834508160138,67.03476002905694
343.02756722847886,304.93052917540336,21.23061896281125,66.67034680196045
343.6928189913696,304.3656879864193,21.23734379923696,66.46280081772133
344.444036781754,305.1118770509655,21.06931391776932,66.30482838793003
345.0981441622061,305.7787655877504,21.090169368547173,66.30012152604226
345.8459863873031,305.63702722468685,20.923872325516157,66.58359825216937
347.1242039993282,306.35365668038617,21.028128380894124,66.4806849804848
347.76436232341194,306.24942454256825,21.078619043104123,66.68914925612053
348.48396731710994,306.26124191124717,20.974104758730423,66.66551451876273
349.15428190821643,306.9979585857776,20.965909498480816,66.52451509166536
349.28590539948243,307.1499887990093,20.70266251594886,66.22045466520197
349.902931263588,306.4364402331254,20.789725243897735,66.32643734080978
350.6778394735394,305.9993689326521,20.564132667697013,65.87635609805432
350.7578583940376,306.7395674700141,20.4040948267005,65.70963737403278
351.43876150310206,306.9835856921666,20.350648374365058,65.22160092972774
352.03229786975896,307.06586735678906,20.464029284068975,65.05703760048286
351.99606062930224,304.37153156984994,20.536503764982395,65.24486364405556
352.6033542929764,302.7118675373652,20.62612859181747,64.65155524647457
353.20662161851504,299.9487585838019,20.717037146545515,64.98800033038006
353.70434050233484,295.43093490007885,21.025492061747848,64.89639891793239
354.19378248227906,290.97507935310927,21.354871231641425,64.65026810339755
354.61406768904567,289.80547864433254,21.825106753497728,64.3678576501718
355.1259174188548,285.57156179145034,22.116792740768126,64.94337867460462
355.7689709847537,283.53505098783654,22.15959408066046,65.0296748667618
357.76786504486984,278.197872972176,22.154563026402432,65.05667872215153
358.4513128454743,276.96121801127384,22.11887944428539,64.86756460577203
359.25784999510046,275.1935907664432,21.833671365904337,64.41922043281977
359.8903391523453,271.5929888542728,21.884966534030156,65.0390568440834
361.9433768279062,271.32529629029744,21.757005800582384,65.57444197203412
362.6129893134778,271.1233649975022,21.749098757511415,65.97830455762464
363.9684379340543,271.04524774028414,21.712037636381663,66.13453907206078
366.07527500173194,269.34546349874296,21.513745063074897,66.85718651377738
366.8065983286787,268.37558200028485,21.39618816308506,67.45185975678991
367.4796694618322,267.78369532436346,21.401415521649714,67.284263483761
368.1690525029941,266.5415058478734,21.37173659003659,67.0704681353198
368.9297506653091,263.27083167950866,21.19584622071442,66.88428669550964
369.74129506597654,258.1576960435741,20.91238197141891,67.73318610310358
369.76724950571673,259.7165908392274,20.860473091938534,67.30826197425588
334.3852561586453,265.2346183175697,20.63355686014738,68.32726600499402
333.7031311272361,259.39430103794547,20.648121102042545,69.21041399685693
332.97216565350595,259.30906661998625,20.747598632914226,69.38088283277537
332.90787885798846,259.90082414869494,20.87617222394916,69.56407954808084
333.54474936305314,259.86967209459675,20.97412101334318,69.62638365627721
334.1708630475646,259.9339157421069,21.09628190520351,69.49789636125693
334.1326743320268,259.8156777001332,21.17265933627911,69.73437244520429
334.65745640713413,260.62745005273837,21.502691814715117,69.49042436864464
335.19066679887794,261.1632344983814,21.818517800630474,69.8011022467615
335.1668870617232,261.23401015608295,21.866077274940096,69.65955093135844
335.85673566080953,262.5210984588452,21.877733283337307,69.86808073897404
335.8153074977886,262.62005049507565,21.9605896093792,69.67017666651319
336.46335997073146,262.6086021158768,22.057731277868832,69.69307342491078
336.5966162658449,262.3969662182218,21.791218687641923,70.11634522022081
337.32645913381117,262.19341519927,21.72798211599384,70.52344725812446
338.02716149681817,262.94661456052916,21.72762806318615,70.41809920881232
338.02775252124326,262.1970403194135,21.72644601433592,70.51769641716473
338.0188496736154,262.23484275669995,21.744251709591566,70.4420915425918
338.68003914486866,263.5376239648341,21.822071328870944,70.63692624989515
338.650847691122,262.9165885446747,21.880454236364244,70.47459900322453
338.6543450673662,263.5880027531159,21.873459483875905,70.53494653919374
338.59421599764227,263.4767536630831,21.993717623323697,70.75744471925927
339.3596391609023,263.9881781602175,21.87214879889175,71.14387322707861
339.38915370460734,263.2662159665516,21.813119711481736,71.1752900771958
340.0571552844083,263.19441867139204,21.888977277032648,71.31888466751487
340.16927587667794,263.1361371661725,21.66473609249331,71.43544767795406
340.23243336229683,263.71474995160906,21.538421121255514,71.69102007095111
340.94326704208754,263.65377911883803,21.53082772042075,71.81296173649318
341.59194436687585,263.567681769718,21.649131742130415,71.98515643473326
342.22378557927624,264.2735311372587,21.80573939387216,71.99374777619434
342.8425810644724,264.8823851632303,21.99146338121482,72.19935468198621
343.47673815475855,265.0334087098782,22.152815670033625,71.89730758869042
344.12412367658004,264.92900864536034,22.2864177404081,72.10610771772613
346.28384240297703,264.93687074872486,22.268385409513684,72.09038351099709
347.0042427288663,264.2665116150046,22.260830347022353,71.99785618915041
347.6451856961757,264.77281104982353,22.41073903773258,72.41705194484166
348.37993751364104,265.421323203151,22.38174151989906,72.56053375528387
348.3573126327524,264.64038438160514,22.426991281676393,72.68040775680774
349.04197603700663,266.07204056362076,22.50220333137397,72.70617310918878
349.0165140746543,265.3117960449663,22.553127256078582,72.78036810388188
350.50455225675876,265.40083138567553,22.473624028486498,72.60229742246337
351.2435148896092,264.74082912471505,22.43999243744427,72.47800826972572
351.2070021629878,266.1890198868396,22.51301789068706,72.4654479821656
351.92505287895636,264.91044855130707,22.519998017440585,72.13642753584944
352.69794612069046,265.2130108679884,22.41275704969827,71.53130290248683
353.42761695433825,265.9402863301267,22.38140051876178,71.5047371145693
353.3385808457019,266.5446913748335,22.559472736034436,71.72295688916705
354.14765309052973,266.4298698032751,22.374737784322825,71.95260003228381
354.8684864863022,265.23959360474055,22.366328361735633,72.8998950603953
354.85073448848533,266.6301422683313,22.401832357369326,73.01185179076991
356.1988516227875,265.7433276218475,22.603137903260176,73.33671117648989
356.90776635034985,269.6339256424837,22.642404010888797,72.84099294898348
357.5305246384833,268.00670343624404,22.84768243345047,73.19384736380565
358.9172711124393,267.9839550642299,22.99336506731678,73.23934410783386
360.40939293028873,268.69034896176095,22.934963238030715,73.28947721597818
361.09622165404517,269.40193007199633,23.023860387306932,73.32886959229658
361.123889523281,270.0199670114546,22.968524648835295,73.5575489050531
361.17950270859797,268.3788231014965,22.857298278201416,73.90588580789304
400.9722222781153,257.96947678695386,22.64427541549354,72.67668502688754
401.8696466279204,257.755084633365,22.29792676610952,71.65696928383898
401.9506906082718,257.81971889446675,22.13583880540668,71.52770076163556
402.0315951813381,257.85068595921166,21.974029659274184,71.46576663214569
402.1743953676857,257.9783075079936,21.688429286578987,71.21052353458188
402.26347213079686,258.096745410392,21.510275760356595,70.97364772978507
402.28530966783535,258.16544544064595,21.46660068627972,70.83624766927716
402.4055177874121,259.1902068810593,21.226184447126123,70.18736814024695
402.5824267915591,260.53525345043465,20.872366438832195,70.27127869722615
402.100183258554,261.09812111366165,20.455229516616498,70.52716735899796
402.1525079326701,260.2324974764474,20.350580168384337,70.88093468741937
402.1069552341598,260.10996515587357,20.44168556540499,71.12599932856713
402.0502439225271,260.22999117668263,20.55510818867033,70.88594728694896
401.9866493048207,260.17802249664794,20.682297424083245,70.9898846470183
401.9371503085072,260.82123051821975,20.78129541671013,71.09171592022481
402.0707612342865,261.4395761996326,20.514073565151566,71.24655412726707
400.15630792340784,261.1528547932883,20.176767101367318,71.81999693995564
400.19942000873516,261.7184328945135,20.09054293071266,72.07937040954042
399.63576486765396,263.63689876672856,19.825279855153628,72.42015873827455
398.9352682437197,263.48136285519337,19.83387052066406,72.73123056134503
397.61610395928733,263.59336738206014,19.6783074035363,72.50722150761149
397.53620892246954,263.0147262263846,19.838097477171942,72.27363537714275
396.83529538161713,263.1561324585954,19.849345741349644,71.9908229127212
396.1850541335823,263.90646062807116,19.763023538797526,71.87697127239156
395.64707679894053,263.8237657029672,19.455397103286487,72.0423611225995
394.8599257505407,262.958136842748,19.649566610279493,72.39348625323123
394.10868919209184,262.57457946635924,19.763313044422553,71.77187432325412
394.09320388406974,263.2420411912656,19.79428366046683,71.81905646395083
394.03923739974044,263.5465706791443,19.90221662912541,71.20999748819347
392.4743625613345,264.7324167906752,20.278390063336378,70.21509338643213
390.12824664790037,264.98130274597946,20.861294822092187,69.71732147582361
388.56183729013264,265.01289856369453,21.24694937689628,69.65412984039347
389.81053564888094,265.112074275608,21.509224762197412,69.45577841656653
390.43437110691326,264.1175076035489,21.64343026677669,70.06303534004078
390.42507601228056,263.3464587301627,21.66202045604215,70.21216995668016
390.4225704677318,263.36511432881224,21.667031545139558,70.17485875938111
389.65801692432774,264.35011335501395,21.80115452689706,70.9948289170789
389.71167149258054,265.29710623090125,21.693845390391537,71.91900875772458
389.7046137113975,264.9059194680813,21.707960952757656,72.70138228336442
388.8991168974494,265.1184679744794,21.887438435551903,73.7078014156701
388.07730726466485,265.4441199099491,22.081972448527928,74.50558279732377
387.9683392385434,265.8698881235389,22.299908500770798,75.11802873573495
386.384492286093,265.6988204706455,22.514216051705038,75.46016404152172
386.2282643343341,265.96547599855626,22.826671955222935,76.41236579026321
386.1956141147259,265.1805137150844,22.891972394439236,76.47750600039886
386.18176074984336,264.4464791725314,22.919679124204272,76.43865707820892
387.8147535499688,267.226696805541,22.66745841497894,76.90575159424083
387.04394983846373,265.9381125988629,22.700261738429614,76.46531180847792
387.0680652385484,263.7985134704504,22.652030938260303,76.23495277075796
387.1230635924295,265.54656883669315,22.54203423049806,75.73690546663028
384.30084090170544,264.9082972607209,22.226703255487983,75.52350452946041
385.94843794019715,265.6861065458851,21.893640790539138,75.44895176514932
386.8173371840897,266.7290322983593,21.629654245396555,74.83691220284334
386.2428775932954,266.44678538292163,21.31832703826403,73.94115964499755
387.153280707761,266.5889960743937,20.939311290986296,73.65673826205341
387.28729429453125,267.308261908309,20.671284117445765,73.64890730918296
436.7488190728689,262.31670639550015,21.538755705459835,73.65296622033175
438.11573913580673,261.7598907401377,21.68856741192899,73.32477161488426
438.1043054739756,262.5077963599566,21.711434735591205,73.26893338745052
438.13712146157894,262.67207322614047,21.64580276038453,72.94037965508281
437.4836018387449,262.76395149793683,21.51909962645873,72.75662311149006
436.7576977399503,262.87092917456755,21.542118603370604,72.54266775822865
436.69962177611586,262.1344424357037,21.65827053103947,72.5894499944685
436.0576501408815,264.75425664283955,21.51320367139018,73.06586210066865
436.01734446849764,264.758372137281,21.593815016157883,73.05763111178567
435.22644044560417,264.3817921854637,21.741188722052833,72.37635667552814
434.404450600842,264.5166396794861,21.957634564542047,72.10666168748347
434.5112953769019,265.2061588892479,21.743945012422316,72.1553506597871
434.61608745441924,264.6024740015395,21.534360857387547,71.93826330147344
434.7133444481459,265.2885620441631,21.33984686993422,71.98358441650203
434.6093334195349,265.76903940112874,21.547868927156266,72.43715588381181
434.48853254680756,265.06435557295595,21.789470672610936,72.4217178334473
434.46217430517123,264.21967622304874,21.84218715588358,72.68200519764459
433.50860686068285,263.84959366289246,22.315589294236105,71.98843756733285
427.68619556738855,262.0582047839215,22.499028559997758,71.2731965799648
425.2585417023234,264.8791479814839,23.076592800890577,71.33496817049001
419.36965992853527,265.90472031808264,23.35500605382299,70.72124228412302
408.48651944525795,266.45562769957,23.614258903702915,71.05322939559326
402.8004315989486,268.7490403846617,23.440254989221657,70.79622137807236
397.8121915561308,267.0976940942504,23.361725328082592,71.22605403124513
388.20116035624744,268.63428562134857,23.849435303359364,72.47618307500812
382.21800581329035,267.46517977716144,24.07317092999005,73.34657308097188
376.9846512869202,268.6264598204351,24.149778784512733,73.99261333677246
368.1580999536859,268.0830332141513,23.86420275074379,73.5845766576536
364.32755828441816,267.55719001265027,24.10604276466296,74.63626306065561
358.9631125503897,267.6937009979017,24.3123010789786,75.8664743978301
351.2504180028476,268.04346922918097,24.49270999921199,76.69143595275673
345.73356087353045,267.74844681635983,24.749710458553125,77.28148077839901
340.94131041158954,268.6853185611412,25.018391220789383,76.96037398244391
335.6292397492785,269.42740890260757,24.771443499404487,77.02920602036917
330.1856318371511,269.1681057976998,24.8124830233043,75.9983584729912
324.5341725541632,269.0441765350845,25.366478459486444,74.71065655110846
316.59019639479556,269.40407973041346,25.98069034797369,73.99085016045046
311.5006989426812,271.25620535774175,25.461622091581617,74.87148311748852
307.8309811641173,270.2460735833892,25.144048611435778,75.3603448587389
303.06436009751917,270.67210145865675,25.481927579288794,76.04084963576102
292.3677359968731,270.9808635929825,25.19720338388208,75.42332536710956
289.55136122664294,271.5222776469057,24.692235690791392,75.87492656765083
284.31444947331084,271.8255444855534,24.444864343463298,76.7999921552115
279.8657881563384,272.5174959118335,24.101041085487235,76.95628028463811
271.67491811777336,273.8937327135708,23.585989217034797,75.73987867621639
265.9827832415703,274.8336431334382,22.895720970669814,75.36937508632799
256.35322892521833,274.746959435141,22.767894977681266,75.54274248292243
251.2185078210603,274.6233853930517,22.5976206281048,75.78989056710101
248.3729456028944,273.80669698734476,22.32184175296002,75.93154155064575
237.89334286661074,274.1886312872184,22.44059617955908,73.67906930475785
233.02185908959854,276.20070657785993,21.97099753632183,74.03173280801546
233.87693392879305,277.45471100852166,21.716066877707377,74.43416198624115
234.6884390925293,277.9863701891952,21.549223054193757,74.82701012885299
235.32437808138263,277.88338557704714,21.73595183573891,75.03297935314912
235.33359519723174,277.8632855604839,21.717517604040644,75.07317938627561
235.35983359282957,278.35651470685787,21.665040812845017,75.55194255109863
235.26652447355622,276.96969773751624,21.85165905139174,75.38356899795124
235.95641168573684,278.5939038096102,21.943990633668513,75.07936886703946
236.64774610981686,278.02677885230617,22.030849425468354,74.74409114168756
237.24618620287384,278.1445151299483,22.3003737810982,74.50861858640333
237.9016458880326,277.79264363521935,22.457535521663303,75.21236157586121
237.89173651999303,277.75886307499417,22.477354257742455,75.2799226963116
237.85711869736653,278.18130717615475,22.546589902995432,75.91731308682729
237.75885708771014,277.6991074675025,22.743113122308216,76.88171250413188
237.69090922056316,278.80466374822066,22.879008856602177,77.69034136570765
237.5771200213653,277.69838926575164,23.1065872549979,78.37905985709673
236.68475449370018,279.2437910551416,23.3535188003636,78.36385529824582
236.45218725290982,279.0849142312492,23.818653281944282,78.68160894603079
235.63803372212473,279.10968238061355,23.891662414649986,78.63207264730201
235.60685557060035,279.0362162799528,23.954018717698766,78.77900484862359
235.50117466789922,279.8054963635606,24.16538052310104,78.79962938571899
234.76941683440694,279.1483424197076,24.065507004055178,78.55054808739462
234.68236901223813,279.0455253669304,24.23960264839281,78.75618219294904
233.93163766480973,279.3070828965318,24.176918933259827,78.23306713374616
233.8962063413505,279.1518146834849,24.24778158017826,78.54360355984007
234.7573827644883,280.04526746062163,24.08671400656118,78.31798327822517
234.66624533205425,279.78239711544524,24.26898887142933,77.28861368180124
235.47886910982965,280.46961361314163,24.1876249043781,77.45806427490811
235.32464846942875,281.4473959921989,24.49606618517985,77.0472851817277
235.94534939178268,281.4645312134724,24.799308189656657,77.01301473918069
237.4419099732374,282.5491149580387,24.9056590906981,76.39358328202361
238.2401319884849,281.81291895206726,24.852103073440325,76.32308728072931
239.02408120665137,282.5891034759987,24.825107761555053,76.31162135731401
239.74503517370695,281.85207363705183,24.923444475501448,76.24543638715014
240.36788307718263,282.293334017383,25.218857157248067,76.90402411518568
241.0272295850712,282.0238659657359,25.45605401344078,77.44296021847984
