410.0,243.0,82.0,44.0
412.5887047007432,243.5620670566024,80.74571572802724,44.837428451552064
420.3295284959137,242.96482886954172,80.92304142717171,46.031904825673394
427.40420747325504,242.30716405217976,80.63595307820341,47.347234460397296
434.6822091286279,241.98071157315326,80.0685142067153,48.000139418450324
439.58310378048225,241.93564727171827,78.2705642386473,48.09026802132029
442.226178501375,242.61131131907672,78.9114961668928,48.714633716613776
449.0611485075859,244.56778678253636,79.21178085097017,48.79317556012292
449.9406858681495,244.84914827137044,77.45270612984298,48.23045258245473
456.74730059420904,244.52035642478145,77.60037113522694,48.88803627563273
461.8818122010257,244.60148377262968,77.22670771120627,48.72578157993627
466.5936127795949,243.89448665589856,77.65694378302237,48.169008367607574
469.4050551504208,242.30582631417522,77.93764026612138,47.410608234553635
471.77078799258425,241.4887469720358,79.0840706704447,47.08546822261577
477.4062045228037,240.4092672625165,79.63852974277899,47.27354561952552
483.2736739943983,240.2426145418039,79.79739900407351,47.60685106095072
491.01893460196084,239.92751086059928,78.23891542247588,48.23705842335994
493.929034756359,239.56626913150905,78.3517804296489,48.959541881540396
499.223747658738,239.28005977775766,79.71135538583226,49.53196058904318
504.64891485418497,239.3459095964369,78.9680604227555,49.4002609516847
510.32179713087754,238.65718528449193,79.67087837625597,48.769612491093696
516.0197179715,236.95079278328785,80.32301726941265,48.166403968701275
515.8904401434719,237.25600033764593,82.58912389070291,47.555988859985106
442.01413399022346,238.1423690549594,86.14920562857867,45.783251425358195
386.13904759388856,238.37690696580194,84.97223038359968,45.31417560367313
402.9406260175209,239.00019506394864,83.81470983807702,46.09545167623854
404.04147874184616,239.0301497215048,81.61300438942652,46.035542361126204
412.5750694195515,237.3466576552798,80.47060750903498,45.421330374821466
413.8064038670015,236.88677168335283,79.97118621475964,44.37785471805071
417.3698785084156,237.32581745846792,80.59661076642846,43.49976316782048
423.37755669248963,236.62113904954305,82.10749739212412,42.97679955797832
426.4002871909566,237.1460031363974,83.84437602281824,41.9270713842696
432.69844522343806,238.24937393454252,82.96581143494512,41.67328836749438
438.62653989634464,240.28123178556132,82.72384533773928,41.480980414992494
439.30299261393026,240.41651900375027,81.37093990256803,41.210405978614574
440.4791568076011,241.35387215685066,80.92294962168955,41.24003777887702
447.24036597495615,241.42510623207875,80.68850613618127,41.09756962842084
454.79036604561327,240.2670773291775,80.72759259043136,39.62885578533219
459.87584799665706,239.58808045027564,81.76190733577505,39.11930310189733
392.70745918027865,238.95228616887943,84.93301142975045,38.517096328421424
321.16322917468614,237.32577497266334,82.90455898875452,37.951252603690904
328.3941308851268,238.5201985927082,83.40304851429448,37.43244198190392
336.6288764557982,238.677732674405,83.74714746544929,37.11737381851031
345.51518909451056,240.8326285328297,82.78318737261647,36.54284103157024
351.84742581879107,238.4784410132964,83.02349090579003,35.720597364179184
357.5467626426114,234.24657756606598,84.45243342569496,35.021741281821754
362.1090142546563,235.43215891047004,84.53185306014916,34.49136316472244
370.4247845481151,235.58530787644202,82.56030761699888,34.185065232778456
373.1895952940688,234.60380761112978,82.42654107893293,34.349447445455766
376.52082771335876,234.6300605299041,82.96250257764537,34.296941607907115
380.5790917606127,238.85162499216037,83.87802076469048,33.07944970863703
387.0887325649744,238.6393877511999,83.44399194996824,33.50392419055796
347.2751575935606,240.14645739344502,85.70425928986873,34.08824456201786
295.5755444072997,239.63663797465654,85.94050985636169,35.10788339959479
296.3288032885398,240.41362000550157,84.43399209388147,35.41769900063777
298.01861917970535,237.57482397449684,84.74945106680501,35.55265492976524
300.01797576151193,234.60864834689778,84.45972737590829,35.92152197588878
308.37661149906086,234.17467203559676,82.59719908176814,36.7894745984908
310.66640749219954,233.81433784155905,81.7079715025455,37.510142986566194
315.21807550537966,233.3746198765997,81.82920432319784,38.38957891648495
316.23068234648645,233.3566634417831,81.6660450758153,38.42549178611816
319.8185877531183,233.09344958072043,81.93145250222625,38.95191950824348
321.0150652797694,233.9713300333287,81.41185004544784,39.069511199550654
329.0835362809313,233.90153936825234,80.2174794859921,39.209092529703426
328.6243283456897,234.90734185653656,79.28308847614812,39.05029443346225
330.29408652499814,234.88628540983194,79.61635881155294,39.09240732687147
335.63397931065384,234.9110120898466,78.14655452847866,39.042953966842155
341.79359626129207,235.0679563612371,76.74514690745285,38.729065424061154
346.9983167669576,235.07210656951275,77.09781857949366,38.72076500750987
350.04208068641253,232.646854149788,78.20512351660892,38.17514526494048
348.4698470638367,229.95539023283135,79.54413769453139,38.14171389716623
354.1311393747286,228.98683082700555,80.99251293670835,38.25440987110913
354.22674457347074,225.4832326297058,80.8013025392241,37.87158217804438
355.5188700087117,223.84128525833626,80.05509140341263,37.47939745144252
359.01650417939226,222.16783744813114,78.52079564321956,37.185644684407414
360.3634351404297,221.35725935067617,77.61977857766306,37.01395602279887
361.0090667218442,220.5621039311081,76.32851541483407,36.82755074247092
362.34595789349487,220.72340599764647,75.40936441995669,36.50494660939424
367.33318082175185,220.33506351679,74.11293579225816,37.28163157110717
369.00084648003235,219.29584315287974,74.23781840469218,37.62996533443016
369.1414178617565,218.1475406737107,73.95667564124392,38.18861484616467
370.0938444715151,218.07155091398326,73.79528866254978,38.34059436561954
372.08759071017687,218.20920817552124,73.2952221945433,38.06527984254357
371.7302398007287,218.3779111344622,72.27829391443406,37.72787392466165
371.2020776676411,217.73539817240223,71.62373214505143,37.30201381322389
369.55853179625757,217.2872980393028,71.52293613636346,36.504270203695185
367.97595327185024,216.02844213497085,73.00937219071562,35.66454002343429
367.448786617867,212.99970658876902,72.37775680934413,34.97821635848541
368.0581706068134,213.4644644308725,71.15898883145127,34.04870067427844
364.79884848130746,210.72809888500984,71.15426250581677,32.99806118935741
362.2371513773407,211.0065129892855,71.44032914815034,32.44123298080611
360.9004936893936,212.83358796162068,70.89994291094449,32.000784649235825
361.1529748450555,212.9376171086541,70.3949805996207,31.792726355168973
361.11082734622545,211.57250282861833,70.47927559728073,31.362376554964534
360.3361612664028,211.50617038114342,70.45465608432812,31.495041449914346
359.37729529195445,210.7673211536299,70.79646103784243,31.396812909558918
356.709827490417,209.94302412176552,71.39392285259248,31.466249043846034
359.0812369422174,209.32464045161646,71.41823211694606,31.113973661492764
359.13675492007326,209.18126012338257,71.30719616123429,31.40073431796057
359.4128243998084,209.212630794879,72.34168896416486,31.337992974967655
359.92541915948914,209.16661596140776,72.91701014169645,31.430022641910163
359.1392017155623,208.24698789112415,72.87898179023166,31.658815543159022
359.4172152329013,207.41441179983238,72.32295475555367,31.710015327177356
358.85863924076943,207.56138920891973,71.83330535529205,31.416060509002627
356.1361702736706,206.37406788458452,72.49466659062597,30.60165202509731
356.63899102666176,203.3950462411472,73.07872585868883,30.20089221579154
354.4654517273161,203.4844262599217,72.65273558913287,30.022132178242614
354.01485812159007,203.57016698250948,71.97222244120996,29.850650733067
354.2195856302118,203.70422221189511,71.56276742396653,29.58254027429576
350.7803615479717,204.48423867088292,72.20856301758776,29.580670499034916
351.9772844291682,202.71782500217904,71.38216177572639,29.978608795379397
351.5395102146084,202.96252101568493,70.69512434670675,29.489216768367616
350.8112489850059,201.34841222030437,70.60766330479325,29.629467356891745
351.13929357966964,201.3946231953687,69.95157411546573,29.537045406763042
350.08098724961314,196.22209345387031,69.00000270447005,29.14346064087937
350.74847780912603,195.54658251585525,69.17839048512619,28.98111361722762
353.7849318260585,195.54361789249216,69.15775495996185,28.987042863953782
354.284428725669,196.2133724920035,69.67163642692745,29.160408931117644
351.6091545743112,196.3103600119877,70.45207045311732,28.966433891149222
352.1670405935653,195.44802593095102,70.86748774452346,29.15991272330836
350.6159601722174,194.3921672123741,70.88840621184582,29.731008972775527
349.8455748677305,191.4394530860662,70.87811292379504,29.43218163729257
348.1070149959148,190.55916056999027,71.26400778235173,29.647154226907148
344.5930958328924,192.220578915065,72.07184907903014,29.434316051440952
347.24012293762274,192.13727541717088,71.46640214685472,29.60092304722916
347.2468065125838,192.82831050671882,71.4530349969326,29.775952145330926
347.8792510307788,193.72710922643648,71.74816022281856,29.53836896817148
347.71038418605576,191.84033305873143,72.08589391226465,30.191816258680223
346.6640741384606,191.69772582253017,72.60198333590944,30.47703073108274
345.5619036065766,187.67819759414178,73.21728206295275,30.57087550423619
346.74278862786383,186.8609362493983,72.4551045232868,30.60580569081477
346.2853667750841,183.66680921569602,73.36994822884616,30.63724899073516
350.89385055939874,183.67862089344186,73.77082762916206,30.61362563524348
350.8473588040743,184.28004034727888,73.86381113981102,31.019128647990442
348.9516419334514,184.93213257891455,74.4214849713466,31.331824139574195
348.3548826684095,182.68876300573805,75.61500350143032,30.927126240197794
348.82125637245974,181.76304469946336,76.32277274641375,31.138046199663336
352.30737499359975,181.6569321719172,75.96843103873192,31.35027125475566
355.0710083897006,181.7906505893236,77.05372012417646,31.082834419942884
354.26115942052706,180.95080173410818,77.00939548706296,31.098509554913132
349.251664415562,181.57427093437065,77.0464040399088,31.515234730568906
349.6852699859221,181.64527874037287,77.85081195431171,31.37321911856449
348.8660396079693,181.76236840106125,79.4892727102173,31.139039797187685
348.0884956082324,181.82949352105317,79.34428888059655,31.0047895572039
347.9875999042582,181.85445602905304,79.54608028854493,30.954864541204152
349.3746855365488,179.40200285448154,80.16708852479044,30.767001639107228
355.5392734245868,179.31320063954507,79.75988747744596,30.94460606898015
354.38823390763974,177.52038156651093,80.36148885168937,31.12928889574694
351.87488814546975,177.42481304657989,80.25088935660365,31.320425935609
352.7656925758521,177.31535708573128,80.18354691740207,31.53933785730626
355.37491570692004,177.0995998401411,80.1167519606055,31.970852348486584
356.08201447848586,172.7018079300934,80.42652330574572,32.14659172722272
360.48927295973334,171.78968977609117,80.26983247059971,32.23926280975737
355.4944600205111,165.6068398024117,79.87367928542189,32.48822051622365
360.65246721708604,163.52262989059827,78.20613449217115,33.197252499890865
356.40069147021507,161.21690518841606,78.11860984962756,32.654056222483916
361.2137547663233,159.3779938967928,77.02910284675875,32.917230969991394
357.625350198461,159.41353965409624,77.42094590403264,32.84613945538452
369.98477274489517,155.11343178538093,76.51118682131067,32.943110189191486
358.7939248317076,155.48134023721522,76.93319656326776,32.20729328552291
363.92597791333384,155.50102124866055,76.76277539592782,32.167931262632266
355.63062849911404,155.51664509479085,76.56225882216253,32.136683570371645
360.26668356204385,149.86485720801747,75.66850555676247,31.710559739275027
359.13460644577253,150.74144153843167,76.2774533955219,31.612597472229815
357.5150145222494,151.69299556806865,76.1921198886483,31.371748089915794
360.6021008350873,151.74168255016627,74.98818975207148,31.274374125720545
357.2523051185598,151.7618841048524,75.13720336228941,31.233971016348285
357.1897465405355,151.58558299270524,75.26232051833793,31.586573240642608
360.8137627129681,151.72404118354257,74.60285303391552,31.30965685896796
361.3353021879636,146.92713994031206,73.5597740839246,31.10722368407353
364.24666807146116,146.1001367420598,72.57918764439978,31.14718163808795
360.98026621640406,145.32692419607514,72.70968322583354,31.093029697887115
363.61152899473785,144.5705852532991,72.25167924238379,31.00420039236655
357.8743405112298,143.7890422768462,72.57287531846194,30.97397478942408
356.62219549591697,142.10261608569795,71.88231968994391,31.151981512576995
359.17745546532086,141.71413445280166,71.5435297993919,31.92894477836957
359.0456842101124,140.88709471362824,71.80707230980869,31.98367041618884
360.1334491307517,138.6493721084704,71.23568201105758,31.64669699892224
357.47021024639474,136.15470512906853,71.79238655303001,31.86625773098453
358.807298722735,135.1219809892683,70.72007089249095,32.32984471844341
359.22871773941796,134.160792357593,69.87723285912514,32.65779054576723
359.8358556786193,133.10210790517402,68.66295698072253,33.187252605079294
360.9089976303963,132.84988497693323,68.09610201501758,33.69169846156085
361.14691505034097,132.80666714102895,67.62026717512825,33.77813413336942
360.8059807113563,131.82789904683702,68.3021358530975,34.16123624722916
360.8312725077632,130.1120032314204,68.25155226028384,34.41093676086011
360.24097346950117,126.9678494144894,67.83752782179542,34.32075433467253
363.0338743883956,121.63042401913324,68.59971699430702,33.88662085735928
363.20592363175535,121.59066872042123,68.25561850758744,33.96613145478331
362.61484546584404,121.62550952615224,67.85078702191207,33.89644984332127
358.1318098939431,121.54768173868524,67.33772131435381,34.052105418255266
360.45085837827423,121.64685559168535,67.42472206921099,33.85375771225505
358.8770911517486,121.63792756179521,67.42649854968576,33.87161377203536
356.788005364298,121.03207330121828,66.88502883306484,33.510108529348486
359.5228959476747,120.23627694512274,66.09234436819304,33.54266900757897
359.05477462101004,118.58659116797139,65.48060554598307,33.74607761080295
358.95233491432975,118.33589327993255,65.68548495934357,34.24747338688066
359.28884140672545,116.6968498639593,65.01247197455224,34.41724680606167
360.93817637696185,115.73769450216327,64.80816031325658,34.78837839006515
363.1052608292362,114.13174836764911,65.12559747136254,34.89919995065706
363.0558649040265,113.99619759808904,65.22438932178193,35.17030148977719
363.9893562278687,113.47073748564826,64.92061452880615,34.658013859950096
368.30834218161647,113.02605943624198,64.03242916073424,33.99741265087796
368.674616492391,112.5758913689398,63.29988053918512,33.372194103136565
368.40016424983594,107.29350927424085,62.344738904511956,33.408635454051606
368.9735942167662,107.30698508030565,62.6884935152554,33.381683841921976
369.27515440246196,102.23205437594711,62.08537314386378,33.06504905737071
369.67477913475466,101.74186044288597,61.28612367927843,32.56453085600649
368.32561732235024,97.49461183833566,61.06333172166109,32.29568131782886
368.93783500520584,98.21509123673388,59.838896355949956,32.30738866325794
368.3882696491832,98.3756704296372,59.50318850572894,31.98623027745132
367.92583444004237,97.27849259097115,59.00366553655508,31.33179917987234
368.8294243626086,97.43927584374745,58.60230630979483,31.01023267431976
366.493701481675,95.14806165662749,59.09056121163669,30.01507323519249
367.0009148495082,92.14284201782954,59.46057079434108,29.103330920934134
367.04679202091205,93.00228469172269,59.368816451533355,28.758516522457477
367.4394887201564,93.3263308074592,59.9501652298955,28.110424290984472
368.55757404112194,93.01388928822576,60.44185643055344,27.37137640815685
370.3269481836934,93.26539781140839,60.97755173087687,26.868359361791597
370.9672317754753,93.95647302259948,61.05406332351111,26.84328771560741
374.7498430561055,94.18306311199751,61.63531741035435,26.39010753681133
374.8868187022608,94.3376840914249,62.71952945830998,26.080865577956573
378.4096800399194,93.68351451691466,63.88390734591434,26.0208546331568
379.12114763548516,93.7614467548151,63.84504974955547,25.864990157355905
380.3427273997255,89.02999861305729,64.16337299664835,25.662696726363993
381.12008935533146,88.95740884392762,63.99036698161255,25.80787626462334
381.6617407313329,88.63178565792407,62.907064229609716,26.459122636630426
383.6181181998206,87.87441362831129,63.12761469820758,26.596098227331566
381.9591977465788,87.91087750508325,63.67869063575934,26.52317047378765
382.23716276456514,90.14883263682077,64.51280808955376,26.21740267961397
380.9736477055843,90.25822712379025,64.24655527534051,25.998613705674998
382.9995063364778,89.01044103378715,64.36155938226457,25.716371639873856
385.28861521263565,84.07377497574983,65.32545711508747,25.891001656955837
383.6659650181727,84.01967101254712,64.36320118572435,25.999209583361242
388.61945148135396,79.08016494072524,64.19041505611052,26.14403493025638
385.93489415842765,79.79425565958226,63.99677530597046,26.106542091540526
389.7815052712635,78.94783527135354,63.239703054856776,26.41215287308635
386.91819634763345,78.75004917417088,62.05762333736478,26.807725067451663
389.46023325572463,79.34191950662887,62.46016416996148,26.99563806473043
393.82153016241483,80.77795401690423,62.02236211902634,28.265964925402333
393.32325473907923,81.53306330054335,61.622114201229174,28.15254512259251
396.2438106992264,82.2252609302948,62.72597185701045,28.157143778304736
400.2257506629065,82.73727586959333,63.19274187734724,28.53822222432381
404.1559442136075,82.39860834543475,63.84381383339188,29.215557272640993
406.37505515607694,82.17094759723442,65.16524539609885,29.67087876904164
408.2004136280601,79.69061429950018,65.9158243845859,30.230249432056667
408.85481834694644,79.58018491090567,66.09482495942396,30.451108209245692
409.93545357362416,77.95199982811569,66.92211410056223,30.718918780331897
414.75686967664683,77.87481004859055,67.85627546748147,30.873298339382195
414.2070756324564,77.8475539224645,67.42858104215154,30.92781059163427
415.7144145917461,77.67769155621714,68.97996681917479,31.267535324128993
414.5843169716973,77.64336925094835,69.68964021098313,31.33617993466658
417.3849042616738,77.86273147945323,70.33659531022651,30.897455477656816
417.4794703419577,72.99661125002574,71.71116192097458,31.247503308615475
417.74421959953816,71.91039127931609,71.18166340581382,31.830159399203488
418.54054052188667,66.84583562241737,71.18138821977328,32.405070761061864
419.6294213346657,66.38041502575493,70.60608098497573,33.33591195438676
420.36005270464176,66.29585810035003,70.75517836742027,33.50502580519653
420.74356293071367,65.70647112635648,69.98815791527645,33.06831753320723
426.5262666108074,66.21624628088227,69.5995663624643,32.04876722415561
425.9842341204544,67.10881692941108,69.11041418180028,31.836843088468125
424.1750966192706,64.634254063106,69.6039020951541,32.09878818755767
429.7625378509358,63.57688726279715,69.44810938743917,32.639366108801724
429.4415829695268,61.829255448557404,70.09001915025725,32.97195891838957
427.861972162133,60.86860709955687,70.05625854695282,33.2967645073446
429.2440854272585,59.112021752839816,70.49535849684077,33.6066087206397
425.4012865011866,58.17560631608424,71.72709882258484,33.8659752125509
430.53564789993106,57.20442614748508,72.90996754655907,34.172393903825906
425.8927560166128,57.01984075938074,72.2446231657434,34.54156468003459
427.77450341758436,56.00695589067897,73.44690966203828,34.91207398469214
432.45186330288584,55.941703969979734,72.48842975602571,35.04257782609061
429.87559857598006,55.01790080201289,74.30588905716563,35.22264908568844
428.0366696439503,54.19364156720651,74.58937926384635,35.17398372661182
430.49150518605296,56.077492052183274,73.08064170094137,36.50768303860883
430.83923602447874,54.10369406205203,72.38518002408982,37.05207066324527
430.0766619883267,53.89617745406314,72.20951119057464,37.467103879223046
430.31880579766846,50.13059309376434,73.43061259159612,36.47132750129565
433.8608969896193,54.383849830582136,74.87691488755672,36.49529870752233
415.58974403929335,51.235262969784415,76.86604023764502,35.88183631900506
415.71445144011966,46.88539561153174,78.36260972526956,35.851649589125216
437.6956660211515,51.991091355025986,76.81365689856574,36.24362718597672
434.21592615092004,45.17216584909748,78.5185254229659,35.869181621666094
414.9251014770482,39.795628280784875,79.93433866664931,36.003446442845515
415.3076375519579,41.707454294463346,80.96199085359638,35.765243089021546
436.5027135555504,45.30822521449801,80.0510972869017,35.77748532555921
429.4578400301436,43.06991511373487,79.81724800847203,36.67320644477468
427.01825242671714,43.094831473967986,79.28812490254981,36.62337372430845
421.4906596958344,43.24160955790961,79.57812156010513,36.3298175564252
420.3255421047247,44.26165821088393,80.11508210106685,36.08299489173419
432.1757091573076,47.718512588507714,79.77243667840447,36.35626726956458
430.17337887509683,47.246146125893105,78.3874104911196,37.301000194793794
430.3916707382096,41.87191467333393,77.95082676489406,37.291998309213206
426.3307008843338,41.63112281080489,77.14083352519359,37.7735820342713
421.52963875838077,41.78205931761466,77.82830684823551,37.47170902065176
428.10139359665715,42.84180754156695,77.19888065785858,37.13993878505801
435.10115496542664,43.35437674686874,77.38150646269219,37.887568942251
429.20945718168105,42.24367391577766,78.4343476273003,38.32054887061932
431.2547409771888,42.32807736195396,79.77776009925154,38.15174197826672
424.0999782521371,40.42499330825514,81.29124564883081,38.30189868551459
428.31003402301485,37.887042695572305,80.2818837722113,37.81973766202827
430.11697784179125,37.5985092620881,80.32713311278782,38.39680452899668
434.62638589311604,37.75746580863493,80.50974885067683,38.07889143590302
441.30732778578965,36.47798851848283,80.00973068247086,38.80043664232989
441.1653843739123,35.635185427043695,82.13629226791585,38.64336806351797
441.06535184437456,35.85395755232544,82.33635732699122,38.20582381295448
440.75856770148715,35.54735298147217,81.08369806984261,38.81903295466101
440.5385340220714,35.414776229019544,81.52376542867412,39.08418645956627
443.1790805730539,33.347848736984545,81.85180165166081,39.47862189366848
444.21911587950177,28.475594159800092,81.65309030817602,39.81633470098267
442.9607812939131,28.43131807039037,82.28543379451746,39.90488687980212
443.7703926157569,28.55431086603318,82.56131167153602,39.658901288516496
446.81076500178807,27.573798300862535,82.1651184580703,39.7250758993256
440.9458656888578,28.184723743517942,82.55360631866354,40.39344347489268
447.57986213763473,28.142624128694848,80.73062854729292,40.477642704538866
446.9651968086777,29.243224536760287,80.07766627553733,40.158734818077576
448.2744739472341,23.749104183681965,77.45911199842452,39.94368349669321
452.88838855144803,28.961883493660753,77.35684396385726,40.46879828536833
456.19045333500435,22.580012523138993,76.25065645164051,40.404008764987985
455.66313213481175,19.83946425761214,75.4900306061619,40.439300558449894
457.16462203551697,19.98418987608053,74.29172790112423,40.14984932151311
462.4362446236636,19.904278263213627,72.65881358780108,40.30967254724692
463.5667149603404,18.980569950528793,72.15857482218719,40.39638726487683
462.6227049770989,17.734939582459134,72.29180821317048,39.37807485001689
462.0902657552183,17.757064082829572,71.61730718055811,39.33382584927601
461.30131311282474,18.012257296826427,71.46654063050302,38.8234394212823
461.65958718628525,18.237007135576835,70.749992483582,38.373939743781484
466.21246842525335,13.372614034722357,70.14159564506056,37.90588717819282
464.08160020745515,13.669381139544974,69.35584207045365,37.312352968547586
464.4682186883354,12.955914340419074,68.58260510869306,37.0785293344605
467.41205008128816,13.366930350396228,67.6310230029789,36.25649731450619
468.70703854710627,13.383229725490647,66.658310379768,36.22389856431735
469.45461978063116,12.873236980909727,65.16314791271813,35.64151232555173
471.028701951828,10.9711577586068,65.15571086346586,34.73457983044556
471.47548943279526,10.736134354966783,64.26213590153132,35.204626637725596
474.62887479001785,9.231625224877416,62.60418219757336,35.11443355757956
474.9950942860733,9.109482781914384,61.871743205462366,35.35871844350562
475.4450911079993,8.29091783114022,60.971749561610366,35.47895829142513
