243.0,314.0,43.0,137.0
201.09545014539944,314.00050855487615,44.71985146505314,136.99898289024767
146.52431578598714,313.554045686027,45.91276637439985,137.89190862794598
104.21637435723422,313.11921611440596,46.45391311892104,138.76156777118814
73.90565468183854,316.01138972005185,44.93044808267958,138.62675732235382
76.45514303338496,319.1422840575598,45.42133475657981,137.95483202433098
81.74971159459804,321.0787962205929,46.00974286211063,136.8761940052541
83.58743004169862,327.5914086371395,45.12411265829334,135.01019593369642
85.1429832523059,327.969289573241,44.76005577127877,134.25443406149353
86.65659517807606,328.6197949866078,44.462464918320876,132.95342323475984
89.12278626175308,328.4364194788414,44.941426727184535,133.3201742502927
90.02635560869159,329.62686378392556,45.853936945414546,133.65893455223136
92.06709516721321,331.71847509999344,47.254713040356094,132.21683952608794
94.54853477967116,304.25166269587066,47.783847525476226,134.97633408899117
98.77503128865534,254.43382319295216,47.71593619411061,136.78606008446275
99.08912848893391,218.60356437314385,47.08774179355348,137.95586737463123
100.37010771272935,183.14304543236406,47.350652015721366,138.2551885122217
100.55198129894612,162.7898676146985,46.98690484328783,139.28653794040966
102.13629495805529,127.20664900138203,46.66026233390884,139.40335494605876
104.94273431249756,93.98595277116567,46.72273903176845,140.57816022893394
106.32897102252196,95.41176648590195,46.80580613585873,140.58207332360047
113.56017596857642,99.0117169980821,46.628978975770366,141.9535219384525
113.71035096897545,101.71218195055238,46.32862897497231,142.29936506181883
116.5506599435594,102.60063906021236,46.393597785649845,143.39524422242158
119.51684575149044,98.91093360753214,46.2403438962858,144.99553740128397
119.59179048134536,100.58330844259285,46.09045443657594,144.56025584547342
125.80803433796638,104.18565432203354,45.260086571912666,146.05715397302606
127.6350527633997,107.83157805939247,44.51250132547737,147.4846613116023
130.3037878469001,107.72720540055167,45.00070409405632,147.6934066292839
133.0970981488775,109.28396536784648,45.2637573593167,147.50472362930188
136.01058011980322,112.48214211750053,45.29085875184039,146.96243546436892
137.32131659470366,114.42055876655633,45.58923612137592,146.0054524855937
138.80475409067068,112.74473797219346,45.53415769853149,146.4452975052298
141.84125446721046,113.48011578301814,45.295189168917666,147.89155799531335
143.08484975736283,115.88807212835502,45.74109283597754,148.9418337993689
145.83064607525944,119.40878145940046,46.16194494444582,147.81285988153954
154.67797843226532,118.6208106024053,46.15525665263567,149.38880159552986
154.35318010110706,119.9428192046916,46.80485331495217,149.7149978762564
155.78803066769765,121.42481546629989,46.92198660129679,149.73783977256562
164.84778462614705,120.41802551661031,46.73839595795819,151.75141967194477
164.68683601731215,119.83930976805867,47.06029317562796,152.90885116904806
164.73570004366047,122.74137150839356,46.96256512293133,153.17838060290003
170.6464518345085,123.74900960201799,47.29641173470127,154.2019419640177
170.32787865760451,124.83327881907816,47.93355808850926,155.09291771610194
173.23826438081025,125.75743393550756,48.280626793308464,156.32852755884844
174.57189794330068,127.14043423041372,48.72120560839432,156.67037290910287
177.76687391683225,126.84665217434124,48.57291555569886,157.2579370212478
179.49894618383638,128.13709855544636,48.2351908489299,157.80346408627693
180.9193858855259,127.873427032192,48.522214056208455,158.33080713278562
185.4254856743688,128.94893072835168,48.932066004694335,159.32048358252345
188.46725827044543,131.84656965389922,49.17309367846491,159.84977859735224
191.38936726135967,133.38193143420318,49.67736242678997,159.9532984018211
194.25194278523549,134.71742668786902,50.32227111607414,160.4673377630073
202.01716528391967,135.29189674506057,50.812937819127114,162.52261998870847
203.3754811572056,134.54311404895847,51.338729652357806,164.02018538091266
205.07161718152673,134.75404231086338,51.219820893588206,166.87169214697553
206.42476457559755,135.12212317244175,51.82511169275134,169.44711601112357
209.5831133784572,141.18938792969715,52.22695066409332,170.74965965073542
212.6542129840696,141.09626407296935,52.85506156396512,170.935907364191
217.35541451477818,142.49950644592985,53.6508876512792,171.52883233451368
218.96376165177597,144.88090057443728,53.856704907951496,170.18855560816672
224.12395235907553,144.82203642772006,53.75820363603951,170.30628390160115
224.12618022089373,146.71999483625004,53.7537479124031,169.9175158721947
229.15464490153158,148.05724942833098,53.90146957846038,170.6445570304771
234.42869424016956,152.50605205737307,53.59713709079681,171.99071796200536
239.69200286813248,156.0908658816265,53.35472695792133,171.67722839553198
241.51645245485923,157.71483242524766,53.124976298698,171.84844382251978
243.00369656394793,158.0385496824476,53.567819054995454,171.20100930811992
249.84191066255227,161.02853457755862,53.5567096813171,172.05369892966308
249.94428128065857,163.58260304540522,53.35196844510446,173.80199320858975
253.29493131993033,168.08355788263435,53.5490877792626,175.14771265318402
256.7705585366777,169.81155855107428,53.5416738687055,175.16363157777295
258.54991433656204,169.80490498219825,53.45497079773334,175.17693871552504
260.2986041793996,173.63284101248297,53.42818324863515,174.4622509281094
265.95875846159595,173.53295856242386,52.48779453223396,174.6620158282276
267.8229462499659,175.96201541663106,52.2047989423221,173.24928210664132
271.10335836981466,176.4449568654708,52.48424967566067,172.28339920896184
278.4465265568737,181.7113404113171,51.44447620167407,171.98555429236788
281.7644424086939,186.94471741539672,51.58494326365816,171.6832484326453
285.0975082543008,188.93063864066147,51.69176766011485,171.09788402595112
286.9741494390375,189.54351098753585,51.31865906415771,169.87213933220235
293.74168257643913,191.2734141915133,51.207218882504904,169.768239447535
295.0514456340189,190.9347657101049,51.940062690161525,170.4455364103518
298.07106981611986,191.74523618165108,52.651888556998195,172.20013258277882
299.51157431911014,194.8049835305385,53.1844442230882,172.9077672291453
301.06325805709946,199.45081435684818,53.5145185229792,173.91643090413473
302.2981244886214,203.75088802649117,54.498623076851274,175.67779581559648
304.1084917560818,206.30194404578168,54.37487663822282,177.56965996960037
305.78572894114353,205.58389557694312,54.54191104897646,179.0057569072775
307.3445573006,205.32334967706186,54.96919536981965,179.52684870704002
312.7610927454886,206.4360996463791,54.816816090259636,180.8615793051446
312.6141247963912,212.39066096492505,55.110751988454474,183.25770156758693
309.78222547480095,217.21994226191367,57.158872922399205,184.44617210131716
282.3251956992062,218.16091218176012,57.016591785606934,186.23465497415643
248.9594727558125,217.62027215577103,57.271612576161694,187.31593502613464
209.94202311854812,219.77543174936727,57.32993478035807,186.71878617562473
177.9525221094578,220.69209734444993,58.31050337249527,188.59124518699133
146.37661995533017,227.03978607071147,57.70461258359114,190.89767834556454
148.41351286925158,226.73469805254572,57.40273511475207,191.50785438189604
149.890978299244,228.61031504142895,58.222750159194405,191.53156630855682
152.96316267863833,234.38492345959267,59.659347575818764,191.3537987353489
157.0525959843567,237.13981822398864,59.10953627742128,189.65853686307662
160.9534009916917,240.81755674596656,58.868608097266815,189.86374165363634
164.73916671455189,240.92852525972654,58.854678254499376,189.6418046261164
174.48840899376535,241.28339325519437,58.23318108411416,188.9320686351807
176.5394983658805,245.43631859767078,57.88485578372725,188.1339248379146
182.53617948145174,250.97993974873276,57.099803787072815,188.25499277027868
185.7730017179527,253.06988254370012,58.072734214989765,187.79839463080344
189.54872197835823,255.291893473752,57.99093715597879,187.08919450159974
195.14064529747276,256.1365973945475,57.9768655084621,185.39978666000871
200.38569657580322,258.31406478646073,58.583901405791224,184.74389802751227
209.62593808638957,258.4009060500126,58.60808109281315,184.5702155004085
213.30390402383804,258.6866253379384,58.649974980303455,183.998776924557
216.52175959660832,262.76246985700567,59.597409681578284,183.23023373323767
227.11275526120843,271.19114121268024,60.603851768574884,181.1651799660198
226.25241788408678,273.3995789401467,62.3245265228182,180.43544659378122
229.68027573643866,275.7808861209666,62.88510425438611,179.38097895027718
233.4553118454753,276.1940575842349,62.741633302655856,178.55463602374058
246.15973786690225,276.78529142323544,63.15506629289036,177.37216834573948
249.66526942420523,280.3137621206413,63.503034133595065,173.9947424285832
254.92984195091216,281.6759988637098,63.886465946762144,171.27026894244614
267.376471114863,286.3747971979244,64.23125275386221,169.0835423125888
276.80942684525223,291.8790250776509,63.26678975835188,168.8159556322966
282.6052183215535,293.57611340043263,62.352502195929205,168.98087745012654
284.7135315598223,292.4828098211273,61.68085275145879,171.16748460873714
293.9390313448994,292.23870153389583,61.05046046887675,171.65570118320014
