79.0,206.0,48.0,116.0
79.0833352975081,204.54640356732054,47.8333294049838,116.38062745613917
79.19087317951087,204.64745361408265,47.61825364097825,116.17852736261494
79.27449577339834,205.0115651336601,47.451008453203315,115.45030432346007
79.09721863296974,204.18347401321213,47.80556273406052,114.59760907097274
79.17431980454393,204.25870600661435,47.65136039091213,114.44714508416831
79.21584151687057,203.23740666344844,47.56831696625888,113.99178099393146
79.18680335153282,203.31318739967855,47.626393296934374,113.8402195214712
79.18774064473186,202.17924407263564,47.62451871053629,113.61934917076314
79.21722936119991,201.0692936552505,47.56554127760019,113.35371591321285
77.96410581959034,200.98076373842108,47.59113664742824,113.5307757468717
78.22671021674815,201.19628628477966,47.06592785311265,113.09973065415454
78.17148202274073,201.06758113971927,47.17638424112746,113.3571409442753
78.44324527415841,199.85478573496061,46.6328577382921,113.30893506601637
78.50752226682698,199.93652065966023,46.504303752954975,113.14546521661717
78.37050730855347,198.64573693880828,46.778333669502004,113.26823144145206
78.57962681189673,198.7557886287342,46.360094662815456,113.0481280616003
78.74490293503369,198.95104288307368,46.02954241654154,112.65761955292132
78.9248453709886,199.28057335039807,45.66965754463171,111.99855861827251
79.1540422805648,198.02543172896634,45.211263725479355,112.08142771937781
79.30825465130081,198.077532517411,44.90283898400732,111.97722614248855
79.19634529351057,196.22661347728564,45.12665769958778,110.85218477669909
79.20770460010384,196.2923153797057,45.103939086401255,110.72078097185891
80.41513941371133,196.591403892758,45.087994079095296,110.12260394575435
80.84108773379322,195.35044820661773,44.23609743893152,110.21449770933275
80.77769207846491,195.55615377898533,44.36288874958813,109.80308656459752
82.22042399235376,195.4199214285664,43.8499244348511,110.07555126543542
82.3384167171343,195.5797207472421,43.613938985290034,109.75595262808402
83.65684987750143,195.51950194250762,43.33552807024621,109.87639023755298
83.64011971294445,195.3815336063035,43.36898839936015,110.1523269099612
84.81560598974932,194.26105359550868,43.377793637282366,110.03350914001891
84.4851681641823,193.37256210991347,44.0386692884164,109.45226544941144
85.57247357416645,192.16679251429582,44.22572415004254,109.5021389590523
86.51594015156599,192.2066419435239,44.70451033933447,109.42244010059616
87.58483792322787,191.0941182582091,44.939813781652006,109.27438848558444
88.64331178541707,191.2302361271922,45.198016191980805,109.00215274761825
89.44247423231118,191.18096401905345,45.97550251203642,109.10069696389576
90.2732387702006,191.27956852157507,46.70500126940608,108.90348795885252
90.92627340692297,191.4808301716428,47.80002083195022,108.50096465871705
91.9802641226453,190.4499077535975,48.106621289066936,108.1482276062463
92.77255852324525,189.26442494742528,48.936895900157914,108.10432980629986
93.77626550927769,188.91361990467075,49.35829354355094,108.80593989180892
94.84118697634256,188.70249838305324,49.67484630515046,109.22818293504393
94.51451218735383,188.6040405159892,50.32819588312791,109.425098669172
94.50014114225038,188.65471734247714,50.35693797333478,109.32374501619613
95.65814451969831,187.27368761957217,50.51235131145425,109.61438436899081
98.22717637192885,187.33156828457737,50.33102237587244,109.49862303898041
99.30844474411916,187.3499942493952,50.641995321329865,109.46177110934474
99.27148903815996,186.2619656606897,50.71590673324826,109.15941259000762
100.52863235102193,186.226748596413,50.67692848460797,109.22984671856102
101.56172463891235,186.25316980218233,51.086395853401,109.17700430702236
101.62887137953388,186.2769914330337,50.952102372157945,109.12936104531963
103.23879249358438,186.5012374613472,50.21125874853857,108.68086898869262
104.45018476743074,185.4444692010114,50.24799379544849,108.33488591476157
104.56599321578994,184.20676386901732,50.01637689873007,108.3551684692832
105.85657571336128,184.04843445296476,49.88658372685855,108.67182730138836
107.2643661503203,184.3414769902415,49.524708056794935,108.0857422268349
108.59304987812851,184.79721679101942,49.306186808852644,107.17426262527903
109.95960184269997,183.7450912413768,48.994849167205615,106.85674743706842
111.10758338331237,183.92391490687967,49.11058388596395,106.49910010606267
112.08795541985157,183.73232989416357,49.558362783766604,106.88227013149485
113.45129414199164,182.7414415698742,49.2536160596044,106.44211605995565
115.57889982278753,181.5493206962114,49.81879763849079,106.41616133704215
116.69686194544519,181.44295134468535,50.00256993794291,106.6289000400943
117.58108667781701,181.56601921237782,50.66012412631083,106.38276430470933
120.00589447489781,180.3785477225524,50.67827735521332,106.32382287282812
121.09121997764737,180.37104943800122,50.94096745500967,106.33881944193054
122.00555868075908,180.24883638644445,51.55042411063645,106.58324554504404
123.15844385867555,178.84791444325666,51.69695674859185,106.93278643763131
123.93859888797192,180.1084006073844,52.596600421490976,106.87176784086768
126.32743465745124,179.2316276681043,52.76829362185678,106.15063134976563
127.2369417701702,179.43202161605979,53.416388659406906,105.74984345385471
128.28157290901095,179.52137297854156,53.79957694705361,105.57114072889112
129.45399893030543,179.4933263104021,53.93117243041749,105.62723406517004
131.78036273232146,178.4430262797315,54.237526138096314,105.2482934706558
134.26437573129934,178.26743722754242,54.22802508388828,105.59947157503396
135.3754145049939,178.36412193758946,54.49019999464504,105.40610215493987
136.51647190421392,178.36350873415148,54.69401660341484,105.40732856181585
137.9343078763972,177.23538229067833,54.3478031571321,105.17412295067828
139.04475708900344,177.27372196303628,54.60697802164361,105.09744360596238
140.44627795904196,176.31880023252052,54.287345450590905,104.52387789796953
141.46237036251264,175.21498681674885,54.724644675349616,104.26202069781282
142.66417763243143,175.20502386242856,54.794186752965985,104.2819466064534
143.88936427097426,175.45792866410892,54.81845799321973,103.77613700309269
146.4397358401065,175.45844970489492,54.65296119490837,103.77509492152069
147.75476578579028,174.51484384335816,54.48766711068428,103.19754083745067
148.96919760385083,174.49567137640858,54.512236697409065,103.23588577134984
150.25300218061227,174.8944486902685,54.3990466232129,102.43833114363001
152.84212988695373,174.97263785859246,54.102276573558925,102.2819528069821
154.35314438881508,173.8852123528974,53.5135965282044,102.023454860004
154.41916277362103,173.8545338308307,53.38155975859253,102.08481190413742
155.42986640349102,173.8957861157598,53.778221122456344,102.00230733427921
157.77528711288883,172.6735516956698,53.93472330171626,102.02310437543142
159.17687926478487,172.70988386221399,53.55820390358695,101.9504400423431
160.30137553654657,172.99468943126868,53.72834101450965,101.38082890423365
161.93545613795578,172.94783754949663,52.87385346306722,101.47453266777777
163.4496796622146,171.728028450001,52.24577620628152,101.51378107503713
164.77503380669043,171.82690839718572,51.98520032695896,101.31602118066769
166.29421213285468,171.86422861169973,51.329582876023494,101.2413807516397
167.56635493913328,171.7826353891914,51.15562984466077,101.4045671966563
167.7891821262663,171.68524289834744,50.70997547039475,101.59935217834422
168.9039297759084,170.58596057581343,50.84534476929948,101.4330522252233
170.1655879268513,170.7308338777131,50.68680036142062,101.14330562142399
170.37281089514718,170.6953246228431,50.272354424828826,101.214324131164
172.97519320410936,169.52027141409215,49.77089624079062,101.2127773317228
174.43975027211732,169.74619155455056,49.184722073842735,100.76093705080598
175.78214805884426,169.92459904202659,48.826091160145616,100.40412207585392
177.1787088070383,169.96448939407057,48.347693698170794,100.32434137176597
178.53860372151965,168.80521918823,47.933147874780104,100.3376377778751
178.53835042312357,168.85463146448845,47.93365447157227,100.23881322535823
180.00045308174322,167.68729676613106,47.30624017634189,100.27669160006408
182.43061149139575,167.82963568250824,47.01874112680089,99.99201376730974
183.76887593960305,167.87951437101108,46.619457094060415,99.89225639030406
185.07892511414536,167.89617543202633,46.26817870847258,99.85893426827356
185.18618730176723,167.76343755081268,46.05365433322885,100.12441003070083
186.34876720597975,167.79877498968838,45.990797492528976,100.05373515294944
186.37734106955338,167.45873635942044,45.93364976538176,100.73381241348532
187.7724765919297,167.00961228243142,45.412438909036155,101.63206056746336
189.1692647594827,166.6567486056041,44.891818210604946,102.33778792111804
189.51985927601186,166.44213239453225,44.190629177546626,102.7670203432617
189.65756627394305,165.43064426701278,43.91521518168422,102.52212956741401
191.09139354200124,165.35272304417828,43.3070164732047,102.67797201308304
192.19403012773722,164.16247352349922,43.35268680905928,102.80752754711459
193.5206835709478,164.05800337490876,42.953004595222765,103.01646784429549
194.86870480178945,162.8313270059391,42.50651658987221,103.22026612590207
196.1638094034315,163.08647194090437,42.16087179960489,102.70997625597153
197.26451124657626,163.3165942243864,42.1905264839024,102.24973168900749
198.4300480042693,163.96233762433187,42.084400218594546,100.95824488911653
199.54876739843212,163.89306427005624,42.05138581496392,101.09679159766782
199.5702097551351,163.98185795688272,42.00850110155794,100.91920422401483
200.91213016186344,162.87130878917196,41.52717387108177,100.93778897645586
202.1943849952373,162.15455847792344,41.15689459200917,100.17705921127778
203.42591861030297,162.1419546574311,40.870501654848496,100.20226685226243
204.35022942848326,162.15718045084623,41.193821976227895,100.17181526543223
205.58120139725963,161.71470051648112,40.90913337816821,101.05677513416245
206.63568569651503,161.92831028333006,40.98510892045125,100.62955560046453
207.90698079608484,162.01344763587102,40.622659969083,100.45928089538262
209.10528714540055,160.833767278585,40.39727816450494,100.64741071590134
209.11436878755774,159.93256082628352,40.37911488019055,100.27990232961743
210.4379621231369,160.05211545058117,39.89623335431516,100.04079308102213
210.52137062868567,160.00839536605596,39.72941634321763,100.12823325007253
210.69267492881124,160.08894889010335,39.386807742966454,99.96712620197775
212.02312235312618,159.95597116166164,38.867993989124784,100.23308165886121
212.1270343403364,159.9059255083054,38.66017001470436,100.3331729655737
213.11300572589687,159.05231209732096,38.82255090318448,99.90607612794142
213.432539012936,159.1471369426808,38.18348432910626,99.71642643722181
214.38566774877899,158.0716216476438,38.39414011861154,99.7505437661045
215.47068924259705,157.91341925680007,38.345281658598616,100.06694854779195
215.53754299778896,157.6393442893224,38.211574148214766,100.61509848274733
216.52379839365915,157.88854525703246,38.369376538658194,100.11669654732718
217.9347858812119,157.62372149024355,37.673398038099855,100.646344080905
218.90987382959332,157.5237781416208,37.84429860410602,100.84623077815053
218.71200730085792,156.7761813327507,38.240031661576865,100.21440498759891
219.78428544889985,157.11699584528048,38.22055101213477,99.53277596253932
219.9970848374026,157.6354761874477,37.79495223512924,98.49581527820496
220.00584676232089,156.87702580988724,37.77742838529267,97.92029952097951
221.1374350331392,157.20171371469846,37.598090861185945,97.27092371135706
222.3157852703261,157.37966144748793,37.312686970721636,96.9150282457781
223.21764689951377,155.2970088266302,37.570029697870055,96.95820151644611
224.21710195530582,155.60256498775408,37.63742132867754,96.34708919419836
224.0873776509208,155.76528091300077,37.89686993744755,96.02165734370499
224.2844657147757,156.18491143944686,37.50269380973778,95.18239629081282
225.35847039283595,156.3522865805814,37.3942579767694,94.84764600854376
226.50201805159898,155.1554046887985,37.139982725904034,95.20858972544877
227.5779594767719,155.3555900340096,37.02155762647143,94.80821903502667
227.7599681313554,155.67173149056669,36.6575403173044,94.17593612191244
228.92945309824222,155.4860304835617,36.32854656227486,94.54733813592243
229.9115993017266,155.76124847663402,36.37366473132889,93.99690214977775
232.01807377755296,155.0697861202097,36.16534764886446,93.3775109280323
232.55612983374937,155.34786048047442,37.078919658250406,92.82136220750282
233.1848793085731,155.54057245590815,37.81945298840343,92.4359382566354
233.7788544671272,155.6145740956919,38.63718168349783,92.28793497706789
234.59355406210983,156.08879036880634,39.025853579898495,91.339502430839
234.44248664209337,156.2555005014715,39.32798841993142,91.00608216550867
234.33319164342853,156.36660181475528,39.546578417261124,90.78387953894111
235.98069128902077,155.51496779622516,40.276390638261375,90.47474181990901
236.12399092121208,155.79150064356014,39.989791373878745,89.92167612523909
237.30909687757958,154.86841793289594,39.62729544128037,89.76012556643087
237.21813098021943,154.04360405961387,39.80922723600064,89.41075923581843
237.23221506349168,154.4552462919661,39.781059069456134,88.58747477111399
238.26731059689055,153.97514801877557,39.69555511448577,89.54767131749503
238.69319354444633,154.01158510300667,38.84378921937422,89.47479714903281
238.8816932246673,152.91500536566758,38.466789858932295,89.68690778634632
239.01677343222948,153.182397352917,38.19662944380792,89.15212381184747
240.2574933747783,152.17046803969032,37.68013685619093,89.21103514082014
241.37764937025264,152.04113216619965,37.39648283867959,89.46970688780151
241.49412526746727,151.10000675414358,37.163531044250334,89.39659211194297
242.2483946842658,150.95179905474666,37.60516777318695,89.69300751073678
242.97880515042087,150.4976038034809,38.10663875059963,90.60139801326827
243.98020211283222,150.2437336076088,38.08814889896473,91.10913840501252
244.1090330176392,150.00114150426037,37.830487089350754,91.59432261170932
244.13700353986385,148.9761036678024,37.774546044901456,91.6506611835618
245.09212806900052,148.95753276197348,37.8578525609769,91.68780299521961
245.956778393572,148.9344505587601,38.12412398226567,91.73396740164642
246.94519426207466,148.76081287879373,38.14826045717929,92.08124276157915
247.0230600069536,148.64100990168615,37.99252896742139,92.32084871579428
246.8244926374524,147.87991647356807,38.3896637064238,91.83593769384284
247.84962640028283,148.05775819875646,38.346549437798686,91.48025424346602
248.8771521669542,147.47077174612372,38.29274999609254,90.65297505709495
249.75963887556037,147.7465541743922,38.51612391598238,90.10141020055802
249.96432881583888,146.6908942093328,38.10674403542535,90.22840257043975
249.98579077302946,146.80317050044343,38.063820121044145,90.00384998821852
251.26589010010565,147.10404011086467,37.478533019478164,89.40211076737606
252.136414437081,147.12946994979626,37.69332920278069,89.35125108951289
254.01942368256414,147.6113674409075,37.84514625402848,88.38745610729039
254.05979252425848,147.4378539598781,37.764408570639795,88.73448306934917
254.04246290798991,146.1506400540207,37.7990678031769,89.35764891362913
253.85022557257258,144.98666099089883,38.183542474011595,89.72472359899083
254.05329099644868,144.7916422126725,37.77741162625939,90.1147611554435
254.0631567303468,144.65627272366726,37.75768015846316,90.38550013345399
254.99885335987685,143.62760928478264,37.86128423984684,90.46782967077941
255.09418970159462,143.45253129726171,37.670611556411316,90.81798564582127
254.95386509316313,142.21782680292017,37.95126077327426,91.30769990732833
254.7706934533236,142.59167246389163,38.317604052953364,90.56000858538539
254.65507007443506,141.64094662058463,38.5488508107304,90.47401615603378
254.39287194493528,141.6568449885594,39.07324706972999,90.4422194200842
254.54634773478546,141.70144854544992,38.76629549002962,90.35301230630321
254.73085724067522,140.89762621899882,38.397276478250106,89.96826655580006
254.903183978786,140.63514056887232,38.05262300202857,90.49323785605301
254.07471457305255,141.03326661882932,37.72777770748468,89.69698575613901
254.21965086606374,141.1876158077932,37.43790512146226,89.38828737821127
254.27980950426465,140.45491674241714,37.317587845060494,88.89876084652408
254.1526080877053,140.3980328816874,37.57199067817916,89.01252856798358
254.42552551085078,140.11653839784606,37.026155831888204,89.57551753566628
253.66329851071018,139.9246854125642,36.60029227618401,89.95922350622999
253.56159988140982,138.72027990036176,36.80368953478474,90.41975943593019
253.39058183135683,139.0742659545223,37.145725634890724,89.7117873276091
253.15254615487444,138.7266382489317,37.62179698785549,88.45263456781028
253.3485758069894,139.07611911643525,37.22973768362555,87.75367283280315
253.187760653393,139.07138747895857,37.551367990818335,87.76313610775654
253.5472391858375,139.08008794721388,36.83241092592938,87.7457351712459
253.53628963590702,138.14750840147957,36.85431002579032,87.69043019371117
253.41391697598547,138.13498836315338,37.09905534563343,87.71547027036353
252.9228488788288,138.03646219068017,36.15643929656322,87.91252261530995
252.07657731540522,137.94750473276252,35.93811377231482,88.09043753114524
251.8813020115039,137.24691795035443,36.328664380117445,87.58206143906898
251.90751240635933,137.6266178216198,36.27624359040661,86.82266169653828
252.16759166069687,136.67331394284489,35.7560850817315,86.83200053924344
252.57717718986535,136.58818987564845,34.936914023394536,87.00224867363632
252.33167027854907,136.61655703464615,35.42792784602712,86.94551435564091
252.48577806727116,135.80267064151045,35.119712268582944,86.68932334385998
252.4712185362231,136.9699666104636,35.14883133067907,86.2295135532313
252.437837870079,136.2103806601549,35.21559266296724,85.88001089887848
252.73479255717365,136.34609446490177,34.62168328877794,85.60858328938473
252.7015294084287,136.41307229890532,34.68820958626782,85.47462762137766
252.69526576199033,135.53780422237543,34.7007368791446,85.37557156191728
252.47321989689192,135.69964215263184,35.144828609341374,85.05189570140446
252.32983245784843,135.71376118947563,35.43160348742837,85.02365762771689
252.611688661281,135.59240879288117,34.86789108056328,85.2663624209058
252.67441183422696,135.61942669630986,34.74244473467134,85.21232661404841
252.85414966072025,135.4352200129972,34.38296908168473,85.58073998067373
253.1001870285558,135.3500151539235,33.890894346013596,85.75114969882117
253.82282737574877,135.185603690537,34.284957248534994,86.07997262559414
253.5507367811523,135.61493104552056,34.82913843772793,85.22131791562705
254.3626837145325,134.63263469005113,35.05369515954243,85.33746003799095
254.0909735614932,133.71514110968184,35.597115465621016,85.31832691060582
254.21200524019937,133.95213155485786,35.35505210820867,84.84434602025378
254.33489371258304,133.35878363818804,35.109275163441346,84.1786825184962
254.61861828702285,133.3931522259558,34.54182601456169,84.10994534296073
254.67044068302533,133.30445098933473,34.43818122255672,84.28734781620287
254.73291144815272,133.16701794504638,34.31323969230198,84.56221390477955
254.7569812769863,133.23841012927784,34.26510003463483,84.41942953631663
254.62753299954642,132.48094140841465,34.52399658951461,84.10751703622768
254.66173487083572,132.64224211641334,34.455592846935986,83.78491562023027
254.66590413292707,131.70797028951824,34.447254322753274,83.83236625925409
254.7217313776506,132.0617469973626,34.335599833306205,83.12481284356534
254.84285124215452,132.12924705815973,34.093360104298384,82.98981272197108
254.71240560325745,131.17119625310528,34.35425138209249,83.10273009492553
254.97455895895445,131.28713569712292,33.82994467069855,82.87085120689021
255.13364785157106,131.56456029548596,33.5117668854653,82.31600201016414
255.1556344708827,131.5255140018972,33.46779364684204,82.39409459734165
255.11439185559303,130.65366369421315,33.55027887742135,82.35433280695884
256.0879488338876,130.78063399196003,33.38752322288902,82.10039221146509
256.31699502573633,130.86602173199168,32.929430839191554,81.92961673140175
256.44776370778794,128.81899193287174,32.667893475088405,82.48932596957754
256.5614715149487,128.89047817376058,32.440477860766855,82.34635348779982
261.9356891639033,128.08713969542293,32.27867043011422,82.18859246659906
288.64461598558086,127.01480040571104,33.39833037713144,80.81472178212783
314.4492997879085,129.39922806715737,32.813115691837645,81.32422710606566
334.6541888363747,124.51877058977543,32.80012816072505,80.54684886974613
358.58833837337716,124.2683359588008,32.04548182779779,81.04771813169538
382.18544576756375,126.48543929971368,31.796094003795847,80.09090603982304
407.3950848444549,125.96172207158364,31.27060246083346,79.41786509570998
427.01917136652605,124.87080506662235,31.154618038165776,78.19690009506958
453.2048895176382,126.87105997429347,30.91781131016992,77.55991476838723
474.3138212227817,125.55650534290027,30.40909614731919,76.85229217137874
499.0917668715325,128.38838671069388,30.32605754984501,76.13581470579425
518.1390673289409,127.8656870919157,29.889421768633007,77.18121394335061
512.0068910146504,127.30705710829238,28.997620354635718,78.29847391059724
515.9791289309937,123.7384064763704,29.275671305496857,78.8577537476028
512.962209997089,124.35372911560219,28.67938460945232,79.28463961010272
517.0152438975165,124.98902859836062,28.8376609154083,79.66690946594805
516.6967121740712,124.95499315690367,29.4747243622989,79.73498034886195
517.0530406655964,124.88810158273442,30.435753191294225,79.86876349720043
516.2890074411994,125.65085014631913,30.270911324775874,80.03617468534344
516.4771410748766,122.98759145626018,29.89464405742136,80.28565344962746
516.3937502693062,123.22794926910255,30.0614256685621,79.80493782394271
517.8959921388177,124.13960849886266,30.42746417229401,79.6668804858
517.8678687174728,123.418895525494,30.48371101498404,79.41844397781765
517.8815442188701,123.60030598873172,30.456360012189386,79.05562305134221
517.7444345523934,123.44398831521504,30.730579345142914,79.36825839837556
517.886566051976,123.74349250953532,30.446316345977493,78.769250009735
518.0892440303827,122.61114741317465,30.040960389164194,79.35662599110866
518.0465839302655,122.61116196320009,30.126280589398625,79.35659689105779
518.0134694363944,122.0645318692106,30.192509577140818,78.76985914197334
519.5142382287211,123.00413948603855,30.536508959079697,78.56341239161361
519.5181152919154,123.46522642414897,30.52875483269132,77.64123851539279
518.671652392188,122.85744906910848,30.559099338103508,77.19421193143134
518.7116046786211,123.00153389893217,30.479194765237352,76.90604227178399
519.4664048042443,123.10702446638987,30.620715806630493,76.69506113686856
519.2357655294757,123.26881785179148,31.081994356167748,76.37147436606536
518.2944536252205,122.19963726178716,31.31044028190228,76.85565766329815
520.0651019957428,122.04937338306374,31.099591666497286,77.15618542074498
519.9041115055413,121.2336832941372,31.42157264690022,77.12176842245253
518.2841755084243,119.69357360121256,31.319368038685884,76.85991120585345
519.3128828631557,120.55302745456206,30.927397655071207,76.80644782500246
518.5174612321885,119.63717858722559,30.86055135340565,76.9804559960755
518.8206157324987,119.35025888726238,30.25424235278519,77.55429539600193
519.4580621595369,119.4759881708078,30.635766728028365,77.3028368289111
519.927714015089,119.05406001591354,31.356090987927864,76.48706516769577
519.9904905720468,116.26788716652071,31.23053787401223,77.07724274845211
518.4618299736067,119.771182376364,30.953870959740264,76.7386285510702
518.6486723124156,118.86575657984721,30.580186282122355,76.89229529423768
518.4728665682867,119.04397348589809,30.931797770380193,76.53586148213591
518.4763361612845,118.13915439968636,30.924858584384495,76.69162903615126
518.5131664070198,116.31389841890937,30.851198092913968,77.03015975468512
519.3476643004568,118.0681789794793,30.8417536891644,76.84070139979403
519.4684431572072,117.99620080567664,30.600195975663674,76.98465774739937
518.7266822303156,116.51500283129725,30.429303272538878,76.6382245823427
519.2013312314098,116.43577904917295,31.126381897059943,76.7966721465913
518.3390989721619,114.8740877212763,31.189750671684855,76.59786331464304
518.3079706723735,114.90372710773903,31.252007271261576,76.53858454171757
518.3774387604359,114.95803714056724,31.11307109513669,76.42996447606114
518.1260888990674,114.11223688573911,31.615770817873745,76.46599073288965
517.8425895014378,114.74488573280195,32.182769613132805,76.86572859011643
517.9313183109559,114.7369907542398,32.005311994096644,76.8815185472407
517.8475316668905,115.18943348990503,32.1728852822276,75.97663307591026
517.6015453917174,115.17576028292468,32.66485783257377,76.00397948987094
516.8971856633291,115.72968773560527,32.396626629290296,76.57307524456995
516.8794284248467,115.2062866513789,32.432141106255095,75.93944318237723
516.0068486293959,115.16718329791195,32.50539819714171,76.01764988931113
516.0175266736746,115.19653612379798,32.484042108584134,75.95894423753907
515.8801386494828,114.17118568924889,32.75881815696797,76.3365426002894
515.1296790093186,114.59843730202218,32.57631461850056,75.48203937474285
514.9638167044967,114.62486266898698,32.908039228144304,75.42918864081324
514.8791648585534,113.72240473516368,33.077342920030944,75.56118148635043
514.2392497507692,113.86924040295759,32.679352861239856,75.26751015076265
513.7385569029561,113.30842697772621,32.0141914552028,74.7225898995623
513.8729183309454,112.58570767253079,31.74546859922419,74.52111727534374
513.0247337781179,111.88056692141532,31.802593324489905,74.29215439718547
512.8617476409695,111.87059528987842,32.12856559878672,74.31209766025927
512.8707213395306,111.76555914609091,32.11061820166436,74.5221699478343
512.7641691127202,111.26627046328855,32.32372265528535,73.87503156394172
513.009214052296,111.34289260354696,31.83363277613382,73.7217872834249
513.0674850103521,111.59142947882249,31.71709086002138,73.22471353287384
513.4507404513308,111.86269233889595,30.950579978064006,72.68218781272691
513.391288318755,111.33055658524279,31.0694842432158,72.14786976354311
513.5530895862453,112.22243858849362,30.745881708235203,71.95706905851317
513.8765591483337,112.4218659453841,30.098942584058356,71.55821434473222
514.070628295157,111.38632294507,29.710804290411758,72.06203810473252
514.2995239206662,111.46165036062409,29.253013039393366,71.91138327362435
514.5566176098846,110.61791538094383,28.738825660956504,72.0415249167458
514.7438766057631,110.35464869939912,28.364307669199484,72.56805827983523
514.9461208911803,109.96860537420841,27.9598190983652,71.78923567676388
514.9939101637641,109.70835784100723,27.864240553197455,72.30973074316627
515.0003099463813,110.46709015554777,27.851440987963116,72.3305009191501
515.5309910227674,110.3406993815561,28.328382212607004,72.58328246713343
515.4081140167385,110.34064121751834,28.574136224664645,72.58339879520895
515.363038810597,109.33733455412582,28.664286636947722,73.035126813531
515.2350169260299,108.99788162227424,28.920330406081916,73.71403267723416
515.3693972335387,108.90227769084949,28.65156979106431,73.90524054008367
515.4651694842075,108.90080206605506,28.460025289726715,73.9081917896725
515.5569188792812,108.5919334868972,28.276526499579354,74.52592894798825
515.4060929280726,106.42978846911473,28.578178401996592,74.11788082426483
515.4816847756244,109.08114817944035,28.426994706892923,73.54618381234198
515.2802595060353,108.40701360969325,28.829845246071017,73.32836732987307
515.6348277975192,107.24383381585292,29.690880655042754,72.514382933675
515.6571250796912,106.74551035120675,29.646286090698588,73.51102986296733
515.5153736791193,106.56202428306862,29.92978889184257,73.8780019992436
515.5395620810808,107.529089752803,29.881412087919514,73.54159373156966
515.7745906698306,107.40369511739634,29.411354910419952,73.79238300238299
515.6932741496433,106.93046337907167,29.573987950794344,73.15160484498657
515.9644652241437,106.57018755636463,29.031605801793617,72.29123959867667
515.8017701559652,105.9110716448088,29.356995938150618,72.05061753984307
516.675478350832,105.60314120219894,29.17076617214633,72.66647842506278
515.0988356454841,107.54321405582813,29.190572376383493,71.91981192426326
516.1237294740247,106.27436807998116,30.25345998507469,71.3448286101848
515.372407820608,108.25749814398156,30.189187049202644,70.51240096759444
515.2837037299402,106.27267352865317,30.366595230538472,69.82082241679541
515.2532861736062,108.48375140184746,30.42743034320642,70.03926811806973
515.2954980252999,105.97141054692,30.34300663981879,70.41063841196683
513.5456475360538,104.65511628771904,30.732729642425838,69.93324895448336
513.5049643857404,106.00502664821462,30.814095943052536,70.3433305886681
513.0977674067883,104.58269791689489,31.628489900956794,70.06333336754166
513.1866744638847,105.02305234983518,31.450675786764005,70.75521488578433
512.5965290333845,106.23806518694735,31.05145931244163,71.48420388220524
513.2405058916534,105.78169466739344,31.34654394685616,70.8139065703609
513.3976572893927,105.22751050718689,32.610767417389056,70.34374862476236
513.1917099948384,104.46734981764885,33.0226620064974,70.27019432439806
513.2503130925636,105.38226760490352,32.905455811047155,70.04035948637653
510.9585822351643,103.79534002051699,32.705096455547896,70.0250006082842
512.1983810093463,103.61261515221233,33.40726839071267,70.39045034489351
512.9800492516389,103.40640675797795,33.452393279242685,70.80286713336228
512.3511880571966,103.27866704080762,33.0948562026596,71.05834656770291
510.77560181052183,103.20702971153216,33.02055150021644,71.20162122625386
510.8027954423578,103.95078666408384,32.966164236544486,71.32763227385811
510.49360120461273,103.26328461792588,33.584552712034636,71.08822920562886
510.64428054177813,103.1719688245629,33.283194037703915,71.27086079235482
509.923892965262,103.25631974087062,33.10484601984081,71.10215895973937
509.0124410136296,102.8014277121411,33.31419898185746,70.39839207595027
507.71590974506773,102.24732017059151,34.30030687428869,69.89965251435711
507.6244329951494,101.50059776186038,34.48326037412542,69.77627191826838
507.5734315133931,101.8412550691479,34.58526333763808,69.09495730369333
506.86799858565934,102.89333941526476,34.386139730632614,68.60077807393236
505.47193528195055,103.00661963307286,33.979648484508104,68.37421763831615
506.4044333697602,102.8282375520724,33.703609748001554,68.7309818003171
505.6767778259948,102.84260019702452,33.569530415751636,68.70225651041284
505.1376585394844,102.10105909411034,33.06112521183764,68.59869493930628
504.64232667834534,101.93366968488785,32.475491271806874,68.93347375775127
504.7841253374222,101.06147252000552,32.191893953653064,69.10688989273754
505.17364044936966,101.70914216114075,31.412863729758175,69.38010232664337
505.14220360515736,102.67332361774623,31.475737418182806,69.01062305983503
505.2496783127083,102.69994073185988,31.260788003080975,68.95738883160774
505.4189496287138,102.69929591107974,30.922245371069902,68.95867847316802
504.8808052957814,101.77741974572504,30.454383023325924,69.25827979026855
505.03811393167774,101.05893208179478,30.139765751533204,69.15498979460148
505.00173506171336,100.93612252391262,30.212523491461965,69.4006089103658
504.5922058219118,100.91774009858099,29.493518434891868,69.43737376102906
504.72619740968105,100.88935600107438,29.2255352593534,69.49414195604228
504.62747350386644,101.62671762370192,29.42298307098259,69.54138138716648
504.6422646355535,101.75876505377931,29.39340080760851,69.27728652701171
504.8051951758058,101.74490270233545,29.06753972710385,69.30501122989943
504.87065313801133,101.16058899663642,28.93662380269275,68.957209077487
504.2699305403844,101.22626264013638,28.62898429210714,68.82586179048707
503.70512433076834,100.29874189976027,28.2568668897594,69.17917344965952
503.6983489573617,100.33458129852264,28.27041763657266,69.1074946521348
503.7251631627416,100.23913672550967,28.21678922581293,69.29838379816074
503.7915793471473,100.03914300877217,28.08395685700149,69.69837123163572
504.0333646018022,99.8088982947986,27.600386347691703,70.15886065958287
503.95149667018575,99.81223005617402,27.76412221092464,70.15219713683203
504.08333738813405,100.1404493043125,27.50044077502794,69.49575864055507
503.94587835996026,100.29060347325755,27.775358831375513,69.19545030266497
504.0908249314947,99.48546731646528,27.485465688306686,69.31385682298855
504.156128762221,97.95401219405286,27.354858026854103,69.39997998391904
504.3926796585137,97.99158017816467,26.881756234268664,69.32484401569542
504.5440100355063,97.77814604866467,26.57909548028354,69.75171227469544
503.6625489261066,96.78697217142562,26.863575609218163,70.2556179393087
503.67259357814106,97.71673095782631,26.843486305149188,69.8868842909282
503.638943092738,97.83542686998176,26.910787275955364,69.64949246661732
503.5106083347942,97.2362238858906,27.167456791842948,69.36496906366395
