313.0,28.0,38.0,52.0
313.8323591166185,30.65536449422117,37.74831113422291,52.341388481397054
314.5254045879488,31.655481310320223,37.776294728235534,53.169303922545346
315.0414016490997,31.414110821194864,38.17137690885704,53.652044900796064
315.89615259117136,34.030931198627165,37.90276638144644,54.1819695728622
315.72270343089053,33.4872703710767,38.24966470200805,55.26929122796314
316.07431024342736,35.39542294817977,39.01308057845368,55.85287457831469
316.5765971344589,35.87519880686638,39.49656284864016,56.3813789131909
316.5808267539174,36.49938017137577,39.48810360972316,56.6370402129116
316.62878915153226,39.48621888469844,39.392178814493406,56.69435201873439
317.46361019126846,40.69584546856926,39.22956493949946,57.28915525994964
317.22564358809217,42.02504966643447,39.70549814585206,57.65737367637451
317.8589884813683,43.33884708155615,39.96555230537232,58.083266738276194
317.6385683388304,45.29881347423586,40.40639259044815,58.77574855411683
317.189358410251,48.150432860547454,41.304812447606935,59.293357392989606
316.87311999738915,47.87206980647385,41.93728927333064,59.85008350113681
316.89237096742727,50.94301303217017,41.89878733325439,60.09513026870551
316.84931921255327,53.01038856586947,41.98489084300241,60.75977989481437
316.56417296212027,53.45826066544426,42.5551833438684,61.47529430879365
316.31828884784363,53.12724331594625,43.04695157242165,62.13732900778966
316.1735070307864,54.51183846894928,43.33651520653608,62.667360283493196
316.0262534426475,56.91525009096841,43.631022382813974,62.847732772610456
315.67945108470826,59.96185074908552,44.324627098692375,63.43449070246332
315.32876882082496,61.19890378547672,45.025991626458975,64.34100406385859
315.06438601196743,63.56114464834488,45.55475724417409,64.76328287232656
315.017911897892,64.71111541638226,45.64770547232486,65.92473259534337
315.07622974365086,65.30279341622935,45.53106978080719,66.49115365409487
315.09498937625943,65.76604952166119,45.49355051559003,67.32103396524246
314.76634896991965,68.86972821905732,46.15083132826969,68.18677534306877
295.8902319445696,69.44686950245926,46.266599704999024,68.82470542740634
275.2450658365341,71.0348216803698,46.07098328193618,69.25627486629256
254.2000070151027,72.82284248370507,46.60059532494026,69.29419026830539
218.31024796991414,76.17281193621787,47.54260887066078,69.85963644478305
202.7095569784136,81.80456445429084,49.29624005218046,71.47952238428523
202.33051642508204,81.03586654091086,50.05432115884355,73.0169182110452
203.08128105362314,81.54910038412264,50.48246945613961,73.92012807899988
203.66652299515533,85.42394794650754,51.26236991613092,73.97197032645298
204.20608115715274,86.62807375600244,52.14732472634897,75.49186097588895
204.94720746473473,87.41028367322582,52.666715671930845,75.92908470218802
197.00831897637028,90.42401741490391,52.40985155659914,75.95210762835455
166.72925418986435,95.126173461149,52.58006078390411,76.61244892681555
166.21073220227558,96.48288616208222,53.617104759081656,77.95044030777757
166.8259975858726,97.07792046929123,54.449625689662355,78.82342339113433
167.13688050824817,98.5661556886382,55.91785473554265,80.02694273370324
167.55573418379316,104.05872421207654,57.21257715460681,81.8363843077515
173.74325690245186,109.70716023269125,57.92441219921487,83.62639274844753
174.78385532981017,110.93058591694458,58.06315622186141,85.61942313466703
178.8584228282751,115.42597299228947,58.92318288588702,87.89010106017163
178.5372671628354,116.01654011344591,59.56549421676644,89.00970893428357
179.5927428947916,117.99039840191452,59.78279483907587,89.71849652979002
180.67708239917658,119.84028352087346,59.95663747720661,90.70376958567365
181.32082759817416,126.19031602295354,61.029367333470645,92.16502610706857
185.42971586424414,129.3175150224507,62.41167447422504,93.11069086274502
193.37136711833875,110.71427999457588,61.15165138744793,93.75896236496439
194.71390511681133,73.40003450675869,60.89256406739587,95.60779303380501
197.41079925433348,32.53308253046334,60.397509749968236,98.96195366452916
203.5002465498183,9.42261536706932,60.6744107646513,100.34202381096738
202.67484059947594,-6.213389624846059,62.32522266533608,96.38469539095746
202.42829484512998,-4.037637151216451,62.818314174028,92.03319044369825
205.10777524593232,-2.204401692721426,64.74254981101376,90.79445167290501
205.35615481299794,-2.2188004280756033,66.68658739237313,90.82324914361337
204.35648689725227,-1.4821308542767966,68.68592322386446,91.82308827994478
210.98517428959502,1.0842672438807384,70.55531092556329,94.25367332682187
210.30744058509364,-0.10485194682989629,71.91077833456603,96.63191170824314
218.26686252716692,4.6223347616982835,74.52141176908235,100.41287923308884
219.4873621536135,10.826723204698297,77.57504619054808,104.48800337016536
228.24815559598477,12.849768123330378,80.06850716810854,109.01979118817394
228.3518073653526,20.10708448949839,82.83023344405424,112.31933734392595
228.71000978880414,19.75013616204042,85.17826576682026,116.09767116851097
236.67069592128564,23.18171933517128,88.2189099168652,118.71551302975323
236.85066136633534,31.664046527487734,91.10892958176366,121.25056197510743
240.65701082930372,32.07881190022834,93.50366564227728,123.75684289177634
243.0881637242398,32.77789369636255,95.46760490815983,125.77180182738529
249.1022465561525,38.36258281472912,97.34305709699724,128.50604144331496
249.86769978078917,37.49778267128633,99.36035487211154,130.23564173020054
259.93997078063654,48.78525835585701,100.86082782608955,132.9132078070108
261.090371536719,47.688754248116425,102.23284611619025,135.10621602249196
267.860438606581,54.2263034178317,103.6073088132275,136.9457145198227
269.44549017365216,56.96561762052988,104.21633606211753,139.0253468804909
274.1800498359626,58.6033979023657,106.20949473442609,139.57054564912912
281.6503925255902,49.55670189490061,106.7153197587772,142.217427260453
297.15427488651466,17.37301236354041,106.98932369456578,144.0212690078984
308.3272397223902,3.277382722590204,108.29631427103917,140.67530129216635
312.98801670755324,1.709616603821459,110.71230486864326,139.89831867372706
325.212661697291,1.8802849042862277,113.8425065707346,139.55698207279752
336.0454553923421,8.195762757651607,116.08933776811871,142.86763875772428
334.4506189150276,8.889411044020818,119.27901072274778,145.55295017799222
349.72699109712806,10.350510872650247,122.0498482184172,150.96164598570095
349.86707911313897,16.911773645222468,126.06303450499453,155.01256971495343
366.3794803458402,22.611432446643562,128.40234512771113,161.29530865617073
366.5373472361198,24.669940817650257,132.64142132850822,166.28791187687
380.62277766560544,25.169552241475145,137.37117400605214,169.9887766772938
392.8135104520919,30.49859126157989,141.9906815715117,173.83118520630055
393.6513229001448,43.2390307904286,145.28230627978226,178.1538037748608
407.33191982392736,41.38481243789249,148.4425209475168,181.862240479933
413.09278054908003,57.58718833817878,152.5057674315012,185.82241385936976
419.41856723147214,55.79820861689545,155.81881586500214,189.4003733019364
439.65467741088446,72.40756708760543,158.78730256109208,194.19227503356677
457.82507920858194,50.57286321487926,161.30866840760166,198.99951333711462
