22.0,298.0,65.0,109.0
23.630796240228804,297.2844102036638,64.45657432400115,110.43117959267241
25.40356213414202,298.0668848993671,63.64128572764771,111.59647339273883
31.02496312396687,297.43443856483987,63.33326133558383,112.86136606179332
32.233516021088064,296.9423350479971,63.66333129575636,113.84557309547881
32.22514438707274,295.36261130105095,63.68007456378702,114.23767216165274
35.62027339708867,295.46038718988956,62.43667536753799,114.04212038397552
37.4729506215928,295.3041795772633,61.48064872058456,114.35453560922801
57.9416901327191,286.97550816438445,61.606890381474614,114.5863901617287
60.2325946291797,287.1920225619288,62.51139951063063,114.15336136663993
62.969677919757586,287.011063692853,62.541724328428266,114.51527910479155
65.67301128194583,287.01129243839,62.65126461284705,114.51482161371752
75.74414385313997,285.9009746926139,61.828778497540824,113.97548867282956
77.59351525019358,286.6021477276465,60.867989406330636,112.57314260276422
80.49719780956576,287.33661862439095,60.46231116742533,111.1042008092754
90.06105052860322,286.27505681762483,60.04033717013766,110.55507707412383
94.39431173500205,286.3076659998894,59.34461747606184,107.83292447002063
96.31957081555429,287.2718914524108,58.098985177302076,105.90447356497793
99.0420402167125,287.6485345711,57.76435352656839,105.15118732759944
106.08747100512008,287.76498461130507,58.90342156402783,104.9182872471894
105.5327345950284,287.4818811724857,60.0128943842112,105.48449412482813
106.24763925322259,287.3429278776882,61.164632209102365,105.76240071442302
109.68826116243595,287.46485402866244,62.09902309034854,105.51854841247467
117.27248759646888,285.4014802776467,62.63504631573435,104.41047055002221
118.43526905154657,284.389346103803,62.91947475702048,103.82474754626813
119.92425333569416,284.2109359964698,62.54757108939182,104.1815677609345
122.144475090838,284.3948645107493,63.3173473967572,103.81371073237548
125.95736059976394,284.62881436346765,63.52937047702586,103.34581102693875
128.36627540533092,284.86990740530854,63.92991566256915,102.86362494325707
136.98662723011284,285.4860448573486,64.9502426327869,101.63135003917698
141.80945762317032,286.63474494157674,65.73411703971571,101.94133366898151
150.0205471512399,288.20509169942727,65.0626730342556,101.4257626617269
151.46114052855228,288.72654044854374,64.78767038388442,102.98904926774767
160.92186149636137,284.25866230542243,64.24105275185684,104.04988085245141
163.53233673142933,282.2467230957857,64.28339999496606,105.44211041510236
171.50513922498257,282.8084932046688,64.25652814873268,106.9716923874816
189.98311624642645,275.31564954375636,64.75686101783643,108.58013438359524
190.07223891936397,276.06264718996255,64.57861567196136,107.08613909118287
196.62540125918423,277.1486373679367,64.88520144408481,107.59674082558726
204.69528568013106,277.25408081115705,64.91753580973433,107.38585393914659
206.1560372913821,277.33356438012584,64.68878796353177,107.22688680120905
208.98315646444482,277.4771393225245,64.40761796726274,106.9397369164117
218.1645292217258,273.9360598140847,64.7875168073961,105.98933406699332
219.41730245199398,274.0866933024626,64.95173015329712,105.68806709023754
227.90803172312195,274.621862267835,63.97844433461549,104.61772915949268
230.89795144148457,275.7926232711948,63.27001298015624,104.91191119390612
239.66099812187676,274.5146738859985,64.14103623377419,104.83965044795562
243.3615726648441,271.3564790776918,64.66512845004053,103.23079876236797
248.75392494764543,270.14119391187324,64.38656154109859,103.03483467983997
250.226508948726,270.9722555127057,64.06032960706501,101.37271147817498
254.37284021125734,272.89828616686714,63.53354401838754,100.10927581531388
255.65630634280868,273.33836392412826,63.527520905298665,99.22912030079166
262.01352571284275,273.55150510870396,63.551252300864576,98.80283793164024
262.99132696154686,273.2119918499996,64.13729534651526,99.48186444904904
271.8075992221733,271.32702992899505,64.43599273990638,100.69018230325189
274.413564125308,270.18029883650996,64.39345468387491,100.39894861310306
275.8945167860944,270.21991133058054,64.01117293094029,100.31972362496188
280.16966025085276,269.94761560894335,63.17702921249722,100.86431506823618
284.1440177632092,269.6296945863212,62.92699702004761,101.5001571134805
285.2953259263167,270.03851293512344,63.195910161575924,100.68252041587604
287.447649764355,270.11615312019194,64.01891716175754,100.527240045739
291.55681937739405,265.18365641155924,63.52642818659886,100.09109979511193
292.1674684247228,265.5306418761993,62.30513009194138,99.39712886583182
294.9192922467289,265.7558397116255,61.86085872586032,98.9467331949794
296.8687366351227,266.28583823057915,60.477480324307336,97.88673615707219
301.0741986028368,265.5141619904704,59.495960556003666,96.9536205815814
308.58751787104194,265.63408969301463,59.145653356118245,96.71376517649293
308.3830145538912,265.46673010338037,59.55465999041975,97.04848435576146
319.07554143652345,264.85632462674766,60.20571672287905,98.26929530902689
321.34634114000164,263.2147897427984,60.61933200144776,99.07475773416289
323.82152448957004,261.86398770211747,60.662109325724884,99.27978980381788
328.97451094633243,261.71792476369615,60.35752854758277,99.57191568066047
330.00006581320883,261.2080015817339,60.80599333731624,100.59176204458498
333.67906429507764,260.82179111701595,61.01494725885691,101.36418297402085
334.61523404522063,259.68125640389843,61.67994585687026,101.1079143019565
336.75119269578397,258.1780578792923,62.49746939694116,101.56959093057
337.79797162934,257.13077220035683,62.969262603343324,101.0988112149267
340.4109547957471,256.2979655999462,62.87578893727991,100.19817808237244
341.95770290769065,256.92353125632684,62.33351651670281,98.94704676961123
343.6823581950037,257.1919926036268,61.40764224634748,98.4101240750114
346.88278068439195,258.3859005108102,60.006584976284245,98.5222021150012
355.70959040693566,258.6513104878116,59.69915697277118,97.9913821609983
357.00064975161627,257.85092406139387,59.58198165255462,97.12721164468914
359.57746931615236,256.9615672083032,59.32852265609926,96.45583528456208
363.2292885040325,257.3513195161678,59.33233423718035,95.67633066883299
365.05467546446977,257.8538635532235,58.10580927089151,94.67124259472152
366.63480629862306,257.9663620456407,57.33419590939718,94.44624560988716
368.83482679940676,257.0995370080114,57.6787810871557,93.80758259548278
369.7682962915731,255.84219105356834,58.18043167905054,93.95368492814137
369.72784894976246,256.0784915467759,58.261326362671866,93.48108394172617
371.88859585237634,254.71950102935983,58.686828566702616,93.82556697192913
372.79225634889326,254.53792646386438,59.26528746763685,94.18871610291998
372.75553620497806,252.89431686610706,59.33872775546731,95.07503337928
373.86758413725704,252.74986232136018,59.53000922712964,95.36394246877374
375.3449444309862,253.53848458234182,58.998189617530464,93.78669794681046
376.78961543735664,254.0595743379797,58.49926504786026,92.74451843553469
383.87909168985317,254.02012931739552,58.51918625380253,92.82340847670307
383.417988572567,252.50894867075556,59.44139248837489,93.47777759121821
384.6083665660294,252.44138310275932,59.45385307597891,93.61290872721071
386.8147263278079,251.19509073027575,59.832027771366704,93.71004636270547
388.11629592758914,250.48220997241827,59.63211446575818,92.73258198446648
389.80905945022977,250.51131720299398,58.631834120411625,92.67436752331508
389.80525880045246,250.8599542361598,58.63943541996627,91.97709345698345
390.98507356928076,251.23844911286534,58.63714937951998,91.22010370357233
392.3581662525153,250.40661441444493,58.23693363292509,92.8837731004132
392.6509887403505,250.78113471386567,57.65128865725465,92.1347325015717
392.9726193648295,250.08319982314012,57.00802740829667,91.18744679941237
393.4407146695116,249.03918319498948,56.07183679893252,90.9572628167543
394.7912785376934,248.12076751804761,55.66977646693101,90.49502676627581
395.1886470199207,248.58335646841687,54.87503950247643,89.56984886553731
395.896005516246,248.87192869499458,53.46032250982576,88.99270441238188
397.2118997173368,248.86077416407434,53.05437378934715,89.01501347422237
398.1598595386009,249.01192636206525,53.37777695726095,88.71270907824054
400.94017456978213,249.71440531718662,54.47798903203738,89.5280318803774
401.7686587681238,250.09255889230843,55.07197617445568,88.77172473013374
402.5987853726691,248.60814817512107,55.66138270509741,89.49088642477625
408.1794177368,248.45736584252154,55.8515631099301,89.7924510899753
407.94228193504125,247.44706020745437,56.32583471344769,89.53507909889588
408.0865325063305,247.2347322589635,56.03733357086915,89.9597349958776
409.20834060956855,247.14201671720846,56.077315606501166,90.1451660793877
410.2749300575495,246.08829877226734,56.231174888480155,89.96556379132909
410.43106659272524,246.14113939647982,55.91890181812874,89.85988254290412
412.60522378044027,245.30721700230274,56.13082760817329,89.24760724852099
412.86814225941635,245.37649548194662,55.604990650221104,89.10905028923324
412.71577720789355,244.2488282364309,55.90972075326674,89.10074435225049
413.8364620329006,242.85363794867197,55.93697646675433,89.62249956426663
413.4372535785692,242.78544700436947,56.73539337541722,89.7588814528716
414.89083201281267,243.17365004923954,56.12053194078486,88.9824753631315
416.24877297127557,243.4616207736708,55.67503919134907,88.40653391426893
417.25908130507344,243.2990015486177,55.90873890467989,88.73177236437517
418.33713977822856,244.32177835972792,56.01571543161509,88.94931221540018
425.0961464817535,244.23703540811368,56.106528493078955,89.11879811862863
425.9431384944959,243.28923618968,56.6847372830193,88.74220374007093
425.8551257888757,241.91297528097266,56.860762694259705,89.21849074219902
426.2072208946522,240.5005647156136,56.15657248270669,89.7570039693349
428.504156245834,240.2898853461825,56.12784121180063,90.1783627081971
429.75232606127423,240.44832235247975,55.919883243200616,89.86148869560259
429.9672418197433,240.4572312693702,55.490051726262436,89.84367086182166
431.0962354930119,240.44289342070996,55.50474312241295,89.87234655914216
433.46207092576424,240.58266100207967,55.319779063660306,89.59281139640272
434.61135998801024,240.68248923405187,55.28727638908225,89.39315493245836
435.96920570574855,239.7220388570026,54.83413508713251,89.05150555302998
436.4144945512633,240.2789147982175,53.94355739610296,87.93775367060013
437.83816655774314,239.79401725794827,53.31447358032863,86.68928855395336
439.4401095295468,240.61599800955855,52.299653733739525,85.04532705073277
440.7386924245688,240.56527191435552,51.84997754020144,85.14677924113887
441.88040102230127,241.2577505659489,51.7079997710855,85.90326136430114
442.8624668210514,241.32937479226695,51.89418274136008,85.76001291166503
443.90856468985186,240.1293454832998,51.953306096853574,86.00875243650492
444.89239701700814,240.26283291468144,52.14166061777202,85.74177757374162
445.84562920200176,240.1930740964739,52.3904109074967,85.88129521015668
445.6916412938288,238.95819761278509,52.698386723842624,86.18956818590986
446.4957696531648,238.36322057995952,53.26138605474327,87.37952225156103
447.1109041684027,236.68682436613145,54.2295813248942,88.53385037859043
447.34530831307626,237.15964667798804,53.76077303554708,87.58820575487728
447.52539962066754,237.42248039287156,53.40059042036452,87.06253832511022
447.70360634464726,237.40959664883198,53.04417697240513,87.08830581318936
447.77813944510854,236.22074010807611,52.895110771482514,87.27554967879502
449.189661110853,234.43543366990608,52.262816759177234,88.65541323595147
450.7842353122255,234.38909095043152,51.27427431153351,88.7480986749006
451.802396035946,232.14123969740416,51.423198257438415,88.87331039426354
453.03453909677836,232.58338209103522,51.14853887964428,87.98902560700137
452.99390605008426,232.76361913423057,51.2298049730325,87.62855152061069
454.17750025605653,232.70868440112667,51.03049917843791,87.73842098681845
454.89905444311546,232.33542541360134,51.75352926351544,88.48493896186918
454.6446044773719,231.22898357002668,52.26242919500258,88.50836318521168
454.6163956757054,230.62218869852242,52.318846798335564,89.7219529282202
454.7884798519682,230.63238563351342,51.97467844581001,89.70155905823822
454.7184141147261,229.04202010696955,52.11480992029425,90.67103281087209
453.5649573054543,228.79793118031847,52.19371648065504,91.15921066417424
452.4784528450769,228.78757658100278,52.13014539888499,91.17991986280563
451.7597941974377,228.39366688100156,51.33165516969369,89.73193173833835
451.7506852951826,228.29512569889857,51.34987297420386,89.92901410254433
451.52287130798396,227.5799023713711,51.80550094860125,89.15543182336121
451.1470491392635,227.59815527896927,52.55714528604211,89.11892600816489
449.98704523392655,227.87562741855197,52.66468535461924,88.56398172899944
450.2310575683322,228.0579454146105,52.176660685808024,88.19934573688244
449.2111890597725,228.37743073469687,52.0240242713546,87.56037509670969
448.5735376467579,227.23874642125776,51.119029540448594,87.6574461666527
448.88611742415327,227.30298636137124,50.49386998565785,87.52896628642573
449.22929431386393,227.72773834421784,49.80751620623658,86.6794623207325
449.2253676916882,228.22586740959633,49.815369450588065,85.68320418997556
448.97955606758745,227.20677792109944,50.30699269878948,85.60632005031006
448.85807552219103,227.42947922479547,50.549953789582375,85.16091744291798
448.13571841388284,227.81845983301218,49.87493611698602,84.38295622648454
447.1924877155122,227.86103848726611,49.66463237913385,84.29779891797673
446.4967907926645,227.49570993379444,48.96408123264878,85.02845602492005
446.7391433026323,226.64890360001135,48.479376212713206,84.63114518168695
446.04376503248693,226.15743468587718,47.79332183089933,83.5372720878507
446.32401719747924,225.37340051913188,47.23281750091469,83.05638187791766
446.0921747583254,225.4842920953082,47.696502379222295,82.83459872556497
446.30793206928684,225.82993474853467,47.26498775729952,82.14331341911208
445.69835330628604,225.869651583297,46.46480890946608,82.0638797495874
445.6825148316199,225.36172177628453,46.49648585879832,83.07973936361236
445.92668732905634,225.27454855611012,46.0081408639255,83.25408580396119
446.0165030912075,225.40111608768552,45.828509339623245,83.00095074081037
445.6720913442261,225.40663405486117,46.517332833586025,82.98991480645908
445.77055625984167,222.93937870492078,46.32040300235489,83.88609899905238
446.2193646421682,222.77218554431334,45.42278623770172,84.22048532026724
446.2912135420042,221.65617652573488,45.27908843802984,84.43386231726578
445.1194105747887,221.52566966962084,45.60337080183818,84.69487602949386
445.1862145013964,221.9327838744485,45.469762948622744,83.88064761983854
445.0245054064908,222.02444643221844,45.79318113843402,83.69732250429865
443.91944806052066,221.95407575925924,45.986034492023364,83.83806385021708
443.6217297486877,222.1572557678416,46.581471115689304,83.43170383305234
443.5723230947858,222.5141648248573,46.680284423493006,82.71788571902093
442.84672069921464,221.69168096929343,46.113576421602204,82.34494063711556
443.15030174944155,221.46210924828537,45.50641432114842,82.80408407913167
443.39578457555086,220.87403770947486,45.015448668929864,81.98104541841909
443.1402513942908,220.60692478700005,45.52651503145002,82.51527126336867
442.68474587439744,220.4435153359319,46.437526071236704,82.84209016550501
442.62784217549324,220.4991499322756,46.55133346904501,82.73082097281758
442.4470146843721,220.381814953465,46.912988451287276,82.96549093043875
442.0642029384037,220.33379153772563,47.6786119432242,83.06153776191752
441.76804363229826,219.9528763392234,48.27093055543508,83.82336815892198
441.63022400596367,219.6227106014547,48.54656980810415,84.48369963445937
441.41896630062513,218.58386633932105,48.96908521878126,84.48562177812973
441.4742114215282,218.75521502081654,48.8585949769752,84.14292441513874
441.22532911559045,218.6034541288999,49.356359588850665,84.446446198972
441.30818488191926,218.60030135053353,49.19064805619303,84.45275175570475
441.5553611288287,218.6135938957412,48.69629556237422,84.42616666528944
440.83492587698515,217.90916447216583,48.0597127524114,83.75757219879036
441.1691108426535,217.98608849645535,47.39134282107476,83.60372415021126
441.4751571648289,218.45724553293115,46.779250176723934,82.66141007725967
441.8845964465684,217.47682096774489,45.96037161324494,82.6034990210988
442.1813785686161,216.74060472393853,45.36680736914953,82.07196810149857
441.4760633421674,215.8373795939723,44.791447814121824,81.89242835350593
442.6477851323302,216.15956902095496,44.421521239007305,81.2480494995406
442.6255799782037,216.0217407801442,44.465931547260446,81.5237059811621
443.58798001752916,216.86725225614964,44.50364639606474,81.79519795660646
443.01923265330606,216.71950989667587,43.67397728898542,82.09068267555396
444.06320953298024,216.8097873671469,43.54333272980312,81.9101277346119
444.2078686686409,216.05854572583812,43.25401445848175,81.46020007470185
444.10460973542223,216.6576892640787,43.46053232491905,80.2619129982207
444.73197102135424,216.22400459915568,44.1325257742408,81.12928232806674
444.3015235550842,215.8265508087632,44.99342070678082,81.92418990885169
445.0466360738285,215.71109754683496,45.48063112097436,82.15509643270815
444.9351911400123,215.48838621569132,45.70352098860674,82.60051909499546
444.8362244857289,215.56785579509807,45.901454297173586,82.44157993618197
444.60571056044563,215.65008458897836,46.36248214774015,82.27712234842133
443.52210020414003,213.76624272006217,46.52371748954454,82.03283534464019
443.3468978250175,213.51453595024302,46.874122247789565,82.5362488842785
443.5726471524849,212.85965928027673,46.42262359285482,81.8274819026528
443.30947788918166,212.56569899420134,44.948607909298296,80.41504826464055
443.37726859921656,212.99849359252713,44.81302648922845,79.54945906798899
443.38559636980233,213.1951920675192,44.796370948056946,79.15606211800488
443.11795138138035,213.16222295710085,45.331660924900916,79.22200033884157
443.10996685990085,214.29827214696917,45.347629967859945,78.89313986020777
442.8722549090326,214.27349884531898,45.8230538695964,78.94268646350814
443.4311601118146,214.8812553392459,46.65267476483778,79.6746047764598
443.49273673834284,214.89202470457957,46.52952151178138,79.65306604579244
443.3966576978874,213.6509580134923,46.721679592692226,80.16526274608555
442.4230664171177,213.50258464985023,46.68807040670636,80.46200947336965
442.4273432105472,212.51014681923084,46.67951681984749,80.46225993077272
442.50834776842123,211.31096368015378,46.51750770409929,80.87614222284917
441.8167448715936,211.28424014344534,45.91283946951777,80.92958929626603
441.65882462424054,211.45404833755805,46.22867996422383,80.58997290804066
441.57287865643167,211.62500759854063,46.40057189984158,80.24805438607547
441.672688531708,212.0031830179824,46.20095214928891,79.49170354719197
441.03327133111566,211.59727377760913,45.51780838052425,78.34154385798914
439.6840012894103,210.76217279313482,44.34966444285348,78.07840381639704
439.79189755109394,209.894545918957,44.13387191948614,77.90403585440411
439.7172400570665,210.17059338850567,44.28318690754111,77.35194091530676
439.8190395039484,210.06969694547712,44.07958801377735,77.5537338013639
439.96115337170244,210.184724801217,43.795360278269165,77.32367808988414
440.1756324746588,210.45444586104608,43.36640207235645,76.78423597022595
440.3445486389229,210.32525430540258,43.028569743828314,77.04261908151295
440.0828887731682,210.55648394544056,43.551889475337646,76.58015980143702
439.9206071915512,209.61461752051991,43.876452638571706,76.59000973378284
439.9173778343712,209.73772318516632,43.88291135293164,76.34379840449006
440.31261999364256,209.70382633765493,43.092427034389004,76.4115920995128
440.25277431211373,209.91838915599345,43.21211839744655,75.98246646283576
440.4160307791967,210.17819577949012,42.88560546328064,75.46285321584239
440.44319988702887,209.12426871507097,42.831267247616275,75.72468883454981
440.5760209441035,209.20042033719682,42.56562513346708,75.5723855902981
440.4810942033304,208.29068697262062,42.75547861501326,75.5496538133024
440.3857998219097,207.379681860041,42.94606737785472,75.52657263198418
440.49529046025754,206.4465164427661,42.727086101158946,75.54491413566912
440.4327109585561,206.5005332409434,42.85224510456189,75.4368805393145
440.74592172487746,205.9997948133622,42.2258235719191,76.4383573944769
440.8293837097402,206.94788565080233,42.05889960219356,76.39138381534568
440.79392923331983,206.64453295603641,42.12980855503442,76.99808920487753
440.6274434122846,206.80513414051316,42.462780197104806,76.67688683592405
440.58973696644694,206.75570091699615,42.5381930887802,76.7757532829581
441.39011278027226,207.07046756354208,42.796960935883305,76.14621998986618
441.48568147797283,206.60731676706973,42.60582354048207,77.0725215828109
441.4537015344851,205.70592513588997,42.66978342745755,77.01024864919017
441.5946897262657,205.8950972185528,42.387807043896416,76.63190448386453
442.41177425138386,206.10153438907093,42.608467802934584,76.2190301428282
443.3249749427427,205.5761848779893,42.63455689200581,75.41723869320256
443.3517327975586,205.85497456962656,42.58104118237395,74.85965930992808
443.25172189954486,206.03712362665053,42.7810629784014,74.49536119588015
443.5849327199467,205.5400713749425,42.11464133759776,73.65955321546173
443.54690144011556,204.20281602664664,42.19070389726005,72.72162973170346
443.4324283839671,203.71114215920332,42.419650009557,71.91137346085168
443.38182199104773,203.3398891712347,42.52086279539573,72.65387943678893
444.44301999779054,203.26476868905763,42.19665626515107,74.60230988438401
445.12281345777683,203.5937326690061,42.65863856611943,75.76595114542799
446.0386777614883,203.21640252654396,42.673554504437845,76.52061143035232
456.30901403265034,226.519317883128,44.42956675992158,80.08232151225171
455.55105688094517,227.89577447445123,45.94548106333199,83.15125931244918
453.67031074628284,223.57751084323544,47.695172269959,87.76418444948553
452.7863748554284,219.3626654838235,49.463044051667936,91.97435995325296
450.7678714271677,214.39465972026318,51.29798635649114,95.30417782527897
450.5128452528549,213.75459231233975,51.808038705116715,96.58431264112586
450.1989627239907,211.99511761017453,52.43580376284518,97.79312398329509
449.74588694082604,207.83444398571334,53.34195532917448,99.09837975770645
450.889626004629,203.59335152893723,53.42792253946256,100.46022865757656
450.8563168262971,210.47463386081665,53.49454089612641,101.06749836101392
450.5506694113626,207.24955189801852,54.10583572599532,100.3025087543972
452.5845929798167,207.4562774089562,54.84652087138024,99.88905773252186
453.33665520863576,206.83524766585953,55.75322879681184,98.72028483564546
454.11230713629567,206.9885889212713,56.610937533251786,98.41360232482188
453.87865570173165,207.17413915260528,57.07824040237983,98.04250186215394
453.6397499007396,207.4046824367427,57.55605200436389,97.58141529387913
454.70606687592857,206.39570623195962,57.846114706381194,97.17667105105012
450.9246152693575,206.68466046237842,58.14427384092566,96.59876259021249
455.7250734508433,206.58794490913806,58.215412359689964,96.79219369669325
465.0509771806518,207.58057826685862,58.94034160184998,97.2290190689742
464.7475420002638,207.35767726140182,59.54721196262601,97.67482107988783
512.3409882480892,215.09904428876823,60.209404485228404,96.93810010488623
521.384213186586,214.20202019251238,61.785415306138304,96.27434071016006
523.563348704347,213.03225594128355,62.375687473861504,96.139597610995
524.5806153969348,213.1896183736584,62.82326043833241,95.82487274624535
526.4963425017802,214.15670145432932,63.96149709693563,96.37555201905039
528.7670853752454,214.29972338311555,64.44413213388728,96.08950816147791
529.5976955915955,214.61425381577388,65.29869077067889,95.46044729616123
529.9801244298591,215.17948393586036,64.53383309415167,94.3299870559883
528.6821492845196,215.885031969079,64.63901622383933,92.91889098955103
529.0760736540743,216.28272716955905,63.851167484729714,92.1235005885909
528.4438189627773,216.53122842525414,62.669491693457815,91.62649807720072
528.9207170307021,216.4456041665705,61.71569555760815,91.797746594568
524.1895823220989,217.35075014590183,61.55435450391165,92.39335725363114
525.9038669289902,217.35899658195424,60.537967206270636,92.37686438152633
526.3703961121262,217.77026060574664,59.604908839998686,91.55433633394152
526.625765113252,218.6561720165378,59.09417083774699,92.14964359651805
526.9744761478049,218.5701599864661,58.39674876864106,92.32166765666142
527.0240534437326,218.69575026082902,58.29759417678591,92.07048710793559
527.0841970421459,218.58070137065843,58.17730697995928,92.30058488827677
533.2392800733533,217.58076878810243,57.639386028771526,91.94600103114341
534.5892055161119,217.64891905277278,57.279671007739964,91.80970050180267
535.9239570274797,218.03721681886336,56.94223611177104,91.03310496962153
534.8997907748779,218.1366524435624,56.6757603980225,90.83423372022344
536.0034347185848,218.4875257516796,56.77584117681302,90.13248710398904
534.3330859806119,218.44002638196594,57.817979234085016,90.22748584341636
534.1040143641251,218.68417687684877,58.276122467058755,89.73918485365073
529.3890826697005,218.64122466764667,58.434997839057175,89.82508927205494
539.2581061628463,217.77136290059633,57.27043058712197,89.24312783936104
542.1883928549174,216.7407166961889,55.99690595645342,89.010895871439
542.780955957608,217.9230531662543,54.811779751072535,88.91496623060037
543.2561492256204,220.0240931305949,53.86139321504733,89.20774204159477
543.5109421289161,219.88382593351443,53.35180740845608,89.48827643575571
543.5015693170851,219.96143387673547,53.37055303211798,89.33306054931366
544.5463322283691,220.96227796666665,53.51041656748775,89.56076172738892
544.4554592082904,220.75524477695828,53.692162607644974,89.97482810680566
544.230460831233,220.67583526282198,54.14215936175992,90.13364713507825
543.7676893910141,219.5157717181269,55.06770224219791,90.19945786992326
544.3454786970761,219.35443826325303,56.18300876020864,90.52212477967103
543.899142333527,220.6055872207385,57.075681487306866,90.31426708948659
543.9199889109462,220.3707925295401,57.03398833246834,90.78385647188335
544.1376859964571,220.5170059638977,56.5985941614467,90.49142960316814
544.4471543248158,220.7018303262332,55.979657504729346,90.12178087849719
544.4438351881481,221.21109869793008,55.98629577806463,89.10324413510344
544.4594753100215,220.63328814800528,55.95501553431801,87.98891928768187
544.6047912068515,220.70260791066124,55.66438374065789,87.85027976236994
542.7699203279852,222.11238503734987,54.84248702128406,87.27654474754586
544.0641813250967,222.70008809142962,54.477441364871865,86.10113863938636
544.0781216935306,223.76774205910897,54.44956062800378,86.16561834891651
544.2059484639456,224.11305565531217,54.19390708717408,85.47499115651013
545.3328966855715,225.13910522280466,54.12568620323054,85.60856758083372
545.5214716573137,225.82415828794308,53.74853625974619,86.42499318044295
545.4715988193001,225.70828308522746,53.84828193577343,86.65674358587417
545.5468765301706,224.3714190018489,53.697726514032446,87.13292644398243
546.5225038183394,224.512935897602,53.94859608845729,86.84989265247626
547.7901964254945,217.9082146506654,53.61532353432202,86.84665918529981
487.1105929682283,290.7138247242593,54.16875237972937,92.79177879756
484.5302169918996,293.99887362304247,54.74096321505313,97.6930337933275
476.2321789520883,292.9916793667929,57.07749008027121,102.08401384156073
483.7025543116393,286.53827618285004,59.50584998612847,105.0656141380411
482.53999531325826,286.31575357595284,61.830967982890556,108.07738770380035
482.77298278439264,285.17476382411496,64.01582071236038,110.35936720747617
484.3965742205154,284.4293414764155,66.21206287842506,111.85021190287506
483.4053321344587,284.95097791161254,68.19454705053839,113.58794791876988
484.18701131853703,283.9315275315147,69.47150389040264,115.62684867896547
486.475575093798,283.51913884257374,70.67875681747604,116.45162605684746
529.9743339222873,216.69024394189816,68.50079567451291,112.64323805962141
489.26148959379105,196.77259394526345,67.81566121612066,110.00742264838135
487.76445573301714,197.73202908222316,65.24855399693432,108.08855237446195
487.1101152558554,196.94351509939992,63.848439125991334,106.95678451484213
487.76529589911684,197.77760278495973,62.53807783946853,105.28860914372251
486.0933829547049,200.17927452897288,60.63907255634378,103.1066812416705
486.7170585487922,197.88982522346208,59.39172136816919,102.57177937140543
487.0189440142308,198.9625053499993,58.78795043729204,100.42641911833094
487.4103275462146,199.39651152866233,58.0051833733244,99.55840676100492
486.5878264589876,196.15209260180103,57.190535735161845,98.6682951768777
486.8595866293607,196.71814510214966,56.64701539441562,97.53619017618044
487.2916331606841,197.35326462375713,55.782922331768745,96.26595113296551
487.73565739756754,197.07930423603773,54.89487385800193,96.81387190840431
487.8775902775777,197.61242336172154,54.611008097981525,95.74763365703669
487.9791801607137,197.58316886350286,54.40782833170958,95.80614265347398
488.0211858424788,196.3887133524678,54.32381696817935,95.85204601264212
488.0899931512513,194.87138994524764,54.18620235063436,94.20217448165934
488.8810545688316,193.79350417452625,54.91956453147528,94.04246100710054
488.8177844301808,195.148038072308,55.04610480877693,93.65893732970997
488.69088656108954,196.0782077929818,55.299900546959464,94.12058902567003
486.5084634028607,195.94603700929997,54.99846707979462,94.38493059303369
486.5862817235009,195.53780775032257,54.84283043851421,95.20138911098849
486.89358881090504,194.24326901111493,54.22821626370593,95.44903220808087
486.8872055002268,194.89832308239326,54.24098288506245,94.13892406552424
486.9036215946607,195.17231646606774,54.20815069619458,93.59093729817528
485.82315732163664,194.33765338511247,54.06228452571976,92.95346874356282
485.06613584271355,192.31606973571678,53.281460451310494,92.40690197784348
485.02299981351985,192.5246203707745,53.36773250969796,91.98980070772802
485.2603019092985,191.54104851759027,52.89312831814062,91.68814018976038
485.093375117128,191.78739214791645,53.22698190248164,91.19545292910801
484.90129328786315,191.93257611472046,53.61114556101133,90.90508499549998
485.1373284696904,190.85019152949667,53.13907519735693,90.81303260071151
486.1288093626017,192.06106545961978,53.40358304210055,90.63875437103172
485.07684041311694,194.16381034046532,53.25816501633798,90.93197645880484
484.2122935459574,192.72669912076256,52.73600794924354,91.5549480967968
483.143609208788,193.8139511601733,52.6217301255899,91.63209051596769
486.45063087119325,187.48738616317286,52.760240241839355,90.78011362784864
484.8900507805367,188.967006203133,53.64083375302707,90.06144021805373
485.0004336993537,191.22021563203933,53.42006791539304,90.04458914410094
484.6798383189398,192.32832562760908,54.0612586762208,90.06917453019577
485.7196781940966,191.92221625334685,54.233571617547256,90.8813932787202
485.6615313067788,191.63403685095705,54.349865392182934,91.45775208349984
488.6106793934729,193.41943368863534,55.28411928945387,92.44199178858265
543.6698473897508,264.4263283567381,55.94612037150553,98.13531855185366
544.4906374540336,268.60026824366685,56.70817213384004,101.80559823249675
545.4737599602663,266.0301354193004,57.212821413459785,104.47496958914465
547.377611874681,264.9531509253445,58.44296322972122,106.62893857705635
546.9560599790814,263.74858817070077,59.286067020920385,109.03806408634382
546.8143629524702,265.0702599799144,59.56946107414285,111.63805330234686
546.258712914704,264.3198518926413,60.68076114967519,113.13886947689303
545.8717527733012,264.0620203413133,61.454681432480704,113.65453257954908
545.8896535672895,261.79547418464676,61.41887984450411,112.73398079414413
546.1289759508654,260.0892974185725,60.940235077352355,110.72106008735501
546.206327774246,260.38633853320925,60.78553143059125,110.1269778580816
547.4987358798749,260.037616459114,60.86406266497575,108.16107456062973
549.1119586962046,259.40701361265644,60.27324877781688,106.78664850804425
549.3254649029551,259.8547703136642,59.846236364315985,105.8911351060288
550.8515061702416,261.0485014590168,59.378887173272915,106.08840615885342
550.9440088254012,259.6073303553622,59.193881862953646,106.39105062381752
552.4758689841509,258.4634460303895,58.71118063496677,106.09780018425039
553.6771407388754,258.0459315536475,58.877093616705366,106.93282913773442
554.69220015492,257.0267517766412,59.43059243816538,106.38757103819799
554.709253095903,257.2252830446372,59.396486556199406,105.99050850220604
557.0205762301513,257.12769944191035,59.93094022334687,106.18567570765974
556.8306514303666,257.2306886181848,60.31078982291609,105.97969735511077
556.955822206924,258.81559780742555,60.060448269801434,105.40381993415764
556.7867897104943,257.72642153041033,60.39851326266071,105.00101205811006
557.9003428025176,257.6570110743187,60.75233875551351,105.13983297029336
557.8252166009958,256.8080158523166,60.90259115855721,104.24883313571544
559.0163612696869,256.8298751109918,61.09861909241108,104.20511461836507
558.9662498542449,255.98473253662436,61.19884192329512,103.31441405780339
560.3539916291234,256.41382174520294,60.992806972345974,102.45623564064621
560.324814833331,256.664529824596,61.051160563930914,101.95481948186014
560.4014412469369,256.4344285242142,60.89790773671905,102.41502208262375
560.6294052105646,257.4296911324655,60.44197980946348,102.9754930366457
561.9635574039927,255.70510707304345,60.32529371384111,103.87304286425595
562.1688857661212,254.4073638587585,59.91463698958418,103.90556476252476
563.4571101529112,254.12720605589567,59.89467429512342,104.46588036825042
563.4278814426605,253.25801209895516,59.95313171562499,106.20426828213141
563.328354022389,253.8461058248435,60.15218655616782,105.02808083035472
563.2028024252104,253.87474537172724,60.403289750525005,104.97080173658726
564.6323373683273,255.45645784163992,60.124784794385235,104.38794172685571
564.6633293082435,255.37218215643054,60.06280091455289,104.55649309727445
563.3572367431336,255.51295317021638,60.10633825531465,104.27495106970281
563.5190590716102,251.5273129676345,59.78269359836146,104.55059167694753
563.8460993324231,251.45402398168892,59.12861307673541,104.6971696488387
563.8628705121936,251.70113583005198,59.095070717194595,104.20294595211253
563.9409101221169,250.6193089206431,58.938991497348084,103.81962344862107
563.8818373281474,251.01677265743004,59.05713708528692,103.02469597504722
563.858469692201,251.28899074409114,59.10387235717975,102.48025980172504
563.8505011174859,251.22353245660656,59.11980950660997,102.61117637669415
563.8459792728016,250.92194988460835,59.128853195978564,103.2143415206906
563.5779434706739,250.45824956590113,59.6649248002341,104.14174215810503
563.4559198323896,249.68816991928966,59.908972076802776,105.68190145132797
563.2429071229053,248.17828106375765,60.33499749577115,106.11897572820988
563.0112789237867,247.9841575434557,60.79825389400854,106.5072227688138
562.7925113338974,247.71772664629128,61.23578907378695,107.04008456314259
561.3898337705972,248.8828487227604,61.41578811374447,107.33519649684743
559.8786991137409,248.43877357233902,61.80527352687902,108.22334679769017
559.7083941889741,249.36046088354684,62.14588337641274,109.03252566471969
559.4575521068139,247.34880212334997,62.64756754073322,110.3855203678659
559.461450221509,246.9024928864801,62.639771311342955,111.27813884160562
559.2048655484556,245.46069498557333,63.15294065744968,111.44977836259359
558.107387194941,244.13109745576062,62.62467321942307,111.38574927716303
558.0709217353048,244.41236328831707,62.69760413869564,110.82321761205014
558.0577149590695,244.43863093971095,62.72401769116622,110.77068230926241
558.1112050008587,244.56569651810196,62.6170376075877,110.51655115248039
558.1053131110796,245.01879554993806,62.628821387145884,109.61035308880815
558.3136095307261,245.12013929669115,62.212228547852824,109.40766559530196
558.3667453199348,245.16086643596572,62.105956969435425,109.32621131675283
558.7648681984745,243.94413352950812,61.30971121235612,109.08568409404168
559.0782518888507,242.84803575219797,60.68294383160388,108.62098768250755
558.3240378348221,243.48472647082528,59.552023133342686,107.34760624525298
557.2514351902532,242.57293277965675,59.095970989861314,106.5699361949712
557.5551414605516,242.24607322623064,58.48855844926477,107.22365530182341
557.7803832629843,242.3381696425734,58.038074844399205,107.0394624691379
558.2840986244595,241.9996049480657,57.030644121448766,107.71659185815332
556.7713976852488,242.2270484145454,57.49248193153671,107.2617049251939
556.805284416507,241.11112566660316,57.424708469020224,106.9287622603817
