484.0,167.0,15.0,53.0
484.2564838432618,166.61468876846675,15.515247327202871,52.74240744934018
484.67686661827406,167.6959280649487,15.708666177154779,52.64829765632942
484.722236305924,167.18193175683692,15.617926801854923,52.63984241067294
484.66265219891505,167.3061210237689,15.737095015872818,52.391463876808984
484.6682353443995,167.9069199341514,15.725928724903902,52.22320753774555
484.1721786588046,168.43187696238527,15.687288949113018,52.20404662825845
484.2486900869137,168.37506682665412,15.53426609289492,52.31766689972075
483.72545977296363,168.46415237994438,15.552194564176299,52.139495793140206
483.28730956950693,168.41412531780094,15.402150041330213,52.239549917427084
483.3199600147001,168.39654711189874,15.336849150943877,52.2747063292315
483.35363725543436,168.376868303366,15.26949466947536,52.314063946297
482.90055307346074,168.27812060015665,15.152106116421937,52.51155935271564
482.902093562549,168.25212482466975,15.149025138245442,52.563550903689475
482.9440292237065,168.33566632062718,15.06515381593047,52.39646791177458
482.4355078256832,169.4012651031075,15.06128394651807,52.30709567773184
482.38046722306956,170.37220643319685,15.171365151745324,52.4043698970101
482.44148207592025,170.84331753237163,15.049335446043969,52.4851524558153
482.52373182504545,170.3428710193496,14.88483594779355,52.46417575735285
482.513679554425,170.3292186101738,14.904940489034523,52.491480575704415
482.4412178332045,170.7985971319748,15.04986393147539,52.57198627546142
482.4060471329261,170.29564405259384,15.120205332032281,52.55478690625992
481.91243426064227,170.2920637998712,15.083255865671344,52.56194741170528
481.9025430427506,170.23511898689176,15.103038301454738,52.675837037664124
481.95632754544187,170.15157187303043,14.99546929607217,52.84293126538675
482.0423674234165,170.60243360823597,14.823389540122847,52.967121764124954
482.5422638421245,171.77393322803374,14.848044261524919,52.673017642165355
482.54797850103785,171.87870384387784,14.83661494369821,52.46347641047716
482.6216716129948,171.99155773238564,14.689228719784309,52.23776863346155
482.1713404137233,172.45090104808554,14.578240987143149,52.33073213324573
482.19343844635256,171.9242956516032,14.534044921884695,52.37305937358448
482.1548991875328,171.85687143637466,14.611123439524212,52.50790780404155
482.14498317491467,171.78775901851063,14.630955464760552,52.646132639769654
482.14033889106406,171.61508983168463,14.640244032461688,52.99147101342165
481.6031363584973,171.5284125493834,14.693289426018096,53.16482557802408
481.6954449331684,171.61875871889882,14.50867227667587,52.98413323899327
481.77987314052695,172.2287506231497,14.339815861958751,52.782937352186025
481.78101310306624,172.2636774739317,14.337535936880155,52.713083650622
481.71752968324984,173.29685230875498,14.464502776512937,52.67024632126844
481.64424238868065,173.28910796687927,14.611077365651305,52.68573500501985
481.59287571375995,173.81835811092097,14.713810715492766,52.643738259031444
481.5037556679369,173.28866518422257,14.892050807138896,52.685288309795425
481.47756964272844,173.21506779333015,14.944422857555736,52.83248309158027
480.4360124159185,173.0324641788285,14.977912359320959,53.197690320583604
480.4280954843052,172.95581578798053,14.993746222547607,53.350987102279525
480.3425374520052,173.44154178469552,15.164862287147617,53.412584740288885
480.24023657923203,174.07617361189583,15.36946403269398,53.18043916307597
479.6977847071742,174.72163457043132,15.416708510983241,52.927176511831334
478.6894227442484,174.8098385035413,15.363508920318527,52.750768645611416
478.2396797533848,175.38611827066256,15.231516509351373,52.62968750406322
478.0420653014645,175.37720905583498,15.62674541319204,52.64750593371839
477.66587409128846,175.34284029059555,15.34421263481527,52.716243464197234
476.57240900873757,175.1947104614259,15.469880433833028,53.01250312253654
476.2319025512532,175.05508138349995,15.113735750396629,53.291761278388456
476.2004189790758,175.07134284445,15.176702894751477,53.259238356488396
476.20566869553903,175.04303115905626,15.166203461824896,53.31586172727585
475.6559174163017,175.1203751110737,15.22992790993487,53.16117382324089
475.1327617582375,175.36625284447686,15.241454788989792,52.669418356434605
474.48752030861635,175.48472114201581,15.503882650341048,52.43248176135669
474.47911372325945,175.39698423987076,15.52069582105496,52.60795556564683
474.3990495239474,175.32723170646696,15.680824219679064,52.747460632454434
473.92663749634636,175.7206989570664,15.588314755433316,52.99785965070333
473.83289036251836,175.59562096718992,15.775809023089295,53.24801563045628
473.7926021237905,175.60206394805985,15.856385500545036,53.23512966871641
473.7171392961166,175.70794496624882,16.007311155892808,53.02336763233849
473.68961395939766,175.84256555197555,16.06236182933077,52.754126460884976
473.24744652719295,176.3657634148097,15.902192829546902,52.75223459940998
473.34700173297955,176.26762327374934,15.703082417973762,52.948514881530684
473.39825472618344,176.48451097109057,15.600576431565937,52.51473948684822
471.9793498883119,178.1648335547246,15.340732234298681,52.25174819259055
471.98806394783446,178.26323616649933,15.323304115253556,52.054942969041036
472.0566255363454,178.29597306508438,15.186180938231725,51.98946917187093
471.55849175295526,178.38011309815744,15.16502969216388,51.82118910572484
471.5532684743553,178.17180211885062,15.175476249363772,52.23781106433847
470.6387299386634,177.654892737499,14.963096414780608,52.25090137405816
470.1179776996916,177.98905985656924,14.987647887241367,52.59952014140057
470.1228241712198,177.95383477600856,14.977954944184939,52.66997030252191
470.05685309750737,178.5159107256763,15.109897091609785,52.568964238476106
469.44847466732665,178.688491674379,15.30247084188763,52.223802341070645
468.8505557603585,179.33908778826424,15.475413530523175,51.94550523860099
468.7257028736931,178.8579747165645,15.725119303853965,51.88555634293108
468.6106034738876,178.84605340977805,15.955318103464943,51.909398956503985
468.5886809874878,178.84089522183086,15.999163076264537,51.91971533239837
468.5923742439196,179.22215933416558,15.991776563400947,52.18870150627903
468.6657738920062,179.09351105760254,15.844977267227755,52.44599805940509
468.6603846122511,179.05063028706232,15.855755826737882,52.53175960048556
468.0365777345191,179.44803331783655,16.06584199158218,52.774481129556804
467.4728831609132,179.44338367083753,16.148374581406724,52.78378042355483
466.9318886442967,179.95562398812285,16.18384752722595,52.8058158763981
465.9969319830749,180.44407209015768,15.9587916277537,52.87640428328632
466.54320561184613,180.5274120945303,15.910560526424774,52.70972427454108
466.37699734173304,180.67426271819076,16.24297706665097,52.41602302722016
466.3089233485369,181.27524093200063,16.379125053043307,52.257120912211874
466.2856226876497,181.3906583819303,16.425726374817586,52.026286012352486
465.7489986573638,181.8034259542227,16.45807505484226,52.24165024831487
465.7194452514483,181.73566455018934,16.51718186667338,52.37717305638153
465.6714471434226,181.79086979770463,16.61317808272473,52.26676256135098
465.6181124546655,182.15102299292374,16.719847460238924,52.5942213247604
465.5510411697219,181.5956076058481,16.85399003012613,52.65067494028598
465.42888918286866,181.5227572763334,17.09829400383261,52.796375599315354
465.4380879784313,181.9935572176123,17.079896412707246,52.91898343017464
465.36023146984047,181.85834937242987,17.235609429888942,53.18939912053951
465.3468003891119,181.74416353817514,17.26247159134614,53.41777078904897
465.25535739868235,181.5667910320699,17.445357572205232,53.77251580125946
465.2469108319491,181.45773160334483,17.462250705671693,53.990634658709624
465.1871899228001,181.57807696577376,17.58169252396972,53.74994393385175
465.1512581330809,182.12378876697494,17.653556103408217,53.74515353420858
464.02408518193073,181.5613275568454,17.732136081841332,53.78219299253405
464.01983981284025,181.65483435298077,17.740626820022268,53.59517940026331
464.00468300561107,182.20171218244795,17.770940434480632,53.58876915475155
464.109926052844,182.19006228274668,17.560454340014786,53.61206895415412
464.11418864729586,182.78713041568645,17.551929151111054,53.50221620304471
464.1564200726681,182.33307104987173,17.467466300366638,53.327769639124554
464.20274771330486,182.75680608783398,17.374811019093034,53.55883567734039
463.81369106493173,182.81914313810643,17.072804349559874,53.43416157679545
463.29326918188184,181.72752098195247,17.040850509504192,53.47181067679239
462.19531114023454,181.9559678692161,17.091278530433748,54.08766093344762
462.0578376120775,181.84497063279048,17.36622558674783,54.30965540629887
462.064910221077,181.86911561634696,17.352080368748833,54.261365439185894
461.55230607905935,181.81861249504695,17.287607736838595,54.362371681785916
461.5940115573752,181.8602670539364,17.204196780206917,54.279062564007006
461.5311739586622,181.9658828247987,17.329871977632962,54.0678310222824
461.11097787532,182.65029167321228,17.083739831591977,53.78553763818066
461.13381097390817,182.6468647553022,17.03807363441559,53.79239147400081
461.24818153938776,182.73492739822842,16.809332503456456,53.616266188148344
461.1366057582798,183.4419390135624,17.032484065672282,53.27277062043631
461.0214722160352,182.8884078177533,17.262751150161513,53.31006872898814
461.0544154879518,183.012525915598,17.196864606328333,53.06183253329873
461.01355588742325,182.9498372905486,17.278583807385388,53.18720978339751
460.92921956450346,182.92863387491215,17.447256453224988,53.22961661467042
460.923769677769,182.8053386040369,17.458156226694026,53.47620715642091
461.05417179550096,182.69335051484592,17.19735199122999,53.70018333480291
461.5152172265766,183.04330758625017,17.354127302680574,54.079135365596244
461.5071444471887,183.20647924860125,17.37027286145645,53.75279204089405
461.62739805271804,183.13465911770757,17.12976565039778,53.89643230268141
461.8282718636978,183.04323096419262,16.72801802843823,54.07928860971134
461.92309175936776,183.05421220006448,16.53837823709828,54.057326137967614
461.92416365570847,183.64020850616478,16.536234444416937,53.95710660319389
460.9002360939645,184.13708393655963,16.443462082181153,54.03366948526603
460.8679888597854,184.06061408718907,16.50795655053933,54.18660918400717
460.39557099536273,184.54835734082016,16.379751249367892,54.2841637067617
459.9184472095888,184.55357617449593,16.261951908670166,54.273726039410164
459.46441423639504,185.10087940156873,16.10030354625851,54.24883389406385
459.4425263635759,184.5106428416854,16.144079291896734,54.36294623350071
458.8717816982556,184.5600610393584,16.216780666753063,54.26410983815477
458.7082471392039,185.1186473990252,16.54384978485646,54.21567703115234
458.7106605165408,185.69263830530517,16.539023030182555,54.14181244579383
458.67553352784074,185.8240740308549,16.609277007582655,53.878940994694396
458.670865836435,186.38665437347237,16.61861239039425,53.82433745729645
458.65254707566316,185.79730046192725,16.655249911937915,53.93308935772669
458.63974138803974,185.83201646544143,16.680861287184698,53.86365735069833
458.5862189793755,185.57977135888459,16.787906104513205,54.36814756381203
458.5251685245458,185.57034058067853,16.9100070141726,54.38700912022412
459.0281474286686,185.50751537262556,16.987364189186962,54.512659536330105
457.9425207342092,185.48698085391447,16.985568071593008,54.553728573752245
457.8856894040986,185.56961644408528,17.09923073181419,54.38845739341065
457.9151511227835,185.99807885536583,17.040307294444332,54.61835988615836
457.99712808284215,186.54597006055457,16.87635337432706,54.61157828658779
457.01028792916765,187.05616580088167,16.678280770823775,54.677063261359734
455.2990324650477,187.08994228885587,16.851370405819843,54.60951028541136
455.22929419514116,187.11219614376748,16.990846945632796,54.565002575588174
454.75897047358774,187.60139905412012,16.844163196815213,54.673927946807325
453.650720453396,187.6855471141919,16.888333265275023,54.505631826663794
453.1941242774377,187.16163820196752,16.716929412276418,54.46885344619733
453.24668087459764,187.65178093086269,16.611816217956488,54.56947434143477
453.30798499777376,188.08231440560024,16.489207971604294,54.78879353469225
453.27447176289076,187.80830303225022,16.55623444137027,55.33681628139232
452.5770053112853,188.23554217604706,16.860949952272136,55.572555386107695
452.5309112278235,187.56081139290654,16.953138119195724,55.822812747291486
452.54941337822487,188.08531293060287,16.9161338183929,55.87826506627735
452.448092133277,188.16636495477792,17.11877630828876,55.7161610179272
452.31565146996866,188.60638903772488,17.38365763490539,55.942123526285016
452.1758257988037,188.4426824005894,17.663308977235207,56.269536800555976
452.1589912808967,187.8857523633313,17.69697801304931,56.259484296206764
452.1895687496927,187.71648453293494,17.63582307545737,56.59801995699952
451.47672857654084,187.61143300827263,17.93343967876023,56.808123006324145
451.39924716590383,187.58509659992416,18.08840250003423,56.86079582302105
451.3454976335219,187.49414198180932,18.195901564798078,57.04270505925072
451.40930221755104,188.00954848607034,18.06829239673986,57.15658865232301
450.8081218559212,188.50787691214575,18.126690161683978,57.30389475848773
450.88129019232474,188.36032430427906,17.980353488876805,57.59899997422109
450.23590214080673,188.37068252964784,18.12251289104292,57.57828352348353
449.63199710627026,188.55054054342145,18.179377658722856,57.21856749593632
449.0432223139647,188.4077708551682,18.210038475165128,57.50410687244282
449.0193740801542,188.5013716225758,18.25773494278615,57.316905337627674
448.57766793644396,188.45868611587662,17.991419962756883,57.40227635102598
448.65204493769374,188.8008682069684,17.84266596025732,57.863943233679876
448.1077898626809,189.33484046363023,17.781347093242665,57.94582773739665
448.0231987859737,190.61885562345597,17.950529246656913,57.67750799513577
447.91368484424186,190.5586646328137,18.169557130120676,57.79788997642031
447.19565991284605,190.57391116486707,18.45067897728963,57.767396912313615
447.1710582477615,190.37733640260507,18.49988230745869,58.16054643683762
447.2432511854208,190.42147017197684,18.355496432140193,58.07227889809404
447.21212645423054,189.7396155971544,18.41774589452065,58.273739671420344
447.2466336870094,189.77284339284336,18.34873142896285,58.20728408004244
447.27972598734965,190.31601517230806,18.282546828282385,58.28497972964588
447.36318378671643,190.36483609966768,18.11563122954881,58.18733787492664
446.86556915434574,190.77865658679562,17.95140450449493,58.519152890466145
446.98524681637593,190.74551973367494,17.712049180434487,58.58542659670751
446.45018078286193,190.74121875970076,17.624551328949053,58.5940285446559
445.9539256347704,191.10873969521367,17.460932208070417,59.01511609069179
444.986937954004,190.8996668826237,17.076810510872924,59.433261715871694
444.4500653356959,190.77831627334515,16.992751527720554,59.67596293442881
444.41217673753465,190.69071447719156,17.068528724043006,59.851166526736016
443.6540709650953,190.51285837491017,17.421190805430122,60.20687873129877
443.10052373109244,190.31942887638408,17.353133501559793,60.59373772835096
443.07255907560597,190.94177142090885,17.409062812532717,60.52839802761373
443.2020816863194,191.44735480408028,17.1500175911059,60.69669769102962
442.5886882108522,192.13445850088124,17.199800340258058,60.49949449920984
430.1147590477557,191.3633801856004,17.469468946877466,59.691347346955
413.2905103150129,191.96603534878722,17.223721595902,59.65480408321794
406.91509590178384,192.06184226880487,17.17414945290978,59.463190243182595
388.9451434237832,192.6052836027697,17.15274384834843,59.53634985140012
380.206836641199,191.60058473989963,17.219212161952235,60.385071227035944
362.8570454001342,192.1771982148793,16.701809588478195,60.40574377893003
352.5092392157523,192.13791927470277,16.4362448978112,60.48430165928312
343.1507865861695,191.45828893859465,16.583032687340577,60.68292998964708
330.8628474199877,193.1123755699252,16.6689828336418,60.87331789642348
339.7535397629087,192.60984847205611,16.444838853522505,60.707889378446836
357.7925295045021,192.99525959033318,16.449074924611693,61.101009579127435
362.5725172909052,192.57950142410866,16.24555440532252,60.76296902988683
371.6749535489849,194.74540103345646,16.616183195479792,61.07504513777042
381.20601401299194,194.15587258311137,16.31138594636456,61.081769308529445
397.57525714240757,193.60107580420367,16.240350212655336,61.02466820473333
406.3811257360696,193.84448318155427,16.096912183281262,60.537853450032124
414.8312820804169,193.5021255589036,16.52162474915796,61.222568695333464
429.0607882210601,192.5181718285949,16.205798017166117,60.84521069350966
437.13160394171535,195.21117983086017,16.323450285174363,61.266081728021526
428.453879569936,193.64597781554494,16.136168184287833,60.88793958976291
410.3774059138424,194.30195565716315,16.3084522124841,60.736650464074614
402.27034009881794,194.36280919139517,16.257631430398227,60.61494339561054
390.7081513580169,195.08795912670942,16.19975119689943,60.323756410737154
375.31492260877735,194.84704571502016,15.830229702050065,60.80558323411563
366.67286565946057,195.45794425900857,15.808308446290674,60.737521823098376
357.48144189581706,195.0307796850966,15.753317736907203,61.59185097092231
340.0750017201024,195.5236670270032,15.666328542302113,61.76940527197691
331.4029523253465,194.84643340527612,15.547806817787635,61.959697814496025
324.99270431798186,196.47049861478217,15.557721251789605,62.20536237204589
338.4284740661843,195.8379701510887,15.555563754780977,62.3021852994591
350.68316318740466,195.92020038974576,15.606770132308764,62.13772482214502
355.44061259660424,196.54795733233905,15.437596826662176,62.0504266260525
373.58439345106194,197.55665507515477,15.227183306621448,61.19681011425577
382.11895165011737,198.03925457798147,15.375161167718524,61.379417392549584
390.2854930829609,197.72378276683983,15.186574448923704,60.85718271862621
407.9139472695865,196.5787422344842,15.340035060532749,60.8627238488304
414.1964987929151,196.56202996326277,15.372792057096134,60.89614839127327
424.5773366945891,195.34278026572176,15.245423415464604,61.041946990609
425.06920603326,197.84064380415018,15.407664617616442,60.63013943172614
417.0731263168954,195.72049850626286,15.393950623116641,61.4406000073803
407.7893040815873,196.98879125956321,15.491298846310269,61.21280153170739
389.917013491327,197.98212970571637,15.491561077784134,61.53220973288799
373.2289413201248,198.5726424180496,15.299297697145045,61.508715609016065
364.40966866403977,199.38860434775248,15.63456306769055,61.030343745718646
347.1721851351827,199.53219439731538,15.513709366141004,60.74316364659287
337.9876892397034,199.8967349624247,15.532741650309525,61.16095498554863
327.6216448753289,199.650394084254,15.509029753437165,61.65363674189001
323.62698210488844,198.88703177556238,15.38138614969937,62.02079433861341
332.3411031691875,199.1495210311951,15.387573494587716,62.65811112558042
341.75979903965964,198.49912434675676,15.291799884357257,62.78755336128749
349.43028592467675,198.06304923932046,15.178281847791872,62.48836082743175
365.7932568348034,199.1997746682843,15.071970427849468,62.544883569526256
375.61903241847256,200.40687852908468,15.20421232695881,62.458180914566356
390.94686661861874,199.3350518828176,14.840045006056695,62.27171873945516
400.8563935067126,201.77584182099508,14.664496021620621,62.01213999057114
416.3018280811954,200.56629379742677,14.783442367060648,62.13421266775182
425.02023682293424,199.95127972261446,14.634028905469854,62.21174721591726
424.4224913201453,200.4224197133001,14.678796315521119,62.420190830072684
404.73768757673645,199.71597848082664,14.795485727865795,62.67857570459387
396.13356678732725,200.2815500510313,14.59853767862872,62.70777853938822
379.3695985762497,201.06730305538576,14.573864681962913,62.29325906236278
369.4970745399668,201.43026182128315,14.756783692157605,61.567341530568015
361.48066795534123,201.54627187753755,14.77296821934828,61.33532141805921
343.77775818149314,203.74723475510217,14.804591066823914,61.49780814037781
334.65090399028526,201.7625741846117,14.754574751621469,62.035180900555304
317.44134657366715,202.10601820190158,14.657027914489793,62.49884825498784
314.5524139958178,203.16385047510397,14.658982208362978,62.69354805331322
326.06763765818147,202.41888984950236,14.78742542942463,63.025524777227005
342.88875144794395,202.4969341020498,14.931605839308805,62.869436272132134
351.1196185670273,202.3618574306952,14.788545960087088,61.97397001777381
368.49857896624644,202.855985948206,14.541030469809698,62.136059826357524
373.06209868815444,204.41153921892823,14.597071621762066,62.468608508326255
386.312912225711,203.15511314867967,14.628511871348925,62.67423740319731
400.01170700111237,203.9074987039818,15.001107758999721,62.32655735252867
408.69356844357355,202.93744411254363,15.027517076118308,61.94798224179955
416.8341141540554,203.6487223243607,14.909995416397468,61.67996651539704
408.1609009587718,200.95329647368646,15.028247644517645,61.32809349592978
394.43611712728625,202.86953438951593,14.977052592933422,60.93321300359026
383.2082078452215,203.73603455854777,14.645787912357267,61.47892098999718
374.61334663907155,203.21645292127192,14.725195934372422,61.3773966385299
359.20749946540496,204.6953160455734,14.735794676069084,61.842014346108805
341.39323766159913,207.0403242156831,14.792081376666278,61.74196405840733
332.78580041312597,204.9436212593286,14.799486560279693,62.49387610844978
322.95339416847145,206.4651969125976,14.781078743971293,61.76639777904323
310.755780559211,207.07878335967513,15.083070958912764,62.83381869475289
320.1681075595828,207.51761372314655,14.946613984978171,63.124170281985606
338.142465955465,207.409079256735,15.251568307241557,63.34123921480868
344.83188244769605,208.57457026161856,14.834424405571877,63.36692794736748
363.5216275730167,208.84489044927273,14.91817034731968,62.826287572059115
371.12636315330127,207.37662671738335,14.850562452866782,63.43329761028158
382.308757447167,207.5479176092557,14.753086599799094,63.090715826536865
398.60832305764893,207.8559665937774,14.782464322360937,63.63992174833368
406.8562869252126,208.58283542143218,14.716257457290949,63.35973558374246
423.1091516790489,209.0280400526402,14.924697072774201,63.63768950429629
413.14456242246786,209.37416419539736,14.857744789093731,64.12168420683156
404.33087696475843,209.6969352714051,14.759108358130092,64.65787587790824
387.1105657922246,209.11887528300122,14.766824523181494,64.62665426230168
378.2895195704741,209.97286798922315,14.60312006927926,64.10572197635135
369.5182089146795,209.39003637826403,14.496333249518425,64.09475798951294
351.20553629361973,209.95212874231945,14.714566412512319,64.14499623169644
342.94256184375126,207.4799660241747,14.730104553077876,64.37206145107983
327.63516006508354,210.65127055381637,14.59240774019596,63.943394770684435
317.527101177971,210.4094584930073,14.84794203910965,64.42701889230261
310.7625752393075,210.6036682829219,15.333005004481219,65.22441648628755
318.1047801956711,210.4317448453001,15.123753806140439,65.56826336153112
324.131589343118,210.47047598120662,15.140813659791515,65.49080108971813
342.13287690247694,211.0794681791538,15.327575688691185,65.47912793207769
352.92044689281624,211.63625403737242,15.527475992682696,65.57528067589988
361.5723827597636,212.30895614094123,15.23210850757216,65.4447696293897
378.4132819303621,211.04716793007714,15.357962397524865,65.55351374889293
385.52665934088554,210.921226392642,15.667371577165454,65.8053968237632
403.66157628871343,210.72543815384276,16.021178612382382,66.1969733013617
413.3134622819704,209.49253039270658,16.445787317147065,66.19674123722423
418.208130606158,210.54813310449697,16.585255236606223,66.56773695560204
420.40430484067565,210.85960160567532,17.188725661805215,67.1937546768039
419.00743159802664,212.04268795340252,17.44410103061859,67.36595309783398
418.88222328972455,211.98517291802048,17.69451764722279,67.48098316859809
418.9100973953636,211.79071338661754,17.638769435944752,67.86990223140394
418.8544221202583,211.57771076700303,17.750119986155344,68.29590747063297
417.9612427081076,211.45081867980315,18.241190087072344,68.54969164503271
417.8890643296371,211.36431047462384,18.385546844013277,68.72270805539134
417.9452935510996,211.27115298158606,18.273088401088337,68.90902304146692
416.5893229364806,211.24230055052826,18.357472375806623,68.96672790358252
416.6779806946125,210.66578683015723,18.18015685954283,68.8035748767719
416.7662974406938,211.54208954413969,18.0035233673802,68.36151292559836
416.8366628098144,212.6827599418707,17.862792629139037,68.6821620906815
416.78431228317635,212.08271436787678,17.967493682415075,68.57940677114765
416.92122716045793,212.73833869314598,17.69366392785196,68.5715372227452
416.3836548193858,212.87447315868235,17.470713606852076,68.2992682916724
415.89379693837134,213.05945098778733,17.160377743801025,67.92931263346244
415.74305168829676,213.5349871101069,17.461868243950168,68.25721754201388
415.7588103574108,213.49063007550637,17.430350905722065,68.34593161121491
414.98681381737686,214.04482161108984,17.684401245590124,68.52749128024777
414.9230799420022,214.721883524809,17.81186899633954,68.4706684049831
415.0231139827919,215.629211944169,17.611800914759982,67.95492327286922
414.4554341889159,215.79179622150295,17.459277975767705,67.62975471820131
413.8057695919705,216.60841976034362,17.47817751303436,67.27693729714409
413.19215860876034,218.0201677852584,17.429570750113328,67.00509870599689
413.2159872767737,217.86003557120497,17.381913414086593,67.32536313410371
413.2508400544858,217.3425881758691,17.312207858662404,67.08556827910333
413.3307501611135,217.22751747701219,17.15238764540713,67.31570967681715
413.3431950248949,216.99413684289735,17.127497917844224,67.78247094504685
413.45729357356,216.83881622521528,16.899300820514128,68.093112180411
413.52531339057833,216.24166573933084,16.763261186477354,68.01109288968888
414.052761857753,216.79616301036043,16.98094805613207,68.17468215163377
414.0605588605251,216.6803362443267,16.96535405058797,68.40633568370124
414.0875986913458,217.19159974476003,16.91127438894645,68.66577793497392
414.6528988008081,217.1740525668522,17.065254113864633,68.70087229078953
415.2412375926749,216.9603313409435,17.1765757819251,69.12831474260696
415.8038408139326,216.3603699085618,17.347480008464387,69.03212693831568
416.39701503469155,216.20631962378877,17.459137287874793,69.34022750786177
415.67673972391964,217.33707800042987,17.595239585582398,69.68760740225203
416.3435709025327,217.30336067925896,17.57348293356437,69.75504204459381
416.3624509272958,217.7951239937751,17.53572288403813,70.08395512246756
415.81318001848456,217.72465636749746,17.317925305100637,70.2248903750228
415.85912726680004,218.41433189121315,17.226030808469655,70.159717777497
415.8643915097788,218.6148612652983,17.215502322512204,69.75865902932674
416.3631921562953,219.37773144066097,17.523593190846288,69.53861083996861
415.7688106021156,219.48017857829396,17.403900811135408,69.33371656470263
415.8493784708243,219.44035931823328,17.24276507371789,69.41335508482396
415.26260800530275,218.80235093621968,17.114939091714664,69.38800493580467
415.9346214289801,218.8593183083592,17.069493906692,69.27407019152564
415.8978132153814,219.52773691760322,17.1431103338894,69.23335256642031
415.87749556211594,219.59168440870263,17.183745640420298,69.10545758422148
415.97299445097417,220.6774180955537,16.992747862703776,69.52584265642463
416.0695701074587,220.6645324863405,16.79959654973483,69.551613874851
416.76267807715175,221.90403877560342,16.708251687008705,69.6623434496451
416.676994404765,221.83740844624774,16.87961903178211,69.79560410835649
416.6848623227155,222.2820387942297,16.86388319588113,70.20615896679857
416.7037985110614,222.28963727236794,16.826010819189335,70.19096201052207
416.7661276486514,222.062698289731,16.701352544009406,70.64483997579595
416.8582055133085,221.93897207680902,16.51719681469515,70.8922924016399
417.52820909101763,221.6723970366139,16.485438459558953,71.42544248203018
417.56478702273114,221.59385568881734,16.41228259613197,71.58252517762328
418.0963710603493,221.61793859929404,16.665008129141988,71.53435935666988
418.0243405401278,222.28839945278034,16.809069169585015,71.51350101971143
418.8005071309445,222.97374920328156,16.579264326019544,71.465329856777
418.73304534644393,224.41768562477287,16.714187895020707,71.21236774450637
418.67943123491756,223.79297957811076,16.82141611807341,71.14528148804358
418.5824291250014,223.90329475464665,17.01542033790582,70.92465113497177
418.6340001059904,224.00394239263153,16.912278375927762,70.723355859002
418.6762425841082,223.92111223158076,16.827793419692142,70.88901618110353
418.6353987718703,223.74557685755116,16.909481044167944,71.24008692916277
418.6455493597497,224.2819355352014,16.88917986840924,71.48798945303096
418.65814708576187,225.34287176147419,16.8639844163848,72.01352298376996
418.620741400455,225.21314554866518,16.938795786998554,72.272975409388
419.09718667259176,225.7793926021534,17.321545571814873,72.47612163150141
419.7402466922572,226.2789117364203,17.381224904207297,72.8228827346909
420.23653713773757,226.10840957729116,17.740439541845298,73.16388705294918
420.1552992047342,226.1359921296289,17.902915407851935,73.10872194827368
420.111411547768,226.90497510459466,17.990690721784425,72.93650150945163
420.15895293959164,225.5113679216261,17.895607938137104,72.99371501237857
420.1884943501503,225.2258325058367,17.83652511701981,73.56478584395731
420.90952854181336,225.82769097431157,17.765330779673235,73.73194295298718
420.7618837508434,226.48981706753443,18.06062036161311,73.77955002057453
420.7988621128653,227.04150597063523,17.986663637569364,74.0543244712691
420.79550904181866,226.95551198831132,17.99336977966268,74.2263124359169
421.2434834024162,227.61939096957218,18.480554969360565,74.28168838428815
421.2594448857268,228.29744485988743,18.44863200273933,74.3187601110832
420.5615367629918,228.41264926689314,18.451355161615,74.0883512970718
420.48946047325677,228.3319679720332,18.595507741085022,74.24971388679165
420.4804868126578,228.3203973921465,18.61345506228305,74.27285504656501
420.4903849385955,228.09709547399362,18.59365881040757,74.71945888287082
419.8825083726184,228.5145199296924,18.407942285578834,75.28607962825612
419.9218976629218,229.02067030261415,18.329163704972046,75.67966353403467
419.11406663197556,228.88177275449183,18.534924845999285,75.95745863027929
419.69891314552194,229.2976805529804,18.782945998340864,76.54335721273654
419.73675936337713,229.90723195814186,18.707253562630555,76.75490371999395
419.7316432399352,229.9146594227035,18.717485809514468,76.74004879087066
419.68140918458056,230.77778115674334,18.817953920223648,76.44596618799292
419.65207073012573,230.8393803628803,18.876630829133337,76.322767775719
419.6202473324366,230.9578984351812,18.940277624511637,76.0857316311172
419.62267975946605,230.13477696832064,18.935412770452643,76.30475264195003
419.67416778486165,230.19355078174624,18.832436719661494,76.18720501509878
419.7693958889871,230.11124439022865,18.64198051141061,76.351817798134
419.1318525755125,229.8574030383834,18.491786296239237,76.85950050182448
419.24832727414577,230.35194461477676,18.258836898972582,77.29995095865944
419.274614152261,231.09657054530186,18.206263142742166,77.24195334547906
419.2566886793298,232.5684018174104,18.242114088604616,77.15716518235469
418.53560539439366,232.76484358299615,18.255345145976776,76.76428165118321
418.5723243311605,232.66550126018814,18.181907272443098,76.96296629679922
417.853141563355,233.41820709354488,18.195207016759824,76.88262042138
417.78051003540963,234.20958212343155,18.34047007265052,76.72406543714936
417.8125762019638,234.2830289599855,18.276337739542207,76.57717176404147
417.1295110310774,233.56444189473763,18.221000698107677,76.5928785113299
417.06051239931,234.03785681184178,18.35899796164244,77.0666793456212
416.243665728009,233.9912800553251,18.56278982269808,77.15983285865454
416.30832107151866,233.86332340300152,18.433479135678624,77.41574616330173
416.3298042919171,235.38524785679323,18.390512694881732,77.24432214766216
416.44722029890085,236.15168963048262,18.15568068091431,77.14442976476985
416.4629970458765,236.94309904446519,18.1241271869631,76.98871566938323
416.5239589365358,236.8327404162149,18.002203405644387,77.20943292588379
416.5975226557899,236.95039104341652,17.85507596713621,76.97413167148059
416.634836082062,237.59427681383897,17.780449114591995,77.10532793671919
416.78213774651005,237.4739625348223,17.48584578569588,77.34595649475253
416.8687923339094,237.4620576582996,17.312536610897183,77.36976624779788
416.7977251564563,236.5987323289746,17.454670965803466,77.6823330512927
416.8224503820689,238.1660958480864,17.40522051457819,77.38997636503066
416.80351793716505,238.08699787542855,17.443085404385933,77.54817231034635
417.43196246125984,238.84997656371965,17.605283942932648,77.44130252050043
417.3897437715912,239.0616669045471,17.689721322269904,77.01792183884548
418.08421563571375,240.07699037843568,17.71718839673379,76.4036856937774
418.13667703990853,239.9980054380914,17.612265588344286,76.5616555744659
418.3476529909893,239.97895357855975,17.190313686182755,76.59975929352923
417.70566456155143,239.90720441775767,17.0733168411071,76.74325761513343
412.87369071586795,239.0711874900337,16.932173050380303,77.01456411599654
410.1137213303245,239.02332185381212,16.84492229818782,77.11029538843974
399.37292254770364,239.15455720098151,17.30475032797918,76.84782469410095
396.7504721959446,241.9449779395975,16.923088357006304,76.89354589135988
390.3533625567984,242.59421051672265,17.11791593698593,76.99501314803315
384.7183721028886,243.1817743087392,17.147074733205407,77.22498832795006
379.6631437877669,243.1632993014997,17.39539506071712,77.26193834242908
372.49453108609134,244.21650367128194,17.590914471888528,76.56970020208254
368.2602369739364,244.12210993163114,17.61001979030693,76.7584876813842
363.89692373102304,243.6452205811853,17.869123247135796,77.71226638227584
356.2440342963467,242.13666140181493,17.449716377419964,77.87026006118597
351.17656505018994,241.94472953849535,17.61864366529459,78.25412378782511
346.74934991150235,244.08073131497093,17.879103212778887,78.27910559981947
340.95431954041084,243.91423386383752,17.967718691368788,78.61210050208626
335.7679607674115,242.73592726872818,18.232173809622374,78.08063871294927
327.0838996041108,244.752379080909,18.300235686431343,76.93107849688633
322.0210585541995,245.01359734416457,18.437756225556015,76.40864197037524
318.2994744586729,246.4107340333626,18.769993541223666,76.45874094213343
310.46427980451153,247.16537746213706,18.719002320173747,76.3786704963456
306.10556735219757,246.1768120167453,18.873686680081256,76.92867796300906
301.1224229283614,246.4786065222654,18.775524771125987,77.7628676314871
292.3145618608352,247.55064685407925,19.020026180959835,78.51399042206249
288.6444678606841,246.89753609311174,19.04627434189033,78.35742397612319
285.7952430078794,246.32067762357752,18.900348909633607,79.51114091519163
275.31440540376923,248.70740501829704,19.21939268240009,79.16110714763555
272.15624742416185,249.120080805577,19.633084099826817,79.81141170852267
268.3698269321472,248.9764969564531,19.742683080384765,80.09857940677048
263.6935000915569,249.51247053730015,20.102776558184924,80.5253922789731
256.9774425162544,249.11146407878616,19.93058188309976,79.81581521536877
251.8139799093459,248.54493370874616,19.76895884665398,79.45051191969699
243.42622190706507,249.10594677103896,20.152613679180604,79.81865499256905
238.13117678876833,248.90640937062756,20.224385997176697,80.21772979339185
233.59358707004097,249.20781613551125,20.242085991982268,81.1244961707327
229.8801282630883,248.5967657774081,20.05579656833789,80.82395547942909
219.2746551020851,250.88771601341284,20.058334478386858,80.78671395283904
218.54531500302392,250.76880360006385,20.002602562514795,81.02453877953704
212.36755966169102,252.0198301962745,20.224603940659154,81.55586291324602
203.4611705014046,252.7252862273337,19.69704943464551,81.67331192000987
197.35098860605376,252.99330880073612,19.757690282088127,81.137266773205
191.97346581529465,253.1067612752334,19.91747556261908,80.91036182421047
184.16445040944805,254.35415242242428,20.400820785255615,81.44251664764005
178.70409501244097,253.45360455921903,20.61070945090832,81.71349492714178
174.05199068480596,253.76382171625716,20.687501699293573,82.6309633475463
169.40834265272306,253.56355982341586,20.661378705336325,83.03148713322892
161.21325044116432,254.03352885588248,19.920599666143538,83.64890938305109
161.31790134458507,256.2170719323384,19.711297859302046,83.93754089790579
161.4133080789656,256.01944826702,19.520484390540943,84.33278822854265
161.45589157414133,257.29691410378956,19.435317400189497,84.88550520278281
161.47468586760567,257.32503574521604,19.397728813260837,84.82926191992988
161.543889773443,257.3979714120859,19.259321001586173,84.68339058619017
161.5692843937627,257.36975769574485,19.20853176094677,84.73981801887223
160.83154677361853,257.92759506143375,19.130475702584327,85.1776745861453
160.82106003062293,257.2721970608462,19.151449188575484,84.93031988356422
160.77112953082172,257.92335798484163,19.251310188177886,85.18309519047737
160.7693480853313,257.66009269308,19.25487307915876,85.70962577400066
160.1121904570403,258.37177318231795,19.001211992717998,85.85424113854745
160.19471319337526,259.0628943089056,18.83616652004808,86.03711350562699
159.4509688216558,258.6951553269373,18.759168341122106,86.77259146956355
159.4998676285904,260.2651235800191,18.661370727252923,86.77918825124112
158.62865222746277,260.32952781959307,18.83233244374262,86.65037977209313
157.80977943670877,260.297110569471,18.897104230252793,86.71521427233739
157.01223402160488,260.38233601000104,18.91706613297042,86.54476339127727
156.98863962048046,260.3848610619814,18.964254935219316,86.53971328731653
157.01002816517865,260.39771064871115,18.921477845822885,86.51401411385697
156.2501222138514,260.3072200245316,18.86849928463991,86.69499536221606
154.72773053806907,260.71451182909686,18.76469335008467,87.45470639614548
154.65982987920407,260.7886351093904,18.90049466781467,87.30645983555846
154.65503494802937,262.2638050041008,18.910084530164074,87.52301326194647
153.74884182139712,262.2136848344654,19.13581688436654,87.62325360121723
153.73872134886358,263.1565168705139,19.156057829433596,87.33000029860159
153.83895962128483,263.7125974343896,18.95558128459114,87.80654621494917
153.092654026029,260.5615783659368,18.8567030796171,87.74262676991202
152.37216648737757,259.1203881469519,18.708991364386677,87.44763362281529
152.52404927281128,256.67246709756,18.405225793519243,87.59832939081345
151.73052734677418,251.94086565736595,18.41433321025258,87.59391365915604
151.7233264444806,248.5647500700951,18.42873501483974,88.03393939344458
151.73646698432606,245.33479022976672,18.40245393514878,88.15599969798257
150.8997650469569,239.86109629234954,18.490201135943593,88.00379085521229
150.0961605339709,239.7633163480346,18.51217420465626,88.19935074384219
150.27293320046905,236.61201291765656,18.15862887165999,88.14840492728703
148.70086296627656,232.5856873554255,18.14113196473189,88.2969626134664
148.78275782358745,230.49376187148826,17.977342250110077,87.73316808429541
147.9789791376024,226.79641988240706,18.013387850137594,87.27029320274492
147.38490571119496,223.17810842875446,17.635771375999933,86.67809947528735
146.7245300356988,222.57924465204496,17.406347355791606,86.32565165750569
146.06974456597405,217.695973698368,17.175115249295118,86.84737528918387
145.34855925587019,212.08294045740163,17.073927912786772,87.2685360741039
145.3914450713441,209.7012881008209,16.988156281838933,87.38951551718446
145.39184875370827,208.1128762689563,16.987348917110587,87.47144260797114
144.43744616792915,203.54675345179973,17.347582218562696,87.3122570216478
144.31490346264903,204.049377109921,17.592667629122978,86.30700970540525
144.31948121349325,205.37645897229234,17.583512127434517,86.74118355970812
144.2834787509296,206.06710606049114,17.655517052561812,86.90992663299593
143.57499085235926,205.83770380786228,17.518704824743867,87.36873113825366
143.59570263830346,205.1096711850757,17.477281252855427,87.26728361146913
143.68294196683965,205.82023587221403,17.302802595783064,87.40144777948015
143.59891475489317,205.1960483067746,17.470857019676046,87.09606390832755
143.76681291614022,205.91174784118243,17.135060697181913,87.21744978068776
143.80590790556812,205.19979085752826,17.05687071832614,87.09343870074156
143.79629195837526,206.44440440206643,17.076102612711864,86.14888453599312
143.77597441644895,207.25501187564214,17.116737696564496,86.05957635491242
143.72105692284234,209.2179088426009,17.2265726837777,85.19669528448053
142.97192415260338,210.8647970358295,17.203253883837466,84.94608757885959
142.1413687483531,210.9504406702847,17.346723777363373,84.77480030994917
142.1835550133199,209.58898812998424,17.26235124742976,84.46161408972439
143.67236978291828,209.96106562744262,17.308807941020472,83.71745909480765
149.73827896207663,207.87652822082484,17.197616668481984,84.88137713659864
155.03643509373458,212.42405706028552,17.21771527476536,84.88610020304803
160.87706550721362,208.50797882479452,17.67315019279905,85.13282183341015
166.16749113655342,210.4500376795456,17.79791379637434,85.83682477916012
171.59120116203522,210.34222160013866,17.741733348834266,87.5940625956059
179.31185486352283,209.52411497101434,17.950351011259276,87.66528334731454
184.8062614740965,209.0367382030101,17.951828731767584,88.64003688332305
193.52485178901,207.93732211800352,17.934754632980678,89.25522300505982
198.9743072638308,208.7633049724593,18.178996662383444,89.1951362931546
204.54026667853142,209.93801872789217,18.21764721901687,90.0373000354416
209.34397899528204,208.90772628043982,18.259876231590077,90.48960932266726
217.99764486153174,208.76903938157153,18.721895064522926,90.76698312040386
222.05344505986687,208.9634333299103,18.751505592519454,90.37819522372635
227.04508122157557,208.82712164921298,18.508630131844267,90.65081858512093
236.74135932526667,209.60289211904342,18.585833713831875,90.72175762790758
242.50223782933438,209.49587471906693,18.438858495417634,90.93579242786055
249.03279373721267,210.41787791940664,18.378480893583834,90.71687780392145
254.59013140015958,211.26444600004365,18.609885025592007,90.64461013663349
263.8104464903618,211.41577886604986,18.03723128670256,90.34194440462107
268.55064690877134,212.79859098172503,18.2108477558858,89.1853230576044
269.17512534810146,211.40729476254342,18.55816913511107,88.77535898019673
269.2378219314278,212.58663280992593,18.43277596845839,88.0139923614618
269.4505357024657,214.3361123614352,18.007348426382546,87.68356350507429
270.353901395759,214.3068603165209,17.772020861338696,87.74206759490286
270.39924032328236,215.10915110196274,17.68134300629198,87.70512887993283
271.2633664402584,217.9907308890502,17.518454276931855,88.20342332412555
271.3165824429428,217.37767875856255,17.412022271563007,87.86040205674901
274.48756220829546,217.9416838959355,17.31916730962963,88.29466792419612
273.7733029732333,217.8519476761818,17.181179939652885,88.47414036370357
274.5671689244119,218.64032615264344,17.159753864884557,88.4636892383691
274.6718542180532,218.63101875995986,16.950383277601926,88.48230402373628
275.45498899976405,218.562321578987,16.946017389625492,88.619698385682
276.21682722178696,218.43167051720917,16.986069026365627,88.88100050923768
276.95038815411004,218.30063977613142,17.08709183477227,89.14306199139317
277.51452747680577,217.81424938773262,17.532578979456687,88.54207697811492
277.4901706796219,220.34348633304558,17.581292573824552,88.20594407601945
277.4829649492328,220.69466452556694,17.595704034602726,87.50358769097676
278.2704041274714,222.15785175334508,17.58171564048144,86.13810319777642
279.0183954238971,223.95576169163957,17.62733633750648,85.62548990094032
279.0270183174258,224.41085137698062,17.610090550449044,84.71531053025825
279.97158534701344,225.2763984706168,17.243287838959077,84.50654769067114
279.98478644474244,224.3861768786433,17.21688564350108,84.77469251985994
280.0303547061812,226.928685049139,17.125749120623546,85.75175368796363
280.0597481150886,224.98951064313363,17.066962302808754,85.04805892211296
280.7349438231914,226.78887559129868,17.23297795759501,85.99855023875818
282.3225846644988,228.62642819827323,17.12344164097319,86.92206307379843
282.27448974989164,228.30005599545706,17.2196314701874,87.57480747943079
284.55916697465835,228.29201713855383,17.31392049930843,87.59088519323724
284.5715135266928,228.82236093396654,17.289227395239543,88.08680948865243
283.7716971316926,223.04667869437648,17.32583059432169,88.6969668314045
273.38043129181153,224.80799890985918,17.669345509629633,88.3187905180474
270.89803857544854,226.70571042174248,17.91311272043878,89.24438571619761
262.69654465041873,226.61776887719628,18.403034737905976,89.42026880529
259.1837953719644,227.60509388792053,19.015389465364667,90.65219069856653
253.2463251210609,226.5175797214419,19.463974642456883,91.19488255656452
245.81610388146305,230.41951063584054,19.487103529261834,91.63397272353981
239.31501918181752,226.8829202613116,19.247973890639535,92.08650395364099
231.01276101020903,227.64845678961527,19.284091829334546,92.21227073748588
221.91821888541116,228.82950390000502,19.22095012872404,91.50946978490697
217.73305809846013,232.34223983964668,19.349911998697646,91.0770856687664
211.92092987526513,232.04790927436122,19.46098603804945,91.66574679933736
204.5741906255767,233.25445849904787,19.258564125682955,92.56284844146248
200.4768588566713,231.30150454131137,19.134804684853595,93.14138716547936
197.09933308141504,232.4347624187742,19.212482982385957,94.21355803704384
189.38884230250096,234.89243874090334,19.461371828794817,94.3555696299253
183.4945780859486,234.94608158201896,19.401680235753794,94.24828394769408
181.71690650887004,236.63489664799724,19.577125876995296,94.25055132865322
173.40191116266456,237.49859830214956,19.273251652118645,95.90992100380603
167.4011940215251,234.23075204186134,19.30054142800703,95.60324523501644
164.9360755053229,237.47478915561695,19.110217185721506,95.94258604042516
164.87108109128994,236.51556400213678,19.240206013787407,96.15316655694792
164.79343304133712,236.65419425689169,19.395502113693034,95.87590604743812
164.6849377423183,237.05157437034092,19.61249271173066,96.79364446858665
164.63560349066216,238.29420136635906,19.71116121504298,97.76739190849318
164.78475578522622,238.32974115563607,19.41285662591484,97.69631232993919
164.04431885837613,238.4825756580339,19.15555277698869,97.39064332514353
164.14143062111134,243.69756244856563,18.96132925151832,97.33409311844892
164.1449182192769,244.55417191134907,18.954354055187192,97.34519754565116
163.2743421421184,244.53732203280236,18.97116474341756,97.37889730274455
162.32150712460026,244.59097111457945,19.151696054666246,97.27159913919041
162.29517992058396,243.57974452693725,19.204350462698805,97.56687990823431
162.24082411599724,244.15457803272665,19.313062071872245,98.14952132432576
162.18834411204372,244.69433899045134,19.41802207977928,98.81253611360785
162.2409285503711,244.69180185723485,19.31285320312451,100.57142027149419
162.25434574144427,244.26864335631666,19.286018820978178,101.41773727333052
162.4154785891032,245.92863214019502,18.963753125660304,101.67266579744066
162.4090251345824,247.70397612945834,18.97666003470191,101.69132458774051
162.35183510336785,247.76672303143175,19.091040097131042,101.5658307837937
162.48384755012512,248.3141913143177,18.82701520361652,102.25658195414695
162.52881340020247,249.89795434871485,18.737083503461797,102.66924737036734
162.61098418540058,250.58667459147247,18.572741933065586,103.08586263449736
162.66979192622819,249.49345200352556,18.455126451410337,103.47570661636684
162.6179807198695,250.10928767740222,18.558748864127722,104.04372615696673
162.58542148538348,249.07977908685584,18.62386733309979,104.29312755211771
162.62616558531798,249.64056311777907,18.542379133230778,104.98592013340915
162.45984969750265,249.5581137833016,18.875010908861427,105.15081880236409
162.38180495508183,250.68894946711703,19.031100393703053,104.72036166878492
162.2591602546511,253.28283626692937,19.276389794564523,105.01753628467094
162.22914083374883,254.41240665654772,19.336428636369096,104.59566469244906
162.17160380866142,254.80020416552645,19.45150268654393,103.82006967449163
162.16065158580483,254.91243430934028,19.47340713225709,103.59560938686394
162.15751181621548,256.7319079667218,19.479686671435786,103.59944375178844
161.1395344177005,254.88298691853146,19.694074149089424,103.65415120941657
160.1999269948927,255.6385898945291,19.74675757796714,103.96947667415918
160.18115320701497,256.48377341134267,19.784305153722563,104.11105588310028
160.32819534812754,257.78825997074125,19.49022087149746,105.1713822491781
161.24480550375378,260.43350398235987,19.500610167138447,105.4117230466214
162.08881205643644,260.3618306812509,19.659748596320902,105.55506964883931
161.98062336281725,260.97735442211143,19.876125983559277,106.17629122272191
162.97084344617573,260.8155569468878,19.76083271625974,106.49988617316927
162.94333159653263,260.7386382136973,19.81585641554598,106.65372363955015
162.91561917813394,260.78293352113747,19.871281252343344,106.56513302466988
162.91666655060737,260.44756706937045,19.86918650739646,107.23586592820394
162.74668529769193,260.5634867360265,20.209149013227385,107.00402659489183
162.58405447982304,260.70003170540406,20.534410648965164,106.73093665613663
162.56730934241628,259.91269436658706,20.56790092377866,106.41985387769328
162.49687883775394,260.9150804723277,20.70876193310334,106.2971691208578
162.40325021193803,265.6278595509205,20.89601918473519,106.28728862447802
161.4755557734654,266.09907042222926,20.86475205007959,105.34486688186055
161.54588522308302,267.36389739408753,20.72409315084436,104.68814622311413
161.4196125653815,270.03077240633957,20.97663846624736,104.93754874091026
161.3750390621706,269.84310998879084,21.065785472669155,105.31287357600773
160.41099711011626,269.5627593481215,21.11746168608806,105.87357485734634
160.26403650848272,269.01581782759797,21.41138288935511,106.96745789839355
160.2794634942276,268.51795644899323,21.380528917865355,107.96318065560297
160.06195522862626,269.2109430662363,21.815545449068054,108.49663705866122
160.0905830097111,269.0486197049452,21.758289886898343,108.82128378124344
160.06341013872432,269.68577115302804,21.812635628871945,109.48571859502343
160.07067022882313,272.513472982694,21.798115448674324,109.6774497954679
160.06266959491248,273.05837981493704,21.814116716495597,110.53906633280528
160.96142846136524,273.74289884175255,21.980330893435713,111.13376018902002
160.83849744901195,273.3342109231051,22.22619291814233,111.95113602631488
160.68436789794873,273.10967558826553,22.534452020268752,112.40020669599406
160.68081126464173,273.46021253548236,22.541565286882737,111.69913280156038
160.59121226944785,271.54910010265456,22.7207632772705,111.53324251145398
160.5202490477327,273.9223771132807,22.862689720700835,110.77715688494406
160.56344771645163,279.23479128032517,22.776292383262934,112.07708622945727
160.33298394468903,282.4772606858156,23.23721992678813,113.60770072344532
160.2449756244121,290.71887928971375,23.413236567342025,115.43198825846173
160.21033675116516,292.768128023296,23.4825143138359,115.45949112681068
159.23610985788793,293.7772806602383,23.366237222262157,115.50591673105433
158.27402488071323,293.1360598436712,23.22729213497438,114.72524332255136
158.25386889742418,294.56348416730907,23.26760410155248,113.91993507558712
158.29571675050045,294.08890384002495,23.183908395399968,112.82998653651022
158.53769037664512,295.60558695853274,22.699961143110627,111.8189198632542
157.70813414248255,295.95299889418936,22.36026547587946,111.124095991941
157.78767105756884,296.1316903131919,22.201191645706825,110.76671315393592
157.8515450621066,300.79726213172427,22.07344363663133,111.30780836752523
156.8127676851705,298.447844254348,22.171509956111407,112.0476672534935
156.8487434907938,301.0463375356161,22.09955834486484,112.8257712656021
156.73198952355236,300.11682614055036,22.333066279347694,112.68367631098477
155.76809290253829,302.97115811472037,22.25716075321416,112.9861086671298
156.62531113834635,301.5062009659373,22.549149970519522,113.90959727577439
157.65283861689542,301.9005549960562,22.519068174741513,115.14586237685683
157.68596026802055,300.0930354997343,22.452824872491263,116.71931607380031
157.6553003810919,298.6352743649428,22.514144646348516,117.57266732360112
158.80145099978756,299.1943639042709,22.297078117590484,116.45448824494481
158.77474702733662,297.37558272397166,22.350486062492365,115.98116970789052
159.8159398439875,302.42823907502543,22.31800607391181,116.12538522938891
159.6968285588733,301.24835549529996,22.556228644140205,116.43387734454478
159.64013754331788,300.20864092625493,22.6696106752511,116.4530813543456
159.58604415630816,299.8933367693732,22.777797449270505,117.08368966810906
160.71400992934895,300.4564898258441,22.595459822463287,118.03097747444171
160.66764772389203,300.60884526768086,22.688184233377132,117.72626659076815
161.72779539245508,298.97037168540265,22.64866567986781,118.92243697170777
162.7217076480675,304.02168855508216,22.757472441329305,119.30295959578046
163.7655705253562,301.73524019557385,22.773798535313812,119.66775261767336
165.87953792745836,295.0236332611925,22.764747661857086,120.43431469419325
165.7459901555073,288.7590517174999,23.031843205759223,120.24397227894161
167.8498964367608,279.5319448339768,23.06904213381044,121.7181400837548
168.85599714027796,275.13357669274035,23.200564731359936,121.93998034789254
171.00526859659544,265.5660281745958,23.200791347026446,121.73061450682508
170.7396169716834,261.94672490202356,23.732094596850487,122.52978322877796
172.99344941345913,251.66198227840547,23.560408306196457,123.58736480797592
172.79151681130958,244.74937633705215,23.964273510495538,124.33658596273442
173.7092646307696,238.747468434141,24.32643215080546,125.35213037240692
173.56642665898198,226.84232885185054,24.612108094380716,124.75495712891305
173.5626340469745,213.46916888689861,24.619693318395676,124.90767900491264
173.72396222514226,207.97062465165607,24.297036962060126,124.81273702956412
173.71977236947848,201.73755373474816,24.3054166733877,124.01417969899087
173.70162296766316,192.24788206640667,24.341715477018326,123.19496713838885
172.77145419093807,186.1356703989555,24.012902106925395,122.28448493203281
172.83316860059432,181.02702893573803,23.889473287612915,121.65144288220208
172.90189170278657,175.99740086077108,23.752027083228448,120.91645796659493
172.97652441790768,165.3179722439547,23.60276165298623,120.8159199160139
171.85146496634252,160.0991120054243,23.71125503473516,120.54551278616758
171.95741611111472,155.97797276056608,23.499352745190716,120.2278597443281
171.83429778654562,150.60414660434176,23.74558939432894,120.31838426228848
171.86655473811334,139.00091731345574,23.681075491193504,120.01241935467489
171.82451361648026,132.72152852420942,23.765157734459642,119.7793356195713
173.11498209861765,127.651930391625,23.314594831447845,119.2666615784254
173.28783327628315,122.36831739711477,22.96889247611683,119.26165715322732
173.40266919889453,113.12643990006555,22.739220630894067,118.77685843404204
173.45549162328751,104.34089066805434,22.633575782108082,119.57690523185764
173.44191310327568,102.42107049392581,22.66073282213174,119.20568348991156
173.44720739988261,95.57821820707352,22.65014422891787,118.185757173843
174.70246746080016,96.53264304631577,22.226044409396387,116.2769074953585
174.81314390245856,96.42413074333692,22.004691526079572,116.4939321013162
174.83571897840622,96.67017479543266,21.959541374184255,116.00184399712472
174.90816641088634,97.01827456542948,21.814646509224012,115.30564445713108
174.97096760826574,99.09975493562791,21.689044114465233,115.20272445890328
174.96050116613375,99.59312776804725,21.709976998729193,114.21597879406458
175.03214480733038,98.26258094963072,21.566689716335954,114.86424695566723
175.08897774549942,99.58397012410987,21.453023839997847,114.24049226993515
174.92443209976824,98.5154436307752,21.782115131460227,114.36941794574051
174.02957644911996,98.66360200666655,21.55545486343283,114.0731011939578
174.99609656404849,97.93916547994998,21.63022543990384,113.51416344106289
172.1427565813606,99.91320834566224,21.332379615675343,113.56909490270789
171.1699690482226,98.40733905162098,21.281522566770345,112.58796926042842
172.23094812841512,101.07085134788235,21.141366671251685,111.22454919763841
171.17905591999423,104.34252517398247,21.285043594195614,110.56152402713178
169.2782077016239,104.46712537074075,21.17933067429513,110.31232363361524
169.28339384988632,103.75833390906385,21.168958377770267,109.7817355014165
167.28952751713047,106.25896985544384,21.275508483555477,108.66164616838303
167.337285646426,107.03012361684904,21.17999222496438,109.04643574773473
167.3444636469473,108.56584010224731,21.16563622392182,107.90558520387805
162.63730850291387,106.02059292746527,21.00777740372595,107.25277808848446
166.4331293419959,109.07218155893133,21.025214315760582,106.8564097682014
164.47235283675406,109.46347567497314,21.15257513923791,106.07382153611778
163.47536373445055,111.87004158096943,21.257862605932303,105.03807119995048
162.5590829605256,112.89680681059417,21.214101742380837,104.8608631521024
160.8118493433613,113.86147172949092,20.96256256295448,104.80453652118638
158.86963129555807,113.96772622243624,21.112357845133364,106.45934794200954
158.90029274069244,113.5507271567543,21.051034954864612,107.29334607337343
155.85006853251676,115.29630539327874,21.440446889713606,107.60954725465943
154.78945439749796,113.51522553386835,21.645998327494233,105.4246764767093
152.94055874180512,112.09056585566739,21.56528063346361,102.60623232498675
147.50833844885034,103.82576356935641,21.339264610333128,98.80333311436868
147.67649778549344,103.37294120290525,21.002945937046974,96.12699147299388
151.1451275320332,105.78484526778368,21.054269410474507,93.05032908486379
146.1658439636297,104.74119618971652,20.781898542137238,90.02215823842599
148.10050978378104,105.93191910299038,20.22774045750443,87.64071241187828
147.3686100148466,107.41924441249486,20.077887232920478,84.66606179286929
146.7233768919747,110.90311260188213,19.799199296632185,82.40578796019105
144.56517271766242,120.52967316259985,19.519079381103825,81.5387798953673
144.48210883941152,110.18083857222967,19.685207137605637,79.51616513243751
145.32901066797655,145.27350457854723,19.480902248052637,80.82677396350226
146.11529459482134,150.00140499277194,19.41231682454904,81.89885014635476
157.0340875794034,147.25278793744758,18.82238513303526,82.8430154832213
157.1075153251669,143.28373524288156,18.67552964150824,84.70272558048195
155.55718361557422,143.20149673637,18.69067726675368,86.40996049047503
160.25551470643737,142.9416159780136,18.695313886923586,86.92972200718785
152.26002383885213,143.65644562257418,18.944041095280056,88.64851362342944
157.15344119135185,143.030086949878,18.77528694819735,89.90123096882176
155.61460205183096,141.74706913960063,18.618538754609965,90.85005335306198
150.48577082710696,146.31563411188068,19.111851584193662,93.10466463167685
151.13078482293156,144.55227087326364,19.49020935314644,94.96300534830894
152.72492969602152,145.04391132845225,19.705171252809937,95.68135026085345
151.75380534169022,144.00151846849974,19.9316103625036,97.76613598075843
151.51917350670803,144.65304122834604,20.400874032467957,99.96159370953944
151.3296923379386,144.8640651998545,20.779836370006798,101.3285004223226
151.33168837378338,144.87380375363213,20.775844298317292,103.12438437152508
151.20505264288457,146.62493252069302,21.029115760114898,105.1430083585168
152.0065217590306,141.45690799726373,21.29950620307552,107.98574270436477
153.85529751033548,141.03481765780214,21.43827985908666,110.74808596259847
154.75289889889746,135.8852952738775,21.602373655594825,113.20994443591923
154.9252759085343,137.79250130799923,21.257619636321138,115.3857359803492
154.84696492562526,132.3087948114661,21.414241602139207,116.25217047391166
155.76952144937138,139.16265069739902,21.60443492611122,116.79160330229553
154.6611621820133,138.45627651090933,21.77461729361699,118.20435167527492
155.5351365945766,138.41294098230205,22.096168232401695,118.29102273248948
154.52985770675377,140.13064118521967,22.029704475656857,119.00966539143523
157.7265218597525,139.28284661519024,21.89346823771055,118.61955717547707
155.55909510835312,143.64641188772373,22.073117610507097,118.20283489041441
156.44284713781806,142.3770803526966,22.380957485282515,118.66615402676337
155.20091357600703,145.3237877968285,22.777002768657404,119.03620465924115
159.32300474359863,147.28035897662411,22.93572621653212,119.32451519117888
158.37427770467593,145.99343082854182,22.725338391129224,119.79052958409517
157.26388839427787,146.62479957817644,22.835918411402822,120.63799068534847
161.56923968018958,148.04487762149867,22.72178920584015,122.04612128183442
161.59492781771533,150.8255606596722,22.670412930788636,122.9091560080818
160.4400148067067,150.63374233711733,22.82779587126023,123.29279265319148
163.50791260038164,150.9042391196509,23.17459290256103,122.75179908812436
163.4829768681057,155.6577551750149,23.224464367112873,121.88539643517902
165.4793619579977,154.49526682162423,23.529882963685285,122.06127875378215
166.43269145705634,153.54916385544286,23.78074321236632,121.79596543934663
166.35951141030665,159.14662208447362,23.927103305865657,121.39472270095231
169.70179004748582,156.44871161168925,23.7105798618014,122.47852109299177
170.79984530506343,158.72065523358282,23.68132504285925,122.26834524163067
172.89856640667833,158.56884478823622,23.810604683049853,122.57196613232392
173.0487721210912,163.50717445258857,23.51019325422414,123.54586204329115
174.133288225314,160.82900349011243,23.518932153270356,122.3688906457678
175.26353319136325,161.13188205094426,23.42002394648875,121.76313352410415
175.17610087515055,163.39983063132655,23.59488857891415,121.52968473323355
176.14118005961194,167.25562132051414,23.81612894378538,122.42369829003437
178.34033800888744,165.11905271847326,23.754127113937518,122.36052142541298
179.47450509696242,163.97427779001143,23.65185926413836,122.48400495598582
178.3425824849595,164.26865079922806,23.749921134462305,121.89525893755257
180.47229603670024,166.98274621358087,23.809520983885346,122.94560853820374
183.73673017091807,167.04252608169298,23.806510299693752,122.82604880197957
181.5873234101108,165.7805865880807,23.75819502043719,125.34992778920412
187.17968133935145,167.8722325204961,23.611998973212472,125.58204384887593
181.59852225285982,174.8573984177233,23.73400640959406,127.06814708566392
186.03136636086163,174.92789540092684,23.79272713475794,126.92715311925684
189.40589345443763,172.19839902018953,23.734561824034515,125.69525700430283
181.40372477975689,178.7345859864671,24.25462391465384,123.68307968513494
183.4374877597604,179.56315313235186,24.575581261233246,124.22018704665862
184.3634781515902,180.52525100011584,24.931580009396015,124.50397084295297
186.67358527611844,179.24896682019053,24.749106113572232,124.8376690261872
188.9988107269257,176.38670483197632,24.538569448785875,126.12227876578746
191.269438700339,182.95633364744032,24.464747616922708,126.3853234797497
195.8811497011165,177.4913272399985,24.185052501831393,128.37160940816963
199.38259003291168,181.80342393622425,23.9563597708256,131.03772923669248
196.10319552594936,165.32507388635608,23.64335553975354,131.9260608597777
197.06021237580842,187.48483693296578,24.026082330046115,131.24498407676154
199.26149765494918,187.74503368636616,24.213205870942318,130.72459056996075
200.37680877644877,188.14984420868632,24.273884436590144,132.2062703339674
200.26077058741936,186.1450710616331,24.505960814648947,131.5896797789219
198.9699060472278,189.8468651950846,24.778622550654465,131.11329354515178
201.20474213706538,189.50665600135764,24.924550262233762,131.79371193260567
203.63272992371003,190.50487018577792,24.70880738414915,132.11739991136744
204.89383380618855,192.71213227782198,24.506980432119363,132.3436373531338
197.82231494953157,193.62198321930703,24.732664811734928,132.84349435911335
200.07952127191615,194.85010778829647,24.880122550639086,132.7181804129712
202.31443112071645,198.13784136555267,25.074482011040004,133.138981995461
203.4377049673258,202.0294327385957,25.169683871830706,132.38104791140327
205.63108622684007,203.54626221127728,25.449088749642723,131.68047266446032
205.4595647013795,205.07874367167807,25.792131800563865,130.94432480428543
205.284150618679,206.96279276414208,26.142959965964856,129.50150604309454
206.33355714570934,206.42900260351314,26.35618387534518,130.5690863643524
209.94487832183293,205.6056416712318,26.126698211097143,132.21580822891508
205.25505944482111,204.1017248058666,26.108336242929973,132.87414202909775
208.78512094670904,203.54450663360515,26.12311601492635,133.98857837362067
211.1951502210394,208.12806470645717,26.05124071425592,136.6919203478925
213.56958820886618,206.56915725186502,26.12290858536255,137.39946333369662
214.81837757321497,212.17043218850637,26.046839898606105,138.30446367011953
214.66196250198823,214.25709199661787,26.359670041059573,138.99633341726962
215.92924198464635,214.91759745661386,26.2734541135693,140.12366553510367
217.11985810238411,214.84862138441753,26.35453796265014,140.2616176794963
219.5710046649659,213.51888648678903,26.383892468847794,140.45526365907267
218.3259164463111,212.2339098729517,26.40497871538195,140.55612669597193
220.8811391192105,213.2097421352457,26.236343898149734,141.07536743566715
219.50799146633918,214.41832344349865,26.507831749375914,141.13301227367776
220.67509751005005,214.33633811131637,26.654557945446165,141.2969829380423
222.1568501553954,212.1760445305085,26.177147591547506,140.645380226074
223.46758480259282,220.97286623999273,26.02335069935503,140.3254436225222
224.66692098587973,225.0429664914625,26.084885755315348,139.5658653871849
228.35700200839585,227.86921943123252,26.057320810338428,138.8150909076817
223.42297365336918,234.7679507550502,26.16579834435208,137.2171022300959
223.34209031550313,234.30912194408847,26.327565020084165,135.71494405184487
224.50282491535125,233.22384880752156,26.408193353454596,135.483392791912
226.82067663498594,235.63322811444505,26.573396671443355,135.46554093532322
229.2414552619042,236.7870119759828,26.538704383652064,135.5614056952704
241.44578234911305,232.2565779476402,26.170934608372992,135.00591999230014
245.1905368583296,238.54509869061212,25.848950302903884,134.37475302796307
239.22134518261035,241.37303713703093,25.916834413993303,135.84117567933487
241.65394284318432,242.29647937658657,25.84326731705798,138.78591942443614
244.05626989834815,245.32108025139203,25.90918769422231,140.04257940606323
242.7884975107809,245.9679557635275,25.990696897268535,141.20286395388058
247.6110465235083,242.74405487354284,26.23259902343871,142.70716565803738
247.38727505760608,245.54741549516106,26.680141955243126,144.5926283893545
251.0193547342484,244.0068873198188,27.013109645817174,147.67368474003905
246.9889420300145,241.70928335033693,27.328823370342615,149.6871887843553
250.74196903960197,240.46862986809487,27.670378386060673,152.1684957488394
253.28965968431828,238.2843530114792,27.889072295515707,153.88001186262696
257.2103503627304,239.82278691218877,28.102992030076805,156.17334478879803
265.133356495063,238.8628540368408,28.583834654385033,158.093210539494
261.0335931970944,239.50207074408908,28.511576029844463,159.57203886515669
253.8424585437827,240.73615308439884,29.012057188881624,159.88023181405447
256.50641898102265,250.13524397051026,29.26513532362395,160.61554657410923
264.86836941921933,248.2272724040217,29.375370883663493,161.62580030101418
274.81163605161765,243.84903105564214,29.242018987267862,161.9166338398872
270.5899624932231,242.16292075306362,29.215487825418563,162.46556168549813
256.4060203898194,236.93605813779305,29.27949798164115,161.5977372958054
246.2855333631366,245.70866183131918,29.783234772104972,160.97016184838327
240.5904946659927,238.82409572265604,29.890095484629168,160.63527321350506
223.58579356772333,247.7567192584945,30.080465050739353,159.67954245704243
216.60407203054427,252.66235319639998,30.00034547564067,161.10312470079705
212.26861726466302,253.48015194075234,30.190505565765946,162.29444369263803
199.3718339915672,253.4367673859121,30.359285616711794,162.38121280231852
188.20740988102222,250.78189043094272,29.874388558113367,164.8392485522962
185.29264810804722,254.11747583024163,29.951285562480038,163.92070429528167
170.60758189791872,262.0053307768774,30.670646765131877,162.47038001081276
173.3299649536789,261.1337289577998,30.944013555776372,161.3545171978855
173.18634848036052,260.9989093025613,31.231246502413157,161.62415650836243
172.99217920447452,263.9521463848668,31.61958505418514,161.43425063722927
177.3158641324227,264.0885460295595,31.56191678990872,161.16145134784395
177.356262488289,262.10115985412267,31.48112007817609,162.2779110036006
178.74704307227566,268.3883435768211,31.571820784570413,161.1925910556745
183.07078704298232,268.99852409154573,31.501150781854847,159.97223002622525
183.28407140471597,276.35685516201534,31.074582058387563,159.4584788436776
190.39195050944153,268.1936120837896,30.98434308264382,158.83434191968024
188.92939663185643,276.99140858868213,31.094791303215835,158.12670611748422
195.89977295440775,275.51566817653304,31.18890534960145,158.2712136034847
194.5262541041223,282.7206772126614,31.125121980430997,157.9153008799345
201.6491128530334,284.7931362459717,30.902525632015394,156.57500704319526
198.7884255215352,281.93902161146144,31.060636994135614,156.71997301133965
202.93106892817212,264.43460860116556,31.13555150392935,158.2879937396611
204.38053433855885,262.6071082198291,31.046633673410547,159.1329815120795
204.12186010758612,260.99076312982197,31.563982135356035,159.54564121957395
206.87506276691892,259.137499508912,31.72932273093874,160.4162955042696
211.2385709295597,253.62664005748942,31.555947810100797,162.88437300267123
209.82225457775232,238.30563883631186,31.50642186088879,164.70478891675884
212.88067449240805,243.67649631727636,31.202580265383524,165.58907042244218
218.59959836155826,240.0712324071917,31.416066064540917,166.97393147388266
218.60355443888577,233.33005316435367,31.40815390988591,168.71123831751083
221.35742782732697,220.83700490995818,31.820890990558663,170.01539939608116
222.6227336428299,218.96113268873574,32.27674136624621,170.7806818318327
225.40806788766923,215.88796820741564,32.718149237606795,170.91493443343364
228.36746397411588,212.6972397653998,32.8324643025538,171.263284079625
229.93193607883282,200.0007071943802,32.72715450671196,172.46727391292828
233.13386589210148,196.8201673853743,32.39990731115064,172.75174109996408
234.67707303313784,191.67894934848835,32.34933364364346,173.9266553300395
239.23446063394957,187.52969961161176,32.38806354203854,176.1228180704469
247.03253225090836,170.2720789205926,32.20406018716409,176.7313517185904
250.1335837786982,178.1888779131221,32.17646863641358,176.33403249560442
257.7519901659376,174.98620042661685,32.34564171197371,176.5769931285994
253.07723691799342,162.42202529798385,32.43145023186997,177.0021487832195
259.16917288026946,159.36704216785847,32.62953925824537,180.0166248057384
263.92730707430707,156.70802779288059,32.53697602056304,182.19341850556322
263.79736081750775,139.51132598566008,32.796868534161696,181.72103804085594
268.5767379395456,153.36597797370638,32.74267391297503,182.52541293343054
270.0296143703552,150.25436392740423,33.01520123658237,182.39208065558176
271.8000747482001,132.9836426733089,32.656081841139795,181.93370820105375
273.5735044654715,136.73804855326648,32.27758488827209,183.92998388616408
273.41132102730865,150.90842439608855,32.601951764597814,184.2864674189848
275.0986069581797,141.88181360076493,32.427313961310034,186.3400187173609
279.87162159151757,146.71865174637492,32.556163060556734,186.3412207920634
282.8754536734809,159.00467932142053,33.003547941228476,187.58936182036553
285.92762976533254,153.54800172050136,33.40654750444793,188.7416894018195
292.3826185925371,159.61267487758766,33.60704395665934,189.72281719426746
292.35940907784476,162.46555841749307,33.65346298604398,190.60742298240424
297.2173297057677,170.27577437008787,33.862740055904396,191.52885495339189
305.51926395525044,159.30991208955908,33.885302858693514,193.50886195234395
