428.0,287.0,44.0,127.0
398.88241213913903,282.9692145315191,44.76224986724325,129.83675949564554
388.1346592805904,283.6298783034125,44.923820270934655,131.1821738660345
472.5301333687645,285.64564069251014,45.53150651642035,132.5283835139292
415.398269842982,281.0898966451467,45.59159608175253,133.48246893106804
426.28225547261246,273.07430927410286,45.69425850813249,133.11066840892508
435.7682788692951,291.4316334556548,45.835021762294375,131.8912387055144
485.03907474847074,290.9691357616846,45.05411769024534,130.10065943550197
445.50958396534367,286.41409486982354,43.838490517539064,131.18328034532792
474.16894267152094,288.58439278435293,45.239166585530796,129.51174785628498
495.5887781193044,287.9856126985314,45.132057778271026,128.03852289740882
526.9625486191745,278.4600533617677,43.28413265059873,128.5549758707416
495.87636863003956,279.5094829492266,42.54024221577491,129.07762712970276
492.5781596005768,279.1263850561828,41.29065308147689,129.84382291579027
489.7160472450842,289.0312793933726,41.808340135268075,128.25691604158945
476.62645288249655,279.6936708411385,42.085079581428644,128.80041865074722
474.09099163392307,287.27358188213447,41.94990522224625,126.65583870957869
500.73507992793947,287.11635962490664,42.63326372899118,124.40021012428303
520.1994894404106,294.80109291141275,41.96102153614669,121.7829358286368
509.1314984130051,289.39237487061064,41.58913198589441,122.59687341910184
517.6178208598128,289.6730207555722,42.156341433540526,124.54127512650179
522.5710115883895,300.1087336155091,42.42494844788145,118.93233211386956
578.756702342257,283.2776098791901,41.1413629675454,122.97116731253453
538.6252252544725,285.2857093505522,41.31337308872345,126.4634943749094
538.3943756653632,277.0987758429238,41.77507226694209,127.50333974928141
537.2742071168285,276.8208079983992,41.436487242002,128.0592754383307
528.1279196094597,280.3835816026067,41.664800868323766,128.67555453923677
528.4405627415272,289.5393672892617,41.039514604188824,125.92533559924624
516.2054027800058,279.10118435779367,40.079879060228926,126.4577370885803
514.107409684809,286.0620178080148,39.21003961443143,125.20063427861564
503.92426711887333,277.28458434473634,39.583979864826006,125.2621994338804
494.8422429023733,281.12055294153186,40.20034933331835,125.11069608222112
490.9141356011396,281.759159996002,40.50854541943846,126.3494881453967
481.8418904495604,281.626745338072,40.878171889720896,126.61431746125663
474.0155483188645,281.931885408316,41.23191917663102,128.55386014984896
470.18423717052974,282.1846261709694,41.14291989515904,128.04837862454218
462.3737944936483,283.00462234784874,41.3134532898685,126.40838627078347
453.6676822033291,282.978045215027,40.84145934237354,126.46154053642688
452.22996374170947,281.5110962012892,41.16991838311377,129.39543856390253
446.74716607089636,282.44819096121734,41.75678809901081,130.11593045047857
437.45534304007174,282.93308789392574,42.03046776794986,129.1461365850617
429.5848931950548,283.95859698339757,42.129606196894024,129.70207861629964
427.8455303221195,284.98797176460755,42.991650979545724,130.2600100170986
420.3185776828094,285.3415496487002,42.203012536502484,129.5528542489133
411.0105254277351,277.88045831024084,42.50776288072471,128.7795904978951
411.058175566428,279.579833974692,42.412462603338945,127.99134082969731
401.97057408234934,280.6542385616665,42.40486342811213,128.44007481908886
400.6877328477271,279.6858237428461,42.366758610807224,127.77311717018031
387.6446392044667,281.0574488782266,42.5169296757441,127.6234685215777
387.1854875870358,281.40632902647906,43.43523291060589,126.92570822507274
382.8989041553387,281.27477254684027,44.205227625035334,127.1888211843503
372.7137211635287,279.7166187726965,43.62491979515788,127.6862945059506
368.9915812574723,283.23417357546504,43.223129810411606,125.88189809831968
361.8461910471986,283.8991260263296,42.02003892341019,124.55199319659046
361.9879501168719,283.99226728162796,41.73652078406357,124.36571068599375
354.61311584977244,281.4489006148475,41.28472945218475,124.38529073086218
354.4417236076865,281.9588204423102,41.62751393635653,123.36545107593676
354.1880414227867,283.74399870368956,42.13487830615621,122.31243627413944
343.59933701243057,282.78783809891183,43.219552892061394,121.71316570434414
333.57700696669923,284.87732420884134,43.08214536052866,120.05695193735944
323.8352875325332,286.4269684724424,42.59277469566484,119.45426460180678
321.6327917073852,285.61910277925324,42.039529624166285,118.59087762728791
318.2568876077228,288.8554621178099,41.421092441744854,117.03165587133884
309.8394009921511,287.66683666669553,41.29328152263987,116.9856518949606
308.3340621065798,281.08100426703203,41.88368168592565,118.05592865500357
300.56746050621643,277.91529559895764,42.73920805512796,119.49478704731087
287.5631855347578,277.9864606287822,43.92423708473355,119.35245698766177
285.85002292009716,273.90027299232025,44.84880895840418,122.52132554928446
