551.0,32.0,48.0,41.0
547.3078861348455,30.353734157156488,59.79806789227071,42.292531685687024
546.1739876508532,30.5122770479493,60.46405860929969,41.9754459041014
544.8539953751965,30.50167613863317,61.497404715269056,41.99664772273366
543.0967771685458,30.62119199006191,61.76668435589649,41.75761601987618
541.2859910952727,31.433869152792766,62.1429100481475,41.75493492156208
539.7569957438532,33.04151284024057,61.94431676479309,41.79623153286004
537.9622675933003,32.93197229094968,62.28179655046063,42.01531263144183
536.6609729818704,33.70516816222219,63.24968212020715,42.103624542010365
533.3037581212819,34.41314683985583,63.36118768798146,42.33839822509375
530.7915497303287,34.29246021418113,63.416677091424454,42.57977147644313
529.7098069740433,35.14076628657283,63.91901003710686,42.54431189854822
526.2469922395065,35.044310687061056,64.17216470517687,42.73722309757176
526.5228231139422,34.90361979187171,63.62050295630545,43.018604887950445
523.2307313066588,35.61458185620033,65.19017831392017,43.26818351161065
522.6422999182149,35.67942756636056,64.66778012619214,43.1384920912902
520.7825063394774,36.38510701261511,65.00886360910458,43.41638503606239
519.9829829587984,36.31373335679092,64.90891191197937,43.55913234771076
518.4186868846218,36.25764009708678,64.6377723704514,43.671318867119034
515.9699240625282,36.2507518783962,66.14000471832344,43.685095304500194
514.8786601415264,37.16208465920538,66.60206485058555,43.58289745262344
513.1123970167929,38.02728508587748,66.68318367958547,43.5782003095128
511.48103190671736,37.965953373619,66.49222837712959,43.70086373402975
510.80569557618236,37.89510976384477,66.11688115427486,43.84255095357821
508.94655852712924,38.828829850162606,66.38967594123139,43.69785043651738
506.99634529164456,38.97506829961334,66.84124270974382,43.405373537615915
505.48822895564325,38.743851061136816,68.13114298374254,43.867808014568965
504.7652815299162,38.84907822295624,67.82365256932566,43.657353690930115
502.69461911714325,38.78491876621548,68.47445013871967,43.78567260441164
501.7169693943545,39.59977924226949,68.67259447480716,43.91310676179358
498.10034329651035,39.46269226740549,68.8568386118472,44.187280711521595
496.80715900621624,40.131515254442945,69.67361426012123,44.61922766976085
495.69398388148966,40.996463639467,70.11092137392889,44.67837403535819
494.1303865048257,40.986234196014586,69.64495797372349,44.69883292226302
490.52005461988443,41.85727215176681,69.70584536244124,44.74670110604981
489.8096863394128,41.67667622040872,69.3349261118876,45.10789296876599
489.10439507436456,41.60022621848353,68.95338393394609,45.260792972616365
487.37437397493534,41.58691250796378,68.8355311169362,45.287420393655864
485.52435320783655,42.54249542550714,68.96032973783403,45.16387601521895
483.01301493462523,42.49329709784526,70.40813146637961,45.26227267054273
481.15126031724304,43.506103909603745,70.51006403338272,45.04744738090638
480.08208085769144,43.23544244983326,70.839697794633,45.58877030044735
477.4894164647077,44.128482756770644,70.55690564066731,45.625396666550344
474.42032515450546,44.88172770042465,71.23784678450914,45.93798727142988
473.65446586286384,44.88009941182213,70.93506127647842,45.94124384863491
468.90406776177065,44.81798182248348,71.28575721271717,46.06547902731221
467.8376241765954,45.9072145740589,71.58129400346778,45.724363903761315
467.07197326957424,45.860521672695434,71.27651634206133,45.81774970648824
465.88055279485394,46.79133185688387,71.82628169407064,45.78920493554265
460.97352138118003,46.9147222548375,72.43618917585854,45.54242413963539
459.94668530218166,46.849147352489986,72.64403789088323,45.673573944330414
456.61457375524014,47.75261407213661,73.75487778159972,45.71776823942599
455.2790107101798,47.83389240826798,74.55754169305263,45.555211567163255
450.86403328964894,48.866939925502294,75.87668203871544,45.36682015654434
450.0166641916389,48.85897200289445,75.67724730054833,45.38275600176005
446.54710675450303,48.791752653336516,76.9419382484044,45.5171947008759
445.571507637723,49.70156140768605,76.98058615623475,45.61012751790652
442.6948736547149,49.584872733969235,76.98976940361224,45.84350486534015
440.6429372925184,50.480479733159605,77.25609651317265,45.971063674375685
438.6696919748063,51.32221986261379,77.35281411996812,46.21246992978169
433.83712807966515,51.18195079751661,77.36594361279236,46.49300805997605
432.7428863798851,51.94650667358019,77.61909995388041,46.89922336632088
431.7622000850956,51.81536599452153,77.63453033269685,47.16150472443821
429.3406105243683,52.52521732943053,78.57653087715825,47.69239134311684
427.3202891314239,52.4326608310834,78.67005176298818,47.8775043398111
423.95605711716576,53.20301672087267,79.46430419824681,48.314863091318465
422.9466458171996,53.301495712482236,79.48586016374443,48.11790510809933
420.8418746040554,54.10907072417072,79.70686003575088,48.49702636186336
418.5727689806856,54.85899769577308,80.23717739667876,49.001119361564534
416.4556619113255,54.838404001548575,80.43072596443346,49.04230675001354
416.65096788275105,55.58263875924808,80.0401140215823,49.57774774961457
413.7850233167323,56.55422366707484,79.69075014696058,49.661662269514146
412.54866445303537,56.522717615367554,80.14019145126562,49.724674372928725
407.8131837791409,57.494133060677726,79.45592889788942,49.8128882625414
406.71242164250157,58.41190512078164,79.63514901833668,49.999648295165095
403.6650830700669,59.39507894088548,79.64548835175034,50.06141325877593
402.1613372182748,59.22238778548698,80.62367794084061,50.406795569572935
398.651015242915,61.241451116868305,81.4951949089245,50.46808689523408
395.8768556901537,62.30781221411483,80.85225927003845,50.399116282210564
390.49157803517863,62.942853066436925,81.35784130239449,51.18202923308522
387.50094424365443,63.6210330627045,81.11808725400078,51.89934311769744
385.9748987422984,64.37040467245146,80.00599813488657,52.482689959116605
386.3731818521735,64.14902283227427,79.20943191513645,52.92545363947099
385.0667108939849,64.87523007702055,79.75182709993977,53.54358588155226
383.8654615050166,65.6219346818841,80.06535385423419,54.13914869546735
381.4733099360589,65.43790767370662,80.64250838239984,54.507202711822316
380.2467409042206,66.31724440889477,80.9772768305891,54.866898856933425
378.05622990222645,66.24421124246656,81.09954634519545,55.01296518978984
376.64043175318903,67.26175528272937,81.79750297830367,55.1115167742308
374.14398257670075,68.01382497137763,82.49883370324655,55.75316121095112
372.67350048470314,68.90331360754021,83.27281030857516,56.14117151729263
369.43262526243734,69.71526738437136,83.19932953507113,56.702341036308866
368.15141309389026,71.01358829999728,83.56847905617713,56.29897402104521
366.9588809544843,72.00134158962089,83.76139710272594,56.5156136740611
365.7087096162354,71.83643133697595,84.06309481052497,56.84543417935099
363.1678934183268,71.58615652805793,84.72740989844138,57.34598379718706
360.46612981315735,71.31652233973864,85.6770091862912,57.88525217382561
358.92690242872743,72.07471681956397,86.50525664607633,58.61907052324976
356.5502605189666,73.02037417147699,86.7088406284846,59.00260573798046
355.4465431764327,72.85883417216773,86.63200085824823,59.325685736598956
351.51183609948794,74.8792646615941,87.63601127222317,59.86176058435599
350.07239781599304,74.63794455188155,88.20240641716427,60.34440080378109
343.8600055943737,81.58871670438702,88.98212669242193,60.41693350034738
342.9877495498944,81.57899760108243,88.38467369803752,60.43637170695655
341.4031045626966,82.45906661086279,89.22067999916182,61.00951736066702
340.17302347179094,83.48876367920361,89.32546386748082,61.3055015374777
339.1382417139724,84.63294336731859,89.03316871205699,61.379000832308776
337.9532212502659,85.62219528539353,89.04454391796438,61.75916271766438
336.23158940835236,85.6090542571849,90.1226842118139,61.78544477408167
335.1725091690354,87.88925948640846,89.85901909791042,61.98868550070935
333.4335201076795,94.67779664470007,90.95578568091341,62.69888042237808
333.2050835007859,94.61070564759555,91.41265889470054,62.83306241658713
332.9907679569403,94.35519634125691,91.84128998239177,63.34408102926439
333.1983607764541,93.8012239608689,91.42610434336423,64.45202579004042
332.7696912334581,93.15816798526424,92.28344342935618,65.73813774124974
332.4292479411022,94.0900306586739,92.96433001406803,66.35414769988242
332.09248600150784,97.61409619850903,93.6378538932568,66.80658046143571
331.61018101824766,97.4633913966095,94.60246385977717,67.1079900652348
331.5603489077811,97.24542099536552,94.70212808071025,67.54393086772274
331.38419255516243,98.11170381929065,95.05444078594756,68.35745675653152
331.32196643247346,99.21223028690093,95.17889303132547,68.7212194344421
331.8648194145883,98.94548185974166,94.09318706709583,69.25471628876065
331.85659374022737,100.07077413913272,94.10963841581767,69.56909402767272
331.7703507751267,101.08437103897512,94.28212434601902,70.1122649582253
331.87518568496995,101.96623757642584,94.07245452633249,70.93041526955143
333.2385699684084,103.02035589867663,93.93775925259492,71.41425191818912
334.26711115451064,105.1372120867692,94.47859906995546,72.37638392113425
333.988028947932,105.97981433605712,95.03676348311282,73.31304734909972
333.75026693143604,106.78421508821769,95.51228751610469,74.34990008388903
335.0579885085748,107.60950123617232,95.56664437912859,75.36912780528108
334.70455557722374,111.40378678452997,96.27351024183069,75.84215660743988
335.783101993748,110.94258791702862,96.822121834022,76.76455434244258
335.2638541970602,110.52346809826685,97.86061742739767,77.60279397996611
336.5043256240256,111.50552060127964,98.13827006110508,78.39728446157892
337.66974573881214,111.22664091345318,98.5831683826774,78.95504383723184
339.58988544660565,112.4439912579738,100.32609372031764,79.31194552480424
340.5556352535481,113.63485186343433,101.21869639432288,79.75432660177323
339.61052414561976,114.95761654101733,103.10891861017951,79.95375030279654
340.6637200774135,117.75606939076151,103.87963220669586,80.11105552351566
341.6133821922437,118.86526095238816,104.87174849391363,80.78411291714059
342.2963399979641,120.13381678137006,106.42338875442209,81.1645571311261
342.6100289287251,121.28535691456713,105.79601089290003,81.80891502839916
343.74689929955014,122.66409464928356,106.47063488769575,81.99980429541203
345.1654186405278,123.84508177227238,106.5953735448958,82.59960738858977
346.4030507627798,124.89620546353665,107.09356083062056,83.47081153629009
346.13492943787935,126.07710954329843,107.6298034804214,84.1042471500204
347.2393269515137,127.15430238917467,108.43475476034905,84.96360776546433
348.4743241826619,128.40664949968283,109.00479135270993,85.49894459910533
348.5466959785212,128.10458711246838,108.86004776099139,86.10306937353423
351.680959241132,130.76506702170337,108.72162506903513,86.91221338832952
352.5897526259827,131.86873593828696,109.98009634283837,87.78093359866712
352.17140505162405,131.49702831619152,110.81679149155568,88.52434884285796
353.96970002725055,132.97520853281426,110.35452081870395,88.70230768801376
355.1605643339665,133.97778337566268,111.10290575918435,89.82727155622922
355.0748497429946,135.35325171627161,111.27433494112805,90.23615190669379
359.0131716088049,138.2561123378249,112.90489175571071,90.76856436105606
358.9014668195812,137.7320027967579,113.12830133415805,91.81678344319006
360.0986679072932,138.78179395608342,113.95701543583732,92.94031740164236
361.6510495390912,139.77069751955764,114.10627264689647,94.21653074934912
360.9275196231332,139.52905784142527,115.55333247881251,94.6998101056139
362.6173573516245,140.88584231108982,115.4806561439491,95.29324028840398
363.71372501902164,142.24593840734553,116.60338647766295,95.88851376440071
363.29783789736325,143.53711977184565,117.43516072097972,96.6485026140674
367.9418510886795,144.8845093350658,118.24939702880977,97.32114438444803
367.51480332100726,147.786417135654,119.10349256415434,98.29894828624882
368.5661697079533,147.4032406706686,120.42049891287111,99.06530121621958
369.56100633090057,150.38164028484323,121.88320240806581,100.01325547004865
371.02663882504464,151.57521528629906,122.44212416658365,101.11629221394297
375.593351235034,151.13303709827943,123.85849370625724,102.00064858998223
375.2946123163689,154.13971069527773,124.45597154358742,103.09264223902505
376.3786153990392,155.5933571372154,125.86745773008161,103.7648417069844
379.66622360215484,158.73533559588577,126.51637414515763,104.70501761095102
381.37040191916753,158.10115963755638,126.74524684254534,105.97336952760982
383.1123875107668,161.03129298796702,126.92248424482653,107.43551999774797
384.4934329084835,160.5229905516182,127.84787963850081,108.45212487044563
386.14756876684874,163.83315408433367,128.25773260883844,109.26804717915086
389.1366146425809,165.33022298680055,129.75478828262018,110.0114830868402
390.438793884428,168.3496736306352,130.923074955223,111.51787211176465
391.93876993957554,169.37476372460645,131.73803178846467,113.28260086735892
393.3343253689112,168.74009825561683,132.80277618374947,114.55193180533821
397.04856847715587,170.16528654353877,133.15968596445538,115.59425322809193
399.01963384788706,175.64172097684175,133.1324976772937,116.38621172438813
400.2735236658797,174.96077954200473,134.55193347937015,117.74809459406217
401.6081235993531,178.45770892340548,135.85375868073146,118.6962859678772
405.4168832151621,179.57036081020584,136.24900937455095,120.47736715699517
408.92129529081166,178.74685678598968,137.32223984456016,122.12437520542747
410.14954692870515,186.1407730146479,138.94975717670314,123.67262517983082
421.8824878498412,187.26796640597826,140.28809002906254,125.5522741796087
421.1093577025783,191.04032046029064,141.8343503235884,126.3772744753458
423.01576331475223,192.60254179733616,142.24359031936865,127.47488302138294
430.9812579911779,193.74833888982553,143.29637230238222,129.42923167037048
429.6897814939645,197.50033173046285,145.87932529680901,130.5122523762493
435.3588106886416,201.2303186249269,147.59409011774028,131.75416072751148
434.5445571768845,200.57796051350527,149.22259714125454,133.05887695035474
438.2449338298435,199.86328832571834,150.70895427692378,134.48822132592858
443.85963435111034,203.87789360023334,152.9479862415185,135.43796611498416
445.62748168185203,207.11482105489114,153.9517093209834,138.0429466875652
449.6863679201839,208.44879005508926,155.02720585660057,139.97164319330943
451.95850142902765,208.02679222343022,155.127077208018,140.81563885662752
