295.0,93.0,16.0,30.0
295.47802210897635,92.77738099124028,16.47590134698198,29.729265235052072
296.9365806470217,93.21036445433299,17.159375036485443,29.583416461985465
296.3467498840102,93.25056503495514,17.60945907876279,29.503015300741183
296.3496637460378,93.19702002307639,18.339625858284883,29.61010532449867
296.93083666421836,93.20256769457919,18.677041978326933,29.599009981493086
296.4207426250489,92.60491228134009,18.94185707387922,30.038947825184636
300.15039262443713,92.14169566607808,19.14641858287761,30.198994904931162
300.016272373316,91.38733964536232,19.414659085119897,30.163297900134616
300.19857272460746,92.57468556824512,19.82621278163945,30.117069251676753
297.31696302028763,92.22440922375444,20.11317014837498,30.035298791814643
299.65100880289447,92.09817487877649,20.16027285049307,30.287767481770548
301.50421883377766,92.2103615471145,20.406077896991455,30.063394145094517
301.42051101699906,92.2383880063987,20.573493530548625,30.007341226526144
299.4785433481844,92.66415440020099,20.49204180154436,29.94888585224829
299.9132800206574,92.40206146255437,20.41341590990103,30.473071727541495
300.26430509184604,92.81239315320786,20.508803454571467,30.449846033282228
301.38032954744534,92.57175418185926,20.672769839740145,30.132452210523702
301.77946637017163,93.04387757348536,20.671103668688485,29.984812901672466
300.25271495026317,92.7974131390485,20.547195013639307,29.683388896829648
301.8429476531714,93.1890308965931,20.5177491649684,29.68790827102686
300.9940592949344,92.95478940744187,20.640853419440546,29.369055018328375
301.10719052959934,93.08555175919001,20.414590950110696,29.107530314832083
301.9721744674914,92.87977745565104,20.238355720081003,29.519078921910033
301.6362114019675,92.9989553004587,20.13011519251135,29.280723232294694
301.6409254634409,93.09158321454548,20.120687069564536,29.095467404121145
302.1942414164826,93.39694066728578,19.78588435619493,29.256581691354437
302.2161855082291,93.0450681206835,19.741996172701942,29.191613125776538
302.3482696365425,93.79999248158174,19.47782791607513,29.21577927216379
302.7376192607662,93.8875899092535,19.462113960796422,29.040584416820245
305.01671454219746,93.93473727489295,19.464459219663734,28.946289685541366
304.6737944680192,93.57271773753895,19.391589946901384,28.91161933913047
305.1062882432264,93.22625041549296,19.283580357402634,28.847576022306733
306.35425506549416,94.71923941390108,19.050308752728505,28.878480745305556
306.79824104215163,93.96396556735436,18.913143193611983,28.88741565000199
309.2597662056321,95.99730957490681,18.48203185336987,29.312666621615925
309.3770254587597,95.21630914258478,18.247513347114683,30.12684197961285
312.6030504985838,96.32083710154983,17.84375535656099,30.941932106230023
313.2210809427293,97.02566257491775,17.36901899789826,31.054930218750663
318.7046743449814,96.89599786191509,16.970842303155834,31.314259644755957
320.0103740848508,97.00069924753846,16.615326155061123,31.10485687350922
321.9532508022599,96.96801628239632,16.443512527826215,31.170222803793507
324.5732200942118,97.40129993328178,16.389187920865762,31.044457498728768
325.6947547169184,97.70942027579979,16.360177003791875,31.166236256472537
328.58306859372385,98.15778084716715,16.4980437733196,31.008826929130127
330.46169921309956,98.7181337010265,16.437599014493202,30.627484517396436
330.8758458577594,99.12281413343455,16.342018134505423,30.550836061912168
336.3560108212838,99.59101567090526,16.33087569446877,30.34437881943823
338.47792826499085,99.83068208702493,16.447325025507297,29.86504598719889
340.27943880979467,99.80538237219712,16.45248253695058,29.91564541685451
342.5023925448095,99.63170471202959,16.341399386017812,30.26300073718958
342.57256288361583,100.00116706120602,16.201058708405125,30.249771126140477
343.7408323511411,99.92001279858005,16.033809946383684,30.412079651392425
346.18407898054124,100.68316373604854,16.205630320048403,30.331010242873997
345.7077536509515,102.19341158749022,16.43390964757214,30.207999866613772
349.6404116742669,109.9502373363405,16.559728813839023,30.676618794708688
353.62351608951445,105.045250417975,16.684323974339595,30.189205733808727
354.13125927051107,103.93497325005609,16.399303959873606,29.48789467953748
355.61127179971794,105.06014803281865,16.300263929212274,29.38328388482673
356.0929352939278,105.84637417946946,16.04894917423289,29.23485605840568
356.8112856721327,106.1185981260896,16.023312808846043,29.39594036067698
358.48927438003756,107.30458759460345,16.20468976862121,29.853844924117084
358.05005395831813,105.61187605037621,16.365805831138765,29.65264410796539
358.3357503909356,106.54757292456459,16.511521453019128,29.932575820934044
358.7408865016289,106.18617968852504,16.42497759966769,29.931633924977874
361.1908580864532,105.0641352319175,16.580693918481245,30.009011628852093
361.1233666558008,106.16973747837977,16.71567677978605,29.975919108785465
360.9506057764375,104.8355002945968,17.061198538512652,29.732994029261175
361.23178472407517,106.37111395745046,17.228970888414235,29.582287684261786
361.1905322176875,107.1298471847583,17.311475901189453,29.52630059983084
361.08232785567577,105.7516850526167,17.52788462521295,29.357403993247857
360.97308806194036,106.5176451793595,17.746364212683787,29.290387911150727
360.98123634920034,107.45798032228964,17.73006763816381,29.615131430113344
362.0235362597964,106.58854713617929,17.86455979335712,29.874603151410472
361.86966935778355,106.07548213231216,18.172293597382858,30.15490675437429
362.59142467341076,105.9885127706367,18.23915713217692,30.328845477725206
362.50649426475866,107.0584046762637,18.409017949481104,30.465771558081265
362.44043298159613,107.00190883368509,18.54114051580618,30.578763243238498
363.5775079464227,107.20534196181114,18.570128735156988,30.171896986986376
363.5394209833818,107.83195377525989,18.646302661238906,30.442944459054477
363.7946336365658,106.33560906931136,18.90333565885245,30.365800655025023
363.45407344212254,107.07900071960104,18.813831510118867,30.42026642968573
363.3657281085007,107.57924709593016,18.99052217736255,30.189708943288057
363.7834487684566,107.89473066875632,18.92453613653165,30.328197076716524
363.2893641255691,105.57862111289296,19.142286860783564,30.337904819304267
363.7147882853096,107.17486268353022,19.065651539667407,30.242273671489837
363.8727173540421,107.64658718305162,18.749793402202453,30.07032429843666
364.0478700706107,107.47368899012812,18.39948796906529,30.416120684283655
364.7966442964789,107.70204837283484,18.427748656333186,30.722306488372357
363.63797820943915,108.51804259663979,18.44126438780509,30.626195669167544
363.59991683556757,108.48292411278638,18.517387135548258,30.69643263687436
363.2466228488911,107.87607684174365,18.45491022886931,30.37199741889602
360.8491630680106,102.41730652053505,18.670745882040862,29.841828289839782
360.50875613838554,102.81792834671103,18.592662841676155,29.799481537102626
360.161673170809,102.96558534218084,18.529873888217235,29.504167546162975
357.1806826313716,102.93161313997705,18.479936682560734,29.572111950570587
356.5247267008631,103.75656625940243,18.288512623859184,29.425541631438435
355.50507583104655,103.73565813533628,18.08901117615164,29.467357879570724
351.8469534277728,101.93140020980233,17.96984739472023,29.35816943664915
351.1484827767201,100.58180362813901,17.88697048315142,29.097726172627382
347.9336998970381,100.64798591058438,17.704848329561855,28.965361607736632
345.1256293720464,100.37908691530981,17.484220828908057,28.77356352945611
344.79535073535294,100.75350401770321,17.42175301303076,28.747754413933485
340.25055062213687,100.49051958538912,17.130698864721765,29.273723278561654
339.27509819206017,100.45513436927489,16.908114969179653,30.068989962688654
336.9289339749169,100.64584360482782,17.205425840933678,30.42007441867153
333.92273306356094,100.12557848196984,17.2757880113066,30.71784970784511
331.3783627870654,100.18351126696129,17.12602611236062,30.601984137862217
327.9657172491161,100.11531108266166,17.25446664267374,30.738384506461472
323.8219170304091,99.99862529873486,17.310785835864415,30.97175607431507
320.8150604391582,99.6331015003767,17.302836161929985,31.7028036710314
318.5769471876302,101.15517303484744,17.198857500682394,31.71213071162564
313.5552994641576,97.15567254791702,17.339698669056162,32.093859163508434
311.5802793840664,96.94511215163682,17.440919184945365,31.745216027210212
309.55775153677763,97.27512458980547,17.654214198162787,31.85154328714492
306.2984021053948,96.12781069004649,18.000418827375803,31.831485749080677
304.9087208464575,97.0081151741775,18.44829887123653,31.625198430161248
300.72316803356364,98.5208674306024,19.002370580176127,31.726507484050725
297.0906605745474,98.79492055674555,19.134233049627344,31.970973726051202
294.2968173607476,100.30384411454321,19.13288147845131,32.146862609756354
290.31362519907714,98.05624229090324,19.088993972967113,31.835903159741278
287.27663175054334,95.56578407462356,18.79769062327705,32.0428519072324
284.6294461009609,95.30440922940355,18.53534480057928,31.771784865977807
282.04104875613007,97.54205616084317,18.214670715185,32.008607096003644
279.2704699035117,98.2480956100321,18.271856798233753,31.379952715081238
276.0826581267962,100.72194439945312,18.446870477010098,31.082712542230215
273.0085328859151,100.8809550255673,18.406147346850332,30.76469129000185
269.6433527996095,99.3662901387768,18.222662080999232,30.721200868710774
263.456642430259,96.45800502340379,18.364709543758288,30.422084461485852
260.74699970348166,95.84219224985317,18.447142941287932,30.89130257201208
259.5467533962366,96.52567454556764,18.535295115852467,31.06589827386683
250.61769243959353,72.82053955853593,17.79666509308988,32.759153071810296
254.91168315989034,69.8262845970102,17.082576153412234,34.023327494312184
255.47225931388348,71.77796919010578,16.755109966345966,34.8820750336409
258.4300767771984,69.414466254887,16.443392869680594,35.60628245410389
259.3708749596494,67.77696146104265,16.173140941244817,35.65860316885998
261.13134438179685,67.73453872270366,15.858995609852386,34.941750267312344
261.3126245177378,67.5924054297337,15.49643533797051,34.44024248731201
261.762332503783,67.87440928306881,15.36914758801598,33.87623478064178
263.06072236574914,67.3861422790541,15.057478133930086,34.09106536538907
262.82806059621106,67.94522654312667,14.763457465734309,33.732241044515916
262.87473330134486,67.901558213745,14.670112055466731,33.81957770327922
262.59421762316373,67.6530175046262,14.482561019700135,33.56807672938807
262.6965399363365,67.7162440946555,14.277916393354642,33.44162354932947
263.15566018234216,67.40439436393038,14.09585933118342,33.32913958093955
263.20301276989187,67.62468759927603,14.001154156083972,32.888553110248225
263.2573105716715,67.73297068566478,13.89255855252473,32.671986937470734
263.3727090820916,67.20120166462162,13.661761531684496,32.2990523659413
263.4344708674621,67.25326079884924,13.538237960943503,32.19493409748605
263.46760856657136,67.40189322278329,13.471962562725029,31.89766924961795
263.6066710584265,67.33283497700653,13.193837579014739,32.03578574117147
263.63287469718335,67.65979407647393,13.14143030150102,32.07852245018782
263.6473603889499,67.63590249723512,13.112458917967903,32.12630560866545
263.6686825718715,68.04747255601148,13.069814552124793,31.999678016420816
263.7313129847305,68.20371971359131,12.944553726406806,32.38111177501226
264.06438525438807,69.26575995213233,12.97559910499336,32.34860105163525
263.6147962342537,67.69747093641817,13.177501183082747,31.998799272167073
263.62975061550617,67.84376843006324,13.14759242057778,31.70620428487694
263.58052183687425,67.87971786495739,13.24604997784166,31.63430541508864
263.6148130423009,67.61478739103737,13.177467566988325,31.472378745642
263.6845278291078,67.65813935209547,13.038037993374452,31.385674823525783
264.06862329720013,68.00809737104049,12.954353559348528,31.370265287794403
264.1123999064339,68.07793269210535,12.866800340881035,31.230594645664688
264.11770129819695,67.5197519516494,12.856197557354916,30.988503140273018
264.2094132059915,67.33686846144438,12.672773741765832,31.354270120683054
264.1509276876771,67.34605101055168,12.7897447783946,31.335905022468474
264.198099465876,68.39692887139546,12.69540122199684,31.27227232561058
264.1657202437369,67.84282534202798,12.760159666274935,31.026924843090846
264.1845585967197,68.05830366888469,12.72248296030941,31.27036099220652
264.1949640948718,68.42928314349615,12.701671964005186,31.205634117001033
264.0972951239523,68.01819083356851,12.897009905844286,30.675961492359086
264.11304751296194,67.46634092498557,12.865505127824877,30.436147998019237
264.2088364508559,67.30076320103599,12.673927252036908,30.099569957292253
264.2530591125542,67.65847583280501,12.585481928640384,30.043620435612652
264.2026075606807,67.66303094850801,12.686385032387408,30.03451020420666
264.2224163632182,68.00609200188512,12.646767427312342,30.007144561467747
264.1653874210649,68.34087381438486,12.760825311618985,29.99524002563135
264.1198101863338,68.05724857922137,12.851979781081198,29.902983532158657
264.11204441633697,67.55353050855908,12.867511321074861,30.250634904303023
263.8735497710382,67.46009529035703,12.679413065561574,30.437505340707105
264.32515315976354,68.10394190868986,12.440659611336965,30.478718750493762
264.337760006529,68.31905733608643,12.415445917806116,30.709291912926602
264.3440065805212,68.27652184240017,12.402952769821667,30.1306853200901
264.41339749542954,67.88235785908768,12.264170940005013,30.26389853736344
264.4120007120045,67.62194626722503,12.266964506855025,30.13015670148422
264.44376926652484,67.59799664946394,12.203427397814346,30.178055937006402
264.39268347748845,67.77436769484213,12.305598975887145,29.825313846250015
264.35411779722693,67.91821029393063,12.382730336410184,29.537628648073024
264.29902387220886,68.50144829821025,12.492918186446289,29.663544705805826
264.2764072626253,68.47726666961877,12.538151405613458,29.71190796298878
264.2574578322741,68.20074068858492,12.576050266315825,29.613491244100867
264.26769578439485,68.58225932607324,12.555574362074344,29.501171475236642
264.25083325473696,68.65409370059946,12.589299421390098,29.357502726184215
264.2818468835191,69.21773364172375,12.527272163825838,29.52472293005068
263.9830308405349,68.63507393456996,12.476333477302097,29.39290079937392
264.0050835595739,67.99371669516215,12.43222803922416,29.384088417928222
264.0244013198461,68.45899696054667,12.39359251867973,29.098382939232597
264.03811342198173,68.49921844220977,12.36616831440849,29.017939975906422
263.93619626909657,68.25883773089981,12.570002620178773,28.860308746601536
263.907613232226,68.60973410761804,12.627168693919895,28.79822870953312
263.8334260177169,68.65050022966008,12.775543122938151,28.716696465449033
263.49726951761255,68.28993203911098,12.806604507868517,28.79658123126896
264.9007124166196,68.72347204824452,12.57154552368928,29.21541461991935
264.52574939414393,68.61141440830542,12.676591035743293,29.43952989979756
264.44534203324724,68.58345193061409,12.837405757536652,29.495454855180206
264.06909828368146,69.88800510613372,12.93626487064538,29.500862048232566
264.0799700398915,69.80191122499808,12.914521358225176,29.67304981050385
264.06377811618,69.64231490107235,12.946905205648267,29.9922424583553
262.86364668407697,67.39640908290491,12.696153954945265,29.84477939359951
263.5366236003421,67.52497451980618,12.662574275938304,29.587648519796964
263.50318642257014,68.19788500400682,12.729448631482253,29.545576935648718
263.47041686556037,68.4989419513244,12.794987745501802,29.595911083288257
263.41937897590935,68.92730694204276,12.897063524803816,29.393515230586484
263.7149390964306,68.91424804952561,12.959146842495265,29.41963301562076
263.72755567601513,68.83046462540065,12.933913683326221,29.5871998638707
263.7048290995454,68.84101564255027,12.979366836265672,29.566097829571454
263.70694342844314,69.17077129413168,12.97513817847021,29.563741267312707
263.74258852975703,69.48323108593108,12.903847975842336,29.595867761523213
263.7129811843543,68.80678242804026,12.963062666647868,29.63625570883003
263.6891536280296,68.94917622027637,13.010717779297288,29.351468124357794
263.64434983067474,67.99829691599233,13.100325374006992,29.289440393648874
263.30003488209513,68.42202508282962,13.133683790679221,29.097255540461216
263.40294366797553,68.79674724437143,12.927866218918393,29.000878747646695
263.7343259269063,68.85253826096908,12.913154574583007,28.889296714451397
263.69299832343665,68.73896683563103,12.995809781522356,29.116439565127504
263.705407211469,69.3740408473097,12.97099200545766,29.148139641797705
264.05297684574055,69.06477285229693,12.926800285564594,29.115728083173188
264.02852083974426,68.23403450343244,12.97571229755715,29.477804614693916
264.0029177195656,68.7520350435203,13.026918537914518,29.75342505215427
264.00623000007465,69.30892386752683,13.020293976896324,29.961061636912888
264.01001704656693,69.10629865195324,13.012719883911771,29.702714325665724
263.95311830656624,69.14697848939129,13.126517363913196,29.62135465078963
264.2872621665191,69.06761013171106,13.118776624339647,29.780091366150092
264.2946400062889,68.99776906976662,13.104020944800007,29.919773490038978
264.3800613189395,68.09361901810706,12.933178319498776,29.734644587651157
264.3706348764336,68.0570842494349,12.95203120451059,29.807714124995506
264.28466666807253,69.0748238182954,13.12396762123275,29.752753020142073
264.3079869490223,68.60147288639388,13.077327059333276,30.037047666878397
264.4367265281079,68.67083664547569,12.819847901162031,29.898320148714788
264.4218209218386,68.35293896190694,12.849659113700547,29.874966174435784
264.31960694310044,67.98293739586398,13.05408707117693,29.95563092848404
264.4132346727905,68.41111711031024,12.866831611796783,29.763386787445114
264.38137714250576,68.59649117146593,12.930546672366336,30.050665620043166
264.1318388116454,67.79967893626936,12.766313332685689,29.65436008623274
263.84458619398686,67.44177039300493,12.686145035758262,29.71550364051703
263.771687073708,67.51007924791584,12.831943276315945,29.57888593069522
264.15023548036385,67.39623245398958,12.729586551539487,29.80657951854772
264.0441398678698,67.44535484953444,12.941777776527564,29.708334727458016
264.04392050381267,67.8432614437317,12.942216504641808,29.571074153937346
264.0245131440662,69.1819583142689,12.981031224134822,29.519968746910386
263.9498171112021,68.81017275952482,13.130423289862996,29.607024295660448
263.93050897898894,68.30306847778836,13.169039554289222,29.960824962184343
264.0823191770589,68.96130881827224,12.865419158149441,29.976778218071345
264.0909986020927,69.53085701312399,12.848060308081669,30.159861727750883
264.19971282453287,68.608088522672,12.630631863201403,30.015106024684627
264.12971790875156,68.3462638709556,12.770621694764024,29.88126719114018
264.1725023396505,68.55666377332516,12.68505283296614,30.118499608567163
264.1296287962478,68.64595481769544,12.77079991977157,29.93991751982658
264.1311191870716,68.32354613429908,12.767819138123931,29.92585133819081
264.13215412532566,67.96045278649018,12.765749261615783,29.99341062548809
263.73719549647933,67.94709823430588,12.896098862796284,30.020119729856685
263.63064854381435,68.55956260948201,13.109192768126235,30.11970951616675
263.9188002643122,67.88376305285445,13.20035298684859,30.13638130998594
263.96802109146364,69.36766273629908,13.101911332545628,29.8458327250029
264.03294882025665,69.06418626346648,12.972055874959647,29.789417906483358
263.9198119254413,69.4699830911682,13.198329664590375,29.63808528076911
263.8647052004675,68.65998814849446,13.30854311453798,29.933969269947248
264.0168761238776,68.33480122199815,13.00420126771778,29.916059735819797
264.01477808875296,68.29707740253095,13.008397337967061,29.99150737475421
263.7738121427096,68.84470752120838,12.826500611050658,30.223904375405734
263.82231647962954,67.61505616797106,12.729491937210673,30.027306389213834
263.7872961291215,68.62834297301372,12.799532638226752,29.978980278502018
263.7973585202452,68.63841768883083,12.779407855979375,29.958830846867794
263.77032679637136,68.59454249802525,12.83347130372708,30.046581228478935
263.8456030025483,68.55984465114794,12.682918891373212,30.115976922233564
264.1958095490711,68.03818597065445,12.64237793507055,30.4994221464776
264.19219649397826,68.48653145482925,12.64960404525614,30.267420573733588
264.0650456672499,68.47170867704968,12.903905698712938,30.29706612929271
264.18217471046364,68.54868093453912,12.669647612285466,30.143121614313817
264.0950415124117,68.12133965692485,12.84391400838936,29.67774610284671
264.16791714875393,68.09706115641426,12.69816273570483,29.726303103867878
263.8450237489543,67.85253342813519,12.689440068136308,29.560849093258156
264.11142819846384,67.635090025596,12.808593172888356,29.343773894565413
264.10757022211726,68.73856764527473,12.816309125581501,29.089588593634325
264.1115662092279,68.75043912998582,12.808317151360285,29.065845624212137
264.07272557514705,68.39839929539454,12.885998419521934,29.123034054798737
263.9942616415814,68.73878149494814,13.042926286653241,29.091357681419268
263.9959247755611,68.56682510605701,13.039600018693804,29.43527045920153
264.00758438241854,68.09086449428328,13.016280804978898,29.730872727344366
264.05940317944885,68.32106108563855,12.91264321091828,29.930672400596286
264.02545682600356,67.93939978360761,12.980535917808908,30.03273773808251
264.132979777271,68.74161830416449,12.765490015274057,29.75616788227696
264.09658398357425,68.4134916770862,12.83828160266754,29.75628915924058
264.0460338227621,67.70102288597012,12.939381924291796,29.866386740038788
263.98318508089363,67.39882332460155,13.065079408028755,29.809986947160482
263.9521046423366,67.45409072478493,13.12724028514275,29.699452146793696
263.9480061113481,67.69496568846797,13.135437347119773,29.879394332042924
264.0841567470866,68.04838992823848,12.863136075642814,29.836990689685543
264.008386985299,68.38778377091455,13.014675599217945,29.817229973065984
263.9374015847454,68.0697203736657,13.15664640032528,29.791941192653844
264.02259121223653,67.97305995102536,12.98626714534294,29.98526203793451
264.0706759986353,68.02783633457435,12.89009757254547,29.875709270836555
264.92934941084036,68.52183597159919,13.152941464731724,29.547773568985647
256.6347842308264,49.07582011844042,13.903400556858855,28.843127105551392
258.4071578090556,37.29831897916898,14.335547534350525,27.873948891402314
259.21595439976875,29.396919866234608,14.68629296621533,27.273925339845228
257.6432583050082,48.388377267106385,15.21842448731495,26.52997506310825
279.30513485938434,50.83698240560798,15.538074057460495,26.192523274945135
299.035442684902,43.107207500351905,15.837133970143881,26.66072000405511
300.1485263049692,38.35967273514134,15.602393627904835,26.862464010964672
296.6830227930342,40.14834726009881,15.905056555918438,26.59928700897792
298.731927690511,40.56089686285105,15.791498508589555,26.43822976141089
295.00248711785366,38.37959774629755,15.993348768770247,26.18271743125082
291.10496155699127,38.20213135351006,15.876482852973162,25.878323797032312
286.86087267687145,35.50113043931818,15.877964183216026,25.404920404649076
283.60363478562346,35.66613698442192,15.934622056837458,25.720689105329058
283.39291270857433,35.2757603843169,15.704618442374562,25.849994536977896
282.4613364033196,37.609903516741,15.619243546629527,26.377781622141757
279.5132077344532,32.73228684424572,15.612196297383914,26.950096720721525
277.27503378868363,35.40379901672372,15.438441466988852,27.58577587539527
253.69304948527767,24.509943890840386,16.319867426331644,27.909118522538584
249.15954533175938,28.761416686455956,17.10068603992043,28.38287843254259
250.97874660793698,29.28225875859942,17.726761328598666,28.76268690193348
253.0561394191561,24.238850309528882,17.933627560169782,29.399258116387706
254.71275085101038,29.92378315714908,18.31996630905082,29.128077258916097
255.4897844255788,30.252678441569245,18.250601327808187,29.95498885796998
257.9550711051305,27.986006399080797,18.594725434807344,30.72069189573073
257.6507336400789,28.307603809813173,18.43267126722889,30.848226171947573
259.94855630318494,29.013117724942802,18.45639719428125,30.976988759443135
