346.0,140.0,33.0,112.0
346.0937071092389,139.2749543700877,32.812585781522195,111.25298688029787
346.02459569194303,139.21704819820377,32.95080861611393,111.36879922406573
346.03739561772505,139.49049341359336,32.9252087645499,110.82190879328661
345.9053208162985,139.56402435697714,33.18935836740296,110.67484690651901
345.85831201548774,139.57848382682846,33.28337596902449,110.64592796681636
345.86196499905725,139.44322301453445,33.276070001885465,110.91644959140439
345.80395041255275,139.70506162827954,33.39209917489453,110.39277236391422
345.8516391583741,139.52764785274604,33.296721683251846,110.74759991498124
345.99400588483155,140.1067125324401,33.011988230336875,109.58947055559308
345.9407427329888,140.0049022701711,33.118514534022445,109.79309108013106
345.9547969037819,139.84580283036098,33.09040619243612,110.1112899597513
345.89025209117506,139.89182678887127,33.21949581764991,110.01924204273077
345.9286417675195,140.00088666187875,33.14271646496103,109.80112229671577
346.1160046895312,140.41064345727804,32.767990620937596,108.98160870591721
346.1676806317784,140.40135496126308,32.664638736443216,109.00018569794715
346.10931913783594,140.2523596408635,32.78136172432812,109.29817633874633
346.1093640476302,140.120655646312,32.78127190473963,109.56158432784929
346.12324574719906,140.08609529048073,32.75350850560182,109.63070503951181
346.26067619772016,139.81712558006686,32.47864760455971,110.16864446033959
346.2873361555482,139.5869776629483,32.42532768890366,110.62894029457672
346.20058623882176,138.95172020427202,32.59882752235653,111.89945521192928
346.1698211893828,138.98285952760114,32.66035762123448,111.83717656527105
346.03095096740225,138.98913771831252,32.93809806519553,111.82462018384822
345.97526274536114,139.15698545662798,33.04947450927768,111.48892470721736
345.9751237934973,139.44268054917916,33.0497524130054,110.91753452211498
345.9408083430402,139.5261627171622,33.11838331391956,110.7505701861489
346.0398882418604,139.46207784492532,32.92022351627918,110.87873993062266
346.03106162288816,139.52999485851026,32.93787675422363,110.74290590345277
346.049646636916,139.8124361784125,32.90070672616795,110.17802326364833
345.06928054738313,140.22001683544855,32.69194667778965,109.36286194957621
346.20685285705264,140.22947919409927,32.57088647949285,109.34393723227473
346.28616524141125,141.15168517430413,32.412261710775674,109.6510943828743
346.4370770368517,141.13944886519016,32.110438119894724,109.67556700110225
345.4529195966251,141.10450528794658,31.931054966819516,109.74545415558941
345.511257894508,140.77596760128282,31.814378371053763,110.40252952891694
345.49853805839655,140.5037016868447,31.839818043276665,110.94706135779322
346.5852203691882,140.49636145623742,31.82706979540773,110.96174181900776
346.54396343652485,140.52642295700323,31.909583660734462,110.9016188174761
346.5346895987811,140.40747837130172,31.928131336222023,111.13950798887913
346.4531795490986,140.7135800055691,32.09115143558698,110.52730472034438
346.4144298454633,140.85716754771187,32.16865084285753,110.24012963605887
346.3729194036757,141.4299292981405,32.25167172643278,109.09460613520153
346.5045199910538,141.69764442618992,31.988470551676528,108.5591758791027
346.4397772196922,141.83849213277887,32.117956094399766,108.27748046592487
346.51222648498504,140.68155272517583,31.973057563814155,108.46328737998365
346.5351807368929,140.63928122506394,31.927149059998275,108.54783038020744
346.4982610577914,140.32324171427763,32.0009884182013,109.17990940178012
346.43839077398474,140.14912390551115,32.12072898581466,109.52814501931303
346.5664848080218,139.90355090557998,31.864540917740563,110.0192910191754
346.67403021776084,139.65555392628687,31.64945009826252,110.51528497776161
346.7311197288834,139.25481267917414,31.535271076017345,111.31676747198708
346.6683735736112,138.93706510395833,31.660763386561854,111.95226262241871
346.62285089608605,139.0189078831644,31.751808741612102,111.78857706400657
346.52080288067174,139.45187979757029,31.95590477244066,110.9226332351948
346.5395435468795,139.85210518481813,31.9184234400252,110.12218246069912
346.54292016616125,139.81485711287164,31.91167020146171,110.19667860459208
346.4976544365554,139.84303263596985,32.00220166067329,110.14032755839565
346.4495004969683,139.90251009532818,32.0985095398476,110.02137263967902
346.4589789509991,140.09496692667955,32.07955263178595,109.63645897697624
346.4145723160458,141.53504150631883,32.16836590169262,108.90288028601613
346.45341906156017,140.14874153540887,32.09067241066384,109.53762766982366
346.4774576018232,140.436667460904,32.04259533013778,108.96177581883342
346.5638281205174,140.34277159231334,31.869854292749345,109.14956755601477
346.64725945208033,141.08438895501047,31.70299162962346,109.80211885689731
346.6642985991029,140.54870713363823,31.66891333557843,110.8734824996418
346.6355455575624,140.8859320998987,31.726419418659347,110.19903256712085
346.61496688437194,140.64117482760133,31.76757676504028,110.6885471117156
346.5748386562106,141.10595645681073,31.847833221362944,109.7589838532968
346.4600156690927,140.79885622860363,32.077479195598826,110.37318430971101
346.4924218276017,141.23757919721308,32.01266687858086,109.49573837249208
346.47849370556526,141.34443968726475,32.040523122653696,109.28201739238872
346.53297922894234,140.4581450078588,31.931552075899518,108.91377215769712
346.46019618484837,141.69140482095904,32.077118164087395,108.58085450386021
346.4019049506397,141.29237830522385,32.19370063250483,109.3789075353306
346.4150009429554,141.70395516238213,32.16750864787341,108.55575382101404
346.43281456268386,141.9358290466049,32.13188140841646,108.0920060525685
346.4450108253834,142.05137383790776,32.107488883017325,107.8609164699628
346.4202643486465,142.23934832049343,32.15698183649113,107.48496750479141
346.4424136727699,142.20550628766202,32.112683188244404,107.55265157045426
346.35443329292417,142.02722871111692,32.28864394793585,107.90920672354446
346.4512311125924,142.17253529328522,32.09504830859947,107.61859355920785
346.3897854368514,141.894403530338,32.21793966008137,108.1748570851023
346.41020937585654,141.9065369313518,32.177091782071145,108.15059028307468
346.332078211741,140.8761708737916,32.33335411030217,108.08394663689337
346.3592899024275,140.71270476903726,32.27893072892919,108.41087884640208
346.3683703113672,140.90737061990728,32.260769911049785,108.02154714466198
346.3495628819232,140.94802751442091,32.29838476993776,107.94023335563476
346.34497719701693,140.96560297674827,32.30755613975032,107.90508243098002
346.4024504064195,141.05737751264286,32.192609720945114,107.72153335919086
346.39327929358944,140.7806282443327,32.21095194660535,108.2750318958112
346.28375235157347,140.60556332205027,32.430005830637214,108.62516174037603
346.35828386511764,140.68621049055798,32.28094280354884,108.46386740336064
346.38650725018124,140.71922520086486,32.22449603342166,108.39783798274689
346.3844398905876,140.92934937994752,32.22863075260896,107.97758962458153
346.41515892566576,140.5026042118566,32.16719268245262,108.83107996076336
346.34599792957215,140.57297373904657,32.305514674639824,108.69034090638345
346.4123405882647,140.68403522313506,32.17282935725472,108.46821793820646
346.4368848063325,140.44982113129214,32.123740921119165,108.93664612189227
346.465949657938,140.77908737017867,32.065611217908256,108.27811364411923
346.39261587837154,140.52716964607814,32.21227877704105,108.78194909232029
346.4185730504534,140.585518640276,32.1603644328774,108.66525110392456
346.3503941618217,140.810709528889,32.29672221014068,108.21486932669859
346.3881448437345,140.7021957521016,32.22122084631515,108.43189688027334
346.4071949158521,140.63074376695906,32.18312070208003,108.57480085055846
346.3480481776491,140.5083995035866,32.30141417848595,108.81948937730343
346.40172007353567,140.89128607279454,32.19407038671287,108.05371623888747
346.46240989943686,140.7874032101068,32.072690734910445,108.26148196426298
346.46356792984085,140.98794915384332,32.070374674102524,107.86039007678995
346.4657801413875,140.77548904460699,32.06595025100918,108.2853102952626
346.44162127397243,140.97776990001313,32.11426798583937,107.88074858445033
346.4422558805453,141.00625193042828,32.1129987726936,107.82378452362
346.40723275526665,140.58145237400095,32.18304502325087,108.67338363647468
346.42812811948454,140.81692600915022,32.141254294815155,108.20243636617616
346.47764863327706,140.66123355998522,32.04221326723007,108.51382126450613
346.4915662641928,140.76789604143642,32.014378005398584,108.30049630160377
346.3978382240331,140.60065672092225,32.20183408571803,108.63497494263206
346.3637977896261,140.79309031484638,32.26991495453193,108.25010775478381
346.4605879923896,140.8386668334737,32.07633454900499,108.1589547175292
346.40924680468703,140.50448002673278,32.17901692441009,108.82732833101102
346.36712987260927,140.31118940593248,32.26325078856566,109.21390957261161
346.37985126851777,140.41028030478736,32.237807996748636,109.01572777490188
346.50253483101926,140.7960612463916,31.992440871745714,108.2441658916934
346.5058067639725,140.79148521660412,31.98589700583915,108.25331795126834
346.51655805991896,140.65783417315276,31.964394413946216,108.52062003817105
346.5451057339529,140.91130995489908,31.907299065878448,108.01366847467841
346.58005705086464,141.0422173592064,31.837396432054934,107.7518536660638
346.47670248396497,140.87106089135293,32.044105565854224,108.09416660177071
346.475977139615,140.78343918314954,32.04555625455417,108.26941001817748
346.4608405360598,140.93359450251384,32.07582946166467,107.9690993794489
344.67010564722096,140.16945361419351,31.4114436172004,107.3744533450186
337.333977401634,139.89443868105698,31.36853526688275,107.92448321129166
335.34752680960986,140.88484025465903,31.123157351646828,108.05281961372967
328.49287805839407,140.55159531350222,32.1941838507745,108.71930949604328
326.5773980685813,140.49119439134626,31.75367046945432,108.84011134035521
318.9612766346701,140.67869943642594,32.08116440221383,110.59435109806195
316.5027542655711,140.5881364930331,32.67793852959996,110.77547698484766
311.00655642496326,140.63582210899213,32.80131825962033,110.68010575292958
308.79942607854946,141.2967134573923,32.86608296482682,109.35832305612928
302.5237884530287,141.50391926728997,32.4738502816102,108.94391143633388
299.4628033361669,140.53037243189573,32.163494844203946,108.7468965500791
292.98454441921353,141.20442801431176,32.306674239206785,109.53434179173105
292.98205389246226,141.79087769076384,32.31165529270933,108.36144243882688
294.10831526893764,142.2967751381419,32.19198978202954,109.48250478634174
301.3892364283346,141.71636462138724,32.655553172124634,108.49683929000975
302.55977973317977,141.7514271117457,32.45562111210494,108.42671430929283
308.74931323030563,141.62260004637142,32.89527284401439,108.6843684400414
309.7635148154346,140.7878019029996,33.01512272034152,110.35396472678505
317.5616364038558,140.1322637693379,32.63761605497352,109.49093577818357
319.8140088750193,140.02898677273186,32.442646381721744,109.69748977139565
327.3938146001508,139.75455655978413,32.362342824333275,110.24635019729108
328.5064338623087,140.12589060985835,32.29755743172886,109.50368209714267
335.81276049752995,141.72716901495897,32.726148719513745,108.44987450954531
338.0533400529642,141.52383280946228,32.52858720649736,108.85654692053868
343.2143176392604,141.61362624858907,32.92607623280092,108.67696004228506
345.2491339605474,142.0021993258064,33.15388151910106,107.89981388785041
344.355908207748,141.78625798587012,32.79840353015876,108.33169656772301
336.9677541204626,142.4085260723948,32.58445597663482,107.08716039467362
335.9932140260314,142.3071244108697,32.413655912270265,107.28996371772384
329.4059056709311,142.54011315077156,32.870749978039804,106.82398623792011
329.69392360344204,142.16066229795916,32.29471411301786,107.58288794354492
322.39510244718485,142.94773728860005,32.04166507162031,108.13026529853626
318.19815781363747,142.64782647404962,31.937264865487027,108.73008692763713
311.9136102242954,141.84736389111,31.71968866655505,108.19990019724696
310.98985310044645,141.66178806793417,31.44763337574983,108.57105184359864
304.5404875475566,142.5319503873464,31.62787981100628,108.95047464986139
302.2090300664176,142.02577298408937,32.03386237481711,107.83436325714183
295.735506740732,142.69729767611,32.259453688843934,108.61155642932468
291.6731634094462,141.95792999014523,31.842438125493395,107.95486624477365
292.7992387700658,142.57974495644135,31.708676337746283,108.82962524567357
299.9824484259604,141.64847701771416,32.24010371482598,108.56389731043241
301.08853560484545,142.65894931723489,32.16232138359707,108.67734473793206
308.6148527498483,141.51124197431184,32.05154471779223,108.83820833460658
310.6758182798287,141.2896700153245,32.19914572222926,109.28135225258126
315.9730366907601,141.67613876584733,32.323588539575056,108.50841475153564
320.144341918302,141.72708113794954,32.52160961060833,108.40653000733118
325.5872468014288,141.20294611429713,32.322759747614995,107.31740807398391
329.7088628374052,141.96859354555284,32.552689170613114,107.90440358521019
333.82715860203774,141.99689452900756,32.83954558597294,107.84780161830078
334.97988540234456,142.38361940593074,32.66946757078876,107.07435186445443
342.5462368010675,141.20392099439476,32.385675071282265,107.31247578782077
344.68946432918693,142.06906059244426,32.33799417576077,107.70158367208043
344.83354014338335,142.28617060244085,32.049842547367945,107.2673636520873
338.5195338128479,142.58641361697136,32.002742716309534,106.66687762302628
337.5980080610704,143.73237295977876,31.742645919826074,106.47810723744988
331.2454491399554,143.6907920362657,31.87386386287354,106.56126908447601
329.1894781090776,142.4055395088824,31.78728102969125,107.03251169177362
322.69785167850273,142.30953353179024,32.14460866827183,107.22452364595796
317.46483921475493,141.8483935554097,32.04227684035727,108.146803598719
316.4301655597037,141.495671088739,31.986806533776782,108.85224853206047
310.03119740363115,142.37512097780143,31.982180618024266,109.22710912525187
305.72857351577255,141.61176500292328,32.031537226528684,108.6148482832049
302.5628588154877,141.06566676501518,31.969258201039892,109.70704475902114
296.97830872467824,141.12876463877706,32.41078593186894,109.5808490114974
290.5886528897577,141.90004380148213,32.27842582706078,108.03829068608721
291.65694101737034,142.6998851189814,32.26951829221606,108.56627677146922
299.0793777845664,142.31194747725993,32.369449436381984,109.34215205491216
300.0876967733563,142.2797355921229,32.50061311598931,109.40657582518622
306.6102484232437,142.5781655163612,32.36240914670429,108.80971597670967
309.58497964983945,142.64643550047805,32.83336894070846,108.6731760084759
313.036706975888,141.94293172893964,32.37075614549538,110.08018355155272
319.384507507486,140.64575997515996,32.62471965069928,110.51626629771215
321.43593714224147,140.66201170958394,32.86015793799338,110.4837628288642
328.881655104902,139.6439314730418,33.18017154604688,110.34685908289501
331.0265097038583,140.73794722839085,33.2445961711733,110.33589448371637
336.6238527378567,140.88629720313975,32.94044253368154,110.03919453421864
338.6871187106053,140.66971906172438,33.150441789415915,110.47235081704935
344.0693269538309,140.48461028006716,33.2774819360809,110.84256838036379
344.06327852530717,140.56630891992535,33.28957879312834,110.67917110064741
341.8470423999911,140.84759681017795,33.354452832059785,110.11659532014224
335.2666798179176,141.1260155599945,33.45294708513372,109.5597578205091
333.3165292525937,140.33997236894226,33.0112932145565,108.96086670200114
327.9001164720467,141.00865988224996,33.07253149309725,109.77780913189636
323.55925997950123,141.77762273180838,33.08617661489413,110.406900398603
318.4020425258622,141.49931972132822,32.519747488677574,110.96350641956329
315.13098264148954,140.89597569715679,32.54131128627332,109.99667581085635
311.92042069625313,140.10112065111574,32.48168109377531,109.42613454194814
306.5437459487803,141.18132476380686,32.479656583397954,109.41680111763051
303.00174542822106,141.01900026892505,33.110942066328,109.74145010739409
296.34930902405983,141.632848539387,33.41252784020548,110.68096807221107
294.33450376297924,140.69306965679857,33.06992974750121,110.37442152995513
290.04045316704855,140.8736497674105,32.956383882880104,110.01326130873127
296.505645544904,141.50342268807862,33.035166083904556,110.92190996018431
299.78549023410636,142.30566900874635,33.02301282291218,109.31741731884881
305.37921330757047,141.0271546906784,32.63347781999945,109.71486372618159
307.53875185370464,140.91563785876906,32.63035731462875,109.93789739000024
313.74825689481077,140.51997905443773,33.17779629689671,110.72921499866291
314.93820823375137,140.49887966235758,32.98032717988125,110.7714137828232
322.5172128352076,140.40351788086082,33.077871743305366,110.96213734581676
326.8557824692029,140.40842756753892,33.13622888700022,110.95231797246052
330.16188856828023,140.60899693957015,33.07847265130539,110.55117922839813
335.53134348635825,140.87231464720898,33.229919217226545,110.02454381312045
339.9330808049181,140.97584560986206,33.12015390950289,109.81748188781427
343.20076090066584,139.54254091539678,33.09017818789364,110.51562978678274
345.44662459476785,139.77085971594101,32.954021860259495,110.05899218569428
342.2228632892246,139.5592990853371,32.89515129785019,110.48211344690205
338.98025174459207,140.18141492671256,32.85930197878814,109.23788176415114
333.65894329688376,140.93116309238263,32.724813676795236,109.89380647229288
330.450130856978,140.986545912983,32.65582138099431,109.78304083109222
325.405532489309,141.30828040546862,31.94823000711189,109.13957184612093
318.87006176714,141.1787143530221,32.1965490684721,109.39870395101397
317.50650125356094,140.9062810199051,32.778283420720975,109.94357061724797
310.8823898442706,140.27561432803407,33.043090782865605,111.20490400099001
309.9855661144029,139.49231786804626,32.65007619419248,110.58483487255708
303.61222032488087,140.43243211178577,32.37322959408485,110.87519608160326
300.1997624145128,140.93517530165747,32.68951531918788,109.8697097018599
293.7754834629024,141.7856079016652,32.57081729954482,110.33005382232176
291.46924776698313,141.77673062240666,32.85226115824224,110.34780838083881
293.766762163543,143.13463045497764,32.599221391162786,109.80300322871697
300.9411191089681,142.42699352574664,33.360627535441324,109.05968851073206
302.14061821051115,142.24900667637172,33.12381510080911,109.4156622094819
309.85484087911425,141.78554278814443,32.83525863960956,108.1797487179355
310.8922707453861,141.32892429427238,32.90039555521825,109.09298570567964
318.3318768014173,139.48725090291538,33.10010935676454,110.62220021502094
319.504165875361,140.53122885597014,32.93500890765418,110.71372200768852
327.0664251391866,140.6855223214033,33.05444020845524,110.40513507682215
328.0666304196994,142.00594679751384,33.22958855081494,109.93984502798631
334.75767950939246,140.88160150263334,32.880823739225036,110.01631338978125
336.68495372423314,140.98997608758006,33.35994597692145,109.79956421988784
343.5305697593756,141.34756167736688,32.70462291340629,109.08439304031418
345.4736878837634,141.73804023410952,33.11914583659477,108.30343592682891
342.29354299944765,141.6101860606247,33.03842150606876,108.55914427379852
338.04651522668604,141.55138889234894,32.93594973246103,108.67673861035004
336.84718674832754,141.16776278852228,33.185707914628196,109.44399081800339
329.09792460330897,140.86651244998978,33.533508056609655,110.04649149506841
327.9566950855573,141.0144725989636,33.636604693803484,109.75057119712073
320.66491140076687,142.07607606362865,32.98061830847003,109.80444337563557
317.24731377780296,141.1202616861597,33.31874583270209,109.55038289000822
313.1828426555587,141.39180262804626,32.77424821619019,109.00730100623511
309.96354723271696,141.5206633710249,32.76109824844282,108.74957952027778
303.4868646146576,141.29093373132446,32.83433013455471,109.20903879967872
300.4275778391795,141.38390047978288,32.48925462591805,109.02310530276188
296.0898408892997,141.2862261862569,32.58266906652726,109.21845388981383
290.6085662906004,142.57134199723717,32.795154254666755,108.79823506970507
291.57139797955404,142.20707794197256,33.017499906765146,109.52676318023427
299.0857508410109,141.4131600262689,33.12589720413953,108.95215572302902
300.07509203095805,140.89555579641728,33.30353198603606,109.9873641827323
307.66437281130044,139.9005458090483,33.3448276895041,109.80311883401981
309.871907249473,140.97012315328715,33.274602405495294,109.83638594171035
315.1454400761531,141.26568874001515,33.58549564502512,109.24525476825431
319.4648053723233,141.3357642039948,33.622663835813974,109.10510384029496
323.60577662886766,141.1526538255499,34.01142580189607,109.47132459718482
327.8635407673571,140.79583682291343,34.216099035627614,110.18495860245775
333.44541570979413,140.7720997631166,34.02208486427772,110.23243272205143
335.78398246085936,140.64760119978317,33.727021771951826,110.48142984871826
341.14434094239533,139.60286092817915,33.95182898677876,110.38180555634654
344.3847953786407,139.1432421163077,34.046478835122294,111.30104318008947
344.3441418840092,139.16907459396367,34.1277858243853,111.24937822477749
337.99497254739845,140.49091528729392,33.58172990475558,110.81309593692555
334.9031514159793,139.17399810036613,33.19204020346332,111.25581965607097
332.74047253658256,138.933550839676,33.13710109903221,111.73671417745126
326.089197072265,140.42403133288116,33.26407192672678,110.95168320786433
322.6817835149123,140.62970887613938,33.51735202716554,110.54032812134787
317.463942385164,140.40286374142926,33.02275441692912,108.80796241682148
314.20848751522186,140.68456698089324,33.07656938927065,108.24455593789358
309.8924319571549,140.0808899086668,33.1271496621757,109.45191008234642
306.5161415988529,139.84712232723666,33.389481697053604,109.91944524520672
301.27675740157815,140.7014937489128,32.99376974917253,110.38559847034051
295.9525311964117,140.73214232505885,32.77143990185115,110.32430131804847
292.7828411008278,140.7644291839942,32.60333757593888,110.25972760017777
292.72763456489076,140.45101767784536,32.7137506478129,110.88655061247547
298.026241392554,140.66064054100514,32.99673441164596,110.46730488615592
300.24199960381975,140.5842943753055,32.91595287428321,110.61999721755515
305.67132104203995,139.47653970261896,32.937447436074876,110.65947907528181
308.9584577009855,140.7465971160354,32.894129586061624,110.29634940440823
315.3483606180455,139.84220319658172,33.14058808845373,109.93409318723019
316.2864467865288,140.84957064881735,33.43490665641617,110.089849187688
323.02607406637054,140.81949555209044,33.02455411701726,110.1499993811418
326.1395968616794,140.8758654194016,33.3116912769091,110.03725964651947
332.6456838407548,140.78610873099976,33.35025475362994,110.21677302332317
333.8134483052679,141.23841868489,33.19310475233914,109.31215311554271
340.3436569503938,140.8726764490703,33.10864457824898,110.0436375871821
343.5776863547355,140.71673167596072,33.15493271156699,110.3555271334013
344.80093289758986,140.95978169430606,32.88516106485499,109.86942709671058
338.33140017095945,140.89705228809507,32.8352007564479,109.99488590913256
338.1718415396407,140.94814671433917,33.15431801908544,109.89269705664435
331.59393511147533,140.9216569736884,33.28917372259879,109.9456765379459
330.63725079204374,140.9334732785242,33.029133292564545,109.92204392827432
323.2635739576073,141.07636300784003,32.59871305921237,109.63626446964261
318.7310209286337,140.6241861277538,33.038935766503776,110.54061822981511
315.4792148031829,140.7976278105781,33.01098392846207,110.19373486416649
310.282820922361,141.15151362500305,32.544965189573695,109.48596323531659
305.84662053981845,140.78882870030725,32.804979530886484,110.21133308470823
303.39153399057017,140.7879744628963,33.378780695204924,110.21304155953011
296.77001749356236,140.23105721123443,33.54868535561382,111.32687606285387
293.74485838273023,140.2852232172816,33.005690032252616,111.21854405075948
292.6759382588247,139.25922102162167,32.95737013260967,111.08438829462543
295.862126796041,140.0826223267737,33.13508824872339,111.62095074783677
301.1396820643223,140.6580297543434,33.55125477592691,110.47013589269739
303.44015645988014,140.93713564865206,33.32168635727685,109.91192410408007
310.00288323266966,141.7398370120454,33.23743468106903,108.3065213772934
312.3719417314628,141.30712264500983,32.797791797589,109.17195011136451
317.66892049554986,141.32382292235127,32.97056963278183,109.13854955668162
321.01647165086285,141.09202959070566,32.74370173865992,109.60213621997286
328.4658659951734,139.4507622070825,32.9539253180247,110.72624066322115
329.42379955551115,140.05866455252595,33.2162937184096,111.68867149339471
334.71256320125275,139.19071571972873,33.62237502847235,111.22784743867993
336.9856320948461,140.1482995009227,33.471708293996386,111.51041540264738
344.81369757889985,140.40648337772313,33.208164479756846,110.99404764904646
346.01886244664416,141.23171098435563,32.98457903635622,109.34359243578149
339.595849841123,140.70544322224387,32.875162725469224,110.396127960005
338.6853173528327,141.1090288494742,32.524124391635794,109.58895670554432
332.25138970195655,140.87427341358253,32.466982934575405,110.05846757732769
331.0835810094936,140.3767272200059,32.64285701404157,111.05355996448093
324.46560228056006,140.3679459806968,32.81632190644303,111.07112244309914
321.21247117130935,139.81725165473148,32.78091574553041,112.1725110950298
314.6355867554686,140.65594953056808,32.761885702555105,110.49511534335656
313.2591925684084,140.74773739775011,33.343274949151,110.3115396089925
306.63015444106213,140.51813309379256,33.523804453039745,110.77074821690762
304.56683854105285,140.7839806192994,33.271560765412296,110.23905316589395
298.29784623524085,140.6742094083775,32.746131191488544,110.45859558773776
293.1314973537131,140.90724536669927,32.22587935920565,109.99252367109418
293.021245918929,140.35356028630252,32.44638222877377,111.09989383188768
294.02967144914663,140.123073379322,32.60361177544746,111.56086764584875
300.3091224525212,140.703354168619,33.145842190107615,110.40030606725476
304.562517976101,140.68709603633636,33.3477971110786,110.43282233182003
308.07052780569444,140.657703265475,32.875952825487076,110.49160787354276
311.3974395438951,139.17011413617018,32.7425349894503,111.2933175853642
317.6256103110247,139.00489024394815,33.380146472436195,111.62376536980828
319.8748248844722,139.79234627865296,33.27940901625782,112.24769914575701
326.53236594335704,139.95949675991227,33.1991312271792,111.91339818323834
328.6365456134585,139.80320621249427,33.38993449407046,112.22597927807439
335.33897618751513,139.07375426823688,33.230354021239464,111.47733638737543
337.4493921054757,140.17511206807154,33.39750911158575,111.4686142508398
341.8790000238937,139.85321019128435,33.32618462421223,112.11241800441424
344.02098031520535,139.98951555044187,33.45173691986459,111.83980728609916
344.07924996099416,139.53340852751322,33.33519762828698,112.75202133195648
338.6808180485592,139.99452905590272,33.06221529217544,111.82978027517748
334.3196840114695,140.14651901473223,33.00106586155308,111.52580035751848
328.8823079891978,140.51879892141463,32.92372104406012,110.78124054415366
327.8374792799143,140.56268098009167,32.83492601458972,110.69347642679955
321.3219347778144,140.87490118209826,32.81264566301721,110.06903602278638
316.80331645468,140.61334125062803,33.184620457062216,110.5921558857269
312.28372237348617,141.7405442878541,33.501325582412164,110.51837057053416
308.9216110684208,140.419475155123,33.66920371048569,110.97506067531069
305.56167610524585,140.64367143688082,33.80400024832904,110.52666811179502
300.1830796501278,140.70919724282587,33.60534132638985,110.39561649990493
293.57082675893787,140.61142886266418,33.71602703608449,110.59115326022825
292.5918106260016,140.5559994988547,33.48360401346025,110.70201198784726
292.87406676020925,140.32497388812214,32.91909174504487,111.16406320931235
300.48973582000593,140.53320980107617,32.974217374268534,110.74759138340433
301.74432421410717,140.67012520130396,32.643954971524856,110.4737605829487
308.04694789537916,140.79531483079063,33.05213982052149,110.2233813239754
309.1333825579853,140.16953356818397,33.052214949574385,111.47494384918872
315.71353917080717,139.3230677583125,33.03580606572501,110.97722474529925
316.7475783638134,141.5855153999809,33.15103404258806,110.8189421877132
325.5069742824207,141.3374499366332,33.097893970335555,111.3150731144086
327.65664434003617,140.22718120240802,33.17703037551075,111.34637232265587
334.3864120186391,139.54904407061963,32.86439923598553,110.5114958832859
335.01345016158166,139.2969349467125,33.78385821296604,111.01571413110022
341.8214319712674,140.4025987326855,33.354237217635,111.00211032982759
343.9480011565849,140.85546967596977,33.48023617357469,110.09636844325907
344.0876256899952,140.4315378089058,33.20098710675404,110.944232177387
340.0139558934133,140.5754561588231,32.60470166225689,110.65639547755238
336.7234897852737,140.85231437542433,32.67336057916351,110.10267904434991
331.3374947605198,140.72430880837135,32.62432920619465,110.35869017845587
329.07121422439076,140.28043590083823,32.823063356595476,111.24643599352216
321.38090766342975,140.1358803250934,32.921554726332126,111.53554714501179
318.122288357347,139.85403955193232,32.871555879571375,112.09922869133393
312.5053087937696,140.24657994007126,33.12492623920584,111.31414791505608
310.28802049337475,140.61365018781007,33.180048325464284,110.58000741957846
306.0276634463882,140.68602452964615,32.97930632057712,110.43525873590633
299.48173092237863,140.52453684786565,33.02362811387361,110.75823409946732
297.30931078697347,140.75754239955364,33.00850345077531,110.29222299609133
290.8898699900512,140.65400594778242,32.80873224904204,110.49929589963378
291.7642173425595,140.30063469472984,33.23236618420479,111.20603840573892
299.24624047821055,140.5886810715367,33.59966945968201,110.62994565212514
300.5053225068086,140.78965910112038,33.27035522677339,110.22798959295784
305.9749269049616,141.2106487665721,33.21643015037098,109.38601026205438
311.2555186871166,141.20118747239604,33.47593343108229,109.40493285040652
313.6642034838792,140.9425672697691,32.996983739460134,109.92217325566035
317.82124747289225,140.9789027807384,33.35353119759536,109.84950223372178
325.4972565697712,140.84138380846846,33.21419146500922,110.12454017826167
326.5345564778902,140.57817117632152,33.31414285828847,110.65096544255559
332.13861417660667,141.0175804003993,33.02530481761212,109.77214699439998
336.81894158873223,141.2076748528345,32.328894124306515,109.3919580895296
339.9920531506776,141.24322210552418,32.425927404796404,109.32086358415025
345.437078238019,141.49565977756993,32.278627786789286,108.81598824005872
346.45974717930375,141.71800485277817,32.371962961665204,108.37129808964224
340.25925834316706,141.91029080363916,31.968242771408594,107.98672618792025
339.07932342286267,141.84887818220358,32.20693455788728,108.10955143079147
332.7547842557321,142.37043324845848,32.09191598484376,109.19379078283242
330.64500202803276,142.41170164339565,32.030393077361495,109.11125399295807
325.35872973528166,143.09446345806026,31.91177556042762,107.74573036362884
322.04436323995986,141.8100855073796,32.19034656300391,108.19776560230108
317.85158398584497,142.3508724262253,32.06274819115589,107.11619176460971
314.69503501759516,142.16589723423152,32.04398776234698,107.48614214859728
310.5548421845665,142.81246342706413,31.8623530854029,108.30851484868244
307.18138974689595,142.1351843813625,32.23798091106283,107.53931392352524
300.67709627526483,143.24543072281625,32.52741890015449,107.43867939964619
297.79183093492713,143.30948165513374,31.926547093905352,107.31057753501119
296.6116365296062,142.99811483773956,32.1760951835416,107.93331116979952
300.6177804968465,143.2777524335936,32.66094230774984,107.37403597809146
303.71518899349326,143.04279234356375,32.84220265063554,107.84395615815114
311.50688745375487,142.08050249038652,32.20639803206461,107.63316553565528
312.4409660082375,142.1650397591377,32.45884094234837,107.46409099815293
317.6805864012384,142.2934025447005,32.594047919929515,107.20736542702731
324.2312101121696,142.65985961204348,32.223360930687065,106.4744512923414
327.35814242539647,142.9787082867138,32.28304285186659,107.94126945887845
335.11871091384654,143.94536574097225,31.646578210211146,108.13433631253939
340.1521475841902,145.59900023449924,32.16611619630573,109.06163185619818
345.7365562635819,144.47163508530215,31.697575411816636,109.17630683973351
348.0501006156106,140.48521836003763,31.336397037657022,110.75027479541596
357.0474750290422,140.1482274600417,30.52914245197894,111.42425659540785
357.95872734762196,141.93269368062874,30.849456126084675,109.998142465499
352.4530499353024,142.77072130303642,31.217215956513268,108.32208722068367
350.4135841047479,142.54245973541174,31.072276986853282,108.77861035593304
349.5954519731546,148.04757637212478,30.592864743528793,108.34675961506231
349.98204313710704,146.00863825214418,29.819682415623866,110.32401124204684
348.9162123213498,131.9583923656628,29.837349384254956,110.94257239752557
372.60555872529045,143.04773304721283,29.165429055070845,107.87120704843801
341.0464672360255,151.90094974107848,30.268850189504356,106.7020434857991
340.95296595409127,130.78890008859284,30.45585275337281,107.49892029215162
356.7642337896773,141.15769038649967,30.124827804859137,105.53624612993298
335.02778562229713,153.06359154823218,30.501161948657106,102.24661627835476
336.09531855730694,153.55333619930173,30.37883497864093,101.26712697621574
328.221335309181,158.00016671486716,30.153920091475065,98.36329646386656
321.5860525829361,156.6088042205693,29.765179032974384,99.19469195089223
329.4750257372922,155.76020578581023,29.63442306140628,98.9359900282674
336.49657509514117,157.47686671908482,29.24000834758604,99.4022921622547
343.5426564989294,156.28407070140614,28.791400480084768,101.78788419761207
352.683862432771,152.4217266837483,28.278638213385143,99.64054467682581
352.5638396697612,153.7092503125079,28.518683739404786,99.00001902498484
359.50481751162306,152.18066371140208,28.146452304367813,98.19727101328596
365.18806760202307,152.5966502116106,28.250038797386964,97.36529801286886
371.9968780750917,151.97764905255994,27.945459158034225,96.7014372871439
376.68389462654835,153.32395385076398,28.005470495465666,95.89563657880478
380.7721450629877,152.6637846299148,27.335140448634615,95.33943231399124
386.365369858973,151.5965242612399,27.285840527537438,95.61776143952889
389.18756428942066,154.27231116887705,27.219053230909516,95.84378918852197
392.0965216918952,152.89944836555503,26.98456787656404,94.86722849476365
391.52287663386994,153.30007968060775,26.28887760901197,95.90894624826079
384.0220854526107,150.28424563265546,26.53331535316713,96.4066851122792
383.13025177552737,148.7690927985007,26.460739865256222,97.58074793851105
375.6180769584946,148.75373718795623,26.513740535291788,97.61145915960006
369.0522912616587,150.23898209737024,26.5353821957777,96.51381644551284
368.2465396343389,150.52889446273528,26.289094241576272,95.93399171478279
362.58759352223,146.98167396262482,26.536986466426306,95.64843271542522
352.3777391743227,155.09989296264678,26.654821712703363,94.1769935877723
301.5387635174686,160.59433007844842,27.843471116319364,90.4964322223575
294.0420416443751,159.02085465277813,28.459807336267716,90.04910619213844
286.6929164924282,160.9924510242646,28.74067384548099,87.90808642350056
281.15267488147674,161.5099415422349,29.159582109525992,86.87310538755989
274.91375375870587,159.82539089567427,29.24828951794263,86.7024538700741
282.11755496000484,156.98962819491163,28.99322754682815,88.8358441637285
288.85674250903304,158.4665835490673,29.87286009592715,87.67668441131157
345.0743448309413,151.32941970235782,28.687236053925332,92.97927173361646
355.88783255754595,146.18506740057848,27.387389295965658,95.87629317526614
363.50058333376785,148.19674491338714,27.079855820989458,97.44717617869915
370.8194672077673,145.62598911955126,27.491323179647342,98.82637898970671
374.4834515204967,148.71372459154594,27.796583635751944,98.37582985689002
381.1419910703212,149.1011111996471,27.833165759630774,97.60105664068764
387.7358068636672,147.18956265382778,27.92744550747122,97.62932192245984
394.43371395516,143.73831974825245,27.82865760801559,98.83308218352623
398.48452875179504,145.67695235228575,27.38589379625914,98.78524986621645
405.418211103475,150.43409697619938,26.858792757983743,98.79972037916393
409.0939379354731,149.08512776193686,27.091598297450183,97.70552920595767
409.1052668344546,146.5382885906833,27.06894049948718,99.02917469449376
400.7735064120324,145.36526612339162,26.603268543912012,99.47197598458604
394.0946699995613,143.4658230764891,26.655879300030076,99.46941577301273
389.36008584164557,145.06341276037122,26.616660161689786,98.17591389608283
381.9591894459329,141.97655107771263,26.356612874369016,96.81871722202699
375.51736005794004,146.82572334574718,26.22915872451445,96.41402477584381
368.94364753569056,146.69812361940564,26.42212911585199,96.66922422852689
362.41671006588393,148.34908550296097,26.47101814049988,95.22515559212559
359.7351530591253,148.08337321632862,26.31886703556978,95.75658016539029
352.41445094513637,149.45878746113488,26.215798749899292,94.84881073998382
344.9621531406714,144.300064322187,26.493727373924937,96.02459015231437
342.5190220399855,145.1714697050044,25.82964226117766,96.1318951580526
331.99022697749325,146.16139137358417,26.656553251438172,95.99120446950434
332.16707330974026,146.95550816605498,26.3028605869441,96.25566832862384
338.7012431625852,148.02110836261875,26.183051555857226,95.97425803186812
345.1921080466109,149.37473860731802,26.10635608410282,95.11057387051204
350.8251874533269,146.59517093716786,25.820012921224567,95.17980138553541
304.4492566905511,156.72735823313099,27.29352070158527,91.3455304677436
306.7734535855921,158.84049897455208,28.042040381107732,88.91822014143622
315.48533004439645,157.88071705954528,28.402567549146507,89.05935596288509
318.0159317437552,158.2017307510912,28.702578526347335,88.41732857979328
324.19829838407946,160.38260918001856,28.82212023338529,85.8390395773223
332.841779427684,160.17857128366347,29.02501104256625,86.2471153700325
383.51820709805764,147.38695083921152,27.906874471203032,90.72831020222398
394.56219433740233,148.11905950288576,27.438056848240212,92.86728568416319
400.4990427434006,150.58832498377345,26.50343582054114,93.39829261453654
399.7237336873385,149.72189993525043,26.240793142917862,93.31788192183518
395.31196327390575,147.2987064189311,26.028255793551935,94.54983768398128
388.6143342732235,146.69247395428908,26.67929374932927,93.94169974961008
383.16148175334155,149.8282910900848,26.639706945327575,93.14271139990144
374.9289068440714,150.2133000226499,26.79506984147689,92.37269353477123
366.7416462775121,150.89298583694486,26.931592482488494,92.81754396085991
365.03031559151697,153.3605013263147,26.728153277087095,91.50861355951164
359.9902051955941,147.42019134839904,26.063772304809813,90.85386479053282
352.0252782990005,153.02107114870014,26.071409234828394,90.26691643204316
345.8881790067662,151.4901334023715,26.018684179709354,89.80681374196118
292.65537797355165,159.8157577053311,27.273842782396827,87.1836242645408
285.27323715405504,162.8365102247634,28.120874828483885,84.62143162390272
279.01183763822706,164.57817419791854,28.611881780072274,82.85693111760207
278.1364587386204,161.90766866756968,28.65998204050141,81.38731202316283
284.9321065845285,163.45060716977292,28.529184903669098,81.66655965750239
288.93631624619536,162.03833599881318,28.941622130502658,82.8069306893884
294.1578263347236,162.31094091616006,28.746268030208192,82.26172085469467
301.83658121914436,162.8368348397958,28.65826440862866,82.90654480156336
307.76329956802795,163.28329089469813,28.734295713382444,82.01363269175876
311.0911290668309,161.48771858222932,28.850050506461283,82.21907042135403
318.7321602577782,161.894495655406,28.848993826908902,83.10340579748318
322.8200264836129,161.71681591152372,29.2257092147001,83.45876528524767
330.6113620724203,161.54264250538353,29.144743532682753,83.80711209752812
337.576227772619,160.32402790714656,29.022293029959975,84.51843118179275
388.31978105957666,151.25546294474844,28.097019387283872,88.78496346090077
396.4703975227081,151.00868142288152,27.793739886766872,89.2785265046346
402.8872400355357,150.2229648086266,27.412757565459692,90.84995973314446
395.9575076469813,149.3222944286789,26.91886098276362,92.65130049303986
393.5075002410122,149.58849816567235,26.3874823293639,92.11889301905296
334.5848223749764,159.27945626916258,27.68544871525131,88.87430764462107
327.2239081238201,160.00085402943526,28.237460549810507,87.43151212407571
320.7690575076395,161.70990491407184,28.820737431228096,85.7743281192231
316.356202339522,161.1948451340998,28.90625440176806,85.05640900602809
309.446615934679,163.54631333969766,28.810423131304212,83.83222361486985
303.6552188976137,163.34466972113188,28.351951688134008,84.23551085200141
297.61480002453857,164.00956986797468,28.409866219016614,82.90571055831583
288.38551961172544,165.07832412118387,28.17203327743594,80.76820205189742
285.075729754514,164.15711249776587,28.132184571906684,80.94576819374541
280.17682552580806,164.4823779669298,27.92999897477475,81.9619029311749
279.24529155312246,162.5455886712862,28.115597098739837,82.48054187964993
281.1109880517648,166.46806887422915,27.760696512206003,81.38856629526573
288.3423183442524,164.4848790523533,28.29393742224499,82.02252338456981
289.80438872670464,163.36104916372528,28.739732821454496,82.58521507976887
296.60627087922694,166.05401323968232,28.744839684992108,80.60150472000035
304.95347764964663,163.54967737699752,28.779212889551104,82.26441909629031
310.87175264816045,165.75968137648616,28.82340774126491,81.23890962552484
318.58928321669885,161.9634428617642,28.539035476986783,80.4143372811917
324.3659136563064,160.57340355058471,28.651077340431055,81.52794408317078
330.2256808758334,163.62725886165612,28.722401005596883,82.15786666343934
332.0635824033031,163.48022816986403,28.435989446885465,82.4519280470235
340.41880365520933,161.22390335898643,28.66233323067606,83.57722041125814
347.143425022515,160.56195168497737,28.92386246081673,84.9011237592762
398.10991760200653,151.05165880296767,27.764963822138697,86.54686701979477
