302.0,74.0,36.0,70.0
301.91245017834405,73.7995452028294,36.175099643311896,70.40090959434119
301.6678145547504,74.69737465961583,36.664370890499185,70.26183537741682
301.5192893056311,74.51155244377611,36.96142138873775,70.63347980909624
301.4779025357069,74.36141541148095,37.04419492858619,70.93375387368657
301.2593799530617,74.98265281984443,37.481240093876664,71.3706507805127
301.1880886370685,74.9313644115988,37.62382272586294,71.47322759700396
301.1138818949017,75.05795679071952,37.772236210196596,71.22004283876254
300.92627543853723,76.05289921343878,38.147449122925515,70.9262456930264
300.8313066638227,76.09689927299311,38.33738667235461,70.83824557391772
301.5955221654564,75.88775684773148,38.50910444238133,71.256530424441
301.546287525202,75.83796834633075,38.60757372289005,71.35610742724245
301.2293666724975,75.6930134736572,39.241415428298964,71.64601717258954
301.9853500378543,75.72689199558133,39.456965988710934,71.5782601287413
302.04176248416206,75.67528955430345,39.34414109609539,71.68146501129706
302.10446720729044,75.867344231053,39.21873164983864,71.29735565779797
302.9162247223011,76.94943619390578,39.31720074996127,70.85515586223624
302.9967398506437,77.78242275409556,39.156170493275994,70.90631674919612
303.75003181905,77.7875699493697,39.364729613157,70.89602235864787
304.60211224879555,77.76282315572954,39.37911686359326,70.94551594592818
304.53052149351896,77.70912238351742,39.5222983741464,71.0529174903524
304.6088779126981,77.71259253402776,39.365585535788114,71.04597718933172
305.4729292102607,77.54436391008184,39.35826086482607,71.38243443722355
305.34736721568896,77.54788291890027,39.609384853969615,71.3753964195867
306.2130736780048,77.6154105128426,39.60777342986742,71.24034123170205
306.264895689537,77.7491595381276,39.50412940680296,70.97284318113205
306.32655567301094,77.69224770165681,39.38080943985505,71.08666685407363
306.4917905704218,77.75391168414757,39.05033964503331,70.9633388890921
306.49203794680085,78.64385998919794,39.049844892275196,70.89762108347901
306.34376394903893,78.53427964409397,39.346392887799055,71.11678177368692
306.3041306438337,78.17746764523301,39.42565949820959,71.83040577140885
306.2068838043108,77.96416722231788,39.62015317725541,72.25700661723913
306.2794304391681,77.771540689821,39.47505990754071,72.64225968223289
306.4070633233861,77.77875504419862,39.219794139104664,72.62783097347764
306.3752345021216,77.81756295323734,39.283451781633715,72.55021515540018
306.29271205898317,77.87895039126774,39.448496667910625,72.42744027933941
306.1167677336504,77.8234469935163,39.80038531857612,72.53844707484228
305.9984519076751,78.4886442650956,40.03701697052679,72.95828651985829
305.8591120051883,79.40451647561574,40.31569677550035,72.88701327288334
305.83387907423355,79.39826642813844,40.36616263740984,72.89951336783791
305.80553132539615,79.4268618075021,40.42285813508471,72.8423226091106
306.4091863232241,79.34941573687766,40.98089093300323,72.99721475035949
307.40265222754573,79.23005548669968,40.771098301144136,73.23593525071546
307.45305321944,80.11820352375742,40.67029631735557,73.23673404294543
293.9849982473577,82.01452346609452,40.975579907944734,72.99487100541465
268.3966835762138,82.24222745140877,40.6188001315719,72.53946303478614
251.69903296545522,82.00102920938829,40.49419607970479,73.0218595188271
233.16501255917743,83.01333819326518,40.408796417298326,72.766453002262
206.6979973813436,85.56504820138228,40.423361578906366,72.95497950543376
194.33940340339961,85.5414755915656,40.40233156213931,73.00212472506712
194.38373825185099,85.40271598576822,40.31366186523655,73.27964393666186
194.1641939485852,85.24436380376471,40.75275047176813,73.59634830066888
194.28648775950927,85.26849019995402,40.50816284992,73.54809550829027
194.32074336285058,86.15226411049011,40.43965164323737,73.55776874022541
194.12021503090486,85.92095729660679,40.840708307128786,74.02038236799204
194.2119117870502,85.91938795541387,40.65731479483813,74.0235210503779
194.20060027153013,85.9865275466961,40.679937825878234,73.88924186781344
194.24676919611952,85.73286818104685,40.58759997669951,74.39656059911192
194.26496468260729,85.65277091912303,40.55120900372394,74.55675512295957
194.19443074420795,85.53305694790814,40.69227688052261,74.79618306538934
171.62130884154814,85.82244313494442,40.86897085081854,74.2174106913168
156.22937384894357,87.67364844571404,41.16740796993172,74.1015215834359
156.16893467125408,87.76195473283875,41.28828632531069,73.92490900918646
156.07876702916906,87.80098974137205,41.46862160948075,73.84683899211987
156.09367066506246,87.58979635550196,41.438814337693934,74.26922576386005
142.60510298275608,90.7105511602857,41.35979303827997,73.43894748709792
122.84905462619223,90.71186442950713,41.489221938278064,73.43632094865507
109.20940492650806,90.76260256793658,41.88425896633025,73.33484467179616
109.85073500056039,90.60632868702791,42.39909413113472,73.6473924336135
109.80909970603858,90.05832514840819,42.482364720178325,74.74339951085295
109.80344169129513,89.46980989726237,42.49368074966524,75.92043001314461
109.68349488168992,89.33764497267373,42.733574368875644,76.18475986232188
109.46720409213897,89.27081812498268,43.16615594797756,76.31841355770396
109.27239029291138,89.94169397301363,43.555783546432735,76.84011347954015
109.22422927912227,90.72607419896477,43.65210557401095,77.149150466925
108.22794464236628,90.4196996513015,43.760665863388866,77.76189956225153
108.1858361172332,91.08836085948079,43.844882913655034,78.31949877730132
108.05399372633546,90.71032554012419,44.108567695450496,79.0755694160145
107.88374785496664,90.6905559287782,44.44905943818813,79.1151086387065
107.8012946904789,90.78505170899723,44.61396576716363,78.92611707826842
107.81819895028433,90.6009517428613,44.580157247552755,79.29431701054027
107.71045348489591,91.76820576367409,44.79564817832959,78.89134320755099
107.75517464036902,91.83200663009227,44.70620586738338,78.76374147471464
107.71523338657055,91.8723554289751,44.78608837498033,78.68304387694897
107.86774363175141,92.9310802554742,44.48106788461858,78.49158399486687
107.60560985420014,92.95877282472443,45.005335439721144,78.43619885636639
107.75335390758421,93.14124216462469,44.70984733295299,78.0712601765659
107.62806493404454,93.04893849810554,44.960425280032325,78.25586750960417
107.78784313973087,93.96709328148933,44.64086886865967,78.34217964878758
107.96324847218919,94.04925426076085,44.29005820374303,78.17785769024455
80.24954453726923,94.13950630069267,44.3251250284107,77.99735361038088
65.20217469616117,97.72396013790971,43.891788728029425,78.46046493159614
50.09491525852373,96.73185845532036,43.58656014968591,78.53718408092371
49.993266571985856,96.67664201980642,43.78985752276165,78.64761695195158
48.804678289399,96.76905309042216,44.25852019667197,78.46279481072011
48.73486502558068,96.77978061731565,44.3981467243086,78.44133975693315
48.80706817302874,96.6540989563943,44.25374042941248,78.69270307877585
48.781028527295774,97.63460677813626,44.305819720878425,78.64876804759882
48.95969080895928,98.54125834433123,43.948495157551406,78.75278184050968
48.768181277952735,99.1708353313556,44.3315142195645,79.4063991480937
48.50411982781354,99.00009399277727,44.85963711984289,79.74788182525039
48.603270335823645,100.02233607660406,44.66133610382268,79.64639692959747
48.4597527432269,100.06977142610508,44.94837128901616,79.55152623059544
49.6219684141087,100.02303767362125,44.565543860182984,79.64499373556312
49.581481131871925,100.18611740990295,44.646518424656534,79.31883426299969
50.72041346116732,101.1358323729632,44.30167997242809,79.35243054324157
50.654299913190115,101.01144479879534,44.4339070683825,79.60120569157726
50.41329533190526,100.99005891527993,44.91591623095221,79.64397745860808
51.579308892785804,102.21470606229593,44.52630889391194,79.13710294929687
51.434787433398775,101.92001283086057,44.81535181268599,79.72648941216761
51.40913099030908,101.69090897946036,44.86666469886538,80.18469711496803
51.52674769100538,102.13287900291886,44.63143129747277,81.25033552421809
51.26836721343038,101.90505323928652,45.14819225262277,81.70598705148277
52.16821048539802,101.72660168268663,45.32536135988659,82.06289016468253
52.04861424963576,101.88441616124246,45.564553831411104,81.7472612075709
52.296426298840686,101.86164797600121,45.068929733001255,81.79279757805338
52.399488257848695,102.5115048478816,44.86280581498524,82.46986876205327
52.560206305943495,102.48998237348437,44.541369718795636,82.51291371084773
53.45769832878214,103.19545023268367,44.724775426209646,83.08036774554046
53.31572261454805,104.25618873683136,45.00872685467784,82.94878190882329
53.289427571631265,104.08201535317363,45.06131694051141,83.29712867613877
53.58205506846343,105.39755363578865,44.47606194684707,82.66489834246026
53.48495444718937,106.59713435815894,44.6702631893952,82.24524798059292
54.35508947427882,106.82934557850815,44.90664255692262,81.7808255398945
54.168885227701765,107.74204889298531,45.279051050076724,81.92925661276358
54.06709457504017,108.17297488994583,45.482632355399915,81.06740461884253
55.04309053711535,107.81584652071037,45.503758981708785,81.78166135731348
54.96206972250273,107.58500056048439,45.665800610934006,82.24335327776544
54.92288594284244,107.03289370775384,45.744168170254596,83.34756698322653
55.84570990935569,106.68694560439745,45.909783221544195,84.03946318993931
56.07684782986475,106.70118928933523,45.447507380526076,84.01097582006375
56.19817191740734,106.52435024133933,45.20485920544088,84.36465391605554
56.45469895370514,106.29799862308562,44.69180513284529,84.81735715256299
56.56815783131677,105.9769311905768,44.46488737762203,85.45949201758059
57.62387390162316,105.59239777933209,44.37388563523341,86.22855884007002
57.60069437520638,107.68020283460125,44.42024468806697,86.11325976407326
57.624525103402135,107.31416286083294,44.37258323167547,86.84533971160988
57.555456597435544,106.89788282502607,44.510720243608645,87.67789978322361
57.537096089190214,107.86145853913658,44.5474412600993,87.8045223093248
57.57014116909452,107.8569563319009,44.481351100290695,87.81352672379616
57.65991315999089,108.98844197128867,44.30180711849794,87.60581023502249
57.52545676779153,108.739636768704,44.57071990289667,88.10342064019183
57.41209260882569,108.74310114876168,44.79744822082835,88.09649188007646
57.357458421708735,108.76637293938673,44.906716595062264,88.04994829882637
57.188928235141205,108.82291633256537,45.24377696819732,87.93686151246908
57.158730105687724,110.95707822226288,45.304173227104286,87.80897136069449
57.03846531490656,110.55067112082907,45.54470280866661,88.62178556356214
58.29351697171518,105.86307339337165,45.12005380572876,87.56970946508
58.24356077130319,91.17373781328493,45.21996620655274,86.00793498502003
58.16049511329828,89.13189673061677,45.38609752256255,86.00867188827579
57.87881779270319,89.67287342791755,45.94945216375274,86.97105543873
57.778344099920346,89.52026273095262,46.15039954931842,87.27627683265986
57.67582533839846,89.24239859472159,46.35543707236219,87.83200510512191
57.5330090841952,89.09923854557626,46.64106958076871,88.11832520341258
57.36012720883107,89.90287968596942,46.98683333149698,88.60795725952147
57.182623274043365,89.66971036999558,47.341841201072384,89.07429589146916
57.14998163208139,89.31484089420859,47.40712448499633,89.78403484304314
57.03768058641533,90.17359113440551,47.63172657632846,90.20110225261084
56.977446093212585,89.80942144105435,47.752195562733945,90.92944163931314
56.82672590772906,90.54092224669073,48.05363593370099,91.62377825270514
57.00341291728519,89.64680798671556,47.700261914588744,91.23928112565105
57.07023409971208,76.76155499756459,47.56661954973495,91.07778977594421
56.77208760153054,68.09866244428984,48.16291254609804,91.15294603939438
56.721493793354895,67.9045407702649,48.26410016244932,91.54118938744426
56.82763406862547,67.66290884446161,48.05181961190818,92.02445323905084
56.83608071813237,67.4776538343039,48.03492631289437,92.39496325936628
56.78426734932457,67.45939882589249,48.13855305050997,92.43147327618908
56.74207124382359,67.56264609794746,48.222945261511946,92.22497873207914
56.521258506722475,67.57631608082521,48.66457073571416,92.19763876632365
56.388228843354106,68.43825850603673,48.9306300624509,92.66541261704441
56.41716328414726,68.16630041587428,48.8727611808646,93.20932879736932
57.93586229052188,59.62055488988619,48.04547399465855,92.61993323699983
57.84367439566342,49.29232127134421,48.229849784375475,91.4041839829105
57.75775312543912,40.84283188844545,48.40169232482407,90.9229707585997
57.925635345792664,40.585007058521754,48.06592788411699,91.4386204184471
57.88734458718207,40.40639707055254,48.14250940133818,91.79584039438552
58.060345254760996,40.59233850088139,47.79650806618032,91.42395753372783
58.189910094653584,41.693515996612554,47.537378386395154,91.38697115811497
58.23773280461832,42.95640544876362,47.44173296646568,91.02156035391337
58.192473110705095,44.03492787805149,47.53225235429212,91.01786997659255
58.141458379987995,43.84381657839405,47.63428181572633,91.40009257590744
59.26932595558269,44.00795533275152,47.54077465614197,91.07181506719249
60.21805565083186,33.89627614507874,47.799111617480655,89.7372099241676
60.55994075497385,24.532207576427602,47.115341409196674,89.1998999569103
60.47652134959182,23.92823669390792,47.28218021996073,88.28687549405083
60.50158619824628,24.283097319788574,47.23205052265182,87.57715424228952
60.59320075647643,24.510129855994073,47.04882140619152,87.12308916987853
60.46546475264955,24.187821121917935,47.30429341384527,87.7677066380308
60.22805244990878,24.00182911139099,47.779118019326816,88.13969065908469
59.99409427327035,24.110450016741808,48.24703437260368,87.92244884838306
59.63736252613589,26.058927520210496,48.9604978668726,88.26854001027748
59.71445991032688,26.01231832454583,48.80630309849061,88.3617584016068
59.55155812139008,26.88842612886625,49.13210667636422,88.7470976922075
59.603851910275175,27.708115702654524,49.02751909859403,89.25652218578333
59.73312762679799,28.46918893277624,48.7689676655484,89.88891610429432
59.60347762047815,29.20159960558066,49.02826767818807,90.5835453327848
59.7307042720873,29.192141393791808,48.773814374969774,90.6024617563625
59.66593091308896,29.918352124329076,48.90336109296647,91.32009031697137
59.41397634425138,29.988815412075105,49.407270230641615,91.17916374147931
59.475568839730705,30.006626380811312,49.284085239682966,91.1435418040069
59.60220818761192,29.98137910553973,49.03080654392054,91.19403635455006
59.74586819314034,29.827315095069423,48.743486532863706,91.50216437549068
59.77290493510576,31.665094054927778,48.68941304893286,92.19216603622738
59.697730713787664,31.912176477144726,48.83976149156905,91.69800119179348
60.66944770577077,31.402038558282385,49.08364096208963,92.71827702951816
60.74296212291838,32.36855551067284,48.93661212779442,92.99175469398075
60.63495421868327,33.29541768330299,49.152627936264636,93.3460395671798
60.72615449198996,34.282335889691694,48.97022738965126,93.5891325795258
60.80767698498514,35.136671406798655,48.80718240366089,94.0978302053461
60.881154076022426,34.90758293486665,48.66022822158632,94.5560071492101
60.827734765100914,34.48728940018489,48.76706684342934,95.39659421857363
61.999382795651115,36.466967714065945,48.66417847160593,95.91805296936548
61.86797139827203,36.3008961657447,48.927001266364094,96.25019606600796
61.62425616282728,35.74235450189882,49.41443173725361,97.36727939369973
61.51873665599316,36.50876216714185,49.62547075092185,98.1149400778279
61.48272775551353,37.55613095496233,49.69748855188111,98.31528140047018
61.40834029541119,37.81328158228946,49.84626347208579,97.80098014581591
61.33857561741397,37.904627392430484,49.98579282808022,97.61828852553387
61.12789967319163,38.02574355586269,50.40714471652491,97.37605619866946
62.177385282860726,38.231670377845745,50.605894662220464,96.96420255470335
63.26517585537886,39.47319889770485,50.725405305719015,96.77623730351996
62.98797500312165,40.40725233424298,51.27980701023344,97.20251457361621
62.71820209630792,40.47926319606162,51.819352823860896,97.05849284997893
62.368781952715665,41.35941845677784,52.518193111045406,97.61549689505465
63.51348498490345,40.80910069806936,52.566278940680704,98.71613241247161
63.3703950367141,40.451141221307964,52.85245883705941,99.4320513659944
64.34056593639376,41.59250247552197,53.28208629447727,99.51929811434357
64.39610242842717,42.93727925421551,53.17101331041045,99.20836432772614
65.53821433049612,43.765215917310215,53.258926907491244,99.92462840275542
65.43635677894552,44.82009085058073,53.46264201059242,100.19906911851093
65.24707560746587,45.832747124445774,53.84120435355172,100.56548016688552
64.94968833447567,45.44927375823715,54.43597889953212,101.33242689930277
65.03272471405755,45.685618258620615,54.26990614036836,100.85973789853584
65.03167920613075,46.89624022239165,54.27199715622197,100.85377964746313
66.15558001087336,46.9953090058809,54.43942924933421,100.65564208048463
67.3721956620968,47.9589123929385,54.42137802614114,101.1436153856232
67.28902622973806,47.98607497456383,54.58771689085863,101.08929022237255
67.2439859467689,47.72345960757841,54.677797456796924,101.61452095634338
68.45559955643384,49.99104902998596,54.687960874239266,101.94612338507267
68.27392796650953,49.41445602415214,55.05130405408786,103.09930939674031
69.53219526028832,50.71159345527201,54.99642727164611,102.96669233961637
69.55915366972265,51.55280992479581,54.94251045277744,103.74302395081739
70.77646435743347,52.486409290461054,54.97715461933983,104.34509076147091
71.87278599309182,52.233491967612,55.26322747280279,104.85092540716903
71.62035345807206,51.942406879293145,55.76809254284232,105.43309558380673
71.54452674528733,51.841912707690156,55.91974596841179,105.63408392701271
72.50084794004182,54.05302130647497,56.52096304053225,106.23958565270199
74.15194972069189,53.71452281647964,55.75184446091194,106.91658263269264
74.16601708567704,55.659584552640254,55.723709730941636,108.08611905890774
75.35088186825494,55.58533682407705,55.90050086923591,108.23461451603416
75.26400136566005,57.8134580949223,56.074261874425716,108.88186375557302
76.48947945558965,57.14668389696212,56.18754575645316,110.21541215149338
76.39437551265802,57.752387771801224,56.37775364231641,111.58976172648485
76.33540596035124,57.77918646991985,56.49569274692995,111.5361643302476
77.63442408956928,57.419188496389225,56.508095981999375,112.25616027730885
78.66278362815765,58.870597863434135,57.07258045415226,111.97454509254864
78.69113631391369,58.511504138278625,57.01587508264018,112.69273254285966
79.83146883303624,58.47855309747936,57.371584483121566,112.75863462445818
79.63720748169222,58.67435556945772,57.76010718580964,112.36702968050147
79.62442871643978,60.56906652208584,57.7856647163145,111.2220471079347
79.80468050980964,61.9568643042057,57.42516112957477,111.0745212825896
81.13800483758934,61.85075944976744,57.37820967876094,111.28673099146613
82.36355583160024,62.055221998449035,57.549111428467164,110.87780589410293
82.18598384514061,62.95389866938494,57.904255401386436,111.69939512623833
83.49424542146296,62.87935033855739,57.92485375196301,111.84849178789344
83.28686011428655,62.854960146942105,58.33962436631582,111.897272171124
83.22206673520593,63.86064291254107,58.46921112447708,112.533426405845
84.56983040116097,65.37943145430279,58.43277830139456,112.15494383114913
84.49967370120447,65.42541438085863,58.573091701307575,112.06297797803744
84.09540491767888,67.93126024402508,59.381629268358736,112.35922574177468
83.87400501537806,68.1816739015809,59.82442907296037,111.85839842666306
85.34176526154229,68.61299860756003,59.56135044267593,110.9957490147048
86.69894989274536,68.90779597214075,59.50221089912032,110.40615428554335
86.41044456139404,69.18903112390237,60.07922156182295,109.84368398202011
86.37663559507777,70.32132511899357,60.14683949445549,110.22620229441867
87.83645905420093,71.98411474218277,59.881097442989386,109.55452791482048
87.93438720409412,71.72169878668201,59.68524114320299,110.079359825822
89.22514929380971,71.92314271881352,59.74756372741883,109.67647196155899
89.1118699525356,73.35779808866697,59.97412240996704,109.4461328669228
90.43697237499174,74.58627672012176,59.963362480810346,109.62862051976879
93.16402036344138,75.64681016148492,59.79317403750158,110.14950740383775
93.19158524853971,75.61315164236454,59.738044267304936,110.21682444207849
93.0768778407418,76.69489312618285,59.967459082900746,110.70011807933145
94.38156840473337,77.82562062212655,60.015903944554076,111.09648907708052
95.6696776488409,78.72214381636034,60.10418278893193,111.9679400212058
95.51669419235459,78.64672788331198,60.410149701904544,112.11877188730253
95.41604419764305,79.8537951222445,60.61144969132763,112.39094802279331
95.42110784701578,79.56947517213142,60.60132239258219,112.95958792301948
97.11849644165207,80.99643094435743,59.90851655130981,112.80764772656771
98.50082223375009,82.20133239029033,59.83172198194113,113.08570184952923
98.50507129232624,83.4257033988323,59.823223864788844,113.32759011532215
98.46747115870883,82.85048618509168,59.89842413202365,114.47802454280338
99.8837972775666,83.9684623905347,59.77802060185144,114.95432083946068
99.98763274182161,85.10895029726825,59.5703496733414,115.3905210371309
99.8699992284802,85.10057425726933,59.805616700024245,115.40727311712875
99.86128803643813,84.96505918075295,59.82303908410839,115.6783032701615
101.21755819791308,86.10405023196633,59.839081815917865,116.12890422249413
101.28985751712938,86.48585009236834,59.69448317748526,115.3653045016901
101.16752163317136,88.032678231267,59.939154945401306,114.99342197856845
101.0307139762805,88.3401833303304,60.21277025918303,114.37841178044162
100.94726543459078,89.31105536022835,60.37966734256248,115.15285401182956
100.86042173178824,90.38283653326772,60.55335474816755,115.73973151477237
101.0150835984266,90.66658498520604,60.24403101489081,115.17223461089571
100.75725884710215,90.59633397562598,60.759680517539735,115.31273663005584
100.80226637328234,77.39608457766188,60.66966546517935,117.05935912955422
100.83268331091938,66.67238382085107,60.60883158990528,116.39925001573735
100.70386582284344,66.68620579395093,60.86646656605714,116.37160606953762
100.62014198576975,65.16045627775856,61.03391424020454,116.6663839958919
100.55206192166841,65.01315675849631,61.1700743684072,116.96098303441643
100.73486748390425,66.45318592152857,60.8044632439355,116.85152746366563
100.91295666512731,66.34620381080377,60.44828488148939,117.06549168511523
101.08724281894689,66.52469644731384,60.09971257385025,116.70850641209509
100.88016256411981,66.46722807737221,60.51387308350438,116.82344315197835
101.00541985988818,66.49071252753343,60.263358491967665,116.77647425165591
101.1662260232254,68.30209140214546,59.9417461652932,115.90600521189262
102.58689593651796,68.7457446953917,59.8343767313684,115.01869862540013
102.65206801372733,70.23003211636927,59.70403257694967,114.76921515735694
103.98209881605797,70.16752047396224,59.75715482700603,114.894238442171
103.78887037542256,71.57842318001384,60.143611708276865,114.78836744599536
105.05255949772037,72.88196862857991,60.33725839696687,114.90230148214883
104.93869783197417,72.77787423734395,60.56498172845925,115.11049026462075
104.96280620954171,73.90140777312908,60.51676497332418,115.59642445276093
106.41941728113947,74.20839590864593,60.34285907658606,114.98244818172722
106.20781435936172,75.56635786839846,60.76606492014156,114.99382654463983
106.18066450353525,75.40965231678041,60.8203646317945,115.30723764787591
107.49212922045857,79.54074583294198,60.937716100771404,115.26589332402335
108.97804379287632,79.25505950855342,60.707574657194115,115.83726597280048
108.9523104491926,78.9330696672028,60.75904134456157,116.4812456555017
108.88088492587364,80.31177666025434,60.901892391199475,116.48031657238828
109.0682033064098,81.92337996867533,60.52725563012717,116.01603778079209
109.15315857644443,83.39253184249506,60.35734509005792,115.8233970339531
110.37825897948751,83.29537584995734,60.64705436266675,116.01770901902853
110.2572860415028,83.12413435049478,60.8890002386362,116.36019201795364
110.38707068251352,83.55799263212984,60.62943095661471,115.49247545468353
111.6778192895606,85.07037384788799,60.7876584574209,115.20743773806754
111.78570645643812,85.21772724378461,60.571884123665846,114.91273094627431
111.85901011380977,86.91751587783287,60.42527680892255,114.24336543299654
112.98300208329,86.90129341679682,60.89514205208881,114.27581035506863
112.94568983101061,88.21833548164838,60.969766556647585,114.36811432074961
113.04939840567116,88.07921830442851,60.76234940732648,114.64634867518936
114.30074749785454,89.40462007793053,60.98921441616025,114.72510832138585
115.63483389983881,90.53705459583324,61.055656181626816,115.19485385501554
115.38007180577772,90.21906204142502,61.565180369749015,115.83083896383197
115.13748189945419,91.37175848310551,62.050360182396076,116.28621377109829
115.03794210460165,92.62959040235057,62.24943977210113,116.5463410307786
116.38667645211642,94.17459740334102,62.33500483902375,116.23936079074983
116.23269058730432,94.20012747878353,62.64297656864795,116.18830063986482
116.20382093082674,95.59936948914215,62.7007158816031,116.17431843729
117.34194855049974,95.6787102897266,63.209744831150516,116.0156368361211
117.38779480869724,97.31649037739218,63.1180523147555,115.5317288260737
117.37333099205546,98.44001952416295,63.146979948039075,116.06761754609614
117.45301893918378,99.05829981917344,62.98760405378242,117.6224026901725
117.39324456913039,99.9143932334907,63.10715279388921,118.7217460318506
117.16342455656749,99.92700779198427,63.56679281901502,118.69651691486348
118.37249027606822,100.8788662121092,63.98593454789569,119.63007324249574
118.13116036262953,102.59009921765357,64.46859437477306,119.06581077395528
118.17809888922375,102.52422927866559,64.37471732158463,119.19755065193125
118.03722250442189,104.88892242325727,64.65647009118834,117.32665513755637
118.1261370220541,104.6784023511505,64.47864105592393,117.74769528176992
118.35253831434707,106.06211999998808,64.02583847133798,117.81914743245461
118.4627616028484,107.46682457172689,63.805391894335315,117.84194059884359
118.61729421484219,108.24175451988648,63.496326670347756,119.12084828480732
118.735038165361,110.13698022633442,63.260838769310105,121.01502274187297
118.8172944979017,113.70523044074108,63.096326104228716,122.4769094412229
118.66410527849689,112.34331389331592,63.402704543038354,122.31597514476334
118.63657417253347,114.12168945165178,63.45776675496519,121.64690525419593
118.81103793981245,116.92009054562705,63.10883922040723,121.80770447435171
119.09177649488872,115.06433171260056,62.54736211025468,122.64406374662508
120.71687879224021,118.8909396499885,62.174911995575435,123.62411131192032
121.04761899413569,117.83629106049005,61.51343159178448,125.73340849091721
121.30415844195633,120.72939911263478,61.00035269614318,128.6624573555252
121.30070747124978,119.6017366691103,61.00725463755627,130.91778224257416
121.33344118217988,120.33999503042509,60.94178721569607,132.41315520398615
122.909950367775,124.00626979126504,60.78127170711916,134.0581142701462
122.83281674627112,123.84303679115435,60.935538950126926,137.39817965353606
122.66133202464889,122.80026047420078,61.278508393371396,139.4837322874432
123.95958027354942,125.10000577524308,61.783073336858635,141.08636456793525
123.69409771448106,126.00081152216187,62.31403845499537,142.41792895183855
123.47682793808559,127.01636509575516,62.74857800778629,143.5486492816039
124.85975626880446,131.30381924857028,63.168590664175,144.53134892945286
124.76801195493748,131.24088451783905,63.35207929190895,144.6572183909153
124.46568797200769,131.36891954411013,63.95672725776852,144.40114833837316
124.34102803149666,137.29387537874138,64.20604713879058,145.42926440617828
125.9237350911602,138.22914796798193,64.27943541080904,146.79752161904264
126.08334244189565,139.49243895465878,63.96022070933813,147.5308648282201
126.29735619940057,139.46122970487744,63.5321931943283,147.59328332778276
126.4591936539709,140.68238005937087,63.20851828518764,148.40924234782267
126.28696419170035,141.76730527842523,63.55297720972872,149.50373076816737
126.42923292456145,141.41919779221627,63.268439744006535,150.1999457405853
126.4079105623715,140.94121008542206,63.31108446838645,151.1559211541737
127.68497865707204,142.82047193558643,64.06279422802841,150.70324340288806
129.1916216505163,142.25400135260867,64.36213236623755,151.83618456884358
130.82973602610912,142.93455504777762,64.4202042709435,153.80937783439728
132.26395701144153,144.06105465498706,64.91560023432739,154.9202165540271
133.9180560700162,145.88805236108894,64.99606888446874,154.65488790911405
133.90742413853428,147.4789068444876,65.0173327474326,154.85944029011367
135.2744423290557,148.46541750637925,65.67288937330841,156.27601197324898
135.0842136627005,148.54680538955455,66.05334670601876,156.11323620689845
138.32567988286007,150.41245809018568,66.42254869121663,155.8079980183946
137.9791262365986,151.98745797641817,67.11565598373953,156.08618867467234
138.00780527435538,155.7051838063707,67.05829790822598,155.53967731468208
138.09296634373317,157.324982468032,66.88797576947039,155.7356284705795
141.7265142739742,158.86402952016732,66.49162840453366,156.09290861408155
141.5338998568987,162.15421350534962,66.87685723868468,156.3796054350979
141.60479483858325,163.6711133823364,66.73506727531557,156.790298802654
141.5556193000612,165.58375574360014,66.83341835235969,156.41293770817992
142.97289245889726,168.56364829573192,67.44307895789271,157.3415664503266
144.53851401902511,170.02888532751444,67.78025539555644,157.87951194468098
144.34103107675418,169.87518302611596,68.17522128009827,158.18691654747798
146.01382815447573,171.84876722303125,68.32321676974183,157.73333779873406
145.94285207291614,173.14330148965132,68.46516893286105,158.6339073792865
147.25693232369173,176.36525528502503,69.34218878626248,159.20036049844424
149.12641033161492,175.87592595230643,69.13209480753251,160.17901916388143
149.04551293334106,177.3790226460891,69.29388960408022,160.71214816857884
148.9455166258951,177.92697145173383,69.49388221897216,159.61625055728936
150.40019605227397,179.59753794725535,70.1220845033456,159.81267870337757
152.37112085845334,181.41940452932624,69.73171783498081,159.72042848322977
152.30494343567887,181.31913948998366,69.8640726805298,159.92095856191492
154.28041392289947,182.48546458320067,69.46163532892646,161.13681199831885
154.28622964855404,181.80214658822726,69.45000387761735,162.5034479882657
153.68024265438666,181.82657406299467,70.6619778659521,162.4545930387309
153.27225790618868,183.52318443985564,71.47794736234806,162.66064559019844
153.03031305046355,184.74571117566558,71.96183707379834,163.83223682603725
153.05524540728325,186.00703015930438,71.91197236015893,164.95174789466654
152.53480883730714,187.16092204814973,72.95284550011115,166.30145323031473
154.20195009258873,186.88672347196112,73.31395623778924,166.84985038269195
153.690733569491,187.7682064136987,74.33638928398473,165.0868844992168
153.44238664744873,185.31204545306278,74.83308312806922,166.2970927049434
152.99714181970268,172.09307913150624,75.72357278356137,166.63618506676102
152.6327769687773,164.58646076367984,76.45230248541206,166.65359397158088
151.88213937114867,162.53367261961193,77.95357768066937,166.99718971097207
151.73810308822016,152.5245871277652,78.24165024652638,168.04916496938742
151.1944744707571,145.4498086622948,79.32890748145253,166.94437274525072
150.80732268963118,139.60699675890575,80.10321104370436,167.18059605301443
150.81577222107526,130.28830427070994,80.08631198081618,166.65099252072952
150.59941037684513,130.38002656854752,80.51903566927646,166.46754792505436
150.72334356997027,130.2896623972819,80.27116928302614,166.64827626758563
150.71089897677146,130.69607244427505,80.29605846942377,165.8354561735993
150.54654212343135,132.331693204824,80.62477217610399,166.38133333420512
152.52916726594887,133.55183453560704,80.49032464181977,167.77185342338987
152.3943397039086,135.24317638196203,80.75997976590031,168.2379316908072
152.37034250240066,134.97147450487222,80.80797416891619,168.78133544498675
152.24328747127936,137.1012297714056,81.06208423115876,168.39084401213336
152.07966487705343,138.6569105355993,81.38932941961065,169.1472254796906
151.5813411146723,137.89101408392904,82.38597694437289,170.67901838303112
151.369982504766,139.56098897493808,82.80869416418552,171.263235899581
151.2706430907137,141.56246998261537,83.0073729922901,171.20031977216834
153.06899149651,139.3767685298945,83.35325655495622,171.62914230335147
152.91611594031164,129.79659978834653,83.6590076673529,171.01521495696255
155.2191546713655,127.7665479928834,83.00412301132417,171.12412574180985
155.271895661208,115.74175321036495,82.89864103163914,171.52524823679153
155.24632425776207,113.15776863932598,82.94978383853099,172.74778241192593
155.0384990659819,100.92648986789582,83.36543422209132,173.42532880741257
159.08793109538217,98.96798570764845,83.22914614288021,173.36104913811258
158.77955057160545,88.965633714302,83.84590719043364,173.4758602427062
158.43086915423743,88.50181897538098,84.54327002516973,174.40348972054824
158.5084613786986,87.82266375154995,84.38808557624738,175.7618001682103
160.07403113247,87.5042828691466,85.29012344090265,176.398561933017
159.85471923170698,88.57582167435109,85.72874724242872,178.31364482527584
161.82191552516724,90.05524066028764,85.88809759173503,179.44854978962962
163.86015601510798,89.65506721385555,85.92469213552555,180.2488966824938
163.34605594768726,93.07576250397744,86.95289227036702,181.6582793217719
162.93358079206308,92.2851112976224,87.77784258161537,183.239581734482
164.79713983551278,93.984232615776,88.25200322598855,184.04261782944735
164.41987328995708,95.5946878106908,89.00653631709991,185.04295546431734
167.03172941407036,96.595942868849,88.03179867815618,187.28941995728377
167.09737417017632,97.77736727304061,87.90050916594423,189.1913158673187
169.27980506653427,97.41112860615442,87.82579161560102,189.9237932010911
169.33085548045193,97.03779424429855,87.72369078776572,190.67046192480282
171.13416205175125,100.90828911845493,88.4256479705229,191.54661282720176
173.30342789853773,102.9223014279569,88.4207154116431,191.85218734289103
173.35934610965268,102.78851238873762,88.30887898941327,192.1197654213296
172.895759600386,107.05916347601973,89.23605200794661,192.25824618479442
175.00919854240482,107.42681087921615,89.36730197780633,191.5229513784016
177.0456212351986,113.75047565851986,89.64417550534408,191.92477855917025
179.11512957077565,114.19825780781466,89.86556511096754,191.02921426058066
181.3166051959923,116.70212509111292,89.81384244329068,190.37270827674064
183.39164738959457,117.33058809297444,90.00451895462011,189.1157822730176
181.08361412088715,123.2106431081937,90.29482219029657,190.33296214779403
181.0504055956788,122.93585037510064,90.3612392407133,190.88254761398014
183.14308406433676,124.91092784458326,90.53361998279712,191.29013035441466
182.78781147200596,126.1167674054381,91.24416516745873,193.24513524178812
182.5218759105008,127.92221727662657,91.77603629046902,194.04180294319283
184.42236260705914,128.23804848853837,92.40351647147972,193.41014051936924
184.26346593586155,129.735697192379,92.7213098138749,194.8450211022695
186.458149465347,129.83581459228685,92.78858229090068,194.64478630245387
186.38882909210992,129.92863103367714,92.92722303737479,194.45915341967327
186.35285965716338,131.79463909790007,92.99916190726785,195.18173589631246
186.3609579706816,134.15648973223074,92.98296528023144,194.9244248524086
185.89219438746298,134.0355643816136,93.92049244666869,195.1662755536429
185.22350546640232,135.54847400476112,95.25787028879002,196.62265931330683
186.96189643176123,137.754810606075,96.30780621069789,196.73670396330476
186.20709630783645,137.43666322745582,97.81740645854745,197.37299872054314
185.19441568183834,138.93558517969615,99.84276771054368,198.95725144087396
186.4200861203171,143.30689031845915,102.03176893401404,199.49532536420378
186.19103067977017,142.77291609910608,102.48987981510795,200.56327380290992
188.39621237503235,144.68433596923737,102.7891156850894,201.4500333231532
188.05137793645108,144.73285783066257,103.47878456225196,201.35298960030283
187.8180024320314,146.99079021195305,103.94553557109136,201.57536104909053
192.6607129805392,148.02020620682117,103.75919980112702,204.26607172287993
192.55457862280582,146.6079519527724,103.97146851659372,207.09058023097748
192.32816549324934,144.3157912513854,104.42429477570667,211.67490163375146
191.95511621607048,143.4142975205857,105.17039333006441,213.47788909535086
191.6816504220838,135.89865807313686,105.7173249180378,213.67391301382565
191.8921928402228,133.20342671631875,105.29624008175976,214.10694377141687
194.5404951243533,117.09855406074847,104.95610049537297,216.57789919131264
194.12556842374113,115.94445521833046,105.78595389659725,218.88609687614866
193.8201550169276,114.28487732414933,106.39678071022432,222.2052526645109
193.4745327511148,115.78066291957425,107.08802524184992,224.30754033033216
192.8896740397349,115.35922808938925,108.25774266460972,225.15040999070217
192.82462743366946,119.8643126741296,108.38783587674062,226.47867764340214
192.57148729864474,124.39782962506885,108.89411614679004,227.79337008877104
192.22199946888762,127.79639079568238,109.5930918063043,226.21510369234562
195.1189739140192,128.32444763429072,109.00712361801375,225.15899001512898
197.85812602152777,130.75903725078444,108.71119431513873,225.47218569428364
197.89262922615927,133.5232318513706,108.64218790587572,225.1255988342998
200.56338056256726,136.5514082741579,108.4762282670404,224.24478902270585
200.6322027130238,136.65043001733352,108.33858396612735,224.0467455363546
203.44619704005925,139.14598081462947,107.86510939818194,224.2101580278883
203.30885911333425,139.26881625669316,108.13978525163195,223.9644871437609
203.15294328879278,144.51659321508782,108.4516169007149,223.76864702205205
202.59588458275203,147.18813008206655,109.56573431279638,223.57799129777675
202.71491483673418,138.52457586352884,109.3276738048321,225.3981626609143
205.48265069258883,134.95170988689307,108.983640363056,227.35245634425266
205.37163235673063,131.72446074812405,109.20567703477242,228.59297246134952
205.25000487358977,121.02287256483257,109.44893200105409,229.0523708901477
205.15022738731864,112.79621020891292,109.64848697359642,229.76505184119992
204.8768438436602,108.04500821010825,110.19525406091329,228.74595318844672
207.27491515246587,95.58617331071684,110.65450998337978,227.38663028684005
207.25297330954015,96.46369337516622,110.69839366923125,225.6315901579413
207.4737379908317,88.44932294929032,110.25686430664815,226.00438739734972
210.36238240677693,82.38112529742621,109.69600856535104,227.7079165198913
213.44281161718595,78.34487735521586,108.76671414021794,230.54884840862707
213.67671787268773,77.19195365468799,108.29890162921433,232.8546958096828
213.14812400449483,71.78557149115706,109.35608936560013,233.1030195046196
212.98792560837785,61.05315409369585,109.67648615783409,233.35064040808
212.36314654672424,60.390039515458895,110.92604428114136,234.67686956455393
212.37388628268795,47.790370199370784,110.90456480921394,233.10307167353193
215.39643390617292,47.656360814370316,110.19078031781731,233.37109044353286
214.72795304673838,42.42914526981866,111.52774203668638,233.17997282902002
216.99546437756925,39.00772381397776,112.3360056307016,234.67952948502491
216.82642868890125,32.202236894470246,112.67407700803761,232.15280323699824
216.61575666092435,25.053500044106315,113.09542106399142,230.40558246115918
218.88166487600404,21.991576641892593,113.89362170782522,231.19941219159344
218.8388246732402,24.82776482644789,113.97930211335287,230.88250211997735
224.33533029341592,27.07059371113192,113.69092533937675,231.74916158379693
223.84618549803216,27.122101182805707,114.66921493014428,231.64614664044936
223.27001436368704,29.932636137285584,115.8215571988345,231.40051980049827
223.14823106154137,31.95190493914923,116.06512380312589,232.75378131222956
222.67012322739018,32.57400159663649,117.02133947142825,231.50958799725504
225.2344102524158,37.89042390013613,117.30690378314767,231.70502011379725
227.32631648296507,40.69318474949088,118.54502652131524,231.52143361435373
230.18049552659068,42.928749584838286,118.27727964281235,232.49091515240727
233.09299786460326,45.216986343845775,117.90248501735788,233.364651684963
232.48137228841216,45.240331209154036,119.12573616974011,233.3179619543465
232.41652009783294,47.330110489098075,119.25544055089851,234.61538206577927
235.07558734504352,49.06213355741009,119.43554762259477,236.64957749527267
235.67620044074533,50.50830003737097,118.23432143119115,239.28841042076297
238.99789509060273,51.716277132260316,117.13994004195267,242.42146414146063
239.07493850374897,53.72771274616889,116.9858532156602,243.974386640045
242.04209832821937,58.522239472194116,116.64731182292357,245.576889700403
245.10910237455602,60.26060211450937,116.12655835479893,247.71341904032107
247.89997616778817,61.715246358519096,116.18011470198405,250.4394344859511
247.31881782925288,63.82255653663266,117.34243137905464,251.90073987619346
246.6442217789931,68.68675195177867,118.69162347957416,253.6073734954783
249.51858298183168,73.76141722797766,118.70883110273132,254.98990300074882
251.71048055173407,76.91350654986087,120.11139531481857,254.47208370887444
251.57156167936904,76.0576792134743,120.38923305954862,256.1837383816476
254.73302848715477,74.86446391788107,119.89939169366863,258.57016897283404
254.63171615078483,71.38739907658675,120.10201636640852,259.6650189986583
254.12532520697954,65.52081759734017,121.11479825401912,259.6406740853178
257.10431546245354,61.34554195803605,121.05292311566512,262.09511999133196
256.7540395422662,54.62810998134711,121.75347495603988,263.6684981431486
259.6213485132786,53.867286830766716,121.98474530913802,265.1901444443094
259.03225736934934,44.45536110437661,123.16292759699652,266.0377918561979
258.6588946126194,44.13012446823814,123.90965311045633,266.6882651284748
261.2536556020446,50.37574186368133,124.76766845881693,266.29210499201037
264.47949827509393,52.31370032189855,124.37274348260988,268.4729484454674
264.56077958330536,52.478630312103604,124.21018086618697,268.1430884650573
270.6186696155045,55.981738254636156,124.24232726216977,267.2108358101827
270.71148752777015,62.61832850722817,124.05669143763845,266.05957221239476
270.92552445762493,65.58161234151055,123.6286175779288,266.17396039980474
274.34710344843705,65.63497017729122,122.82059872979616,266.0672447282434
278.1358474475539,68.62442684094097,121.26256488928071,266.1077855586621
281.2034859970462,69.62536564715859,121.12004498528232,264.10590794622686
281.3461592519684,78.20906135272082,120.83469847543795,264.8220005169396
284.8583170045197,79.06141093339852,119.77695452485236,263.11730135558423
278.8562615704238,79.52593857221859,119.93455084532899,262.1882460779441
267.84001342675634,83.35608905490923,118.31698051866526,260.44046176606247
264.8363514614018,82.46760780646753,118.46554083676693,256.35866065033866
240.7443951294312,88.85992797300787,120.23326550141633,255.17806731708095
240.99351868695925,92.61228684816453,119.73501838636028,253.48906889789146
223.4733105964272,106.96680699592315,120.08093575778264,253.69211094374225
223.3190001017006,102.37989222125941,120.38955674723586,251.2831245228968
202.64947617058047,105.7335883246242,121.39701440126937,250.3373880601968
202.53259928686532,108.05519709022485,121.63076816869967,251.45954316248287
181.9614217222097,116.24893459965543,122.27237449636887,252.429531915754
181.6397412691566,115.78397603422819,122.9157354024751,253.3594490466085
163.51833090379233,123.91752646300404,124.14317566029987,254.60003842550867
160.03164119220128,126.31844423816513,125.24121643961209,255.67354151905639
141.61655968363706,131.39645165181258,126.61086662194741,257.3376976366925
141.37928392556978,134.44110720939048,127.08541813808199,257.20655853392265
119.62905166853069,148.51458125922483,128.83451327874027,258.8820171295539
122.40050346997393,150.91780685563353,129.31090243612414,260.0948586970068
121.70896533395107,156.6570789540651,130.69397870816985,260.70689523376217
127.05375509960972,170.6812290763281,132.16076991919508,263.04952184509256
126.34989237696479,174.2136155414283,133.56849536448493,262.12260774535474
134.6228573950661,173.96649802200514,135.46833876466349,262.6168427842011
134.66235555240257,169.33189965861376,135.38934244999052,265.697441292684
144.373483584839,171.29243719644035,134.66438417098425,268.0087988123197
144.8349066547189,173.49235625542858,133.74153803122442,269.8627439067438
148.57427082970605,175.93653937774883,132.52775922927813,271.23932721013125
148.10439344557878,175.11457591151375,133.46751399753265,272.8832541426014
