377.0,78.0,71.0,48.0
378.31465121099836,77.39631098188683,70.23594205481423,49.20737803622634
379.0624507380214,76.77940438759411,70.61403824155332,50.44119122481177
379.8088670615564,76.35478680858185,71.02095823978411,51.290426382836316
384.3479683708304,76.37774660164767,71.54219532283096,51.244506796704655
385.4902483421846,76.29128943202599,71.18466783208908,51.417421135948004
388.1970632894989,75.82735602138851,71.54441052909127,52.345287957222965
390.50122832149293,74.60613511333784,70.82638688447452,52.842576563638616
394.2825723935716,74.81942265726953,71.03325035661732,52.41600147577523
403.5053695066106,74.85626412234663,70.03458779465649,52.34231854562101
410.47929503776436,74.84056644139045,69.54181283923026,52.373713907533386
410.8515885718856,74.69455640424931,68.79722577098781,52.66573398181565
415.0638647127295,74.62174687666086,68.0069954426447,52.81135303699257
415.5183073002405,73.4988667795649,67.09811026762264,53.158227997889725
416.6998590754832,73.20889983802853,66.62562376948826,53.73816188096247
419.50922914240857,73.24572929396878,66.68520699757909,53.66450296908197
420.5628465977845,72.05273894538833,66.47046801244966,54.1579877406204
423.65244769777814,71.72333809749841,65.98282151257789,54.81678943640022
425.802549146801,71.7443402258319,65.48326511475703,54.77478517973323
426.00587127516013,71.67491822032231,65.07662085803881,54.91362919075243
430.21019331009006,71.572943089179,64.21963682093838,55.117579453039035
434.4940480182731,71.3380990201278,63.163764001617565,55.58726759114145
434.7581355863465,71.67869446103853,62.63558886547072,54.90607670931999
436.2379512788931,71.98483535123198,61.526006488752124,54.2937949289331
442.12279208256274,72.06866400435817,60.69459293870976,54.126137622680716
443.5071315905469,72.21633700412042,59.733374575046966,53.83079162315623
444.8028749242402,72.43473908740538,58.92969595210989,53.39398745658631
448.9406665928969,72.51267270539057,57.72747172143484,53.23812022061591
449.28978151811214,72.72081558440267,57.02924187100433,52.82183446259171
452.4099111389014,72.89685349698065,55.977845510895634,52.46975863743574
453.58928728575495,71.71160315978948,55.32670610183581,53.132646427170926
455.72582419036644,71.55597977003666,54.46950014594698,53.44389320667656
458.8118587559566,71.5544839386162,53.39564400344466,53.446884869517476
459.93893199940305,71.6765470836366,52.82405697798669,53.20275857947667
463.7862668608216,71.7046444738867,51.80823112782694,53.14656379897646
464.87134856878595,71.86065671752146,51.29086553369258,52.83453931170696
465.88632907745125,71.08958393721514,50.90062962121996,52.736959767461606
467.7193406192407,70.17551411017419,50.49865447845862,52.933075451134656
472.0274865467945,71.29541018015743,50.026029352702814,52.32201665703852
472.2419392091386,71.54968796055215,49.59712402801459,51.81346109624909
473.3300977779706,70.91473082186283,49.01772862521402,51.48645363876439
474.48291237520255,70.98215302646875,48.29472308336934,51.35160922955254
475.2006888235211,70.99235927562592,48.42821915483883,51.33119673123821
476.1933764077871,71.16219077612567,48.01369210952196,50.991533730238686
477.83229786247614,70.5284406152148,47.853771386217886,50.7000729590234
479.51330213621605,70.42748316353509,47.595497277182034,50.90198786238283
480.4118810336511,70.53146861818544,47.349262468056885,50.69401695308213
483.01621586736195,69.75882245602894,46.77188485080463,50.69554526067196
483.9608523095182,69.61196705082796,46.41722116639839,50.98925607107394
484.2965459701305,68.74871855442379,45.7458338451737,51.182215293034204
486.05644007522386,68.85166459331953,45.27769691075339,50.976323215242715
487.0892225073008,68.91308498612088,44.727279104470576,50.85348242964004
488.7671835276595,68.95131709758128,44.38022846266503,50.77701820671921
491.4575976076675,69.71349752775696,43.49247808695375,50.75034994113608
492.3854439572634,69.63246211694822,43.11982371517612,50.91242076275356
493.24913928054644,69.63146816309936,42.871984040785875,50.91440867045128
495.0146782062251,68.91922614805438,42.292091881625105,50.863299854443014
495.09466882370987,68.79014110340502,42.13211064665553,51.12146994374175
497.47074768857607,68.80871789363131,41.78051351254347,51.08431636328916
498.2513516237858,68.87274238874019,41.67990788232666,50.9562673730714
498.9897215015932,69.08377036847241,41.66017581814091,50.53421141360694
499.9805105354288,68.15647579679391,41.12879547762678,50.938602829806825
500.93656067854187,67.40016403204542,40.66451646304578,51.0034050876588
501.05995748890484,67.36604326926822,40.41772284231983,51.0716466132132
502.6887881080205,67.38960033688448,40.03672796035179,51.024532477980685
503.6299039212487,66.76872995811178,39.58591964836639,50.83484992105501
504.5839808745662,66.85870653051926,39.09895739594717,50.65489677624006
505.5230453488239,66.9689086504167,38.63134310228233,50.4344925364452
507.67536290178737,66.87974769840359,38.525295350051884,50.61281444047139
507.97328651384845,66.78874630489763,37.92944812592976,50.79481722748332
511.6067856901197,66.9374055715038,37.630226697059776,50.49749869427099
511.5042345083697,66.97920819076212,37.83532906055979,50.413893455754334
512.2350927594989,67.0880695062406,37.759830309534564,50.19617082479739
512.1653604943459,67.11038121638161,37.89929483984056,50.15154740451536
512.9505765761828,66.2625840601379,37.71212994363237,50.46387444953726
513.628121592756,66.38370350254318,37.74200349310492,50.22163556472668
514.3818653674563,66.46958508493962,37.616280434706994,50.0498723999338
514.9717770051482,66.58922391379257,37.813550776804234,49.81059474222793
517.7183598863217,66.5296397621733,37.827067393110944,49.92976304546643
517.5252383152471,66.50835040278224,38.21331053526008,49.972341764248554
517.4563794041067,66.5315917698837,38.351028357540926,49.925859030045636
518.0610852495283,66.5764424848795,38.52881307922456,49.83615760005406
519.4295926873236,66.59942096793316,38.56924455402012,49.79020063394674
520.1348087309433,65.92918234846266,38.54749189386346,49.74199844580494
520.5774189034956,65.91090891082055,39.04986034092152,49.77854532108916
520.5248839343822,65.09919027867481,39.15493027914849,50.00566319105229
524.0754768986643,65.05212261718552,39.06125421760595,50.099798514030894
524.1576974426364,64.99938723642069,38.89681312966163,50.20526927556054
524.2241623808525,64.76247666937573,38.7638832532296,50.67909040965047
524.9688455891255,64.77144891220875,38.679939538132196,50.661145923984414
526.4245911998041,63.9092374923876,38.57600783563052,50.98178900419903
527.0990208651845,64.01110181586273,38.63412060611981,50.77806035724875
528.5792927129013,64.05088287209742,38.48320744159449,50.69849824477939
529.3291452890809,64.15664131180836,38.384641148870976,50.48698136535752
530.1276759616643,63.29080502693188,38.18388491335489,50.82234882545969
530.0983241718975,63.61624456169194,38.242588492888544,50.17146975593957
532.3096179843446,63.68853818034505,37.9875275121706,50.02688251863335
532.2944712538797,63.901279502953,38.01782097310047,49.60139987341745
533.0748473963166,63.94936817967347,37.833881088058504,49.505222519976506
533.9026757841336,63.953385732274725,37.55056961529755,49.497187414774004
534.7214149207632,63.972743103384644,37.280690835192665,49.458472672554166
536.2707378907345,63.104059117488966,36.90724761866668,49.83323928263728
537.1032219113176,63.21777913606957,36.60447444822628,49.605799245476085
538.4705462348759,63.3168288011813,36.57737962679594,49.40769991525261
539.1291356153987,62.74645925520046,36.61052267685078,49.1981171961138
539.9051945648089,62.08083108909129,36.40608215378031,49.181696152582106
540.6698841298194,62.09496738382955,36.220782863261476,49.15342356310559
542.0449634249337,62.288931331192344,36.151851728403464,48.76549566837999
542.6621719180079,62.27926790944399,36.25102244785508,48.78482251187671
543.3875694233253,62.4472210051298,36.135733015032514,48.44891632050509
545.5948873470259,62.48895020567956,35.706622890447676,48.36545791940558
545.5235220073388,62.50571544618866,35.84935356982192,48.331927438387375
548.1871796725142,62.48938452541498,35.81020166986808,48.36458927993474
548.129299239862,62.58730985642549,35.92596253517239,48.1687386179137
548.5801062309592,63.38674213793966,36.34516134704466,47.89068684895209
549.7159679937389,63.535008447894235,36.72029794559583,47.59415422904296
550.9168807937508,63.5809817575173,36.968518716886976,47.50220760979683
552.4524641654829,63.68565496896263,37.88033006493035,47.292861186906165
553.2435974665157,63.054685538610386,38.97658531882767,47.21553911962928
553.3878567184126,62.97118149034334,40.04387192945271,47.38254721616337
554.0296293208281,62.79912818355493,41.51148839669018,47.7266538297402
554.0768744853573,62.68903106778431,42.82147078242291,47.94684806128142
553.6690804229203,63.27884467617409,43.63705890729695,48.19607336514079
554.3824686001881,62.10491587795238,43.65602801159581,49.09818550274978
554.4922236930282,61.745839208877456,43.43651782591548,49.81633884089962
555.5165306200518,60.7605678765887,42.85559345047028,50.3191920268752
555.8641848208281,60.704603932131924,42.16028504891753,50.431119915788756
556.140307478193,60.76962613429474,41.60803973418774,50.301075511463125
556.5886199791153,60.65765809596511,40.71141473234328,50.52501158812238
555.9159424652726,60.1546532258393,40.62205504852392,50.09630661686925
556.6068556331348,60.016243809906655,39.2402287127993,50.37312544873452
557.134820257692,58.51543170586836,38.18429946368497,50.557732222600166
557.2920845822127,59.209024803931214,37.86977081464351,50.564658046257165
560.5392835319353,61.77474347299861,36.93167770828491,50.989525501209016
561.5768892979917,60.354694466479025,36.23662029651947,51.0693152735539
561.8274083321054,59.753309761092396,35.73558222829216,50.902157624599965
562.4265113291694,59.76293926499471,35.896513622254695,50.88289861679534
563.5369897540413,59.71122643108315,35.03705751953505,50.98632428461846
563.6416414968438,59.93956234596067,34.82775403392996,50.529652454863424
564.5930559199396,59.4949244494731,34.26343833451859,50.08041510105818
564.4461096114372,58.95689561716452,34.557330951523426,49.834074879036045
564.7528922057144,59.31509507368081,35.267309316155824,49.117675966003475
564.3055092774316,59.67315419512025,36.16207517272137,48.40155772312459
564.6932074594644,59.10688676772183,36.714897769745555,48.205873616831916
564.3409267973906,58.63148218543315,37.41945909389301,47.82241211833282
563.7590045831082,58.835171257900846,38.583303522457776,47.41503397339743
563.4450824538559,58.334088572857596,39.211147780962385,47.06468140392556
563.9435263904894,58.4706798917745,39.571526383714044,46.79149876609175
563.8677366512079,58.68303674291311,39.72310586227702,46.36678506381453
564.5268824314819,58.140885251386145,39.759550983358864,46.09635136523856
568.8978813418286,58.089495488425996,39.124395958581744,46.19913089115886
569.8351232182622,58.06965479976085,38.592434547641524,46.238812268489156
570.0943950774154,57.272998357599576,38.07389082933519,46.49755742105561
573.0404148473119,57.18893105191883,37.502575958966645,46.6656920324171
574.1949095765627,55.796411745290825,36.51710588292163,46.803691880759935
575.843334340333,56.652134770596554,35.839528846601546,46.40188207575865
576.7064642364408,56.78709899878135,35.40573628192849,46.13195361938905
578.1908215984098,56.78982911055789,34.99957653646558,46.12649339583597
578.157589584382,56.818752885908786,35.06604056452134,46.068645845134185
578.2499614462042,56.93112454599971,34.88129684087686,45.84390252495234
578.9271600753715,56.98319901922456,34.79522859112194,45.73975357850265
579.640020858509,56.33105243363926,34.634843245313206,45.77871052920674
579.7962448374317,56.46954161814746,34.32239528746797,45.50173216019033
580.4356326625566,56.312731099206495,34.29760671191069,45.81535319807226
581.1609986106862,56.42290145218578,34.105232377954664,45.59501249211368
581.9156073953404,55.759248911900535,33.84787190967515,45.67046047165529
582.630159985466,55.82013095027955,33.66755899459571,45.548696394897256
584.0920100881353,55.84879350497824,33.23183341601584,45.49137128549988
584.2418103396865,55.84545794107759,32.93223291291365,45.49804241330118
584.9721185093707,55.98703514467708,32.702769555101646,45.21488800610221
584.8280684910811,56.006295899110654,32.990869591680934,45.17636649723505
585.3761000617669,56.09546590620916,33.12204148293395,44.99802648303805
586.5792968709438,56.14199175993625,33.16900422269023,44.90497477558385
586.6934987964098,56.016672329606756,32.94060037175831,45.15561363624285
587.2922088378549,56.11322810352286,32.96927523783723,44.962502088410645
587.1222523757671,55.59849712190152,33.30918816201297,44.76833059933509
587.7476737408446,55.7155506660619,33.2845975278332,44.53422351101432
588.2354359523495,56.467120668473655,33.53136084667185,44.25337124803914
588.9307588794579,55.971482531248995,33.36275860092867,44.02260391401466
588.8552560934643,56.02667521599801,33.513764172915984,43.912218544516634
589.5409418724217,55.97872803624776,33.35894724486578,44.00811290401714
590.1778779492353,55.956658502806924,33.30056513095409,44.05225197089881
591.5065426032426,55.871774853190395,33.073654298432125,44.22201927013187
591.7425776860188,55.19376824941024,32.60158413287965,44.36394711857176
591.8840857923473,54.474434283499136,32.31856792022269,44.59410320193808
592.3215266755294,54.654384951313645,32.651046430969515,44.23420186630907
594.2850782306863,54.66688280375529,32.34599711385309,44.20920616142577
595.5135447512804,54.8631045468301,32.293003059496115,43.81676267527615
595.5618145218257,54.13045999530961,32.196463518405544,44.08691238993013
595.4084809200448,54.166928778018686,32.503130721967366,44.01397482451197
594.6907251749343,54.42120428954999,32.737061985141644,43.50542380144935
595.289076119633,53.75454646220127,32.73803151273662,43.641068039154376
595.0257570991898,53.25485328142897,33.26466955362301,43.44070162097084
594.864322924115,53.36220419668964,33.58753790377271,43.22599979044951
594.753543645738,52.93986228463001,33.809096460526646,42.86340470212708
594.3944337818343,52.48778026951973,34.52731618833395,42.56223438928448
594.9083558344344,52.65596688483752,34.71183107684267,42.2258611586489
594.3678641233694,53.5508629451843,35.79281449897266,41.64624079167824
595.0452770732187,53.63506406160418,35.65663001311213,41.47783855883848
595.7922663671138,52.88545538800996,35.37650236089004,41.76320497045867
598.046245802133,52.15212773732664,34.50981505452407,42.016103083934574
599.0322931282437,52.13270257627059,33.741402732414116,42.05495340604667
600.7566122585547,51.94279637552746,32.67645860403356,42.43476580753294
601.0657774941739,52.60188837776318,32.058128132795304,42.29693746127528
602.1195262400698,52.96529480858301,31.118797864958786,41.570124599635626
603.6664100929984,54.37126829805812,30.308521202431386,41.04166866401495
604.4462178923097,54.71703822020276,29.869347829857517,40.35012881972567
605.51123584779,57.65262580039536,29.944781581106753,38.889892983759964
606.073761449214,54.6522545886087,29.90145034659053,38.400315597342654
606.5328471087502,57.775480850421985,30.056813631618983,37.52153609421996
606.7895823275004,57.23439145118335,29.54334319411853,37.54111329265682
607.0976519361399,59.27978279637561,29.9817734922887,36.61403914862016
605.3999127454283,61.96006523472204,30.234896056941295,35.4432820276214
607.1148648329054,62.08812036714685,30.93894643913927,34.15368312348376
608.2779858420295,54.12706635987426,29.63747262117668,35.72903633403243
608.064663212668,60.75532467757251,30.064117879899413,34.811828790367414
608.0014255621846,53.838272998962715,29.169608903345384,35.373136539816116
608.695368006159,54.76919258935016,28.796970800168875,35.541790928585456
609.6202498010667,54.41427421624101,27.959023210972006,36.25162767480376
609.7559183120977,54.43413310825248,27.687686188910014,36.21190989078082
610.6274741930548,54.23397715124801,26.94862633108578,36.61222180478975
611.30486670112,52.13992744073988,26.59190319107204,36.8080737213389
610.4629888512402,53.113122164268354,27.280479918966737,35.85686324614689
607.3394672049047,61.101494346153515,27.575565624219337,34.760012850922294
608.1669947230588,61.54344355391049,27.880573187637612,33.87611443540833
