370.0,113.0,17.0,31.0
370.1953769123119,112.79414659626181,16.60924617537622,30.663882551061658
368.1062808965857,112.96855554978634,16.370314460076788,30.315064644012594
368.1611304972263,114.05779617406003,16.26061525879556,30.317455236890623
365.234412535343,113.77433335860667,16.313139218158433,30.159266872246846
363.0108361279633,116.1126212756952,16.418196601930124,29.824786469057422
360.42731484377407,114.34983368114621,16.54142993712354,29.747640777309
359.9397658916445,114.77007646997245,16.795020978202775,29.62866206283644
356.27170887656473,115.84132881602208,16.89049433698002,29.658349572151828
353.7897710398603,115.89274362307826,16.771487574990466,29.555519958039476
350.94929534931924,116.4725554265103,16.671788109788302,29.84105906274646
348.7558422097795,116.3437077931389,16.708041644279017,30.09875432948926
345.79679452399125,116.9999825002318,16.78985844303625,30.245274558508257
343.61366491365396,116.26015129233878,16.757551213078955,30.99184256585562
341.45978307488235,115.75154603927164,16.603960372124984,31.265493985573674
338.38972403266365,117.51610563054591,16.784418060768104,31.46116255039662
335.76331418500195,117.08929165803795,16.780710140097973,31.563857978842
332.3188431300252,119.46473935931593,16.898227349503788,31.32724584331782
329.9878180007348,117.41948206427799,17.05481846449068,31.663211147065567
325.40834691480325,119.70142207502003,17.111266317968017,31.65057828477442
322.65803029499597,118.46318425205543,17.29665057254844,31.84909007997468
320.69412373254613,118.74970485691262,17.397367659237283,32.04146807790243
316.89483201726335,118.25822459646241,17.29616843989979,32.25445033381254
315.02191159395704,118.54728529794886,17.18508659668111,32.44771346880593
311.1208251618091,119.19324210682782,17.264013306860477,32.700449081871334
308.8070096663705,119.54022108235243,17.227260316262658,32.78388846106797
306.8380464964681,120.35585146768136,17.27522138328936,32.70861379952136
304.27764463425046,119.97582907765056,16.952056063561443,32.690948716131075
301.34536369326463,119.98060232594878,16.6414619063857,32.68140221953462
299.47275217765775,120.38987030051466,16.55467966685496,32.62926732455177
296.55288391706097,120.39329306933655,16.28130696876732,32.622421786907964
293.0908000451998,121.93795273352977,16.371660929078196,32.57035302892669
289.59061699202323,123.14711757957227,16.531008430563197,32.43236287179768
283.6954418894632,125.13891396019147,16.908710624711254,33.01382931494805
280.5356655620579,127.96302629652018,17.021168283931587,33.57269963788089
280.1257502812331,122.4542907659772,17.054976246190503,34.37187690688736
278.943031215506,119.9836313116538,17.025482443528617,34.523331947302225
275.8597221339832,121.39865888592489,16.79198084728037,34.89333667840694
272.1014818441019,120.76600591644443,17.096171789582744,34.555911586821104
271.9200984391417,119.37148719575508,17.458938599503135,34.13808238677953
271.3977941281852,122.71760181318955,17.701679460138934,33.86079524212798
263.3072818273059,126.02173598413358,17.84316725216025,33.66834162413476
261.23524717661826,125.62516979835874,17.97934976710056,33.65989663839741
259.4933441257986,124.44937304836745,18.248000559682772,33.600123656587115
256.2321348698616,125.18916796412509,18.310354883772742,33.73554987201784
255.37123499333669,126.62757000560407,18.411012150298276,34.10103076210862
248.87146878078605,127.2703627423515,18.327650547419992,34.450807042111265
248.51376219910122,128.4524753660215,18.22165983220836,34.55079343051485
245.196716210084,128.11209999033812,18.287304941118947,34.4104883232411
241.86383185918967,128.4656680670125,18.3921261627226,34.52347060491547
238.9653288661058,130.22497077076258,18.424077853046462,34.2991819378975
235.58886772378153,131.39798821963063,18.610407253770596,34.41561937163307
232.66086016308648,130.78366815393045,18.68631325081061,34.81852962812629
230.43466467024768,129.28956634787502,18.97387379878799,35.30783497761697
228.7946777803443,130.62049745750062,18.873450196868205,35.18127079466064
226.68193235584454,131.29359204679224,18.891366877908176,35.51811128326121
223.6307286165587,131.18086054168407,19.066304864508805,35.74357429347751
221.05723522001884,131.44572455824743,19.094691054094504,36.0669463609332
218.45892558127176,133.58535857302985,19.141234317680194,36.07940834295868
215.4207281248084,133.5531883211497,19.202332568019113,36.143748846719
214.4654060771274,133.5014565364554,19.390330361915616,36.2472124161076
213.18201090497737,133.9139808544126,19.3589113172265,36.2882335765229
209.61920762203331,133.80810838302514,19.555436426721613,36.49997851929782
208.7253089795684,135.0180716716038,19.597990800624515,36.69791630868087
207.36176012432088,134.51621207727197,19.696292219712664,36.825370066875536
203.85324121623015,135.32614021489442,19.674713810998732,36.96516784785449
202.18816381700066,136.96295630693814,19.478808048022447,37.21759622520235
201.25025934390501,136.58811492649784,19.590889181132113,37.085415079542074
197.29911431836632,137.05785985318957,19.556565110942486,37.02777123963273
195.07656203180153,138.51210648622262,19.599625592530565,36.76050442849154
195.09913210937106,139.6512227348474,19.554485437391506,36.236701681589665
191.9240997974329,139.15993906093854,19.823463628665632,36.350542396178525
191.56463746678816,139.68798077765612,19.667382413995302,36.16946483870316
189.52257729275686,141.12937424742603,19.40316795868355,35.89567878118797
186.48050547388868,141.11857736164225,19.45953526352443,35.91727255275553
185.7098387090088,142.08064536858345,19.276081414499263,35.717923917658084
184.37902085478402,142.93079192694773,19.368768895915636,35.73026295228498
182.32560888458772,143.2921747408526,19.185172730402172,35.865581345656445
182.33844377949825,143.2300437552056,19.159502940581124,35.989843316950456
179.6134948283185,143.9134582937137,19.45946054892144,36.339661004607336
179.51493102215954,143.8421152323509,19.656588161239323,36.482347127332936
176.359861677958,145.88577832417073,19.848066932650212,36.76549231297337
175.41434694407218,144.80157622200764,19.97600731450235,37.170807431380034
175.3616571437491,145.21867575950645,20.081386915148475,37.22631543391998
172.26636778081308,145.57273647304967,20.02566037268481,37.410523330881496
171.8160965823127,144.92880811488843,20.032114354888627,37.80429163240705
170.47175589304823,144.327202939257,20.020810288510226,38.10750683536747
169.9593791721743,145.3874382057796,20.14130316323004,38.69981800340651
166.77060917161205,145.88623687930186,20.113584746356132,39.532294490075785
166.7048505316468,145.68624196139706,20.245102026286634,39.932284325885405
163.80682796602542,145.53509661613296,20.4316820801535,40.23457501641359
163.7924309069096,146.42549773368276,20.46047619838515,40.33889992994104
160.81655012052204,148.26629167208216,20.744697722692823,40.43567208545388
160.70203573025287,148.62991165944754,20.97372650323117,40.6593451500768
159.7499602046713,149.63020665286874,20.961592624293317,40.57504009333538
159.18273693008615,151.9623397313155,21.139343300253582,40.694253302492086
156.87094917123426,150.80809072456358,20.955385615945072,41.079738035190964
156.8025822831297,151.5777496335674,21.09211939215419,41.46840873820908
155.765685478586,151.90867602413985,21.221806837457247,41.77860903895633
155.0996968575222,152.325813554845,21.57494455220348,41.9231735049274
154.17335139147852,153.39635061563433,21.45353361294672,41.75620125469281
152.15744766240064,153.85684151189434,21.555308318952164,41.81772765021039
152.0978863027762,153.8719858422078,21.674431038201043,41.78743898958345
152.16619627645386,155.74972258729375,21.537811090845704,41.97905215138926
151.7111226809152,156.15926592463774,21.460727409425314,42.14719634919899
149.79544687694883,156.52318036873484,21.338608948255708,42.40773497828041
149.94098265136273,156.87039508964182,21.047537399427902,42.70338207811952
148.48896677243894,157.2582158493809,20.983475763144632,42.917105023351645
148.38952210412822,159.0775843094939,21.182365099766074,43.243877885607944
147.77672340113782,159.0572401793255,21.408357748017714,43.28456614594474
147.26698859228182,160.34775309816652,21.42370883608702,43.71589589719065
147.2555352951363,160.25996375324445,21.446615430378074,43.891474587034814
147.24418769664646,161.10715463379242,21.469310627357764,44.22440294449592
145.58951765206095,161.3598847195148,21.721912002902975,44.73785567759305
145.54041389784228,161.7069123468415,21.82011951134028,45.074601090661346
144.94015004151558,162.294051102303,21.98322230638347,44.93774849734858
144.77353197183731,165.32379302613978,22.31645844574002,45.10781639196746
144.12665251731045,164.7202626351268,22.563693259379676,45.268353078579395
142.96952278248207,164.4552033660191,22.771642804031735,45.79847161679477
142.8477751263604,165.52074554256257,23.015138116275054,45.79641439619396
142.1626729845111,166.10220740759738,23.3166457645966,45.70218730150139
141.61787817887463,166.111991145827,23.33371220209004,45.68261982504215
141.564258224227,168.14876344443888,23.440952111385336,45.89919773689528
141.65244221210713,168.55270043130972,23.26458413562506,46.168880810995745
140.98472417282093,169.04240269321443,23.52155546943161,46.267941031952134
140.42354959830215,170.55518596011947,23.559549519802037,46.495439794143536
140.39171210905764,169.8194807595858,23.62322449829103,46.87850423275379
138.72691828979043,170.17438523062077,23.667634400380184,47.26375453616559
138.66645742112257,172.09742326522277,23.788556137715908,47.82355675818245
138.49595454691868,171.39248417555592,24.12956188612369,48.121678074198286
137.90310050929747,174.20184750341645,24.193247719234527,48.11306262913505
137.87423831537868,173.99582609347593,24.25097210707214,48.52510544901609
137.87020472619415,173.98732889863288,24.259039285441197,48.54209983870222
137.86520366415044,174.96791032311646,24.269041409528615,48.84177281090147
136.12769264830467,177.6895263813252,24.339131903944274,49.07342658994369
136.04587091800573,177.7585341644898,24.50277536454219,48.935411023614535
136.13164678968582,177.69404599525194,24.331223621182005,49.064387362090244
136.10904228777986,177.64694942672847,24.376432624993917,49.15858049913721
134.90479866112315,177.97967170555165,24.501974633673697,49.63460856380766
135.05972796645682,179.97971611377557,24.192116023006342,50.23696460730584
135.19674900943724,179.78806063039735,23.918073937045524,50.62027557406225
134.17550327224293,181.2426229105398,23.65086789553702,51.17569728762291
132.81656238225955,181.74007997796778,24.052212465541015,51.33905175774837
132.6940369519138,183.4833247742023,24.2972633262325,51.35554525736989
132.01635090072563,183.97356913504046,24.48045814839615,51.547233815906196
131.35831279606356,183.61635890136262,24.61836925841648,52.26165428326189
131.29789411965893,185.88294282671217,24.739206611225697,52.49241571994516
130.74466019522626,185.84045505559243,24.649221632012363,52.577391262184605
130.69522173094964,186.8845007565513,24.748098560565595,52.88154020927447
130.68858132372338,188.27072364192966,24.761379375018098,53.7159229121129
128.77671702686362,188.65807357957598,24.941152990509643,54.1558746962296
128.74296571817652,190.4884688945401,25.008655607883856,54.167675032433976
128.55900455286516,190.42512526491905,25.376577938506557,54.29436229167605
128.4793227461888,190.80003927185513,25.535941551859267,54.77836004949559
128.40366983851408,192.0106591182743,25.687247367208748,54.84443352492022
127.88869730097127,195.48189405592444,25.469930825147017,55.38553335250393
126.75986328556915,194.58668754339553,25.22492591820381,55.92460990868806
126.72969059636918,194.50417612946762,25.285271296603746,56.08963273654389
125.96000412260112,199.20450964169183,25.566313671520298,55.497279720432324
125.9115808737931,198.93799199870745,25.663160169136333,56.03031500640111
125.87786382187839,198.73649095902795,25.730594272965767,56.433317085760095
125.28449478017137,202.96722659346526,25.646197528092227,55.59865478661102
124.60582304122107,203.01482103392382,25.74601965967975,55.503465905693886
124.67656029627685,201.7634569773938,25.604545149568203,56.748311438682165
124.76211355849617,204.43665127403875,25.433438625129565,56.49592180198468
124.71647031358363,205.26464219923153,25.52472511495464,57.37360209729419
124.65231776445597,206.74794203973778,25.65303021320995,58.250519268306135
124.68344801407011,210.5859578109878,25.59076971398168,57.05521720347545
124.75522603028963,210.34588011741045,25.44721368154263,57.535372590630104
124.74438123788923,212.6334893209148,25.46890326634343,58.08877220922065
124.59681488221872,212.3359732918114,25.76403597768443,58.683804267427455
124.55168235884497,216.04166893514105,25.854301024431955,57.79431812218976
124.4454746214228,216.76257397866178,26.066716499276275,57.64557872983626
125.07327330956981,217.52504555312393,26.105760782714547,57.41527724064423
125.03137064648536,183.35499504001407,26.18956610888346,55.98840147241713
124.45606326512188,164.90399996134698,26.067487972592065,55.982297558219045
124.9538196310698,181.862450749693,26.342446483337458,55.097648290198705
125.53007416456332,165.61623041067344,26.452314161691582,53.50591684402612
125.7301603858036,191.18849874148384,26.05214171921103,52.00278998341652
125.83330142716169,194.4113525484765,25.845859636494858,50.405517735120796
125.74932134548155,197.45017448424372,26.01381979985514,49.068414659383805
125.18305023091368,198.24112023561608,25.97798296384631,47.48652315663905
126.38099288790046,202.70989324273916,25.87101415726753,46.56018491827468
127.00760068389391,203.71525613359108,25.74675430001206,45.678414871302245
130.2551122272355,207.66660223874004,24.820746524732545,45.57234409696946
131.17227537867987,208.84630765314162,25.17930858751347,44.309377451001104
133.25386955141929,209.63230949871482,25.351693791842465,43.821267147306685
136.3991337215087,210.61469386592717,24.459098867706047,44.01567177929894
136.0890864019264,213.25117148038188,25.079193506870574,43.01188181184342
139.64393756211527,217.48300282110532,24.347268409342753,43.05192209419643
142.07260610960893,218.4299260012193,24.745614085986965,42.20921228829478
145.83453516522252,222.88342085211872,24.539568468242752,41.665436864762185
145.98134707088138,221.98607379543992,24.245944656925012,41.39244889216809
149.5836806224159,223.69357500734938,24.21502023809373,41.05190761873678
150.36823170081087,224.5578425041743,23.665157843955047,41.36185215038952
143.10059923744797,225.56175636996085,22.982582215238956,41.38306982620861
153.78408461226627,226.55945516198292,22.683317585521596,41.39412044406151
158.0630385004014,229.51217628521945,22.111653326514972,41.47836083553617
157.8085946446584,228.99205005495887,21.63080230765753,41.528874565713906
157.35816029048488,229.64929842196085,21.54944804116064,41.19660080655387
158.47890546159738,230.8147315571733,22.235782143263968,39.841676017571736
162.65959714493155,232.69198494401115,21.616147909468847,39.958043810332626
162.98856770598422,236.0775935817989,21.917063392452114,39.89882277037734
163.08694364404502,235.68420409213329,21.720311516330504,39.72247502615364
166.01248944521856,239.00427516525644,21.61220282537721,39.78247960986664
162.35190066001502,241.58655998070287,21.283773380575816,40.35511524038006
165.17510395884526,242.26458435779335,21.39139770512704,39.95807163990107
165.74147728430125,242.10789283998258,21.213659394969778,40.27145467552257
163.16343093785923,210.3896489906165,21.58689877671081,39.61770800493839
162.33728689942174,198.47137351209454,22.285848530795228,39.620800892218995
160.02881646252973,205.02939056987216,23.04156830800398,38.088430066389506
160.43840857652492,219.21749174303875,22.222384080013608,37.41762550687514
159.3281860894837,214.3915773918423,21.648147421417782,37.75384876700714
158.87136882871238,224.96394341216006,20.708124577284405,36.99934774880762
151.51041053113698,216.63960661154087,21.035158885039497,36.554098633763616
155.40867034147587,236.7216306175934,20.42781909374813,35.9305396832838
152.5082667412663,238.483216339968,20.07493573792786,35.044664191208625
150.86878201683825,241.94134494622392,19.91396574335328,35.00828586555826
145.50901374747048,242.64608095644675,19.496242086582612,34.45552616784384
145.19914024607166,245.5377788617068,19.274559482887256,33.72070799628175
138.6188458780392,244.955868277928,19.20662040984146,34.0577461757699
135.54338920269086,251.29760753839145,18.712591439722097,33.83353450637307
133.2688850905564,250.9806480705981,18.348273236000512,33.64856570396141
127.34277091446874,254.23775197618298,18.051449314607037,33.613852438694984
122.18342555543629,253.7385422809339,17.913639038686867,33.807925598886584
114.0801479512104,257.57129735570174,18.023385125167987,34.190820010336175
108.43364227178976,258.45314140860785,17.943401469784355,34.051845477984614
101.36253264069607,263.854011877433,18.333652101106445,33.766315846290276
94.9622232974194,268.2467231335344,18.15149763365896,33.906549877463014
92.17489711451671,268.3755926267405,18.053551232153396,34.45918214352375
80.29622708991303,271.6958973177089,18.12309235234065,34.3531379833856
74.43064618381531,273.5410675593149,18.423866566234103,34.74507878528138
64.63196482802363,240.85418145114957,18.99137340465534,34.75543300249007
55.42637998597941,231.82077892025356,18.982926747456,35.23987701123462
44.75948649375616,234.7698054192325,19.210384264790864,34.407343085383474
38.704611847770195,237.02222824585226,19.618209467653,34.08175603539749
32.42545507380865,214.63375749234785,19.607046000018293,33.60858028639821
20.739798283775343,218.03682440086104,19.717139345043186,33.44850939366944
