177.0,81.0,12.0,27.0
178.96419027366989,80.93278666230121,12.290585866292233,26.531717187735868
178.8756019360067,80.75705363348338,12.467762541618665,26.282179938671554
180.55096027183126,81.19866965182544,12.71982055890332,25.99941035014308
180.79461053190147,81.84280750018108,12.833239215482124,25.912573006870264
183.18344009124897,81.30720427376933,12.866909808210421,25.780947031837947
183.14308063531703,80.93484151446555,12.947628720074327,25.925599446631125
184.73666073874404,81.01254515907164,12.778406223916562,25.77019215741895
186.59511541846499,82.14336226475153,12.651796663047325,25.303707845345485
186.69728667416086,81.27587218296063,12.447454151655549,25.270595456448888
189.09172589148966,81.13461857878104,12.341298727848041,24.967762288451816
189.40282285683963,81.53861372619087,12.298176240902796,24.73884343738689
189.70977736465971,81.17301972742928,12.259242558458997,24.320080768517347
191.8834761941059,81.18310837156206,12.457207504232667,24.29990348025181
192.09983144879308,81.58297976401363,12.595788792925983,24.071452493416356
194.2408687442245,81.34239255254718,12.876299364715388,23.982303771017715
194.72441165340118,82.17565710921123,13.05686404173056,24.03725040074227
196.43297036823412,81.41543315073241,13.106099758780346,24.402247268794646
198.56051265326832,81.16947744290233,12.938647019896731,24.31021127999983
198.67600163904316,81.0737587256262,12.707669048347068,24.501648714552097
200.65332619262455,80.42373551000024,12.802995523782338,24.065991324690582
202.62663198155838,81.8866270792059,12.872990700136402,24.009213010723393
202.56007039911051,80.94682613541117,13.006113865032123,24.16632016449643
204.26367951541297,80.05559817402775,13.071452018768634,24.21249789409257
205.97637669433007,80.11731915436391,13.129408281694953,24.089055933420234
206.2285461631025,80.1847543200541,13.204799197872521,23.95418560203987
208.02168117361379,80.7283999142409,13.092692753218302,24.0249489391224
207.97272294576806,81.3863422602862,13.190609208909795,23.865377663215366
208.84789017482382,80.4842859077222,13.17269610780892,23.937069011332675
210.95284193096037,80.39862436381263,13.010378906433655,24.10839209915182
210.98991042799847,80.05887881822511,12.93624191235744,24.20990432701499
212.49553607362978,80.08879009232946,12.816011732249688,24.15008177880629
212.72804901703083,81.38505498933355,12.926247615569197,23.85859906528455
214.64444436854006,81.15277194089687,13.10345890152242,23.750307735161954
215.0459195485408,81.15197273050175,13.449083752857662,23.75190615595218
216.2017337466234,79.4544947874421,13.458248577094416,23.665672211468582
218.37311577247561,80.61370753086376,13.169027324664562,23.66355689563933
220.19220755497048,81.19168877336598,12.975590106226004,23.6558431928186
220.30831499479973,80.02288706054249,12.743375226567467,23.71060558143021
222.09785188875213,79.43812842812466,12.569578533230649,23.745030481409863
222.67232312105526,79.265743103772,12.550782287312519,23.52472802077111
224.59772007443496,79.3009283206211,12.6305482361768,23.454357587072895
225.108614166449,79.11375075607785,12.732437758446856,23.26687386301034
224.98308947651702,78.94279506354798,12.983487138310792,23.04796805135483
226.33126640149487,79.27454580675166,13.096449604252355,22.94632982812692
227.52099931997427,79.04442384582701,12.966099885286448,22.84429472047801
228.3638934842236,78.95382651903208,12.955972196098111,23.025489374067885
230.68587410998018,79.62756901534834,12.800511392162703,22.800129493329777
230.9615345175641,79.83685726367123,12.804274071959762,22.936636491648876
232.19563439680076,79.18402315120902,12.564737596594071,23.12797307501949
234.24891170696574,78.96258504174638,12.349496746569388,23.014947326758293
234.28558176993874,77.44852405090792,12.27615662062337,23.2903085091505
236.2068587750203,79.79935600214321,12.307030395757515,23.015419218448166
236.17621536725983,78.8186983948454,12.36831721127846,22.777408715394117
236.8987622153112,78.82321197102108,12.565344754611687,22.768381563042777
238.9906615618479,78.85238985935153,12.78639716367158,22.710025786381856
239.4395188168984,78.89843558417563,12.995703827917486,22.617934336733672
239.75971626203287,77.06295687820081,12.911012408178449,22.954670925504267
240.3549831648365,76.90218385709468,12.838978466763194,23.276216967716536
242.63513942207265,76.30909240118986,12.780859730924059,23.336851434867867
242.43924580556964,76.46513702447396,12.609970036660243,23.587439115569573
244.45954720073505,76.19043786850719,12.513492620596903,23.573390945464883
244.46170883643728,75.50298581941549,12.50916934919238,23.825124580996714
245.0165114532177,75.09309531543336,12.52999120960823,24.079692041972642
246.91932660270044,75.46803356481983,12.709548952687657,23.89912812063468
247.80763791312637,75.7305335842442,12.64215314051172,23.94387035134459
248.09413635255575,75.44005232351417,12.638400204304505,23.95558893015315
249.75210102628276,80.37929410697977,12.738581989390664,23.756086905419096
250.06161561580888,91.49269428818695,12.687686810877715,23.68651256403842
250.84975033824472,95.62491040231595,12.81012924800958,23.349402451796596
252.85804901663315,103.85650633631,12.737066339120531,23.22371043934371
253.6242623768319,108.04043174445422,12.885417611254505,23.259749585712946
254.54701407664803,114.31110688432648,12.729884022902262,23.111511255355076
255.1147259853833,117.34987833180075,12.711421384767192,23.177254846751648
256.7926508288447,120.27434647023857,12.710386342944766,22.91967631171004
256.77933440554153,127.02285917847206,12.737019189551072,22.750210261769837
258.21212210320124,130.85246382441812,12.63776545443961,22.836701618460033
258.9932544224941,136.2272298922846,12.734053344990212,22.591335500590112
258.9719029373853,140.24875033507087,12.776756315207793,22.260392848614682
259.583852875056,144.5086461614267,12.646235805028345,22.487636117198658
260.8900598155338,153.7043290727338,12.773001388215338,22.17485475792574
262.03733312933065,156.9779202972997,13.205245783668952,21.626612559498017
262.55210451456225,160.42548395814356,13.264723970290664,21.265610980319767
264.60354339378125,169.4667246641653,13.482831457946787,21.007193708414682
266.56459036265693,174.70630401374396,13.340100496556206,21.326214941716895
267.10006582797644,182.21234409399048,13.353734648504975,21.498325937453078
267.4448457449855,185.44861929509136,13.209266607671683,21.566877053468794
269.09367281947,195.2089016804539,13.173737992495298,21.61906548549878
269.1794690025086,200.24824390669394,13.00214562641803,21.87387032165733
270.1578877896829,199.84367598464365,12.67961206281869,22.13823816217477
271.8218584811513,199.17112726479388,12.61105619028884,22.396873765071945
271.82739369904397,199.25022053081742,12.599985754503548,22.78458192766369
271.75177313883063,199.99940498412815,12.75122687493028,22.9405229424909
272.7906372830472,200.19942035191727,12.898775627980823,23.096811467283583
273.0584523094972,199.96225534317728,12.924288909530706,23.009998150313777
273.62742349580066,198.1287566710641,12.906934942353503,23.315230278251082
273.96446778394613,197.8507192389517,12.797356098681547,23.306795409856896
274.76820450055976,197.13249608161067,12.877428016484194,23.618211490519098
275.07115683412695,197.47778386760967,12.840001241661273,24.064591703144302
277.37700370040983,197.14257473619705,12.823627133763715,24.160595012885985
277.3968572243405,195.66666119259924,12.783920085902286,24.23468642355271
278.2680332046464,194.8549003839623,12.769434716199601,24.13034144991757
278.55754914415985,194.98727993999498,12.76457484114862,24.439754341828237
280.49750691291416,195.41276256072877,12.935123665976594,24.74606463245683
280.66116366577234,195.40247760290305,13.193881857843797,24.766634548108232
280.54667271256426,195.8675325432689,13.422863764259985,24.427342172593868
282.14895455692385,195.55662963125448,13.166972793764437,24.45941345297798
282.2002040919717,194.10827737799067,13.064473723668694,24.42695749694478
283.1369208504833,194.80501748313014,12.941834515480956,24.200673492556167
284.36164472853403,196.0630605735458,12.805043419794806,23.997243972140158
284.3552797509111,195.93509080611162,12.817773375040733,23.68035938307399
286.15204994621365,196.89095787806616,12.634477514913653,23.473747504403974
286.2495306563599,194.85499681781377,12.43951609462116,23.610326920111092
286.24500247392183,195.01375026088505,12.448572459497369,23.292820033968525
287.92007487910064,194.47193311759298,12.436479813061538,23.2637702659121
287.94690348875935,195.1454392439773,12.382822593744065,23.02817205351615
287.8573297135502,197.29806963099546,12.561970144162354,22.582135846858833
287.7528752813942,195.9793854027647,12.770879008474417,22.480515440683092
287.8359620210267,195.82452160998815,13.154555789956657,22.24039276548892
289.7792202801308,194.67066363557848,13.137572863104486,22.336946662104868
290.6513739576122,194.35636000990647,13.055079077618243,22.41161605695674
290.9722975888641,193.4746287678804,12.966882137473876,22.514127573930274
293.31232054415125,193.45054889273982,12.716243613231443,22.562287324211475
293.39867223419355,193.14607497029226,12.543540233146864,22.621103749974775
293.3893777539844,191.9298506229375,12.562129193565148,22.31325596792777
293.48609189025115,190.51594768594046,12.368700921031648,22.421935641728307
293.6816970566255,190.54968034037327,12.519625924144124,22.354470332862665
294.45673475651154,190.7581675712627,12.600684307262345,22.48120713204718
296.91426610202603,192.3384121509869,12.608310337428996,22.60251045339589
296.91433690403363,192.04791897289212,12.608168733413734,22.63460823827311
296.8389665313669,191.9122160166847,12.75890947874723,22.356653612626943
298.4861765659752,191.45807503183937,12.751366147566053,22.169310002972445
298.5084609550064,189.57961004521752,12.706797369503601,22.111876856059325
302.3899094631478,191.64826252355158,13.093425155239837,21.77768347366675
304.65432281823274,189.03903848425085,12.923617390573098,22.09223523857707
304.70230557117253,190.13451068402708,12.827651884693552,22.088028761658034
306.5874073770575,189.2846969799648,12.872427653880258,22.15266500651548
306.3242498979108,188.24244448865403,12.852028108434046,22.59702647791834
306.3576155772056,187.4909140341345,12.78529674984451,22.44122470160543
308.05874488205677,187.13895156684396,12.68011894604656,22.595636168535776
307.98467195886576,187.32925493681537,12.828264792428637,22.76503932675759
309.7503553741939,186.9619778403639,12.62711863446371,22.944556740878657
309.84669582311165,186.86102707622175,12.434437736628162,23.146458269162977
309.8540671864801,185.58003458086026,12.41969500989131,22.938721632492403
309.9037620590309,184.77860664525912,12.320305264789726,22.889685090123763
309.92365460063144,184.54905734211866,12.280520181588631,22.80057676608999
312.10578503247956,186.45622289508944,12.285961785532425,22.809735319333527
312.08045076391306,185.93434584603327,12.336630322665453,22.7606075721914
312.2607641591543,185.70025682378184,12.522587574713738,22.68220157416353
313.24194518006897,183.53169107203422,12.754642599603095,22.630498944221106
313.42067449131133,183.73763902844883,12.948977811442788,22.770396865716297
313.90899073758976,185.18278001406145,13.086682374487772,22.665957533495675
315.95318911296204,184.6742843465577,13.461953420934572,22.56703191920528
315.9887666203422,185.74140226884197,13.390798406174381,22.684147498069795
316.22273329921126,184.3589348629604,13.486241963943241,22.632197732297318
317.9988127353616,184.1589618719833,13.31938479555577,22.46792676359936
317.4904014782385,184.6133779637078,13.218293291931296,22.118051589085646
317.815605231467,184.33090775628972,13.119933663019218,22.13094412637696
318.9739606402247,184.26468527892732,13.005538566891019,22.263389081101767
319.20862108545,184.04067805062002,13.086829375217764,22.160791838938973
320.01989303935113,183.50299555533127,13.115674797368932,22.13523060954751
320.060523005687,181.8460255874967,13.034414864697128,22.145746383912044
319.9960890977452,183.26720578668412,13.163282680580798,22.050153349229415
322.15559161958964,183.04468773471675,13.245154721736695,21.945079817558543
322.401620997984,181.60960115019157,13.303022643845878,22.065619592118964
322.2509187847735,181.62858650557467,13.60442707026694,22.02764888135277
322.47520142584773,180.0684030939486,13.713063366685327,21.804806233203912
324.42350252876673,180.07389672929494,13.706331709216347,21.79381896251123
324.4099686566509,179.8593624313434,13.733399453448012,21.667468790178148
324.79319053911917,179.56439157744992,13.52093824479135,21.70342794168531
325.12731644054736,179.60024262458262,13.403646507587304,21.631725847419972
326.31021875086645,179.83992322146284,13.229526152019442,21.700285719927063
326.38640540260366,179.85364926884068,13.077152848544982,21.672833625171375
326.3716999570705,178.40375583086848,13.106563739611282,21.857408992254776
326.6278171201448,178.7117393667292,13.140614772256281,21.78772727932694
326.91370570479876,178.73542508905842,13.114659908202718,21.740355834668485
329.10797735221473,178.95708199819566,13.083553780459003,21.841721662280086
329.3651370916404,179.23167507592325,13.114898136462347,21.838199341679513
330.75461047148536,178.42642312651964,13.066651668444681,21.810283065483368
330.81007560726084,180.30722377064626,12.955721396893722,21.86305859295413
331.3765944543357,180.01623056526867,12.910330034848997,21.90122183765678
331.4034573288173,179.2572325057477,12.856604285885853,21.788348591970042
331.6333876359172,177.93682161719045,12.937781668880366,21.72398038311323
332.5297507560542,176.79220978580136,12.769413223311535,21.847393652951048
333.86908218781275,178.74547995361007,12.792950222466656,21.723933125074616
333.9028513481235,179.68294996841863,12.72541190184523,21.466007809694414
334.1762892800363,179.09401267694585,12.712567013192292,21.575820442294518
335.7971552619398,178.48200733065246,12.683508784899693,21.728939889709828
335.181331571258,178.3508354540765,12.840701009739774,21.45405606459999
336.76405436825263,176.56469178647413,12.8900525671771,21.27574672314033
336.7933942312467,177.46849150586598,12.831372841188998,21.070078729928767
336.786217117233,178.06628536471752,12.845727069216444,20.93434141757297
338.56313568128695,177.54523865296827,12.98889231834205,20.920148447576132
338.5523615419368,175.65103655964487,13.01044059704241,20.996198615625623
338.5633681820834,176.01732879200608,12.98842731674911,20.79544744788378
340.37136619809837,175.7526552231867,13.071694745810444,20.796328376795227
340.7042454579452,174.24032710745163,12.935811386225016,20.64173364761551
341.47785048708994,175.3169010856364,12.964463648067577,20.589735451421948
341.77292496316016,175.84286347702624,12.899305054155436,20.587791385098974
342.29676593185326,175.74021807027145,12.899361995760959,20.269212759112673
342.85266108395444,175.6231750849515,12.825784206683506,19.984192472190173
343.7238392797386,173.7510534589843,12.624254586828952,20.133173256792347
345.22944062151197,174.28023313945522,12.687844954982209,20.09974491308381
344.5038950511426,175.28260636575396,12.599842711241438,20.14712297312584
345.2932366921242,175.46276414588178,12.55795354563085,20.299072118321074
346.9818105782336,174.22420362396602,12.77762108579988,20.20703936758994
346.47953964526624,173.97335983376195,12.749885187598942,20.192588065930224
347.05811302894125,174.31258831134923,12.623655171691059,20.02958948647677
347.0451800804617,175.72515904509777,12.64952106865024,19.758983605170684
348.31948614595115,175.6534534198097,12.637362809551998,19.395104081370658
348.27978548765213,177.75013764013886,12.716764126149986,19.21480804791532
338.68610835609405,177.43386518532893,12.894633994339896,18.84685377885483
327.3436467002226,177.06753418580524,13.184681248408069,18.584187953116672
321.54757246349584,177.22816816614278,13.311620449240019,18.26291999244162
310.59294272425353,178.37825584833115,13.409811575426295,17.945569023728353
305.434456876228,178.6932297077823,13.384446230360712,17.80811354487926
299.70608641175585,178.88211002802615,13.571534339862612,17.43035290439156
290.2700416155535,177.2128689299228,13.440004637738104,17.35792907337509
284.58142130748575,176.6567511843669,13.200652331158647,17.502115154260675
279.29764715767664,176.14778125458864,13.157151834124035,17.555414214121463
268.0942424898114,174.51821489546947,12.890175291818892,17.92002107558928
262.82025349485383,175.4568157845815,12.79937496275577,17.977142628088536
252.3695792460876,169.8508074168301,12.93379735973598,18.081268658644778
246.72830846372696,168.82482248459723,13.021281664042974,18.18627204303844
233.22044713000614,171.91039303372227,13.099549089557453,18.382165820152984
228.5260987547239,168.6010874695384,13.101732193757408,18.578425506271262
227.4971192577438,168.6027252096329,13.171559647777185,18.575150026082323
217.11071465639947,168.11712124861427,13.022724997965442,18.550089193238584
204.1168884076271,168.86561041748874,13.254716832277937,18.53901435529151
194.86073671744046,167.8894504019136,13.305619092751684,18.495507238344548
194.9368046109514,167.5390000496788,13.15348330572979,18.69727287315299
193.5002093624559,172.76119596825947,13.028571951520343,18.746237515193076
193.55132222298604,176.18366624844893,12.926346230460059,18.878354847902017
193.63743346482119,177.37837894086215,12.754123746789762,18.98224921178916
195.88349452484334,171.42311055774312,12.738363956955727,18.955819764133356
196.21872386847352,174.67262300975784,12.564619525990503,18.914080191941206
196.4831496880965,176.42878382415853,12.528967879705974,18.85415851386965
196.4697154109799,175.9166163201707,12.555836433939206,18.8950804049949
197.44879961491387,175.94443814339013,12.568741540389734,18.839436758556044
198.97992247280257,172.0381762936837,12.459373820594468,18.777619135349855
200.74225074154523,170.0824235359648,12.360510116598679,18.77393284108536
200.98868402584804,171.13577205313197,12.355342194443933,18.61803039255455
199.09686311871198,172.65866880685599,12.25681961961968,18.483860176928857
202.6988831689756,167.69254126255552,12.277015596934508,18.30218475655086
201.7666602027349,168.69044301093274,12.224583264118982,18.223259525093393
203.9589193501628,167.77874822144864,12.134518312761603,18.138003173617854
204.1306747078484,169.29028418568626,12.265390770322256,17.961230282733833
206.26624527444827,166.83877064472546,12.259279905428526,18.125334844315443
206.22673332178667,166.8468450362358,12.33830381075172,18.10918606129473
205.63925199030857,167.371154338423,12.558606376699204,18.015227553929016
207.51228380773722,167.57879815996796,12.648997265919478,18.0794967263488
208.6600890564877,166.84884207591273,12.763488787251609,18.093347683159436
208.33710258621443,168.0852127893004,12.925342929644462,18.04120024715268
210.31587070973174,166.57340866319873,12.855770913828053,18.148835325942372
209.75240038045533,166.79509365785952,13.009752623164214,18.191944811229206
209.8272425764077,166.14778236613515,12.86006823125945,18.507231188430453
210.14367371022453,164.78990687752318,12.719173777078254,18.763143098392124
210.4710658425129,164.17021293553057,12.557884649706939,19.01554070796655
210.52766614500268,163.8374209091979,12.444684044727376,19.186512243442895
210.78124450509657,164.25083925547173,12.432819693534302,19.350260288884705
211.82985745707143,164.37643135445623,12.325787545067064,19.596624529786297
211.7843019104094,165.57606334898284,12.416898638391086,19.694583407765474
213.7865444587406,164.25736089026012,12.431895848668045,19.819811883373834
213.2019836970884,165.7724215703795,12.591900360012467,19.817041559014942
214.3549124847832,166.2118666465328,12.822024592966415,19.952544130045794
214.35085916586553,166.6750358921928,12.830131230801708,20.052349728746105
216.11351722081812,163.22588772467498,12.90773120957636,20.259516184804905
215.80826854412672,162.38078384747007,12.999127456007397,20.39242061835945
217.41904031624682,162.5365088372725,12.913296983215075,20.603589483995933
217.63427189647052,162.76033547946088,13.007173873688513,20.680276250539976
218.17162199204807,161.34169508101013,12.986592457537885,20.88226010993027
219.2241745467027,163.41881961731661,13.000415300743214,20.965866942346494
218.10847620697143,163.92667376138306,13.106963080025496,21.012583104303737
219.66163833067702,163.36961174030273,13.202824911419826,21.059311786862594
219.57933783209052,162.86319910658767,13.36742590859283,21.000130753143395
219.63924518323873,163.54376233475512,13.247611206296417,21.252626606925524
219.8407576439596,162.42925713138916,13.38422845802523,21.323068320975143
218.71803873818627,161.7829642705257,13.457725393271705,21.52968360455201
220.6511587447744,159.36263878754332,13.422617770930694,21.444592925157238
220.6304928068946,161.2095045145471,13.46394964669026,21.56897434314932
222.35398360656916,161.52733850926566,13.304943749011723,21.481302303990624
222.94874257670045,161.92959248561664,13.203463085072007,21.764831627611564
222.91969575902152,161.90655498557754,13.261556720429887,21.810906627689754
224.29417323525402,161.95244892927707,13.253624392890718,21.719118740290725
224.54007859867045,160.34536083713576,13.308516874341269,21.653075674873214
225.14547202805346,160.60782163036953,13.191013230672898,21.674795695954504
225.41851981929253,160.95441490372886,13.18990671208875,21.526598213129848
227.3671880394046,159.9095539612452,13.09190060461396,21.445274193668958
227.1590620993959,160.70110936921213,12.968251778814533,21.481865495185563
227.17679090928547,160.54246094780098,12.932794159035376,21.260798387495374
227.10440652066492,159.0464417812142,13.07756293627648,21.04599214061318
227.9189521002353,160.95379887516148,13.04958176828128,20.967201265391427
228.19397149435494,161.78084330652598,13.031600275637988,20.909284289450483
228.51582797636698,161.45002077738093,12.918777994832906,21.040038664521596
230.14791369045366,160.8997924322565,12.840291671645952,21.07860031977497
228.29607201291418,159.42544757748146,12.832559018511857,20.84607630799959
230.34639670646692,161.84916834953526,12.944752871260409,20.738083408727718
230.06592400775838,159.680397402746,12.978821412864692,20.860610455804228
223.93919245323852,159.80779578666684,13.058883332659255,21.135092000538393
215.87645415082824,162.7271199571533,13.142769314047207,21.178360221490827
214.50384749035308,165.12824565743048,13.204112785229158,21.207074550519504
206.21299188021894,161.5800069792477,13.100627720791316,21.306534110072786
198.38820722651417,159.85603020773317,13.148812028817742,21.526614894608855
195.79224356418297,162.3344440166243,13.462104286376523,21.44842234393019
188.12089768603488,161.85323494222905,13.512209932271945,21.318512913406366
182.637124561579,162.3675801578175,13.578547615974362,21.379943338750415
177.93937384054357,167.30177195107805,13.673526349003392,21.35917203239125
169.46049041578206,161.47293583148473,13.6319202544135,21.501140019114303
171.4947990173229,160.57122227459988,13.411874756655804,21.655179259173735
171.82669416921868,160.18817935060002,13.296493739804635,21.872855820232957
173.5616445237556,163.69966391785448,13.124886833461808,21.99618992497449
173.69562651997174,162.29572888810856,12.856922841029535,22.060764844463463
173.76452905374936,160.84710021037816,12.719117773474268,22.232580635385357
173.3452126209789,162.08491699833957,12.467152111258171,22.48344337885519
173.67607429815507,160.74235140866634,12.350151914893292,22.444958768264325
173.97638781538632,161.32403784310833,12.291683531108959,22.365903200736703
174.2771075204577,159.68333977386882,12.230237632175097,22.40733827196258
171.87331178921417,160.80707647357787,12.181831362296736,22.318086086929185
165.63521761984384,161.166276255626,12.297556532636541,22.13709796493724
158.55000698636337,161.59970219877226,12.513392063909066,22.343675750620747
153.836425044583,159.19593646173348,12.701982362964664,22.26019767996027
149.5089264873398,159.92380341778085,12.630301557870377,22.44071587778695
149.13939365198965,161.52373293369564,12.82249652228423,22.522081083676277
148.21987606367867,161.0465295036076,13.00750341391173,22.373802420522757
147.6333813648933,160.61476182838808,13.075925876385513,22.685054303413292
148.5248633328903,159.45049079250327,12.967139516086931,22.781359607588932
148.1817482254278,161.00325220863067,13.095730298985416,23.02167336749327
150.1871464168665,160.16888470688568,13.028611802900617,23.000260705214973
150.49921497104756,160.70546422221656,12.966399503822217,23.050951293120715
152.47727740842015,158.73679538497322,12.9415910064682,23.056972590216287
152.2319271423721,157.14583451624284,12.871008113182805,22.871193775388026
151.40570176217537,159.58746834541935,12.851455682819033,23.003935689306594
151.46296109172803,159.3836963562368,12.73693702371372,22.852515301548046
145.8771646587105,157.8142891128025,12.8130257328577,22.66267854134935
139.29687865490516,158.4261175341173,12.695284843966276,22.54554777342826
134.28034677569136,160.17786282582802,12.836859287386584,22.339220295009312
130.17531820933306,158.11130003375445,12.813750620708444,22.08132411947921
127.80031672403263,160.45354735683057,12.661794964076986,22.298788100559282
126.70167118118538,160.45359250054494,12.677861951024992,22.298697813130552
126.65357567578171,160.72971868168958,12.774052961832334,22.29202318054776
126.92425846725118,159.317315394577,12.779799866722602,22.38126731562679
127.19052379505185,161.1053583743452,12.795801338575894,22.644906248272918
127.41606349924788,159.40430605623882,12.897429049949388,22.730768165892226
127.65223709323011,161.0311751704845,12.980787654064141,22.811264689876214
127.95381235827354,162.10904628168987,12.935951247811357,22.88877896280165
128.54730770831605,158.97046331311833,12.866359278772581,23.020251879190464
128.80637978852278,160.3780960861484,12.907674543342972,23.002283458049632
129.6171747158108,158.93392526390704,12.965776565094874,23.091138641985793
124.77865105451919,159.54120310842958,13.085417082735527,23.000983753522156
118.03857475828019,159.86583897319943,13.055946145850012,22.91461300437264
115.17229580618178,160.00876201915935,13.17729060285033,22.628766912452832
109.68087627904752,160.6494547915733,12.981284798264012,22.465265853510395
100.82844248868348,160.81557547058551,12.983888349742113,22.68622024640007
97.99873091710941,159.25451564084784,13.078163850683882,22.469251320551642
87.39393531779177,161.73334410480712,13.201688134352496,22.505662872493613
79.54625031412793,159.09583734040487,13.286277019562913,22.205397429113297
81.77865141862549,161.94106775440346,13.257428944574738,22.059879268624805
81.0230657377679,160.85319301121268,13.113072941040981,22.02825893467447
81.12047321055617,159.61516937517152,12.918257995464423,22.308560195252944
81.12030961975962,159.57385941511703,12.918585177057498,22.39118011536192
80.8422556861938,162.31705230884066,12.923658865505926,22.415136114747117
81.1115210647029,162.2011906333716,12.936603484501765,22.646859465685207
79.65772788199914,161.34768219148918,13.068545613289626,22.68848980747824
81.63399743789877,160.3073932964661,13.021901128869512,22.53712781045053
81.63423748022304,159.1072945564922,13.021421044220967,22.16257570605864
81.380534722334,161.12244819812366,12.97944288778909,21.97795412826552
83.35569121705798,161.877367864865,12.850649866418184,22.10590906681591
83.28830598427606,161.90816337772907,12.985420331982015,22.04431804108775
83.28381628480504,162.13198492835122,12.994399730924076,22.143693340832943
83.50848229364436,161.8697892593067,13.093713895657153,22.119438496510234
83.247994960738,162.58337937698724,13.064723609509088,22.34215311703153
84.43474747206118,162.35215318521125,12.90234920765499,22.804605500583513
84.44516093792645,162.11667017187867,12.881522275924455,23.27557152724869
84.66857320892888,161.5751220016289,12.998188261028455,23.231686813530537
80.55984297007176,161.3375765066441,13.308021985641638,23.141947321135795
84.54709613854118,161.75117295998143,13.296276224888812,23.452291639630523
84.8652266805462,163.14135427221265,13.233180984537277,23.53775823346075
84.59369381371842,161.67424291265903,13.202889483201252,23.60519477760999
84.82638772795993,162.26854921933892,13.311340361977017,23.564259578767754
86.17150890560073,160.89096504222238,13.49649329945272,23.444032640243535
85.93568983400263,161.92953276009843,13.391688076461246,23.672670669242116
85.25503082875807,162.58803315716708,13.596906620950055,23.5117693411051
84.8641001773635,161.1823479163398,13.799617561648242,23.42738801230484
86.95119629760632,161.9881359918854,13.694734522477077,23.559801518919887
86.99301048348146,160.66290694544003,13.611106150726808,23.302656744190855
86.68489399829213,161.20528322028562,13.651050596388718,23.370481243933185
86.0637109700416,161.3285029376999,13.737473815510139,23.124041809104586
88.2836490343352,159.80880241882372,13.903772874593681,22.708811456103923
90.38468622670986,163.13670642685761,13.708446428367825,22.921714191790716
92.0185005249213,160.5271736089443,13.87445620475228,22.99032226840637
91.71757924206821,161.40065387477338,13.9002054845417,22.971641594498465
91.33821256672907,160.79321954476248,14.08268989979825,23.03401238367684
92.25578742834375,162.42681710174892,13.988289881873698,23.24831668031357
92.29749494181199,163.7235873303332,13.904874854937223,23.564038941016708
93.84173233921607,163.02742174312903,13.742097220995925,23.78609125107826
93.57712616216146,163.80382991841128,13.685630041500637,23.990313501327293
93.57075688787256,160.37681923563733,13.698368590078438,23.791362507898164
93.52799530313311,160.74878263996214,13.78389175955735,23.632451819057053
93.88883930725675,161.67316820329705,13.646312279021295,23.536006275520876
93.63040045545789,161.410104710668,13.582842800048933,23.481786078208884
93.07362216952477,161.64053058308707,13.539464712646314,23.59940166300517
94.83943032623174,162.10280039038412,13.484698966300583,23.83381223743379
94.78788926925768,159.51131140899082,13.587781080248698,23.778645633735792
96.36264757404702,160.99602478045873,13.353018794168099,24.306924078997646
95.66204576211962,159.63912676059388,13.580693190858605,24.086897050816596
96.50171896305082,160.39647606193543,13.663527621872165,23.746985670050826
90.49672923873138,160.63206838251216,13.998160481645023,23.85956835834063
95.71379637455655,160.10892817027778,14.203942612947387,23.72363584914801
95.74313111211205,161.6947260591944,14.145273137836412,24.107414882780738
96.87762221430067,160.2442577078137,14.265393083707645,24.021973897731574
96.56126769640122,161.45955145455832,14.300065620571724,23.983532399981613
96.87261131825363,160.05762378376227,14.275428714324903,23.797136054283648
95.71478890975891,160.90151194576458,14.21162615379602,23.89394526341778
96.83080024681037,161.19349088285324,14.360503981237235,23.905212514626513
94.99219395826664,160.90957428807084,14.45028771239614,23.87514089653656
94.64917939556464,161.62550625526114,14.537346610725788,24.24018764337907
