456.0,306.0,39.0,52.0
457.3771409819979,304.7159327556681,37.67512843418521,51.709313692301585
455.7137593664594,305.90437909489094,36.79203752498968,50.735705727280276
456.1472341717242,306.9414178689813,35.92508791446008,50.03563822968004
452.64107034139494,307.01758766005,34.842545901513375,49.883298647542546
452.9175669270511,304.8413118264029,34.28955273020112,50.24885384128539
452.97633911404654,302.005245533972,34.17200835621023,50.61950856555393
452.2394474670841,301.83607937199747,34.31678735782444,50.95784088950303
449.053265831263,299.32643165900333,34.0066524539841,50.631137775105245
449.0070021751112,299.8185008141613,34.099179766287634,49.646999464789204
447.60976882826867,300.00219156355337,34.267360347355634,49.27961796600514
445.3595530819545,299.9926234580469,33.52627324040807,49.29875417701808
444.8458917569312,301.09414598864396,33.255190760516705,49.69251937569996
440.47165560414413,300.7888695956091,32.90481579610347,50.30307216176959
440.7452721273922,300.7538065651687,32.35758274960734,50.37319822265045
439.3091653717897,297.5783720364433,32.639593757879695,50.248561022769366
437.96804659964215,297.3881156306177,32.72595046324276,50.629073834420595
435.1653093413187,298.11116473385016,33.11108023721213,50.48806181362511
434.56720918381876,298.93610658144775,32.997888156662476,50.147570513979446
429.9588683565223,298.2406998617244,33.097801514599226,50.235988482475264
430.0925273924083,297.81687273994,32.83048344282736,49.77825618416509
428.18167084101844,297.6234908002284,32.77000895380473,50.165020063588315
428.2640515564637,297.6911501437383,32.605247522914134,50.02970137656847
427.72279511640227,297.0593132815164,32.393675376484396,49.99929007445959
426.52634778414614,296.3067491240752,32.2063693195914,50.21431802863938
425.23156389688296,295.51621652724964,32.2155466817156,50.50518801608938
422.56259056722115,294.74118200608734,32.37467769406205,50.760553146669565
421.13391088197176,294.8288513385178,32.629662303772484,50.58521448180876
416.6533422182267,295.6117306822358,32.4710488168116,50.32227733929427
416.41832009045686,295.5911721300473,32.94109307235133,50.3633944436713
415.34173094046406,292.3951897082424,32.48489269460531,50.23191259295183
413.8593110314517,293.0205665301027,32.85951293293187,50.27626873908026
409.8982320433507,295.0924106806226,32.969536041734884,50.03864787174002
410.0325718661347,294.4511739892592,32.70085639616686,50.020833467252245
409.3973989767068,294.55247056571244,32.67565663941307,49.81824031434578
405.6324443903996,294.49724568834125,32.45305549283544,49.92869006908809
405.71227973369247,294.22117640221654,32.29338480624977,50.48082864133754
402.7210324289777,295.1878760515524,31.79767699045025,49.843069827711645
402.19429495027777,295.6864370909796,31.573346687576457,48.845947748857284
401.8454658238879,295.0987833425942,31.01188337195542,48.76213367722737
401.25238356158775,293.716455659712,30.949563073679798,49.029819397240004
398.6845330587233,291.2126085431725,31.07947926159521,49.031728812505385
396.0684593498624,290.8177242024034,31.297028175962346,48.567847868204986
395.9854483923441,290.91224545295364,31.463050090999,48.378805367104505
394.5236460311861,290.8838523768834,31.88610023384906,48.43559151924502
391.36651091414456,290.2737805048916,31.9094789409287,48.397556957827916
391.5761805000124,290.2438387523616,31.49013976919295,48.457440462887746
390.5028726566968,289.75082282363087,31.13293863867065,48.19156391177259
387.9991613077218,289.0162586674628,31.172511560171152,48.41872977999642
387.4638235914479,289.6291564470861,30.997159620776173,48.43896159269258
386.9265205680455,289.7880344621084,30.828364760603975,48.12120556264801
385.52107093831575,288.12959582276414,31.167620822923734,47.73061804562695
382.70391981805403,288.4537341702238,31.859409411261147,47.08234135070758
382.94385370091123,289.250562381141,31.379541645546723,46.726069966294574
383.0520294971726,289.36582048071665,31.163190053023946,46.49555376714334
379.72969070153385,289.2609710446597,31.72287323439687,46.70525263925723
379.70809685526694,289.5838498960529,31.76606092693069,46.05949493647072
379.847268589153,289.1158114826856,31.48771745915856,45.77515097877638
379.8189073884936,288.3793714036739,31.544439860477357,46.03650505915273
377.8786478067047,286.9908392803885,31.775739405003954,46.38075622635599
377.80260587717225,285.2277369995399,31.927823264068856,46.23068071378375
377.34224013783484,284.4460997181209,31.62287534348383,46.56827587736197
372.5494208454721,285.54002335971853,31.402750088468856,46.83186955410177
373.2434913622535,285.4779985176336,31.24064577681184,46.95591923827166
373.8330446915107,284.1577545153441,31.28674814655169,47.14598918634239
373.2828262645987,282.34425345664147,31.158352530005423,47.086493892637336
372.54383681259395,282.06437252433113,31.410528538555397,47.64625575725805
370.70787806596337,281.76149996182465,31.36722275809572,48.25200088227094
370.3790944081709,281.04407073559736,32.02479007368076,48.440081918651366
370.4271720591924,280.88142275657987,31.92863477163764,48.765377876686316
367.38138898283853,281.0219082464233,31.70101276525685,48.48440689699942
367.1656587631113,281.1056570174384,32.132473204711246,48.31690935496937
366.0737890301992,281.306242580098,31.795224983471265,47.91573822965003
363.21842434841983,281.42295939250175,31.261671243001807,47.68230460484257
362.5982336543736,278.297255170957,31.2655822192612,47.751360988766336
361.44584176097425,278.56235497672407,31.095221871973912,47.221161377232235
361.5573602028863,278.60301349401726,30.87218498814981,47.13984434264576
358.6951385652429,277.1402077394384,30.487428368015934,46.39993591455115
358.3564399297232,277.3300406092422,29.960501191813563,46.02027017494355
354.43818909222205,277.9477631067318,29.468075649247147,45.97467192533121
354.68147145538916,277.8913053990817,28.981510922912868,46.087587340631416
353.57227235151623,278.2919531578137,28.850924591215282,46.46078409288915
353.44126831654125,277.6536118357091,29.11293266116528,46.55958907337936
349.97286297928525,276.9050820664659,28.947251459418887,46.87289996582258
349.923510087675,276.343148364152,29.045957242639403,46.811121187512754
345.66438677090804,275.41613998887686,29.259533433246254,46.2923749543696
345.5297786167895,275.6185823486211,29.52874974148334,45.88749023488112
344.2984958844175,275.53563660975004,29.63001203873515,46.05338171262325
340.8067226708359,275.09321183360987,29.50458942809376,45.75340309193624
340.87853000729484,274.9778941121635,29.360974755175818,45.98403853482894
338.67435644681564,274.32444413753,29.05214548533882,46.11164438639703
338.1198887069203,273.4569158881462,28.985045778877986,46.67066569891317
336.9919402000786,273.09503790287533,28.874418366114934,46.2111594562317
334.02668704549893,272.0442416650167,28.932205565567305,45.96366428806623
333.9317320843602,273.22535518151255,29.12211548784483,45.94506471488153
330.43386637929524,273.79184329829525,29.069554520340326,45.98680387758853
329.89673873605483,273.9648321918515,28.969349891528523,45.640826090476004
327.50663559115196,272.76716083304956,29.079126999250843,45.70095421703815
327.1095957403644,270.83865825441865,28.702863128916498,46.04692865857153
324.9280587623197,269.1523182963212,28.389083639058452,45.91196849030588
323.15392545808356,269.2335197253224,28.45155446810618,45.74956563230346
321.4968653656011,269.26992313973057,28.28400575551654,45.67675880348709
321.5656450146086,271.00265316186704,28.14644645750155,45.681269833107216
318.70300116623736,270.7086071918768,28.099664804308574,45.11494790310053
318.7307376619375,270.3529073824155,28.044191812908288,44.68117220311098
318.2804293311046,269.3490236237861,27.807043846249485,44.41341046372065
317.8761073192705,269.35424171661583,27.485899552387384,44.40297427806111
314.5907128787045,266.81397924352365,27.31122213534826,43.86227730910287
314.5014465287257,267.05069407009205,27.48975483530584,43.38884765596608
313.84542009850804,267.3273185372648,27.69265191353848,42.83559872162064
312.2260986401805,268.01322953968463,27.618507753917505,42.5680390755395
308.89772538154887,268.6266707895081,27.68117056178972,42.44017052745783
309.42760141670857,268.67919604206895,27.719559504707977,42.335120022336184
308.89859408902197,269.1493312291844,27.680369750409078,42.49205405777731
305.4799888977001,268.0911836497294,27.924144093467433,42.410537203492126
305.4095498056555,266.2278258479503,28.065022277556658,42.83202155130008
304.7772787369008,265.96616021655876,28.21914674331498,43.35535281408313
304.1901759017853,265.57527305721896,28.272513688400053,43.01628840761688
303.60946593379737,266.18558302975794,28.317293959189904,42.91230812772504
301.7984550909416,266.88136295475226,28.591844805172123,42.636571890979425
300.5890411781735,266.874711513908,28.77818739374704,42.64987477266803
299.98403175590454,266.8474360671476,28.868670478812497,42.70442566618874
299.45267762345634,266.07233836379555,28.809520650921122,43.13276298010508
297.7756451621525,265.5623151423313,28.781619996126068,43.025487563899404
297.17478505278956,265.08050365742173,28.85809528877121,42.86386560763775
295.64314801803914,265.16511955389643,28.549120683530983,42.69463381468837
295.55854422383,265.1221256549561,28.718328271949336,42.78062161256896
291.5960821296974,263.9040552845306,28.799681747614166,42.975742149819844
291.10106192679194,264.3843815706288,28.664925543539958,43.13988618750852
291.0793581652426,264.8578632648693,28.708333066638716,43.31794853127244
288.31416593696514,262.5317290322297,28.596599231199544,43.45652236295639
288.4084764345954,261.80145879392103,28.40797823593902,43.78841690203354
287.79100647939117,261.26741657623626,28.512435419646497,43.72601861070206
287.04440683387736,259.76309990977484,28.87434595961055,43.34078569043415
286.0766198151731,260.9931061021278,28.546865785055914,43.14382751769135
285.43209950150134,261.1904380537325,28.712784928206737,42.74916361448191
283.36752187308315,261.75684446831116,28.36216130603215,42.73629550507733
283.5074791799039,261.1161316872584,28.082246692390687,42.903795591550804
283.58422741185285,261.19866981820843,27.928750228492692,42.73871932965078
282.00147792057277,257.0946685437527,27.774008512961338,43.1994935830153
282.0242155876011,257.7602057804162,27.728533178904733,42.97949285447481
281.4152747438105,257.92711634467685,27.83939691375552,42.64567172595356
281.44994619453416,258.17542812934397,27.770054012308304,42.14904815661926
278.90997802482354,258.2418229055534,27.37373156907853,42.01625860420039
278.41638540568596,259.3983199020106,27.274260430590825,41.87657736481159
277.7781120804923,259.2568635209187,27.467904432693707,42.15949012699536
273.9283747392089,259.0838001478666,27.534753920857355,42.505616873099626
273.8125617047911,257.2519837721951,27.76637998969291,42.87920743130555
273.174107565712,256.72771856862545,27.937141823528748,42.821591394122464
273.1073796699441,257.0581635902875,28.07059761506462,43.26883154931944
272.63575043100565,256.8370913594503,27.896792417846,43.71097601099378
271.5658192516162,256.8021635005922,27.795084067330155,43.78083172871003
271.4343974175747,257.6486268782219,28.057927735413138,43.208034644735825
270.8517370098235,257.6593362567873,28.107307885597287,43.18661588760491
269.8335842410989,255.92181640758264,27.910727546292673,43.312326770883494
269.85622622106933,255.73268654493788,27.86544358635181,43.69058649617303
269.407046150833,253.49009243761282,27.64384776392687,43.69595085923265
266.63603314050584,253.77346628407687,27.604229907799855,43.129203166304535
268.36414684173263,252.36941133761403,27.469555461950755,42.61576010262575
266.1919701097811,254.68067034485566,27.42493528093665,42.382215733059674
266.3135163631964,254.646695119147,27.181842774106073,42.45016618447699
264.1931225969845,255.31821448281227,27.06280321787594,42.197084229309866
264.1896858226228,254.72451720815945,27.06967676659943,42.300301390669034
264.33210152262865,254.15267280695818,26.78484536658763,42.358152185680474
263.84445869277334,253.85186769907506,26.678191734237398,42.95976240144673
262.72313567949004,253.38735511667963,26.74255486319284,42.79964611743189
262.22063596245584,251.2475067459975,26.659724306183016,42.7280228944834
261.6597242803991,251.86152551606972,26.69617671577334,42.585356308862075
260.73479775227855,252.4186540594556,26.37832841006968,42.554949903062635
260.7394194400781,251.90250655122875,26.36908503447062,42.509180174551226
259.70168496450015,251.85724159189766,26.290101313658266,42.59971009321341
259.1991500862812,251.5875653002035,26.217919924523443,43.13906267660171
258.60962050950764,250.94545451168108,26.312900126702115,43.33920530227809
258.0199575579318,249.97027045916815,26.403566306965452,43.11225396152725
258.13332756598913,248.01566182442505,26.176826290850762,42.674259516690256
257.5978009277491,248.58276446365358,26.17142003305778,42.61651377250618
253.90345743918846,249.28818923413104,26.031554569375977,42.281171723094545
254.61986498645834,249.46741292023125,25.666894456365934,41.922724350894086
254.1137934959005,250.96769040737365,25.62235818705414,42.09220712789182
252.58736111116517,249.34499057424557,25.499854483671413,42.16223832129457
251.0478480238902,249.87218669956988,25.40657073874332,42.165282710472034
251.074861349068,249.67091691673372,25.352544088387738,42.56782227614433
250.60404258783447,248.64234951231734,25.23319374050077,42.50298134426911
249.98041909359708,247.22767304012913,25.422432227709162,42.15830878484649
248.92878583931926,247.52867147225987,25.413551484346563,41.556311920585046
247.70888120347956,248.7902566062777,25.7594491840215,41.12705322455386
247.0802517070126,249.45141543180586,25.970350919281646,40.8510928311713
246.59541960847315,249.46802099607277,25.894252595028888,40.81788170263746
245.07492469030103,248.90810203081023,25.803265325139932,40.89372726441815
244.9293693710318,248.66165800138901,26.094375963678395,41.38661532326054
244.75581476104614,248.0940053347636,26.441485183649718,41.46607168659011
244.20003301874155,247.0008290481088,26.49020216552568,41.52673125443332
242.1715854369086,246.50780234133327,26.28882079279161,41.44821553388442
241.92749116592938,246.55370826572346,26.777009334750066,41.35640368510404
240.44744417163437,247.30820944564582,26.536678628838906,40.91420955675975
240.00846534109203,247.45538439910655,26.35846758413788,40.61985964983829
237.45594574555753,248.0622300474709,26.21959584397192,40.45495053935658
237.62037457008512,247.783485633744,25.890738194916754,41.0124393668104
237.10675670668763,247.20386573630734,25.87113027010045,41.124835510072394
235.51198913622326,246.55531505457253,25.91607827051251,41.37374116003642
235.37907365788908,245.77547349736363,26.181909227180856,41.88075524424062
234.8695373464277,245.64126912327754,26.13628064562593,42.14916399241278
234.29569255029827,246.07737836775777,26.216026234852436,42.3448895064847
233.75520362779224,246.65875369852404,26.224799715740943,42.25434320907575
231.21719018996964,245.33438039239752,25.945826372958003,41.69008969027185
231.29057285708234,245.47337913921007,25.799061038732614,41.41209219664675
231.37064767958225,244.93622261952152,25.63891139373276,41.43512564716732
230.3887617352253,244.61756316592073,25.50481227113203,42.07244455436885
230.4803592143118,242.9546105216256,25.321617312959052,42.229801437965826
229.35515956509593,243.1803190083889,25.46114057660442,41.77838446443925
228.28639894770538,243.16109666369306,25.49652891151427,41.81682915383092
226.6905767523399,243.4286877013676,25.531468658726762,41.28164707848177
226.60989840217474,244.19304062127458,25.692825359057075,40.79778193642417
226.21643447002697,243.75830608811665,25.439433813159884,40.62693159254724
225.66450472016874,243.63616994447085,25.50977367541205,40.871203879838866
224.68073775815955,243.09840602134682,25.4006107280321,40.908383290387775
224.19997152607016,242.50202265458358,25.325071056347184,41.0640778880504
224.1982922333623,241.5949276055458,25.32842964176286,40.802013205250354
221.6544115295909,241.8977750537754,25.244828159775466,40.19631830879116
221.77697119557217,242.11258483182382,24.999708827812903,39.76669875269429
221.80300734248686,242.7356132837984,24.947636533983527,39.53393578373105
221.24009732128027,242.93022480433498,25.0645148268734,39.14471274265789
220.85708836397663,241.4615227192767,24.825460119998418,39.06689904832769
220.45867422231652,240.93160139387746,24.62237782210882,39.126831117916446
218.47905234924363,241.08790229254078,24.591993077830434,38.8142293205898
218.38857218808647,240.7360292395402,24.77295340014473,38.5257518296054
216.37766518879258,240.8576731030555,24.831045136308617,38.28246410257475
216.31497801453162,241.32706243840892,24.95641948483049,38.3319393282071
213.93960415486126,241.1271997681311,24.751732961925843,38.73166466876272
213.97208977019167,241.5919743704332,24.68676173126499,38.795775339790886
211.5662493580985,241.28690132471743,24.53077697440552,38.412388315013274
211.68422015584898,240.91054573809117,24.29483537890454,38.179913503306246
211.27909665267012,240.52359440532263,24.127321693145007,37.976055476726074
210.35608528250174,239.10916960098726,24.02952883134845,37.889181682196806
209.7080492882872,238.24301033187444,24.356629136124674,37.68355685311682
209.29120110875755,238.08302028101437,24.21896641998605,38.003536954836996
209.22102746119597,238.66964871519139,24.35931371510918,37.80413208069001
208.306234311892,239.2520379340125,24.242478178800905,37.612564560505916
208.413571606287,239.8519488828441,24.027803590010926,37.3811321970651
207.99603807433752,239.56116043122645,23.90153368056976,37.96270910030039
206.9986531982506,238.866799103985,23.960446820435866,38.3835034486294
207.07673849626548,237.63967664674772,23.804276224406138,38.88734032713978
204.57638019367252,237.70906104891907,23.904492311601118,38.74857152279711
204.57997358672017,237.87283862366507,23.897305525505807,38.42101637330506
202.6352718267297,237.39657732107565,23.88788892094415,38.398833947348265
202.5350587405052,238.00027111870938,24.088315093393142,38.1656621399506
200.7814897702216,238.1812315854089,23.69908845698367,37.80374120655151
200.31687429917952,238.32220928353104,23.66615942622743,37.52178581030725
199.35546238104376,237.47945178194428,23.67419616752167,37.292513718503585
198.99301443012288,236.88997927545964,23.444993312294223,37.51735997440368
199.10886967916448,236.39891681400385,23.213282814211006,37.54586381003916
195.76512418161127,235.8669589025355,23.24966600792385,37.659621375633975
196.3233733263683,235.88299843670032,23.08563459539338,37.6275423073043
195.79687916917013,236.16806746665264,23.18939104884449,37.05740424739964
194.87280659403172,236.7164818925766,23.152609082577598,36.903038953823526
194.40211257051334,236.457580235146,23.15445681058808,36.48130194965847
194.0273200277435,236.46036952611144,22.970777020776662,36.47572336772761
192.74558180471746,235.99393943266836,22.743934488632227,36.478477228548215
192.1877617763613,235.29012934509197,22.933229520342667,36.95975237869908
191.6709455031885,234.7565899615974,23.030154188438726,37.09012326743866
191.11570155517057,234.37884531742324,23.200361018098132,36.90533148941057
191.09405747387387,234.92838916389897,23.243649180691524,36.74661857422019
189.81106049285304,235.0087575446247,22.993463257353298,36.58588181276869
189.90983356074952,235.58705041077837,22.79591712156038,36.36142922146488
187.603191648188,235.58619161190302,22.781860990057577,36.36314681921563
187.67353403326075,235.70318554093288,22.641176219912026,36.12915896115591
187.58839741055056,235.15880362043413,22.811449465332412,36.29851948028019
187.53220156626406,234.5315687030159,22.923841153905414,36.6282012446779
185.69705479235236,232.72562622907066,22.86773999455285,36.51369148539237
185.16381725792817,233.57769156060849,23.005267877217435,36.6674551946843
185.17032905014517,233.4263543956715,22.99224429278345,36.97012952455829
184.72830254543777,233.85919239747795,22.938444053572322,37.042306769571255
183.77312143853317,234.0934950329662,22.972750807985136,36.57370149859479
183.78858014599967,233.99042602416912,22.94183339305216,36.779839516188915
183.33520597302865,233.73175814360016,22.91441604863958,37.29717527732686
182.83442199628445,232.05720406406712,22.974557276194417,37.82200325859232
180.92387884897167,230.7177444039255,22.994597160733218,37.650137771310504
180.85674488718504,230.94162366446957,23.12886508430646,37.20237925022235
179.85866326305248,231.06394355493367,23.237800876428235,36.95773946929413
178.4699938888949,232.041324625684,23.189783231768917,36.88654825644317
177.93118027553783,232.26811667245678,23.327493679254957,36.43296416289765
175.18758625119014,232.33161560158445,23.202072181827283,36.30596630464231
175.16128437677605,232.4239031903592,23.254675930655463,36.12139112709279
175.22367836188863,231.28051780746392,23.129887960430295,36.54905911794273
174.80047605338765,228.38987661814417,23.04242525587044,36.72713756721144
174.3714836551585,228.23638719448107,22.965345197004133,37.03411641453767
173.92050512255506,228.47689918161115,22.92894515609521,37.49144954639332
173.0345625794162,228.93087612697371,22.81169452982002,37.528063511944666
173.01525440434094,229.8265410621837,22.850310879970557,37.62301482137969
173.0611876075094,230.83262217526305,22.75844447363362,37.50126322623311
171.25641192425368,230.53523250757945,22.600616573393918,37.15419774491256
171.35911290849828,229.66720519109504,22.395214604904723,37.95623529521301
171.45211548117854,227.88871141495522,22.20920945954419,38.68576694038292
168.69950076812,226.97768393767018,22.013480935692627,38.607502578296796
168.82513487358233,226.8189817536788,21.762212724768013,38.924906946279584
168.92071470804217,226.71650252973723,21.571053055848342,39.12986539416269
168.4085455445805,227.47844788455697,21.64952266869069,38.55184339860419
168.06114895839778,230.88492332588453,21.405650944158715,38.30954679423098
167.6214724156567,228.7713926328424,21.354074306875603,37.881959566489044
167.29077172737468,227.7176319825603,21.091747250976773,38.1420240021275
166.87831806694336,227.21596913185118,20.99355100287709,38.22224613458344
165.41282631522677,226.33338193885768,21.156698336820924,38.142196407577494
165.31995669872458,225.80335559354188,21.34243756982527,38.27803522847366
165.24944102097965,225.86768520990108,21.483468925315172,38.14937599575525
164.75001803618164,226.4607914922202,21.552428894958183,37.89304943106992
164.1719093567666,226.71428617047513,21.78138122766181,37.38606007456006
163.14799044133855,225.66221706429468,21.98195157445146,36.71929706082126
163.12254622470334,226.40624369178335,22.032840007721887,36.14836071062547
161.42973217058588,225.38428617233689,21.780575961484356,36.37332967228215
161.50609166540482,224.9507201441305,21.627856971846505,36.331889068931645
161.54938677417974,224.84117995763614,21.541266754296668,35.64559046896862
161.10079654753198,224.7446981732963,21.54474071037335,34.94484754042948
160.6852944905494,224.86441064719298,21.492424434544866,34.7054225926361
160.19376048523313,225.61042743897838,21.59662357807472,34.09225787616805
159.59643193441548,226.15452804029357,21.919827203677283,33.87551014957042
157.46319258324027,226.204471502977,21.81825992800608,33.775623224203585
157.96595955593426,226.316785862218,21.68314280647584,33.5509945057215
158.059002095374,225.37670238138531,21.497057727596314,33.701572023615924
158.05377034025977,224.00847838555197,21.50752123782477,33.84619539196306
157.23290973416644,223.9783969001626,21.416680346505455,33.90635836274182
157.27448337365985,224.60482183278984,21.33353306751863,34.38482980445268
154.69928697806375,224.19304220722017,21.255430758790375,34.33697320560525
155.05299212749492,226.27095306395307,21.41741074448621,34.52810291493036
155.19155785818106,226.17041182796294,21.140279283113944,34.72918538691062
154.69360049834546,225.13284202144396,21.26289039985084,35.057717794079956
154.3653358649559,224.53299232198788,21.039157305486036,35.377154831848216
153.92880642345233,221.91779189246336,21.030972649683278,35.3200944580379
152.66452613750585,221.87089196488992,20.918762441322514,35.41389431318476
151.34912441444084,222.67017704969973,20.91029874396764,35.57483557255508
151.94783820082267,222.73521588108045,20.594874572017606,35.444757909793644
149.4800661288123,225.14421124375644,20.28201814311954,35.87516775736042
149.54852158507083,225.09450205571056,20.145107230602463,35.97458613345216
149.27609117070233,223.55957609943124,19.815026805339027,36.41961428400945
147.03463511828994,223.63965734985504,19.91853708155461,36.25945178316185
146.62003734610934,221.18010200028917,19.872446600080345,35.92684632728078
145.7837390262581,221.46579492803076,19.80586579001203,35.35546047179757
144.0767927147671,221.6227657472405,19.779716690756793,35.04151883337812
144.02523335049258,220.81946949855404,19.882835419305845,34.9382674891507
141.64319870803058,220.43095644021022,20.37117145492014,34.86014695597642
139.21110285544384,217.6794319359629,20.924013493756014,35.18957636486596
140.6004936179674,221.1061864749942,21.651273425857504,35.34815020110044
136.42360085012916,211.0511189172679,21.984923596430036,35.853509979632406
136.41153460213133,213.0790873585719,22.00905609242572,36.318931381815325
135.41421039829143,209.70536599314718,22.180476606918624,36.68507648651052
135.41276929426448,211.76166924657238,22.183358814972514,37.17224157535753
132.54085334694133,208.70193476215425,22.363672988446453,36.80093986949273
132.97196569480528,208.64104861416737,22.426213512306756,36.92271216546648
133.93233744640037,209.89878868081445,22.360734594541626,37.190128910309944
