545.0,332.0,35.0,62.0
538.9325641537084,330.72274459145507,35.03333175361105,63.041818324718335
527.3998765476128,328.8024086231354,35.1687475816014,63.8251623434642
515.2728312817387,327.8522047266555,34.74214478420144,64.1830268033523
508.1607394338739,328.3024496602302,35.10153623093316,64.82306940831373
493.3035850909641,327.82074879856503,35.24963618040793,65.78647113164402
487.1346408499683,328.05507758074316,35.0047498739376,65.3178135672878
472.153502567008,326.39795703287695,35.2938002088005,65.5085571650142
465.7858522426179,325.7792383804307,35.473025664703165,65.17648507079704
451.73200301431564,324.98583659691496,35.36247053471168,65.19560788301764
444.4875123253373,323.46025510746176,35.75680296942019,65.11462665231335
439.0003000540768,323.0618792595204,35.729909601350855,64.33976150382594
427.141725349101,322.14009314720073,36.05132242254729,64.62361795588167
417.7973700311201,322.37571422505613,37.47676178961102,64.1523758001708
405.5464011702411,322.2607205096184,38.17946110861714,64.38236323104626
401.97641215694034,322.51212030692415,37.309865924569806,65.48147827856447
395.93805811663026,322.7859240930115,38.162139010849025,64.93387070638987
382.55121025158036,320.67523660641905,39.17877938047928,64.32579779948657
373.7814923742776,321.3309593090632,40.53899662040982,63.0143523941983
360.41750614104643,318.3747581116079,41.328882030979806,62.44223302513587
356.65655240843574,318.1497037684273,40.72222640877929,62.89234171149714
349.7953684704697,317.432363810439,41.46570898387807,61.08230030226531
336.0540750483594,318.51735385312173,41.62036212590052,60.51984572879391
329.5291458361847,319.330092961643,41.8573530390897,60.49597595064637
322.37581438944824,320.54466569564033,41.71750187638908,61.27716693957929
307.7030726486009,318.72600258077983,41.99956267372512,61.68522398214931
300.6257908743778,319.9711679839063,43.15046792082913,60.82035046356422
287.90177556312597,318.7794564749462,42.495881134371444,61.57235989342431
281.2950954877517,317.03258711393477,42.65346658082986,61.80215493937466
268.86575608175525,315.19388721569607,42.94145882291109,62.20346319319716
263.6523052441059,313.49815858297006,41.826307922068885,63.9460558049147
251.57511369702257,313.04627307264894,41.13205767300677,64.84982682555703
246.17235667073055,312.66486421433854,40.32789894773646,65.6126445421778
246.7303513742788,312.37698653530015,39.21190954063995,66.18839990025454
241.51293821039346,311.56466609743364,39.76953675580904,66.16684092388728
242.6132963359111,311.30863637695904,39.224111047651554,66.67890036483648
238.75527642614205,310.6846620877183,38.67168203672876,66.27315517722585
236.3404560195618,312.02579631676576,38.58635675150775,66.8675307847186
235.70217910160966,310.48095380474626,38.217217471107205,66.6658295761479
230.64609333167917,309.480291412087,38.51074185078283,67.03071316810211
231.54879709254845,308.5121351723077,38.35216370853395,67.32019626817095
226.77922980714186,307.0076378912107,38.000744701421496,68.68076523404396
226.03325350820637,306.43955549455995,37.83013258394041,68.15436531199347
220.23603858549475,306.5118227676238,37.86140607290725,68.00983076586579
217.8538226036716,307.08498665491896,37.67500701451018,68.5137799986232
212.26113177728269,304.9052901762264,37.278605466118236,67.90955158407851
211.4820458064343,300.2743877154006,37.19792367135928,67.33823408699539
210.76367161430392,297.35828210051704,37.00562982615557,66.6542763989049
208.7279156596482,291.7635630946845,36.2301611288951,66.53409299523543
206.92984332229258,286.6041780828356,36.62501183525806,65.64833412971451
203.73509524573782,282.78556989047684,36.637274943140326,65.31400920789795
201.49508383272132,278.8541536507327,36.34857436041146,65.22896933944982
200.96765120461686,275.16431957927716,35.82003961084479,64.69163745348277
199.56384684171186,273.16008515631336,35.494746977460316,64.00075426061872
198.13341619361782,269.33682937593983,35.25421242050557,63.893776188508554
195.22422586694628,261.77377196517807,34.892533382020176,63.56974178046093
194.58178953585488,259.02500404064386,34.64334858977292,64.4651052662391
191.29021271239975,252.31101689557002,35.054510931120035,64.00609911886971
189.74703691456273,251.2058238355856,35.05433579674103,63.12995850878555
185.8144753771147,243.9090667881943,35.26783752721725,62.42022991472834
184.28989979185855,242.16616836475188,35.270056663420114,62.85909472730377
183.68215068603442,237.80179563704323,34.95555912412181,62.407865677041706
177.92403374685574,233.1266929800178,34.32804214506342,62.65025784803076
177.99506094374536,231.2885752991702,34.18598775128419,63.30479866432708
172.83553199771907,225.2349112315525,33.878550070681555,63.26756043081373
170.78978555327424,221.09104450612656,33.43327192092916,62.48175180438146
167.60236334298685,215.5093805943074,33.83589860997682,61.70064416496565
166.80905199889392,211.72513735488263,33.934093204705576,61.82699017652962
164.34339590991965,208.14480582879992,34.389496363945895,61.52780486418147
161.29695247405493,203.22145814874582,34.501113617343655,62.40259579679214
160.42788217216471,201.40730770057348,34.72910867186297,63.01060559461453
156.69477520220298,195.40113742914855,34.58025333822117,62.83883529975995
156.60600749185886,192.15460560437944,34.7577887589094,63.260150053053124
153.3198361128305,186.7356974309586,35.221382553034374,63.40765571301428
149.70374711983138,180.6761949296706,34.76718581211634,63.22846115252413
149.05828284605897,176.75466945787423,34.531234424940315,63.437112422512705
148.38018682071655,173.078839747867,34.36149914366866,63.15913518274469
144.8095794934965,167.48833960291762,33.90808451531955,63.70765447673867
142.40883742713308,162.70565973219396,34.151840742053956,62.638315770870165
137.873837587971,158.68613700270316,34.17587825734455,63.13905942732383
136.33097251264914,157.1053976427233,34.23069845246595,63.269628191761264
132.45663284484974,149.6597941361141,34.387789808905055,62.977659246660195
131.216139207171,147.34778018133287,33.83537990781458,64.56828997977476
128.3695307058879,141.06795828920536,33.40598445630245,64.88270885587312
125.164756705716,135.9889764339602,33.704006920694,64.34550287844704
120.34050808649008,129.59245508887716,34.20178231250634,63.41246279865387
120.56952769957866,128.3468307485532,33.743743086329175,62.863855961786356
120.54994285184925,125.89432327242218,33.782912781787985,63.256866230805926
119.05903774907593,120.23384530101666,33.743802240619154,62.49413918675508
116.27347082399427,119.61674747898613,33.32071450672889,63.72833483081615
116.01989986745104,118.58691854426664,33.827856419815355,62.76907212088081
115.2315455078428,117.75511801367026,33.900519456193045,62.92862749923479
112.2296198662862,115.63578045847923,33.87380780958469,62.64438041232566
108.33433930012728,114.60499409834844,34.14939569093311,63.20295848239334
108.23994707599114,112.58744404110504,34.3381801392054,64.20617135587543
104.88543405276657,111.66636173093725,34.911383472758615,64.514380297987
102.5298626315332,111.55841688439337,34.97758887613465,64.73026999107478
101.75899860811722,112.40345437933522,34.96668946573275,64.5928224584249
97.04555162741703,111.75721177760353,35.091093107311536,64.33489260858468
97.35099344908126,112.42135576699918,34.48020946398307,64.55534379912902
94.41863658403659,111.32336906625494,34.17879763735752,65.20978581143879
90.64609359030678,109.41506350721765,33.99395792819487,65.93442665086448
90.59428271697095,109.52921913355573,34.09757967486652,65.70611539818835
90.6259543465687,110.63609321991805,34.03423641567102,65.04424785174582
88.52805147102663,112.23562801595718,33.60684099135268,64.92731237660254
84.00054114009674,117.71061252733243,33.469886482114575,64.70131438679957
83.92597249101763,120.32779410312001,33.6190237802728,64.04590925795512
82.5261624051605,125.315094263379,33.38013233475471,63.18684378913427
81.13012468655427,126.846939165116,33.16716794537869,63.12819381224882
78.97423257646025,130.41696556798374,32.984953208737494,63.47813926789534
78.04546964189362,133.71074493187848,33.34247022335781,62.89061595815768
76.84802958953618,137.33654107031379,32.74231922336357,63.126601443059855
75.53428827593928,142.07607214445102,32.38846218781687,62.59155828300695
73.87431101273197,144.102102428965,32.75497468829594,61.49293973991453
70.69295442937138,149.8372681095166,33.25021503781993,60.29068580890646
69.91806352506781,154.3140276229536,33.342380338513124,60.08286582951615
65.3861421202082,157.57629902206043,33.669507130061206,59.38280037674993
65.35673777777002,161.6273912690446,33.72831581493758,58.537297249115966
62.36270013504418,163.31929968570566,33.95714949307529,58.033101219450884
59.814380797127846,170.9476933692871,33.30895692059174,58.574599785157616
58.111805633375404,172.65495117141353,33.84761945804085,58.026571970960504
54.678316398885755,176.3487808736446,33.54331388125757,59.244453421413404
52.785043906463684,179.6511289347203,32.98842922847041,59.87547336198091
51.67613233486502,184.9269442143795,32.31221556113518,59.45297163952646
50.20640209741167,187.11568364154,32.39321190156242,59.36318898692471
49.51564260145785,193.75260717942464,32.345438289283706,58.95297534883251
48.10848068612784,194.49137896729505,32.314914324110916,58.897855671008145
46.96081261128674,200.62696431287702,31.768072167681012,59.416487357348586
44.148524973434945,205.53831061776157,31.715132784383268,59.529445400831904
42.81092547936465,207.52033495710174,31.5500636736555,59.82579887045412
40.046519357527814,208.03470858465985,31.392229182114434,60.21871329914153
40.31688883237439,209.23662550402895,30.851490232421277,60.664328685868306
36.654658211603056,210.2248915307636,31.066215014638363,61.531691216129246
36.48588821996892,211.14208481717552,31.40375499790663,61.13567297166203
34.974241410349826,211.7008023205293,31.55027522460118,61.45662466122628
32.764100336150264,211.72818607606044,31.633692059040513,62.84747892148393
27.27487141049452,212.18905809433406,32.33998152595507,61.92573488493668
27.050392186935397,211.9046034803996,32.78893997307331,61.028537387748116
20.93774512118147,210.72431974059182,33.32933882414858,60.46788104725551
20.803269416807822,210.93763095451658,33.59829023289588,60.04125861940601
19.970573126419,211.05543631842508,33.80381757546467,59.805647891589
14.37245975821644,210.0914295123501,34.78089800340354,58.81390541560576
14.4958803424027,208.788476109863,34.53405683503102,58.496341127484435
12.367337902661468,207.5926532747591,34.43260650015404,57.98229665478594
11.256029906760919,208.1831649613348,33.76823979732533,58.24476462894941
10.878689400273785,208.70675767356707,33.08677131656108,58.63372869822341
8.418700275152695,208.07332092638057,32.285383007949044,58.47026055288285
8.769826203331007,208.43349792512473,31.58313115159242,57.74990655539453
9.384163962133414,209.20693453559687,30.354455633987605,57.59468328621425
7.6486960052202235,205.34346755327192,29.720441502568825,57.111717160373885
7.442509245755694,206.53857125708964,28.78249562935713,57.422148537019936
9.641573376628772,207.18872026176183,29.739136500632714,56.12185052767559
14.633004087535518,206.80553077024595,30.444980667146822,55.55214131216637
14.779055002326764,206.73392613321607,31.492657146556162,54.35557227723431
20.667787466191367,207.01083502904075,31.774302859789124,53.80175448558498
25.66865059723156,206.4601606320202,32.46414938957594,53.56665668064268
28.45071996563321,205.94580430607903,32.27836182680844,54.59536933252501
30.629709986471255,205.0285924063259,31.990655326302555,55.07303528497451
36.03963622847863,203.2109212135378,32.04265775972816,54.631432076510634
39.19793558379055,203.00794223393513,31.139291222900944,55.03739003571596
43.16672791760455,202.65810001424651,31.26572995753593,54.39307057471604
52.30703786458633,202.4912268767471,30.361029204757205,54.72681684971485
55.12975537504461,203.32432522697835,31.34639379849235,53.06062014925235
60.73225689092288,203.78620378131563,32.0052101410519,52.1368630405778
62.80244328013265,203.27359069510408,31.81150609384698,51.846532969262654
70.57976568675106,203.38974774437625,31.95250356472544,51.614218870718325
74.00636755761923,202.56608615863797,31.63366617953995,51.95466877088474
77.29736181842638,200.99319457708805,31.584631344340302,52.48727045941873
83.84033165159583,200.22780381906958,31.635660089761167,52.704355134279695
85.76635216582957,197.59911077786958,31.73698323359848,52.69058898694
90.43678820088054,198.75621611623842,31.63115114383036,53.014961161726234
97.82184096564443,199.24878460424128,31.406706589459667,52.02982418572056
100.54391033762319,198.6407841406178,31.178120515185974,51.941936945546566
101.31953186339102,198.9954234864104,30.925604162011325,51.23265825396134
108.91876843700257,199.50135667320347,31.134079660475933,51.504704267515805
114.27494367053069,199.21300106686257,30.75353479861685,52.081415480197606
119.57165956991953,197.8743077013182,30.50916245628671,52.17153734717449
121.38686508720514,196.88548275266038,30.75126414104743,51.56751209826879
125.13787324732208,196.39701048129893,30.964977612667646,51.25850167568267
132.81930201611988,196.38084324679545,31.021647334847295,51.29083614468968
137.29310056076486,195.55548349375684,31.078827970500512,51.655158832917834
142.47122458655724,196.31755392534382,31.064855927599204,51.4238024708293
146.33049649394513,195.65494267919075,31.080940671013327,51.459920203437065
156.12949467065218,195.53490833894347,30.83164773217941,51.69998888393168
159.56291881503094,195.1810859838956,30.411209118531342,52.40763359402742
159.50698838500634,194.09584060675283,30.523069978580583,51.992759885852536
167.28085582301705,190.93636319907702,30.43635784229308,51.86962189298166
171.81401952705482,191.25805151051617,30.365892377388743,52.511368404842116
174.9598447053421,190.21851020088525,30.54150570667077,53.29699828693268
180.6866054893046,189.572521088628,30.86067545729344,53.28089969827515
183.7433382925852,189.92624217702203,31.313467702667594,52.57345752148709
187.5237782666478,190.11328298075708,31.61501544085844,52.19937591401701
193.81797012796514,191.10475791177757,32.12585456305676,51.52634833645938
194.9116564340475,190.73759485364812,32.55542313994444,50.95220385819203
200.9327879111443,192.25376061146088,32.27686575756559,50.53402913630312
201.9423960766404,189.3579206040486,32.84997121278217,49.844904685605755
210.89285500630018,189.39743912805957,33.08448375462294,49.76586763758377
211.61435630261195,187.3860580926274,32.93958267532766,49.894325168463546
216.1176268618145,187.9331739306696,33.0163927199207,50.09771508709315
221.29103377553417,187.72422981480773,33.08521750956807,50.51560331881687
226.7054808305137,187.97335415247093,32.73132314587795,51.32672961177413
227.91322754491452,187.61132884132616,32.94708195192428,50.73515411663963
237.15385842586613,186.70911751444893,32.81094602528091,51.22921063930411
240.5639633442757,186.92381878272673,32.56822152676987,52.11530517041011
245.88065164573143,186.66102256726796,32.532343037588404,52.640897601327666
249.998325016522,186.52792130037665,32.28859284111577,52.90710013511027
254.73099337955517,185.57131983957373,32.14589449556652,53.48849757378509
258.7084643410525,183.06259138094757,32.219320149573804,53.15370943970279
261.923648871942,182.60972460248297,32.460520582918406,52.72512909760724
263.2638814510011,182.916939399798,32.44402127758116,52.110699502977184
269.73296629185364,183.00441393948933,32.7312039456086,51.93575042359454
273.986952050444,183.72155839929076,32.17164353423416,51.82619668829273
278.8839096020617,184.0028268376809,31.5737432250318,51.26365981151238
281.7738276621425,183.99209386564482,32.270308817505615,49.98984541305756
284.42966340913506,184.3217390461352,32.11023701658568,49.33055505207675
292.1320323913985,183.03987303530982,32.0096314872693,49.34359833452578
294.63940170130013,181.89786520127274,32.09034124081388,50.353751909262996
299.1631210123321,182.12151784335208,32.07530661513072,49.906446625104294
302.4921613549632,180.77095468848026,31.834196344726138,50.04078476890489
307.50453597143786,180.12691158203654,32.060449452380915,50.04749568921681
312.821312424163,179.00394980691377,31.708964636828632,49.722902216987826
316.5548282488015,179.16494571783502,31.889071428921838,49.40091039514532
319.76554012632374,180.52626993847886,31.83119464919144,49.223680743983195
325.6891016957988,179.44434206398225,31.405854214859612,50.11844952579662
330.76307330604163,180.3537344717942,31.46082464305703,49.57502891625807
336.6330990944581,179.71691696461528,31.134207706909606,49.58050452609529
340.37391048656605,178.3486922345696,31.22921702879748,49.7914099508187
345.56374746988985,177.92988976859533,30.989673610796913,49.36149856418639
350.7256536570317,178.45800264569144,30.722474650376522,49.56234948672711
355.9820708629768,177.30603175193858,30.254400094878992,50.61069629218372
356.66258918940537,176.222924069634,30.156702008108375,50.25023452461992
363.1352655466532,176.98840780534434,29.77462499479749,49.97559462331772
365.5923602895449,176.90527511004433,29.843617436184942,50.141860013917714
371.7502325525066,176.55028881746472,30.022198675502842,49.6024000225528
375.5330218110498,177.35988417171583,29.92311884992545,49.227625762635384
376.54066871979586,177.74810268799465,30.38215589663806,48.451188730077774
382.2044366494533,177.15769115242867,30.154234069118758,48.398721353232496
386.30717015218664,176.0906269083477,30.54956022998092,48.07548036530048
391.22649648978273,175.04140662279494,30.554710715522177,47.71297014622262
395.55441874752853,174.35349378316562,30.47481084888483,47.86366087564494
398.0421612856216,174.6796062710418,30.403546227166203,48.437491013509444
405.5212241964547,173.96370917992394,30.24675120459339,48.63584096248736
409.08526457825656,173.87321132081553,30.521338359814678,48.8168366807042
410.9932692885209,175.2392971160821,30.42859064709166,48.566839562041494
409.7899270020991,175.17363147197048,30.363681207713554,48.69817085026474
407.3970040977195,174.90923717247148,30.202844732973432,47.99028887838789
405.5429624867209,174.6647102454277,30.24073744418016,47.25594589554527
405.38828189278047,174.72491030990088,30.550098632061015,47.13554576659891
403.05261536689443,172.99030188109538,30.355808764632073,46.95554543480924
400.0013870667081,171.71720795209083,30.40593929656749,47.080802865443374
400.1693540653322,171.87287911838402,30.070005299319256,46.769460532857
399.78358776856595,172.57102895147634,29.638633028629812,46.57606573089443
397.50392117318876,174.01596790727868,29.426770627786762,46.071785615088444
396.8245268938818,174.0867539764115,29.603851429346076,45.930213476822814
392.7032199651596,174.632582544204,29.568644473502246,46.021102171707554
393.00111754387694,174.92992273702222,28.972849316067506,46.60974138017035
392.06433622913994,176.77448304094145,28.48211617269141,46.46706443160689
389.7173372764455,180.71965780645817,28.489010944546216,46.77914538425819
388.48128972175317,183.0000505885273,28.608018534967247,46.924534858046954
386.3085998757639,188.47721527263823,28.230545809710552,47.77733653291351
386.44448345129547,192.4056718784509,27.95877865864731,48.22968925394626
382.83209016154984,191.82274576884737,28.048640029019587,48.20638727163349
384.8280723464436,200.70956896919907,27.627668441239898,48.28770478096899
382.5879669593891,201.96176132204522,27.370287269417762,48.15211604824219
382.0535381523536,205.53842633367424,27.261126621275146,48.06689559826587
379.65002846063265,209.2962828968624,27.368540386554418,47.60059089913359
380.50973971009466,212.4192725731711,26.8189366057575,47.20370513715139
379.35680547447737,215.79649100368323,26.815590118574782,46.22230567217038
377.75189100514893,219.93187842685273,26.605397204086685,45.931581816502884
377.05809082842694,224.5617713366376,26.860864358372943,45.72886159019433
377.23072583513306,228.45247680933443,26.51559434496079,45.881601036354795
372.9968639388452,232.36089596116412,25.944359957417706,45.97385114029932
373.470460704939,234.81436388337798,26.118702040949252,45.55305775874805
371.33720836586,239.08824066988527,25.912136958612745,44.833176266598876
369.7884545778491,243.3286488875361,25.69736585067694,44.08101009386501
365.88027348028,246.80415567797385,25.88865420763786,43.66577408857022
365.76444427769,248.50766924927441,26.120312612817756,43.51784032027768
363.0733114470215,252.75354565266974,26.06220668081146,43.73068206283643
362.32888106333905,255.20902273970464,26.46080726771126,43.180768610627034
359.9955657530449,256.842298869936,26.772289753442728,43.180577451306995
358.0953179222327,257.24090544369125,27.290733154182963,42.38336430379645
356.3546249347515,258.65350768560006,27.49979350006361,41.73971023936665
355.3015893797861,257.44101362750763,27.4366534258807,41.99548717143789
355.3461887743626,257.94751329969944,27.347454636727647,42.069881389594144
354.2970972807684,257.8518398047887,27.271592569430652,42.26122837941551
352.6961132987468,258.37297181466084,27.207684264142916,42.30758978278159
352.7137431514295,258.6855161274999,27.172424558777532,41.68250115710346
349.1367851620799,258.70961937708836,26.77828595140734,41.63429465792662
348.201672380968,256.72872856094773,26.506523122978816,41.31209950890324
347.18505608297625,257.35314117170753,26.41649953925439,41.12490237723762
347.2876450814044,257.31308318772375,26.211321542398128,41.20501834520523
346.186587569865,257.3174105165268,26.303256721856265,41.196363687599096
344.64836695128133,256.66092442942886,26.210204509417807,41.45283804525974
341.53915491506245,258.599039922633,26.075955771659462,41.81172226564894
338.3532248049422,256.08611137982547,26.07645755138377,41.52811398416716
338.41700887423264,256.0698395880178,25.948889412802973,41.560657567782364
335.69846520761564,256.7362902615581,26.1059180509793,41.283767959713316
335.83228029051276,256.8810387674736,25.838287885185117,40.99427094788234
332.8362274540381,256.52661542372863,25.556231978010914,40.65742403868508
332.84714613553245,256.1404179336098,25.534394615022325,40.393886174333275
330.7667350465232,254.78313183875204,25.568709842684022,40.01357815128115
329.1434531373615,255.3130579184089,25.735743927963977,39.980235902981896
328.26658813603615,254.4412476588093,25.431871156570292,40.69505503515892
328.9527272932025,254.31485650027997,25.09400348346109,40.94783735221756
327.0194451235721,253.6009298228097,24.83052775140778,41.34318068932966
329.141987345602,253.2490410542756,24.72129387165578,41.01299558532085
324.4996945103708,252.98200172194385,24.761020543258173,40.519867694555494
326.3276758128852,252.42508142278825,25.187175679133063,40.61317885764074
330.8567535519366,250.8684458359239,25.390762699282785,40.639202531951966
335.90576201035134,251.5291313175956,25.621614904137964,40.35071848077701
341.3268985668702,251.20765504693725,26.136190268095604,39.961230251457806
347.05512822988146,251.354368187894,26.066890817320914,39.66780396954423
348.21990677190917,251.582509505525,25.796608833681653,40.241158884490396
347.80595687746745,250.91904221315846,25.590781935607325,40.534366782265735
344.2851928770009,250.88352979471304,25.38960769209759,40.605391619156606
344.4487139222041,251.6943837325779,25.062565601691198,41.04840860665428
344.9307427737851,249.1567441830802,25.131988482327863,40.95628478665619
341.382704601352,250.19532615369653,24.995142408440582,40.9456701079245
341.8475952378663,248.22716410851643,25.096176072137467,40.758734451382466
340.9018145467207,248.3694946776043,24.928284986768034,40.47407331320672
340.54523100595173,250.04967840550017,24.618793455978395,40.181681694397554
339.451337980908,250.21585965147273,24.780388371849174,39.8493192024524
336.4546153407618,251.22654767400337,24.708728926558443,39.849644732585496
336.5539719490906,250.72326143577774,24.51001570990084,39.84656427886324
336.4697418495945,247.71620591122547,24.67847590889297,39.82305974722668
337.43885425252796,248.1384231832922,24.757747514347674,39.98737340875406
335.51470959244017,249.61376940104955,24.555909949383448,40.07427613709418
334.8356050251259,246.61414566294263,23.893245671129037,41.021340081100675
332.237619454251,247.00082105899304,24.02250913590067,41.26133082439546
331.27580167461196,249.02572420048057,23.907961106561,41.28789171865605
331.30685918103234,247.39629418278116,23.845846093720233,41.4941164467555
329.7699275831339,247.04673436749374,23.861061758888354,41.173686900454086
329.25543161229984,246.48762684258816,23.874997257016172,41.27684550672495
326.24722858760106,249.41273386596384,23.790468034975873,41.52756673141138
326.12006034135624,248.2086208211038,24.04480452746555,41.89758271154598
325.52754942371723,248.4114409654236,24.20092200158907,41.49194242290638
321.9880428921506,247.1333841093782,24.10118887222424,40.97145062392654
322.3391171308303,246.69981859191353,24.41516032655058,40.82246172717021
322.34486110985074,245.63329964265503,24.403672368509696,40.917081960650606
321.3445116874307,245.52366186169294,24.363526515691703,41.13635752257476
318.0144544998881,245.40012275210574,23.862610104544004,41.38343574174916
318.0183071930371,246.01243823673474,23.854904718245916,41.176997724027515
317.12672134070556,246.38243352279878,23.60807401559873,41.45200835555458
315.07796405324956,246.13377999382473,23.646034251724274,40.93442682880602
312.4162373786462,243.7047108479107,23.93017053434281,40.75324805404593
312.13024790299227,244.00981807504513,24.502149485650683,41.15302039316973
310.7054865626154,243.3326801724405,24.274892231527577,41.48170288675344
310.2899517700512,244.59959144309363,24.07932649186789,42.02778631981197
307.18545616359455,244.16708694592648,24.09980039650982,41.861375762767665
306.9805055188827,242.94789003759183,24.50970168593358,42.24116792317599
303.7909165370798,243.61809426599476,24.63758978942279,41.942641109722956
303.2123409558485,243.7571434649724,24.75512502459255,41.6645427117677
302.61773177798915,241.84063798657132,23.869402887176484,42.38514292886769
300.60055624712425,243.1248412874706,23.771184012625696,41.8830212952096
300.5311424262956,241.35896521366837,23.91001165428291,42.342648317911134
297.3866887626128,239.41707340729792,23.999691241834146,42.09361343744247
297.5618034445542,241.3331273056435,23.649461877951335,42.38567542550272
295.8449023532886,239.9297057778128,23.995047322102103,42.10430174278366
295.0774396476382,238.36781420517582,24.49885088352311,42.13471933841811
293.5024822236492,239.83554108708626,24.528409805579784,42.319621500518444
291.93744833154466,238.87123974230244,24.52839053926118,42.16149948973423
292.5230681595712,238.5521701457859,24.398167212401614,42.79963868276728
290.7890742789489,239.1327453406595,24.72135453737167,42.68675510511167
288.1395286334841,238.03196263993186,24.76005855561074,42.78416559749074
288.1026630137151,236.1120446961284,24.833789795148736,42.40728904185482
286.5806349146097,236.6099494692174,24.728342001793447,42.46131415953216
286.8494915074213,236.8676926146086,24.19062881617012,42.994679316506776
285.20435203166215,236.64792201880914,24.338032757908316,43.434220508105696
284.10730306239736,236.35948676213894,24.418861700264465,44.01109102144606
283.4614712697244,236.72114435892746,24.64398765025287,44.35431346322652
278.9912644486297,237.4281646699642,24.980828599426268,44.015719427780056
276.13942808060636,237.3509815539902,25.303637323379725,44.17008565972799
274.3949281894708,235.23243163498017,25.54081113015267,44.07141753041719
273.34279322473986,234.93550449246348,25.47207718310927,43.57876987719789
272.6168881298205,235.5189873671051,25.845859399560492,43.489832101302184
271.607561968526,236.2353763888158,25.698459282592093,43.14008027765948
273.49715913300565,235.92815237049993,26.220613443541307,42.679191191814155
279.3126060073453,235.35564012993416,26.43968058259069,42.74694650133404
282.49828189902723,236.2302004671429,26.560092108795114,42.0797863785113
291.6150928129245,235.95476226379162,26.58469421129742,42.63066278521389
294.4252775705317,232.83176092721385,26.37761595784016,43.46337419661225
300.78735707492245,232.09909622672427,26.752646161913056,43.83710449652021
305.3261570399051,231.75539149981554,26.50288711358469,44.52451395033769
314.6952657002963,231.75167497279912,26.626239156125067,44.53194700437051
315.8878611659654,230.41805241084037,26.4644413704777,44.975798982597155
325.1496883542723,231.8671933262345,26.905325147567762,45.42420035540367
331.1532286336935,231.51259657539035,27.324674794510784,46.13339385709203
329.58887119654077,232.07285677177012,27.01148768309628,47.30747478814572
334.87289928782695,231.26396965278053,26.878168425081075,47.76583381228521
340.71004088525956,231.1284995478727,26.843218371741422,48.036774022100886
350.833546749809,229.93577098355968,26.441066715974046,48.08754173033499
352.1751852796779,230.33547733538416,26.08026308482851,48.449365740982216
356.3684827141118,228.51334778988397,25.816493058652156,48.61241418511486
356.3208834980218,227.6308451214424,25.9116914908321,48.0608527796754
357.37301660637854,227.12386772953485,26.111011012627497,47.92301469423603
349.3387448723674,225.3426825328262,26.03516573900918,48.02587321444461
348.82242762257914,226.69687999028287,25.914409887053882,47.624259002594584
352.06012964286333,227.43766508648963,26.31142643250722,47.28809224118468
349.39889215947574,225.20401898828345,25.897809808208148,47.16651116473773
347.7084905220206,225.89729276369272,25.863513466521027,46.918330152784975
344.2463046712689,226.55566314303914,25.983180336470607,46.73570686601777
345.46861284340815,225.9852218555575,25.805486363330825,46.74312825541163
344.8468399851766,223.4766369493092,25.918491738419313,46.107596361035306
344.4139234262295,225.59863817155428,25.661250881472515,46.35588981590952
344.5427116464617,227.02415571200933,25.403674441007976,46.87193758199586
345.0587532754605,226.212291365726,25.497167069834,46.244514500915486
341.59164078041323,227.20320241625075,25.72389137189296,45.3806091812053
340.96349853027215,226.06063607339223,25.871168526342313,45.4477271752568
339.95257282619036,226.47319702668946,25.668012119349832,45.73510917624044
339.12523049316565,225.47162064366424,25.096093614395024,46.624960356788776
340.726155252492,224.3340402476706,25.24425902709378,46.6667778612084
339.99604179662595,222.45994451910278,25.584661795163594,47.05549688735727
338.79193424878594,225.66753326861905,25.730121279658277,46.29720841628791
338.1388556576495,225.81223927966218,25.913610038236545,46.007796394201634
338.2456392361506,226.1436314125907,25.700042881234385,46.46652681029029
338.82907150486176,224.86986011122076,25.657835021384283,46.76475605788597
335.6972640179615,225.26238072813464,25.15141499157861,47.10805399132592
335.15152967137846,223.6525020885706,25.118149247199455,46.95360795781814
332.772131111056,224.46162955935438,25.389385644928097,46.45724319697961
333.3924459283241,224.60332868264888,25.2679718794581,46.17384495039063
331.3290727238806,224.23133451444258,24.942877381618448,46.917833286803216
331.48365541407253,221.9965834108845,24.633712001234635,46.91390228204007
331.5792955293398,223.42612456623974,24.442431770700065,47.39379760763989
329.4501029092664,223.89015627576612,24.2338124173886,47.58248533695174
329.0134240571008,224.37091630000458,23.991247842874337,46.620965288474814
327.3656934351786,225.2910809275481,23.993806337476336,45.87827028313518
326.6374168004401,225.7562152615064,24.363588575170073,44.94800161521859
326.0485944260043,224.5132352961483,24.461813224556018,44.19570124747792
325.3242558266443,224.9309073347897,24.84049335706193,43.36035717019516
323.12202665557805,225.63674979585306,24.988618134011865,43.01275563936409
322.6840024716964,225.00531735297386,24.80322470997531,43.214178733322484
322.8162471909498,220.34586816344282,24.53873527146846,44.04279809332066
322.3522414757182,224.21666303230413,24.39769722363991,43.78455470364076
320.8939979687887,223.91651738351425,24.125695414878713,44.38484600122054
321.3115915537771,223.55006277402248,23.290508244901993,45.11775522020403
321.540998991602,220.3575231493458,22.831693369252143,46.18534697883683
320.1870991131684,224.1997086529486,22.325851479551286,47.07068702914599
320.5469025972072,221.83617676994578,21.606244511473747,48.571701083291146
320.3134330007489,204.47091579621105,20.988607264526426,50.76492983484292
308.39783447552475,199.2625486185545,20.501326304158688,52.338581277131965
309.16415385181165,200.0301908264231,20.088044673284347,54.16136822649313
308.69995651338115,196.09605850586897,19.878353675249585,55.20111881822702
309.26047728253786,196.6735495760371,19.9064871995729,56.344486803164216
308.7398878802289,195.83938796645901,19.781643735236386,58.01281002232038
307.5366720691879,195.25222461758213,19.81297741690257,59.18713672007415
306.943015954262,193.3227196103611,19.795443074959525,60.63645359092678
294.666020350948,190.51893025730823,19.846604587196246,61.3434663581542
275.9573540282012,196.70376329641647,20.180090896629324,62.571210603159926
275.6095907647391,202.34863125412835,20.875617423553482,62.61875170722128
301.5063107503474,191.93548184222695,21.280406178115474,64.34813758256854
301.5553844294202,191.79828510615002,21.182258819969864,65.92767524605038
304.16508917401165,191.96983679557042,21.26602414657812,66.91036557115743
298.56050546700067,206.08056243799635,21.74489439698215,66.8559443408026
298.59817482211344,188.42710392605355,21.669555686756688,68.42990124911768
300.4790831003817,205.602647862961,22.01859427256028,68.33593956146939
300.39521854663803,205.62377121554124,22.186323380047504,69.66906661074894
298.80642899393644,205.4670106473487,22.56912423195704,69.982587747134
296.9908368196113,205.97646843211703,23.382544279401806,68.96367217759732
295.18027089891393,204.46795976290093,24.18510157567276,69.16211497090578
295.16384560077285,202.77853183991942,24.217952171954934,69.68749531690005
297.33684832735196,204.53959518724957,24.176442018584257,70.46986392202729
295.8250110277539,205.15937612728314,24.309650827305873,70.67553493719743
293.5213177900143,205.50004053365677,24.565259480101073,69.99420612445016
294.3417552408678,205.17072628938672,24.369908496523056,70.65283461299028
294.0556380815586,184.37237491091716,23.490776140922243,73.06263716600706
294.70774242556865,184.58610387731773,23.656139737006267,74.10475151731012
294.1925887199388,184.4263529919909,23.199035256729026,75.91166517950062
294.9130517484609,184.14876851476166,23.262707776409812,76.46683413395914
293.0450118933545,183.61382588371444,23.971507585619367,76.023079445552
294.7017720811262,183.7589477343636,23.69887882095062,77.25328154969101
290.82942443988,180.4715021739762,23.779312720930545,77.69676356445578
293.1422763988943,180.52551897253875,23.77547738620946,77.58872996733066
292.9995974688184,180.72551260517582,24.060835246361176,77.18874270205652
296.15809016338,183.63181359366592,23.898355741181003,77.5306466090193
296.1434975916098,188.2171954020166,23.927540884721495,77.60271013351613
290.6260923515226,180.76134002300913,24.16812787401305,77.09410161884131
292.406877206705,181.57660696001813,23.685086774324002,77.00283205016117
295.66160451203405,182.64144166396937,23.29182749041905,77.93126030563525
295.62253967148365,182.864036734054,23.369957171519733,77.48607016546602
297.11727260407315,184.21437235541623,23.440605709230873,77.84551332563161
296.30087844455556,184.06338099776926,23.536939337576136,78.14749604092553
295.5135539880448,183.18095743932815,23.569073093635822,78.36982800084598
295.5455339288015,182.3268012830617,23.50511321212238,78.531882578711
293.1584217731949,181.4009180979014,23.637244690482152,78.83628467141384
293.9260366588403,180.5535649266762,23.65613825027269,78.97686768278298
291.6176483751032,180.76131580762092,23.603525402209137,78.56136592089356
290.13321339412954,178.42219631526274,23.473180531489334,78.5907826566092
295.56306242505184,181.46019676213223,23.446716769510118,78.7052013627933
293.93081715362746,180.96698462910769,23.61374295872912,78.14289345202751
294.77611664001944,181.46750462581883,23.4670178968184,78.68572736947864
290.8481674521428,177.22364161302357,23.57874796974612,77.88045143167844
294.6570039796065,180.38567861993056,23.65862523579878,77.71441767464856
295.37158025568465,180.80185722179874,23.76811150585773,78.4206992931274
294.65846720046954,178.48030954798048,23.643670071535702,78.41179200650717
297.94772886460566,180.00427243900126,23.258086683803857,78.46033619473587
294.7730412343348,179.57338395751907,23.440402366971192,77.78034826335664
297.0245204738812,181.95650159418224,23.544029688329964,77.62069879048185
295.45720226950755,181.15506423019292,23.608287657646642,77.6883842987452
293.2661719695528,181.05277817928578,23.378334470685857,77.89295640055948
294.026037451726,181.0514037342777,23.39457460962533,77.89570529057569
294.57142636348846,183.06463172332275,23.84010806258201,76.9418718654486
295.2846524740388,181.003439320817,23.94470617019382,76.47110568432248
295.4328752213357,182.94339701383572,23.64826067560009,77.1701106535803
296.13455687445355,182.83621022379123,23.775634941691205,77.3844842336693
295.97920207323835,182.65164808212938,24.086344544121598,77.75360851699298
292.78537978448094,182.00656263418688,24.285567441008425,77.496673992721
295.2588130455332,181.78344733707965,23.98012224795081,77.94290458693546
301.64482679198284,179.42563227519736,25.1385166368899,78.01506075008726
