273.0,213.0,31.0,77.0
274.1485020782753,211.76898566471556,30.364767645764957,77.80025686825334
274.28485735669346,211.70407269362045,30.09205708892864,77.93008281044354
275.13087559235197,210.8727953544647,30.058929313092893,77.93372879327376
275.9881024227465,209.8621212816664,30.002842452744684,78.29671013842962
276.01122068569765,210.030884657772,29.956605926842343,77.9591833862184
276.79309934460775,210.18629922552185,30.04974477648673,77.64835425071868
276.8343154290289,209.16508481670814,29.967312607644473,78.03667940415582
276.89511390212687,208.85143631484732,29.84571566144844,78.66397640787753
277.8344024492034,208.1831519625764,29.63215669217176,78.33552698754302
277.75048300303223,208.26710851375427,29.79999558451419,78.16761388518728
277.9399590538268,207.57456259077938,29.421043482925004,77.8956305327671
278.02357049997966,207.69644437469876,29.25382059061924,77.65186696492833
278.1444770539068,206.88104524726415,29.012007482764993,77.64280936065461
278.182895459697,206.97595225713388,28.935170671184572,77.45299534091514
279.1212999349072,207.16086516648988,28.689628770612806,77.08316952220312
279.2161100854095,206.29955979142545,28.50000846960809,77.18423756645102
279.2100650037516,206.21667951039854,28.51209863292396,77.34999812850488
279.0750865563242,205.27693988995316,28.782055527778724,77.60731557969797
279.1180640985052,204.5922473396028,28.69610044341681,77.34598294888104
279.12888315077066,204.98907126153213,28.67446233888586,76.5523351050224
279.05612956410937,204.8915555531413,28.8199695122084,76.74736652180404
278.9603490506082,204.12756469750357,29.01153053921071,76.65626956498734
279.8468582021842,205.16751204357143,28.859732015034176,76.19759465182693
279.7185614396474,204.44190371162927,29.116325540107816,76.03690020044476
279.70554392473775,204.6355497490867,29.14236056992712,75.64960812552991
279.77008447331315,205.03371610110668,29.01327947277631,74.85327542148988
279.7155307992791,204.0055532744349,29.122386820844348,75.31422872011382
280.60433804253324,203.33025379024048,28.948721912842394,75.06087810999627
280.41986881465596,203.23586754854682,29.317660368597046,75.2496505933836
280.4862160571715,202.40011161764357,29.184965883565944,75.31464050133323
280.4013512131455,202.5906134513399,29.35469557161789,74.93363683394055
280.47064758173684,202.56629984752257,29.216102834435198,74.9822640415752
280.4464752775928,201.88952696381844,29.264447442723295,74.7349494567435
280.51567721108216,201.90223275892254,29.12604357574457,74.70953786653527
281.3762482803589,201.93301571779415,29.000229434986828,74.6479719487921
281.26038903229517,201.9800178697692,29.23194793111429,74.55396764484198
281.4039832967127,201.9437659702445,28.944759402279253,74.6264714438914
281.40849906016456,201.9267788821817,28.935727875375456,74.66044562001694
281.52893911063614,201.16504385530817,28.694847774432304,74.59270354714077
282.2763901996626,200.37579793014237,28.785864239330806,74.5852767545211
282.3838780211627,200.35214480940047,28.57088859633058,74.6325829960049
282.3575352098204,199.69659992499408,28.62357421901511,74.35940697176517
282.47119223950324,199.41244145174034,28.39626015964945,74.92772391827262
282.67496629887506,199.55044393149888,27.98871204090581,74.65171895875554
282.66798754340954,199.5283676716559,28.00266955183688,74.6958714784415
282.6338455138412,199.6051102838723,28.070953610973515,74.54238625400873
282.81160022805693,199.09962702147897,27.715444182542146,73.97936881821681
282.83638285593855,198.70363464513844,27.665878926778863,73.21184140448767
282.80287456533404,198.95713439162859,27.732895507987923,72.70484191150736
282.85883710056004,198.84014651492268,27.62097043753594,72.93881766491914
282.64906390928803,198.82292075805245,28.04051682007996,72.9732691786596
282.68897958641713,198.14757194885308,27.9606854658217,72.77304176897898
282.71017774781205,198.36485663947676,27.918289143031842,72.33847238773167
282.7432843695699,198.21575548787192,27.85207589951614,72.63667469094133
281.9435805325709,197.4933585363122,27.908773266030927,72.53875828657748
281.2522529249356,197.59355742127002,27.749106145284394,72.33836051666188
280.61334954204506,197.80498557270715,27.49033344147898,71.91550421378761
280.6968704938244,196.21678189818093,27.32329153792039,72.04018495916216
280.70208611810415,196.11807200537245,27.3128602893608,72.2376047447791
280.78402839384773,196.2022764336671,27.14897573787369,72.06919588818982
279.9416455272522,196.19445398665576,27.31181101485784,72.0848407822125
279.99441999641374,195.41064706863122,27.206262076534863,72.12737030582429
279.9949776764126,195.41370039577941,27.205146716537072,72.12126365152793
279.2412445350149,195.4153087167168,27.18892512051496,72.11804700965313
279.2478040502204,195.33174057679133,27.175806090103993,72.28518328950403
279.18636948866276,195.22840566825312,27.298675213219244,72.49185310658046
278.40599342178183,195.10205987503366,27.328742687702587,72.7445446930194
278.2628928833113,195.19488361233581,27.61494376464368,72.5588972184151
278.32268331862235,194.62289770607876,27.495362894021596,72.1655345587803
278.2248492085436,194.5563338213588,27.691031114179083,72.29866232822019
277.4625583513421,193.66071592854794,27.680645921428283,72.55493120668825
277.54145678546104,193.82871279530622,27.52284905319054,72.21893747317174
277.527183190102,193.89312767629437,27.5513962439086,72.0901077111954
277.66237848526356,194.33680451712826,27.281005653585456,71.20275402952763
277.748066589,194.4147502776957,27.109629446112532,71.04686250839275
277.75081811756905,194.43534005620967,27.104126388974418,71.0056829513648
277.90786814162414,194.60056703013927,26.790026340864344,70.67522900350558
277.8580807076035,194.49614363784076,26.889601208905546,70.88407578810265
277.98614457369376,193.65540763727535,26.63347347672508,71.06527906631507
277.9428895504172,193.49959465680826,26.71998352327823,71.37690502724925
277.90017854613626,192.8733735888589,26.805405531840073,71.12506477845454
277.8698126110414,193.05684484953977,26.86613740202978,70.75812225709281
277.7623411817388,193.06615594250337,27.081080260634998,70.73950007116557
277.8264866348876,192.92942017221048,26.952789354337366,71.01297161175134
277.8706237847592,192.332342839732,26.864515054594257,70.70387249229188
278.6465574641013,192.59263199458897,26.809880386871857,70.18329418257798
278.6679909122105,192.443813516974,26.767013490653575,70.48093113780797
278.67246893094807,192.32463776488981,26.758057453178395,70.7192826419763
278.6113501149887,191.57376821939056,26.880295085097103,70.72548228856925
279.4244610971163,191.4721366647371,26.751899488702158,70.92874539787618
279.3458915123926,191.18803404246177,26.909038658149605,71.49695064242684
279.38559231054296,191.38729980447437,26.82963706184892,71.09841911840162
279.4242330887393,191.64708183301153,26.7523555054562,70.57885506132732
279.37728020885385,191.67446431137643,26.846261265227092,70.52409010459753
279.51347795822255,190.9361050156795,26.57386576648973,70.50648337751356
279.59927295509823,190.13585070451444,26.402275772738296,70.61781801699638
279.6805880842461,190.29638044388412,26.239645514442607,70.29675853825702
279.7236799361045,190.35096153222509,26.153461810725794,70.18759636157512
280.36392007651966,190.3145003961247,26.350013258178812,70.26051863377585
280.4696664091279,190.04021295249652,26.138520592962294,70.80909352103225
280.50556161188285,190.08390999474034,26.066730187452475,70.72169943654461
280.4943853256436,190.05217486076083,26.089082759931003,70.78516970450363
280.39001777339547,190.03052485622172,26.297817864427184,70.82846971358187
280.4547268187049,189.411726786389,26.16839977380834,70.57725033707922
280.5028353011869,189.44569809177986,26.07218280884431,70.50930772629754
280.4694736731834,188.53186960777117,26.138906064851327,70.85679048453312
280.6607145998096,188.7156062447164,25.756424211598926,70.48931721064265
280.6311286249151,188.9989295424691,25.8155961613879,69.92267061513724
280.6475967542318,188.39420407638576,25.782659902754478,69.66497816785323
280.7586280966836,188.66863704932584,25.560597217851004,69.11611222197308
280.7064834192841,188.5896426495915,25.664886572649905,69.27410102144177
280.7982242525114,188.72934921588862,25.481404906195447,68.99468788884752
280.81825018172924,188.56693889020585,25.44135304775962,69.31950854021304
280.8587024041884,188.55885986155516,25.36044860284133,69.33566659751446
280.87027506739975,188.0221708731112,25.337303276418616,68.95852355400724
280.8173517756536,187.9861637595793,25.44314985991098,69.03053778107105
280.237311969836,187.40549436451948,25.15558251656952,68.7442296162141
280.2238036844459,187.12420369929734,25.182599087349814,69.30681094665839
280.05614558863095,187.0978280530739,25.51791527897963,69.35956223910532
273.7719303902329,186.0093291089026,26.45668673779045,68.62914539295154
268.4791451570305,185.5856111130325,26.821340311631975,68.01645040003979
263.03260944215,185.49015727016896,27.509402797290363,68.2073580857669
260.7311796692968,185.6300075653602,27.69358367883881,67.92765749538444
254.87395625178323,185.7713518991367,27.630876959849182,67.64496882783142
249.47733761793393,185.1255912963466,28.155443189911676,67.469537028035
245.75758871758183,185.81875466714845,28.226217888584774,67.55695490683757
240.66319242367982,185.82518650282216,28.08117207809286,67.54409123549017
235.56059491412927,185.20751125247443,27.971849298830026,67.30593919356221
230.41065545285448,185.24190717677277,27.994859783882532,67.23714734496554
227.40655481788377,185.03185297329784,28.13290263663488,67.65725575191539
222.30528442265964,185.43419482714353,28.003062509656388,66.85257204422399
221.0720967852694,185.4398838114932,27.545172876972092,66.84119407552467
223.1587494085747,184.74475915327906,27.733380907772045,66.77760563281609
227.36644318697893,185.24903826080504,28.055578180650947,67.22531155604545
232.45362090365936,184.31114756949933,28.160347446148315,67.63264655310572
235.51166361077122,184.27708964303432,27.94900767466084,67.70076240603571
240.63552708910615,184.1581774660467,28.01519029666279,67.93858676001095
245.07640998923202,183.64926546587614,28.001561579966086,67.47838791309289
248.9652538880119,182.85888348358316,27.579576752081238,67.58801128374388
253.29725501876212,182.14186154292628,27.706887363645208,67.55683635288023
257.8612143243937,182.10859505138978,27.38117748491421,67.62336933595323
262.0012613011171,182.63415134501287,27.87425230253426,68.0344515438849
267.31461933477317,182.66316591704185,27.5858302691712,67.97642239982692
269.02731405209835,182.5623314166769,27.102296899631074,68.17809140055684
274.36736015645164,181.8520190147909,26.678645185225022,68.1335104194287
269.1751004698615,181.13823774353565,26.86424766097116,68.1040848337343
267.86807320437777,180.97105924503032,26.55852998175149,68.43844183074499
261.929481805341,181.28656208105104,26.761966241014875,67.80743615870355
258.81393634595247,180.78010636838815,27.177894697970054,67.3665569685738
253.96633996679995,181.3860593411236,26.68898404852636,67.60952293849564
249.52053111926278,180.970066237127,26.882767227156595,66.9918700604148
244.4639448667627,180.93364923046354,26.886453384046476,67.06470407374174
239.41230114122678,181.15168530591453,26.87245351913821,66.62863192283974
235.70247576079592,181.3725446730847,27.09811694975825,66.18691318849946
231.4891238324792,181.34046726053788,26.906113214562055,66.25106801359303
226.39470628731138,181.16858692385387,27.057243353349854,66.59482868696108
225.7184028127539,181.44706543234201,26.968246784135758,66.03787166998475
220.08791225179408,181.56573343023103,26.773296800023317,65.80053567420676
224.35395125440286,180.85212164239852,26.791816825354445,65.80265957811365
225.56504056762446,180.9393862241252,27.220558339510497,65.62813041466032
231.48182022901332,180.76288218600467,26.831538835204718,65.98113849090137
235.6900506000014,179.93823858693315,26.98751625691281,66.20168599509705
240.12120844282765,180.07672052276908,26.733375180376367,65.92472212342518
245.08432951180933,178.34411771852015,26.790380169879707,66.53757140978968
250.12513018760072,178.62752746603223,26.76093606512682,65.97075191476549
252.85694798834405,178.63559525855362,27.006630137342736,65.95461632972271
258.023264080412,178.57588541466652,26.69431694609826,66.07403601749692
262.3068708588569,178.7033291753975,26.692902914514157,65.81914849603497
264.6539397751683,178.89718909875597,26.270572835434404,65.43142864931806
270.40146365072184,177.9164442883989,26.06209971529998,65.98209644116059
275.2939540600995,177.82870559269466,26.182278849993914,66.15757383256907
273.92948134436114,177.8343202835335,26.07183326810982,66.14634445089143
268.39337374871917,177.9192689490705,25.803575692918795,65.97644711981741
263.20553435317805,177.86282550368256,26.307043812440757,66.0893340105933
261.0147092838407,177.54193000060815,26.425864520085135,66.73112501674208
255.19433253886154,176.79299281561845,26.608216141747,66.79669915318446
251.46865642890674,176.53500217321283,26.877058976617615,67.31268043799571
245.65805932816232,176.72207514827008,26.908422909358222,66.9385344878812
239.77657366518952,175.88618547891014,27.120177889542763,67.16641178338094
239.0280383050691,175.7190103876835,27.166288553827403,67.50076196583423
233.37859556695176,175.33043274905089,26.812391408207574,66.82131941536767
229.12264024174826,175.31035124636924,26.681295770650017,66.86148242073098
224.835685832695,175.37723707460702,26.622768865779477,66.7277107642554
220.54988927831934,174.97232887841906,26.579748612679744,66.10175826298946
222.058315595113,174.42488616717185,26.414875249244357,65.77065405040793
226.30484201795232,175.02956769838272,26.431506803106295,65.97957172124299
231.2919621307847,173.80595626359326,26.408364797844396,65.58362367070679
234.13254454295782,173.75800614802657,26.389085150082877,65.67952390184018
239.78462080885186,174.44203251988674,26.417000127709784,65.72797959679674
244.8397099329215,173.65412418403793,26.230750924017432,64.46838797008091
249.7740546803209,174.27333512743155,26.13573465056482,64.62620511491454
253.87655034309685,174.20423235852078,26.311664927792037,64.76441065273612
258.0420851856174,173.21335839057923,26.392272270229583,65.34421241737276
262.9171936995455,172.9099374197296,26.52420778038691,65.95105435907206
267.20244359145516,172.90896849825856,26.490680600834,65.9529922020141
272.24640795050294,172.52751112628968,26.358562144541473,66.71590694595189
275.7276092132169,172.40806587580664,26.550550286785356,66.95479744691795
275.7555312737419,172.64465641526746,26.494706165735302,66.4816163679963
270.89978234514484,172.59447802059236,26.196622687729366,66.5819731573465
268.7624111937311,172.66631738529037,26.193198007522,66.43829442795047
263.9371139618229,172.73061839232628,25.876294347246024,66.30969241387871
258.2872583352811,172.73497472472098,25.844745507917757,66.30097974908925
255.63861906582915,172.06682608353742,25.479155257506406,66.22155983412759
249.88931520100607,172.05151829143773,25.713590514241325,66.25217541832698
244.81877344982345,172.10156452345294,25.966013206630986,66.15208295429657
239.8766685482115,171.69602464121135,25.939984588414838,65.54741437285972
235.67285761740388,173.08655128172032,25.908082923766038,65.5795356005965
233.48848518094366,171.3672598131285,26.057391011809976,64.79868175290366
228.74521148915662,171.03944157793717,25.758585054973672,65.45431822328632
225.10974661060695,171.2104536846924,26.019493060098743,65.11229400977584
224.27402878278338,171.09778752235124,26.28918221268014,63.93587983139241
229.3287427499413,172.41116174407261,25.906964492681816,64.08833430632612
233.2799389657158,172.63925884543698,26.31453811067009,63.63214010359732
234.69514756962874,172.61943362747843,26.25546198529521,63.67179053951445
240.48274485540767,173.6587476969496,27.147001794052635,62.978355109496015
223.8200510126937,171.40356126343494,27.08906433012237,64.70678421407884
228.78295385281683,169.28591773836328,27.067788041515144,66.11220572375386
233.6907666140825,168.696993977187,27.296003862683826,67.29005324610642
238.62569109721386,167.71948204364924,27.617278073736536,67.78920237356547
241.50498201149745,167.33449830972557,27.73385625644373,68.55916984141277
247.04726459112908,167.05081141977325,28.504985104633743,69.12654362131738
248.36794871201576,166.64400239946838,28.871348672548216,69.94016166192719
254.9750184934286,165.53148389330389,29.35624303393185,70.64308379378842
256.30715507999196,165.6648958064297,29.77371349693297,70.37625996753678
267.7278405924229,168.0171922416447,30.09866556609687,68.76051017631025
261.60989828819675,168.3627276637343,30.120279764389196,68.06943933213105
255.64968330749159,167.1181669091002,29.903523770481414,69.04141259698446
249.26360416065938,167.99360609602638,30.456406631374218,68.81794365222855
242.83395234438373,169.07907431190173,31.04436894597048,68.18092488522223
235.09679605048302,168.13912273032366,31.168689827751468,68.52582887777638
227.66096472341886,167.93354420311385,32.16063790216624,68.936985932196
223.79119696142916,168.79604760563504,32.07251278755773,68.77751125487117
216.2336743238357,168.63693411520262,33.13252188820943,69.09573823573601
209.0839549933643,168.43096959225355,33.168819726395874,69.50766728163416
206.40358139798585,165.53977628754637,32.163829058579765,70.51575049711877
198.5577194052348,167.03859661921874,31.97002838520318,70.69521476554975
189.50913086695238,166.9197200712808,32.60183412016371,70.93296786142561
201.7216109434558,168.71005551871698,32.2112318543403,70.55687801817773
207.85634967703626,166.82898142117767,31.071621203711537,71.13906426567577
214.77926149802542,166.85595294286378,29.852961146698895,71.08512122230353
221.49748870444998,167.73072378864345,28.86504740157293,70.8916471142096
228.0869478968572,166.46303796393246,27.971912334257567,70.35557293425676
234.5092130832569,165.9451544808438,27.223970156941807,69.87926637599867
240.82654207372025,165.95342086954116,26.524064400544496,69.86273359860391
247.07252522972004,165.41652366222024,25.864464160665744,69.45748225423071
253.0210461660161,164.03955681349956,25.65831670109845,69.28869234841585
258.2089093662002,164.8157338339065,25.469175877135125,69.19156481851698
264.265749375136,165.90705078498974,24.958873907483213,68.45935317237792
269.997713902928,164.77636367842052,24.940731825011806,67.85928064223816
275.1189627957624,164.29334581002905,24.65088717014267,67.4035087889068
270.85286790573736,165.7849730449671,24.722787308213395,65.83030259269397
265.4798120867607,165.76945337473077,24.358398452173095,65.86134193316663
260.10566267998104,165.87594757902497,24.0451809525768,65.64835352457825
255.32251545203474,166.17166007168424,23.993578928663027,65.0569285392597
249.84388300113682,165.8377369998942,24.034147948583055,64.36018769760527
243.7831582060408,166.04008220129293,23.957551029270327,63.955497294807785
237.72294945453757,165.7601723019434,23.94453839905237,63.167158189815225
231.86198225410106,165.3039214326822,23.636879629415176,62.743038464947645
226.70126318662167,165.41681241869856,23.358281506560346,62.51725649291488
221.52892893855284,165.8560356427678,23.168939899566105,61.63881004477638
213.76013796166805,166.99052616110373,23.097517200020544,61.971329783657026
208.57845015227403,166.73108489252087,23.02705733163066,62.49021232082279
203.4263467506977,166.4174827752261,22.84814166155033,61.80702624625819
207.83654775977786,166.3534865162972,23.109390470485575,61.93501876411597
212.37908217274523,166.23624362452222,23.151783636003337,62.169504547665966
217.6586947569027,166.44300502157833,23.056934039145656,61.755981753553726
223.47647109059722,165.93621882579833,23.125092874128,61.469141755961374
228.70455193663238,165.90543859533136,23.04916049439227,61.53070221689527
234.4968139031725,165.3290697763822,23.138031219042258,62.68343985479362
239.6615818593618,165.17261896121158,23.329775820299417,62.99634148513486
246.7402385872418,165.01721069865596,23.726570959474017,63.3071580102461
252.8568730150348,164.85222641839462,23.50565810341609,63.63712657076877
258.1069961839707,164.72444272371027,23.689018383553126,63.8926939601375
263.2597988654348,164.1205143410399,24.12276502465921,63.75813172497397
269.1932897110667,164.0834312570001,24.39050997691589,63.83229789305361
276.09287829596343,164.21830966121672,24.133129252772225,63.56254108462029
273.59463411854415,164.09727203843326,23.746882033291023,63.804616330187216
268.2518198446145,163.53618883887623,23.694904975660727,63.5845820286151
263.4373766774122,163.60818858939203,23.95701228243771,63.44058252758352
258.1071569965051,163.7113810181306,23.89131379839899,63.234197670106354
249.33260552636432,162.40458538294934,24.064283547100793,63.17453768022588
245.0482274812681,162.50452368001547,24.59976020515806,62.974661086093604
239.09150181525834,163.19993533536396,24.40267017103065,62.92945348274626
233.64909673699097,162.35808672411062,24.556001855809498,63.27171589628345
228.93261194610147,163.42868412557857,24.54527088845054,62.47962117179583
223.0117649859957,162.64234175771207,24.34924713497459,61.37725753559827
215.86700212536815,162.15195106876496,24.138965028369817,61.03987456550527
210.61855222360037,162.41267802006246,24.15944633752045,60.5184206629103
205.4730511567026,162.61121621414412,24.031126268962566,60.121344274746946
206.134527800491,162.76441096336666,24.002581885569583,59.81495477630189
210.80674768712967,162.62692212045746,23.684562217064148,60.08993246212026
216.65947680610466,163.1557758688578,23.568982054182722,60.31998919588278
222.59118426708432,162.34869334336824,23.306595109008047,60.64515113833028
228.91589521791167,162.55899180083713,23.546870854973047,60.22455422339246
234.83128564082745,162.46906399111907,23.301209651545673,60.4044098428286
239.84029480885764,162.21540740222133,23.56652333287528,60.91172302062407
246.31829395124734,161.52919524780913,23.5851332544093,60.986686508817186
252.130136074062,160.84457370680883,23.651289966558995,61.05705837328679
257.9898599248593,161.0877987452865,23.641456452127745,61.87167653934962
264.57957644398624,160.66108395068747,23.587899953436022,62.725106128547694
270.3423913553351,161.29583031138958,23.977062457441487,62.7794792212216
276.35488264251586,161.04955297514115,23.936875483924354,63.27203389371846
277.6114777915975,160.9638259530307,24.099660873827776,63.44348793793939
267.60124927457633,160.92476944899354,23.96950261268012,63.52160094601369
262.11818363234005,160.10959825028934,24.198403949991153,63.80978960002693
251.84748329926066,160.08230259814212,24.48374185834085,63.86438090432138
242.12816164606787,160.13529630532247,24.933983092506125,63.75839348996065
236.65448360300238,160.29584481026345,24.97842009740106,63.43729648007869
226.29157371028978,162.097687062151,25.318580567328876,62.551699885036555
219.46985956176772,160.98219189884858,25.438300381346803,62.07794851503617
210.10311348308517,161.16118449839553,25.304351691517354,61.719963315942266
201.4670595969493,161.36110236133462,25.154776433251122,61.320127590064075
192.02963688194555,161.07514909068144,25.385778379055434,61.89203413137047
186.16379879313814,161.05428302138114,25.020921857238395,61.933766269971045
175.96297075772515,160.99104543744903,25.350121848014492,62.06024143783523
174.74424340445168,158.50106644786337,25.095876613433347,61.656799534750334
184.89783115358264,161.18935582600915,24.821327477470945,61.622254475072005
190.22036489627698,160.52691137010873,24.817206289176035,61.617025099736125
200.83150293588574,160.49976644150738,24.87444190766841,61.67131495693883
210.72108942310928,160.3151202621267,25.071848636430396,62.040607315700214
220.1945192576986,160.29890221043684,24.8935369696149,62.073043419079916
228.21445884640755,159.71245801096958,24.908429765270398,61.908034153591665
238.90976829973008,159.51475899334565,24.89040812516665,60.96764485968063
248.15759778840322,158.15287539837507,24.901586567756652,61.04757813248807
258.14692753336834,157.89242513315537,24.771949825632557,60.24521047974041
265.913247899398,157.449727824167,24.95202103525689,59.82121243591017
275.74403027437876,157.91219100556805,24.887554950839323,58.8962860731081
284.92131363307834,157.27573517899498,24.62057680747939,58.87722711382288
290.6731192333793,158.39691606855757,24.699627277992718,57.92182774259934
281.21801964440016,157.99122351954676,24.491465600479042,57.45865545025619
276.8464328621939,157.5128684842245,24.385400603088662,57.1511885835003
266.70738767454264,157.54686995101667,24.537821337484043,57.083185649915954
257.99809847243444,157.7012012235465,24.32247887204722,56.7745231048563
251.008337917643,157.69116040613414,24.537767910597232,56.79460473968098
242.13359901656833,158.06936189039237,24.711804213372645,56.03820177116452
234.75469909303067,158.73093355658813,24.49958806940073,55.96255977136028
225.24718616610775,159.01512446672842,24.874621854770382,56.636844088978165
216.9654003418465,159.384176544151,25.07059617963115,55.898739934133
210.66684456062342,158.83932786336445,25.149815750566408,55.73664809655503
201.34811742349927,158.5136217644702,25.02486294922814,56.38806029434352
195.62558581998945,158.69744244527703,25.147165166649543,56.02041893272987
188.46888039064058,158.83892651634926,25.65667085457123,55.73745079058539
197.27185905202785,159.05839302260102,25.68684100333349,55.29851777808186
204.279040698507,158.62355621576052,25.464995986203522,56.168191391762875
214.45656205810545,157.99073980426456,25.3119603552645,56.17119877173865
224.44255887401656,157.90271944254732,25.49970214439293,56.347239495173156
234.4391120755348,157.81164070484516,25.75995702380062,56.529396970577444
241.65076960583795,156.83326018174597,25.340145672844397,57.21311222498943
251.69028413102674,157.70860601572602,25.67067259043704,56.738017805027475
261.34112940724356,157.615067491963,25.48664399039148,56.9250948525535
270.7605700516659,155.91769464596993,25.757693279723068,56.49785442890444
281.1170565794004,156.06529564902172,25.405483779260816,56.20265242280085
290.9999578750408,156.090953934007,25.832990283581527,56.1513358528303
298.53071171269795,156.1779583414534,25.99743171158538,55.97732703793747
307.12568409975665,156.2333549941416,26.575927843542388,55.86653373256109
301.80246576988793,156.24346578331597,27.00110866257571,55.84631215421237
293.29237086655735,156.08334781555484,27.319395196652437,56.166548089734576
284.64571326417916,155.91157898552495,27.778109843544318,56.51008574979434
278.16636813790774,156.2212724885493,27.65728649087847,55.8906987437457
268.1510527360251,155.65861349266825,28.23593310831791,55.71921778975273
263.0328715908934,155.85450694397534,28.037912878765322,55.32743088713859
252.67357158068612,155.9922248107193,28.034342042719075,55.051995153650644
243.01532222629254,155.83046381330504,27.985298214962214,55.375517148479155
238.54179197698102,155.95850590154518,27.867837663119225,55.119432971998904
229.00594103171852,155.7519389176247,27.602293432367418,55.53256693983985
219.39692226299172,155.1541165816087,27.461231001802823,55.437604947337334
212.99169872654602,155.70444853803235,27.403938867457015,55.62371495521367
203.88942013510615,155.05626207675564,27.569454460909782,55.631584907093774
210.01284599225906,154.75352783792644,26.945982682254606,54.94556672523545
219.67560316038137,155.43371281838037,26.680154983459538,54.85584254015755
229.1455832691353,154.97062612206412,26.710995388594814,54.5172958912805
237.53604498037666,155.1479186230669,26.314085640448138,54.16271088927499
247.10945393047842,155.25012355189006,25.8908186895209,53.95830103162867
254.91980049659122,155.38953645531055,25.12484214134257,53.67947522478769
264.86495205002353,155.21151468136918,24.762144692186872,54.03551877267037
274.7346388367574,155.01125802848662,24.531771856653847,54.436032078435545
282.84851268391776,155.03214947668107,24.178217925612422,54.394249182046615
292.6108616606199,154.9344586239777,24.08187731413213,54.58963088745339
302.38066616063685,154.94290886059815,23.98882697709106,54.57273041421244
311.2713015078675,154.68809950596966,24.410446725674273,55.08234912346947
321.0924251180261,154.6591105985156,24.42160260235536,55.14032693837757
321.05168724961374,154.89933098358185,24.503078339180107,55.88926092721062
296.0914798994776,153.78641977037307,24.756867660062404,56.87341771914336
272.75317587292693,152.21119090945317,24.798784767669517,57.50308133582138
244.0900557105604,153.99937732475973,24.96365360908014,56.46721390446706
228.32855092090657,152.59262818988134,25.032784927480257,56.76440191335121
200.82288336818317,152.77582703957717,24.442166718677214,56.398004213959574
185.56420668323796,151.66262149660128,23.760528985722605,57.37645565579754
156.8859316093421,154.3283340468541,23.61565533750651,57.04515436364037
130.4305028311503,154.57542549493292,24.334091770744255,56.550971467482796
111.3611910556563,154.76571549026002,23.77650419541489,56.170391476828584
84.15073553396037,154.17983502515955,23.949929693433724,56.109255008271035
68.31710610052501,153.86328859285834,23.505024508652173,56.74234787287344
52.84726743959463,143.85866720912196,23.536153762509482,56.97011987682403
34.156818072919734,153.67056133793312,23.711607965121814,55.94905388457043
22.450721765355425,154.01741515990938,23.781367169568995,56.483895367495904
37.18154561518734,153.90739610465528,24.02004576088619,56.70393347800413
67.16240190399517,150.49141083997247,23.81457248741344,58.5562173986911
89.27893982417393,153.31506525590424,23.96167883694499,59.24893459395456
116.33422697253586,150.89955169924977,23.63661034717351,60.238139863909815
138.7632044631698,149.18627693261715,23.89496064918015,62.375652103367194
159.99539740300716,147.39589038378855,23.81053178606449,63.30767788748943
185.91819735570573,144.6914365411014,24.077725086308675,64.70790917242978
203.34810960334283,144.5715347087593,24.606659090676672,64.947712837114
230.85783451094318,143.64338408997048,24.549907165999244,65.42994662742854
252.95934694071184,142.14042103651383,24.50562512616218,65.67595130811057
279.2468490169217,144.65376765278555,24.472788744987167,64.79732395224437
332.00319308974207,145.59562028732734,25.78130636698885,62.91361868316076
314.9970171316843,144.71046973472463,25.64800107750313,63.318093500142155
293.78316712645557,144.5346848874094,25.62793763736228,62.300380502817816
262.6636348948385,145.81437021061163,25.57127639077803,61.09526476314858
246.68323058147445,145.66955492797027,25.471528944514723,61.38489532843131
216.71173886054856,146.151771096683,25.192483629241295,60.420462991005806
200.95199517536457,147.1986258437709,25.04655769657273,59.64614571778985
170.83244081243018,145.73037565826291,25.227050109267815,59.97140190127659
150.88018346377322,146.49781273791774,25.725957666766487,59.750047979960726
126.58355291136486,151.0525515718902,25.51070036366636,58.555465188975305
97.95912529144675,149.83888016915714,25.64511709134045,58.38669715297954
79.00895774164928,148.61677203950833,25.904028138395176,58.23495313279159
54.96285740041118,153.19248463503567,25.883724621569428,56.88555564973182
39.97613400512515,149.866465227301,25.127786860260695,55.855248327230925
66.3319921323073,150.1188777989603,25.006891168539543,56.602585578260985
77.15452330916665,150.3253382931351,24.796771391452168,56.18966458991137
69.9110148939373,145.91969886002536,24.269470048405694,57.49378436937831
85.22680258793513,147.55145468728423,23.895995422674336,59.2732895085713
116.12598855688854,138.58581617117943,23.527408061302104,60.567333217969434
140.69598315827912,139.58622033431445,23.476294647462858,62.44196245398433
162.47648204491838,143.3916883384383,23.402614519595208,62.737811472174954
188.2648701529987,119.66751586595413,23.33355055967791,63.961286443591575
213.79760272435027,122.51490476914046,23.073416625882583,66.28840303862539
236.0192990422473,137.72434389415238,23.69199451770745,65.91083847368083
253.74353556676627,138.70532383132837,23.898638671466923,66.69157992262096
282.5129784402026,115.76266211737396,23.196179062775084,69.6030201728809
298.7065695407325,139.06516840016198,23.3536358685006,66.86252105123309
296.4880457435549,106.63001498871358,23.654275017448068,68.30789837787593
298.9808286206749,136.9100140906425,24.28828297197489,65.34853068887838
277.3685994014321,122.87334860418956,24.916267282496186,65.94026545019435
256.3300172956009,142.75052035725324,25.177290251793647,65.21432043694085
220.8340725898957,140.69064061479747,25.37391155703017,66.55779489808083
204.90079268336385,141.2376463587996,26.199400592277637,65.46378341007659
178.71217651866934,142.98566603350304,26.405981698717923,64.78777926191017
156.02321610933137,140.9794372822051,26.85710162328696,65.99231170862431
134.65577763583565,143.1754709682903,26.71129999910561,64.4589562411987
109.20498834108577,142.6647220775987,27.045487637534077,64.07580427394109
88.21294973281117,142.9047530906518,26.878197486735047,63.595742247834906
61.56190539109679,145.7411103256948,27.16478086476884,63.503607283579996
42.253683116353,146.1643575082314,26.612438701609683,61.25822767876934
55.184194295858475,145.5188547085936,26.52745087542109,61.19259988158058
82.68397495857157,146.04966025529558,25.6952181644885,61.48517200353898
116.70498422594542,138.61943939722312,24.83747584532132,64.25244400087941
127.49776835034656,142.02853387144827,25.143648263603527,62.90719021920019
156.6301718393084,130.70644611835212,25.116750246504246,63.88144611206249
174.42185242110838,119.50809947748556,25.098924140136667,67.12746667067046
202.6137089529242,134.80192016050748,25.28237718504359,64.8234083588959
226.40543566661427,138.72886090265263,26.153289583393523,63.89157913542422
248.42817726383697,139.24909164152626,26.477260005273003,61.46457223216676
271.42086943364825,140.10864379664525,26.637813390589088,59.74546792192878
293.3929785956034,139.66940012400053,26.75369931954903,59.28880059288882
319.40019765732893,139.4807717740071,26.63118791080674,58.33549506942157
340.0905954463096,140.11039143231662,26.00188180462697,57.07625575280256
340.5758762077855,143.11259011406304,25.031320281675068,57.4980262760924
306.4578066659581,137.5262969928174,24.45609760476022,58.47633670220297
293.1886515759289,139.04439603814308,24.15103917271727,59.27490555613755
263.50641107876845,143.9670700247735,24.43520290461984,58.42004064454903
240.80201587351524,140.26094040941626,25.146471374641486,58.16986754260898
217.25607778289609,138.28879390065947,24.65471632196822,59.542072385316544
189.054899330064,142.86546633080454,25.27896124302135,58.17171989497218
169.1146316974214,139.87014205454255,25.218797050664886,59.00872980780042
144.56897073863757,141.89094403337603,24.93066074329906,60.164963558021206
119.61287982293632,140.6121181003772,25.0227274295854,60.100504100591735
99.2593409730361,138.30165752408266,25.065240101965585,60.7861447666562
75.22360037250226,136.33975634434103,25.529981829650566,62.0651282665071
50.069836046833345,138.85565964295262,25.920067216640142,61.08068193396082
60.83361445146719,137.82832325311267,25.86173980353648,61.79352787638045
45.336929754572495,140.5575029569746,25.779985842361384,60.388445427999756
90.48834369026756,130.88489726214402,25.872229862552658,62.45224601485858
90.53077759173644,135.33182458396794,25.787362059614892,61.723116077865754
103.64550188098528,116.00415290828606,25.184278941236826,63.96204535432267
135.45336856893974,136.9530194928835,24.601069490630387,63.17247996249894
164.7903327235299,109.20155744376542,23.91186409881926,66.08460885660955
188.67288736367678,110.53263369905093,24.37031377559975,67.55590425664491
208.12782519512257,122.66425905204629,24.860734271532497,67.21426193279754
225.68772567691042,115.70564172452168,25.01913730213927,68.43134314994109
256.041158443975,109.71383525524021,24.431567809023477,71.82648522550211
288.1088784729821,89.30053013696163,24.941802189043038,74.45337874867565
321.98623902294815,85.46915236431809,25.404910092652216,76.05232727142574
340.4738451531104,123.13492273870894,25.562052523206106,73.43831445894753
306.7781972519275,126.03219045588914,26.390231260285272,70.66937525482743
296.4839147917574,123.1230005887542,26.14396787154426,72.02314892286563
267.7701168313652,126.11500447647367,26.452331707637658,72.05169189318366
244.93342863265042,124.11896334463344,26.85211546747415,73.02553464769125
221.80138878085674,124.60777021676796,27.20779599781928,72.0479209034222
187.28311086020133,107.11112608767809,27.723578764897752,73.54216454753283
169.63795032150273,107.2716028078847,27.285905628246745,74.77460215990432
147.51057029126784,125.56515263791144,27.772464328465354,74.13995361720002
127.80756921382101,117.61304669333666,28.107446979926166,74.4157577049765
97.65741665481242,122.03751331920627,28.640404165675143,75.00377412675331
79.06803649063806,125.95941284105861,29.22980835361246,75.1141829396598
55.20368236644725,129.57740993911406,28.868473273157818,74.29019452072708
45.63072205305951,129.55021216163968,28.99814169484344,72.75990239191839
76.1000137674879,128.9781307882505,29.094679105191652,72.33906204025561
91.25981303175682,135.76200207565327,29.98843330739956,71.25666055774836
122.96364141284376,133.34856479992993,29.01866075031259,71.40069379381357
153.2092522344558,123.06807998428768,28.813438029562437,73.41212529510605
166.12896670892275,128.96171898374803,28.11133097640211,72.6224256255863
191.83887598699502,101.33480749063509,27.74770544138013,73.7257408621367
208.19920162884432,105.58044290650182,27.712658334760352,74.57321408099723
236.5319284877951,101.92243514963133,27.49416590143745,75.61734500756279
252.15861382767943,103.13249097421925,27.82024953398166,74.77620607400257
283.90372576135667,96.1432760006848,27.242785872593643,76.17208397987815
302.71298490573713,98.9986084811492,27.600745816749004,75.20847879806388
324.61334140960906,98.91377294780267,27.901382902474964,75.37814986475696
342.33324860483214,124.81670078792692,27.28546620943398,72.64233184903372
301.77477241637683,100.49262217150562,27.17439712257473,72.24715536790211
298.6466474869872,123.83754266693418,27.330889194210805,72.83043722740467
271.30319992819386,128.81650626366644,28.253637173218515,72.08922097198231
248.863048612802,125.99543940486248,28.414632271053065,71.56317434021788
219.943124421531,126.51333131618878,27.834839051453393,73.60210849662535
201.70349647299605,128.18835328705387,28.520288849978265,71.80831699396239
177.010458933481,128.4472393977877,28.537597329331305,71.29054477249471
150.20185023051104,109.32038724880465,28.40772037695493,72.68909865332961
131.59029308780535,129.1986610198151,28.34860331588838,71.76820876388997
102.12173217911474,128.4749682100375,28.79885189860942,71.67646614042778
82.18400964585405,127.37206129862183,28.482213837328743,72.33643061218979
58.22524576679268,131.8341363371933,28.359364081910734,71.16072852110176
44.25804380148662,130.60182236250665,27.21273598529328,72.09477583746295
72.5674270873489,121.24466223324352,26.96142033872746,72.52776066080261
83.0743619468019,126.21562241470629,27.29928414769224,71.73658323839314
117.36636930729911,116.05603905451878,27.109117339323024,70.77766394150702
130.66954647363974,126.58765960163736,27.551115458778867,69.24934406270214
159.8972502258597,122.0637160988583,27.152601735118125,69.3654012558327
172.34081719804894,103.91663550782661,27.479540371837313,70.06322467634648
205.33338696354198,127.09376313916002,27.45323502569754,68.68090181243855
229.39055605855805,131.3343739358323,28.13630406584221,67.59322676912073
250.15321739491844,129.16403921940565,27.91631730025179,66.03313392952685
278.3937018268108,129.20783518296,27.93687028631274,67.394298972927
298.1074997704998,128.08392334070473,28.166283135026326,68.17334455610079
322.74495026577745,126.64041543010727,27.86651410372044,68.09217056158363
341.2293898507201,127.89373862045244,26.3598834375051,68.54071155619913
336.43249612507446,130.65493082469018,25.753801443861292,65.93257556056227
341.8009440875247,129.68854472288666,24.878463226814535,65.04775984763967
337.2132973333837,129.8316476710846,24.39104266191361,63.38116622650334
338.81247045777735,133.12732757018097,23.888123378220236,62.18066035849844
339.65963215347233,130.56991082561524,23.5152518265891,60.688234648836385
339.6006969978866,133.2262373454464,23.633122137760584,57.96224445877733
339.750455634944,133.1503732565848,23.333604863645796,55.60154574975402
339.96475028764274,134.03883236869058,22.90501555824827,53.82462752554241
340.1847349285637,133.8913265106019,22.465046276406216,54.11963924171975
340.18586170930126,135.32096915872177,22.462792714931226,52.44037557617514
337.4230828155826,135.72409171521983,22.209755911676062,51.63413046317904
338.2029119873646,136.01146872447745,21.789679697763297,51.059376444663776
337.6429016388162,136.33359102204744,21.78585945320893,50.41513184952381
338.3350249763001,136.97948761223037,21.516065522524965,50.23779141344165
338.4618981414463,138.004767579062,21.2623191922325,50.4014700291557
338.0985883313996,138.37275201756955,20.88394463626343,49.665501152140585
338.04274312601336,137.7397869439095,20.99563504703587,49.84377576716648
337.42773253028275,137.02626822040673,21.13344557708676,50.17860255276156
337.5742220148085,136.851652623849,20.840466608035207,50.52783374587705
337.71120115400396,137.01802739650222,20.56650832964433,50.19508420057057
337.6959467485596,137.13210384490446,20.59701714053303,49.96693130376612
337.69631685865596,137.18607020069172,20.596276920340355,49.85899859219161
337.1417582773569,137.18291444076885,20.620050865521172,49.86531011203735
336.63968924513733,137.02114668040943,20.538332202625213,50.18884563275617
336.70658252742305,137.15918791493397,20.404545638053847,49.912763163707126
336.8420651205825,137.31826449842623,20.133580451734947,49.594609996722596
336.3576601652829,136.7023830888023,20.029091541677214,49.75307399531345
336.3873544036748,136.28725835342757,19.969703064893306,49.50960426487028
335.35019281575813,136.0813770377962,19.90571895004952,49.92136689613305
335.92879540336725,136.3136711044811,19.822454144107972,49.45677876276326
335.9499899525762,136.86250952905718,19.780065045690076,49.424868350221615
335.9075551289344,136.64237834208816,19.864934692973613,49.865130724159634
335.4932507942887,136.56136592668884,19.621140680162867,50.027155554958284
334.96262055283324,136.8819932319937,19.612026827962882,49.38590094434855
335.03566857587566,136.2681946372681,19.465930781877972,49.55250927872848
334.51394858114696,135.76939290504924,19.44859799138167,49.489339963212515
334.55909457423746,135.75092152471765,19.358306005200703,49.52628272387567
334.1021315841348,135.3230152197769,19.213762767203484,49.3236261155546
334.1487946528378,136.8673752153162,19.12043662979736,49.39380989631043
334.07993960921124,136.36251841360712,19.258146717050543,49.351219967948175
334.07233017647144,135.3570474764747,19.273365582530168,49.25384283242019
334.07835894080154,137.01370201220988,19.261308053869975,49.09963124584871
334.1671762949881,136.13305508697732,19.083673345496777,48.75972534945974
333.6912035771163,135.662623019604,18.99308485517173,48.65805555813772
333.7904050884304,136.26223654806233,18.79468183254345,48.4982790084313
333.91776166011556,135.4775903808958,18.53996868917313,48.00037201255575
333.9414207920584,136.09774700648853,18.49265042528743,47.781939545614904
334.0482068381037,136.1441204258301,18.279078333196935,47.68919270693176
334.1975668298938,136.59441041122247,17.98035834961668,47.80134390599577
334.7136991986755,137.0461303383212,17.95706318846048,47.906873628205396
334.69280290709946,136.53506880054195,17.99885577161247,47.91893382634386
334.73687610071516,136.2914002100832,17.910709384381104,47.39528268180735
334.73923841548356,136.72434297345978,17.905984754844276,46.529397155054184
334.78761886809076,135.83318227986837,17.809223849629884,46.33295008925789
334.808623691627,136.83927882668036,17.76721420255743,46.29041152248183
334.8679060573791,136.3743586620137,17.648649471053247,46.23678933790807
334.93786568954425,137.12294423402307,17.50873020672297,46.70074550177632
334.8407582256388,136.22415608557603,17.702945134533834,47.51362100884304
334.7855853934158,136.1433722791834,17.813290798979878,47.67518862162825
334.75561420605715,135.34169352588668,17.873233173697137,48.274393586722375
334.7105426862798,135.21914933567123,17.9633762132519,48.51948196715331
334.7457567435363,134.9383152383484,17.892948098738934,48.06219635690856
334.69941030418863,134.89859353619502,17.985640977434123,47.130506351049355
334.56925209023706,134.5672022112925,18.245957405337283,46.7938463080512
334.03777388518097,134.3118046200103,18.30963568590856,47.30464149061559
333.51165796952927,134.5951607450844,18.35410967708262,46.73792924046742
333.9264389748393,134.613025310796,18.524958423095583,46.702200109044234
333.36820725562893,135.17504372244684,18.638469684635282,46.581115462623465
333.4223233144333,135.43022760867632,18.530237567026532,46.070747690164524
333.4206268589803,135.48000734264778,18.53363047793259,45.97118822222158
333.40695181816636,135.6071870350536,18.56098055956039,45.71682883740994
333.5169591618113,133.5306687173848,18.340965872270594,45.91223670071349
333.5380430499413,134.98560939841315,18.29879809601067,45.96724892938485
333.6249301121132,135.034953125086,18.125023971666803,45.86856147603915
333.7042115114528,133.13618985742255,17.9664611729876,45.7308427945415
333.65025295008127,134.77002614603668,18.074378295730614,45.400154101837714
333.73342213812356,134.99235753889914,17.908039919646058,44.955491316112784
333.22802190184757,134.93621768937285,17.95204304773753,45.06777101516535
333.24228131153427,134.97142015315396,17.92352422836412,44.99736608760314
333.10618089373224,135.10985092260438,18.19572506396822,45.68818106740609
333.0905536428924,133.73411991335652,18.22697956564787,46.47468383873407
333.1344539652156,134.13514340573897,18.139178921001527,46.66698782088235
333.0318316223084,134.5418293734495,18.344423606815916,46.84915809504275
332.95641418578174,134.24230240763805,18.495258479869168,46.44637564188514
332.96672033951086,134.534343392701,18.474646172411035,45.86229367175921
332.93946048867195,134.83704522200725,18.52916587408876,45.256890013146766
332.9464747339118,134.49917397282923,18.51513738360907,44.950421321226344
332.9994656925401,134.37884226535692,18.409155466352413,45.19108473617099
333.0814428629887,133.10621853159623,18.245201125455363,44.798952666730955
333.1235413991276,132.88601240740437,18.161004053177567,44.268809518216976
333.47638646511905,131.71936999870866,18.416727986852177,43.71785213863565
333.374832395874,132.1542375149514,18.619836125342182,43.8061191043298
333.375000533998,132.86201453786683,18.619499849094222,43.353440023045
333.34123695998096,133.4693785429824,18.68702699712835,43.09503426721652
333.38878432500434,133.42137293458566,18.591932267081532,43.19104548401004
333.97007984146757,133.45761797658207,18.38282663809767,43.11855540001723
333.971391436471,133.37421892585903,18.38020344809081,43.28535350146332
334.0149895457421,133.491113520679,18.29300722954863,43.05156431182334
334.0377951930416,134.46179749512277,18.24739593494963,43.002559383898785
334.12616542729245,134.7908477065221,18.0706554664479,43.28912461840732
334.08587436960283,134.2131880121775,18.151237581827104,43.49877113404214
334.06046888692333,133.54683384594358,18.202048547186052,43.881349786063716
333.96735918128036,132.86679725357155,18.38826795847207,44.284868854882134
334.438162344017,132.34785800451226,18.412346486504077,44.357062499495385
334.4580555959347,131.68643222928722,18.37255998266868,44.712759669527514
334.51384277245376,131.6201596265046,18.260985629630557,44.84530487509279
334.5281176216014,131.10947258521372,18.23243593133527,44.89517443307781
334.52933459607556,131.45177367586192,18.230001982386913,45.18228702214629
335.0679544862205,130.8902921135413,18.12857000865378,45.3294423402307
335.1496053156234,130.75365720281414,17.96526834984803,45.602712161685034
335.7478783866405,131.13030823542428,17.74585311778849,44.849410096464744
335.79494909960687,130.9522920453045,17.65171169185566,44.24306942589196
335.72849076132377,132.475796175416,17.7846283684219,44.05196134466754
335.76915018256324,132.6274945283399,17.70330952594294,43.748564638819765
336.3002490644244,132.2355966665626,17.586878278545193,43.58659384604971
336.35264244002417,132.3742387344149,17.482091527345705,43.30930971034512
336.3539259246514,132.28558475933457,17.479524558091285,43.48661766050579
336.3687289754614,132.31171809175646,17.449918456471266,43.43435099566201
337.3344578286543,132.46809893051483,17.3919064605496,43.12158931814525
337.3848440560048,132.0726065644236,17.2911340058487,42.98139000152354
337.3780687113276,132.0845389856153,17.30468469520309,42.957525159140154
337.48687724668895,132.83048424807413,17.08706762448035,43.320166279704104
337.86264800036355,132.75977948512377,17.26412466059872,43.461575805604795
341.10060767884346,131.883537445611,17.32478940091053,43.34646442826697
339.6033684918338,131.39388717515305,17.519594076877098,43.39254040316536
340.0230479827806,131.554568132135,17.617598329260865,43.071178489201486
340.39946232600965,131.94162263087185,17.799247328518497,43.23154717744341
340.20491575107366,136.4158544412166,18.188340478390554,42.74327506665692
340.2545862798055,132.27887761953528,18.08899942092678,43.49825300096206
340.71210060348,131.4908524542848,18.122988248011858,43.17626838259481
341.1859740455219,128.7030895607977,18.120212770723118,43.081965728799005
341.6458291786557,128.93536150972108,18.144062521471323,43.56098184796804
342.041607150632,129.9614105871168,18.303407035885222,43.410684609909566
342.4736959080634,128.48297624884512,18.39078538150206,43.512885705014185
342.84269042532276,129.51917787272978,18.607377083028467,43.34964392933513
342.7001862118748,129.38103815148918,18.892385509924456,43.625923371816356
344.0193705576905,129.24498374728935,19.14927507374181,43.898032180215964
342.9910561806443,129.6214118960554,19.258785293106982,44.11873515004747
343.02649360587657,128.92475975134022,19.187910442642366,44.53335207406619
342.9769790453111,131.2533684468733,19.286939563773366,44.793330765068234
343.5451324300751,131.41118938869116,19.139583725181975,45.46663981236911
343.20487648041467,127.63861488527814,18.824017301602012,47.03531888179003
343.6312696473041,130.82826726759703,18.98431822058622,47.74762488649436
343.6079331085634,126.69234233530665,19.03099129806772,48.83606419451094
342.51761973576964,128.1723382482121,19.12624289438543,50.04682266723958
343.891174527871,125.85290405179296,19.564482931441855,50.43855823173237
343.8224938583757,128.45676725617528,19.70184427043238,51.68246131566539
342.29044755620777,122.24186071814546,19.47915020753793,52.06072327854737
342.1346521969211,123.5766637910946,19.790740926111326,52.682157090172836
341.9477046581297,122.82904031046058,20.164636003694138,53.06587192870125
341.52487307134606,119.11006623909645,19.886537871676545,53.7612522379207
342.55245560352523,118.39413504061525,20.088812978927038,54.064394549078656
342.93855374598513,114.18035826608084,20.453327143353434,54.53497495272383
342.855644707207,122.54382270836763,20.619145220909775,53.908355748419076
341.01158863249566,126.92644055949262,20.87520703992848,54.29525426057957
341.07093731265303,128.31374122056144,20.756509679613742,54.98315627046035
342.2157160681166,115.98772904298585,20.79076216842602,55.23517562834782
342.3040444220788,119.24870055336018,20.614105460501637,54.54390740864575
342.7331947932508,113.82119967696764,20.908848767315817,53.86846866984894
342.7300262046735,115.08945849115683,20.915185944470416,53.629234898019064
342.7002665759631,115.96080323524728,20.97470520189124,53.031863528921804
343.41528024585955,118.6943284262678,20.68247252360342,52.11599179290138
344.7833206318976,115.73741500721198,20.185183635293896,51.31344297971346
345.50085196320987,121.82758823424112,19.84908214638086,50.122708262769834
346.30552080931653,120.78874578613033,19.31556997161443,48.972916606650635
346.6098689382232,123.9532104717313,18.70687371380104,47.89273068019122
346.91058601991017,123.23177432842206,18.105439550427135,47.288951630764814
348.15001151470426,125.43140139646101,17.634325361121327,46.905171095251674
348.3315400220231,124.78761723502657,17.271268346483698,46.21295416930165
348.8355353854691,125.07297191006377,17.236709957342967,44.668812481475904
349.3742711440323,127.0640317263508,17.1098984171622,43.538672779738704
349.5298112283356,127.25099896679401,16.798818248555666,43.1647382988523
350.14982854827684,127.97175502153495,16.479987951680002,42.64443053237729
350.35814698192286,129.28457128579925,16.063351084387904,41.83482733299948
353.21901649378594,132.11772225234745,15.675097314667216,40.61309644490757
350.7157884478819,128.85370957797505,15.495120205213532,40.2258775253033
353.0261150169007,128.7107239449934,15.152548879831244,39.65623242873556
353.0402065925656,131.30198747053294,15.124365728501347,38.68015086698407
352.5641283486007,131.03991070431385,15.249756974206067,38.37753915719718
352.6447010996081,131.10602244812586,15.088611472191406,38.24531566957317
353.18524362575374,128.78948376879538,14.827400088249044,37.95915101814025
353.15126372338295,132.62235023968273,14.895359892990658,37.59318176199604
353.4825197897058,135.14218246738943,15.03988624182396,37.39574819545649
354.01233097082365,133.63011388233357,14.787041176630474,37.19277617739919
354.392336320881,132.46423307220994,14.826372566320586,37.12651152823216
354.80795475551105,132.51650979693682,14.79422658672074,37.02195807877834
354.3815596061294,131.57966621914724,14.850004829200984,37.301621121791364
354.61474816145864,132.0810173720856,15.185660803939395,37.10095190131155
355.0171047115553,131.91148481303935,15.186074168823104,36.63489055432697
355.41114350064345,133.0834214578066,15.196407724995252,36.6862506678377
355.42172353794996,132.73969378319126,15.17524765038216,36.574370173891865
355.8942951054259,132.93618901343655,15.02744996772376,36.18137971340125
356.73489067183743,133.62989378578567,14.924356821644404,35.58301916207486
357.2125224808901,135.93700436200612,14.747673706163438,35.64028102537986
356.4503293087771,139.14202464599896,14.719517948906036,34.66413781258579
356.3609445580282,141.4530923052948,14.898287450403803,33.850372178191655
357.05870737028584,142.15940563878382,15.008865368778174,33.19079728265843
357.13026670351206,134.96555381882976,14.86574670232575,33.41540028745565
