420.0,287.0,32.0,90.0
415.81647973089537,287.0243439552434,31.036082702405427,89.95131208951321
416.25071564703296,287.1301937923595,30.167610870130282,89.73961241528103
416.59857560798577,287.48292783204164,29.471890948224672,89.0341443359167
411.6721944091007,287.7365612915868,28.486580091030703,88.52687741682642
411.89282908849015,286.61379240508535,28.045310732251828,88.99135947971114
410.4068579338021,285.84192353719,27.458201134469995,90.53509721550185
408.7301745507056,283.6074839362253,27.23045795521414,91.42286647198239
407.9122973736507,283.1423413439726,27.067317968524787,92.35315165648791
406.95479052297605,282.8990817687137,27.17331610766136,92.83967080700569
402.5255984286541,282.7834978903208,26.942377874361156,93.07083856379138
402.5638647266589,283.035430481987,26.865845278351618,92.56697338045899
400.7024315368945,283.25741258359466,26.97214084223611,92.12300917724367
399.79097125830015,282.75902602042305,26.991069858752468,91.31579076291465
399.0083315462272,282.8693761027673,26.76341699259616,91.09509059822608
396.3267724778901,282.94094098965166,26.76979919916706,90.95196082445739
396.13247458267267,282.1160249824778,27.158394989601845,90.81811880995627
393.30630762352564,281.02952796041023,27.443725394408048,91.2021116829288
393.4564568269983,281.05819270686584,27.143426987462743,91.14478219001768
390.73686061429714,281.3942971857187,27.20258583906674,90.47257323231193
389.93965803437607,281.85594831953085,27.01205946224962,89.54927096468757
389.1427634583998,282.1129033669854,26.83751800902274,89.0353608697785
385.57994642843425,281.42097843130887,26.931870303635186,88.66139029980178
383.91262015797577,280.2105192589638,26.75797332101165,89.32803388272166
383.0164869964688,279.03522052374194,26.789752844887996,89.91814455402793
383.02020721606834,277.9681064732042,26.78231240568895,90.2829472947522
381.2284835891587,277.3038999623426,26.81686574432389,89.8369133588833
380.3989449871903,277.4235388885543,26.707163296442356,89.59763550645998
379.63543780580414,277.6938345627859,26.470819768745052,89.05704415799669
378.91874491427006,278.1248010517644,26.152883652368665,88.19511118003965
377.9971082005021,278.56086534492715,26.262932251715412,87.32298259371417
374.57750672419513,279.0421276433471,26.210417293298903,86.36045799687429
374.54969487244966,277.5141168748146,26.26604099678976,85.99981787368182
374.55025802819534,276.5845544736023,26.264914685298386,86.15468898735935
372.8651178746772,276.42459657308603,26.222342439063944,86.47460478839187
371.977931776634,276.01678482810127,26.28654670573871,87.29022827836138
369.3810260771707,275.3458257397857,26.31164655596215,86.90924260542474
369.4626515818094,274.64538186932754,26.148395546684846,86.5921541698734
367.55344375823313,275.7235181579723,26.54588786669163,86.14634325615677
367.65561538736534,275.80066312908144,26.341544608427164,85.99205331393857
364.2492738947396,275.2963898310596,26.332063607218593,85.29505891336716
365.04549510303957,274.4074135715479,26.43511132105479,85.3775213019544
365.09613406368186,272.9557997426299,26.333833399770242,84.883622546436
365.01969929708116,271.99869058546767,26.486702932971667,85.1081495079624
364.0112352507647,270.23288519539744,26.807933436552595,85.24836510999891
363.8047672358252,269.8597095706824,27.220869466431616,85.9947163594289
361.2510374688034,269.7685535467956,27.16288828585801,86.17702840720261
361.2334220885,270.1191942328065,27.19811904646489,85.4757470351808
359.65324728477003,270.7603835011191,26.93041053262384,84.19336849855546
358.9472330362153,271.41832896896574,26.65154239709635,82.87747756286228
359.14915048828163,270.9197565157252,26.247707492963695,82.20754123540368
355.9093961719272,270.0462426531254,26.126655637204326,82.30442883848643
355.9299763906036,267.93351525944024,26.085495199851497,83.23130972566143
355.225501233957,266.6912800981799,25.832766777904318,84.05410131294177
352.8465331575991,265.8400616399191,25.584680505859907,84.08786408787654
352.75199080084974,265.8476277805303,25.77376521935854,84.07273180665428
351.73775856760835,266.1117116638515,26.134382997590365,83.54456404001174
350.92082520577424,266.59532588872634,26.101226362126333,82.57733559026215
349.9878313954155,266.1638885974627,26.314522631292903,81.78751882123862
346.62141042569243,266.2990388175599,26.465745987391387,81.5172183810441
346.61230844119916,265.0272634837469,26.48394995637794,82.4164261072493
346.5585060676608,261.4775662792192,26.591554703454655,82.88601329123343
346.3956824324098,261.22247797233905,26.917201973956722,83.39618990499376
343.12377994393404,261.35161951578146,26.74367850385615,84.81723892987202
342.1769079749612,261.43284779439415,26.94110989072385,84.65478237264661
341.96385511481674,262.0196102882202,27.3672156110127,83.48125738499459
339.3729235791063,262.5800572320991,27.482672664727396,82.36036349723679
339.477796527046,262.8423315065892,27.272926768848063,81.83581494825658
337.8969958928707,262.2335928466604,27.107189919842988,81.38962320943634
338.1249277739549,261.01693072759343,26.65132615767456,82.16866093905548
338.31562036493614,259.5669696964696,26.26994097571211,83.41157530865283
337.6718481627314,257.79916160221484,25.88984815026447,83.61191703744801
336.14001239179066,255.86413194425265,25.626593484851,84.15505014607747
336.07073065653526,256.0871266919229,25.765156955361828,83.70906065073697
332.7162220013556,256.5919175594022,25.824034238271732,82.69947891577834
332.6541663944213,257.0348531358163,25.948145452140366,81.81360776295016
330.77206752537876,256.8278114058431,26.434276593320778,80.58865792444428
330.71681717255876,256.2521067064405,26.54477729896076,80.10950073043847
329.8495846663811,256.40849649013757,26.653465685583548,79.79672116304425
328.3391428780811,255.97480611429478,26.427719127166455,80.66410191472986
327.6079994497364,251.34381001383198,26.25848698076426,81.76849910019708
326.8488108114536,250.66952630210656,26.13276001260347,83.1170665236479
325.07824070606216,251.8513064418599,26.35204018777917,82.41443626194481
325.0841790872512,253.02614584816712,26.3401634254011,81.71975481045646
324.4471309112503,254.58060777896497,25.969346328280174,80.25574439798348
322.93978497402156,254.87004121141337,25.749434449862694,79.67687753308664
320.70502563256144,254.2048451733482,25.4038399873158,79.40223189406126
320.68032746662016,251.5433920941839,25.45323631919835,81.53557168393556
319.14441939947346,249.30684172319894,25.27312429939748,84.38270834885836
317.3641967860881,243.8857355086547,25.507651502764634,86.91012571943767
315.50793027880735,242.95446149830093,25.81406467893245,88.77267374014522
315.44153955875896,242.45075010422897,25.94684611902921,88.0450111773699
314.57468169253735,242.87963196532849,25.953289356488767,87.1872474551709
313.37825968008156,244.5649223864408,26.630871145792657,85.531928848554
312.51569488943596,245.9832923646307,26.65163295489681,84.39955666436117
311.717860183019,245.70415359535775,26.558612448909678,84.95783420290707
314.0473275142117,244.86122213697905,26.98435856743509,84.94880352602755
314.97168264190077,242.00577099989155,26.838262055621435,87.25447831307343
321.9358788147392,239.15607491060166,26.770784909095177,89.4886416918655
322.7993316622081,239.74200251437975,26.806876220247233,88.31678648430935
324.64876511721735,240.18997838662256,26.602169315731093,87.4208347398237
328.9197163583663,239.5646185679667,26.71327561442149,86.94095262093776
330.7083550975423,240.8811807546094,26.587719537417687,84.30782824765235
336.5882795749937,244.85596270152874,26.631343962192254,81.41689580224688
338.36925796106084,246.05732940630855,26.361299575498094,79.01416239268721
339.9385203239426,242.42646973287236,26.436439485881795,78.24172014919144
346.1357116806936,241.07819710341045,26.81972364824019,79.34105704863269
347.01118021940425,238.49609914897502,26.68865275544803,79.64565440361585
352.4208501928454,240.44554091563788,27.221970518180342,78.99038735875135
354.0403277510939,238.47596800920684,27.22742677986608,79.68512179343075
360.4181663027238,239.84508567412036,27.529420641333566,78.5790953341947
361.3832722314989,241.34802803753053,27.221141341533695,77.19514316512456
368.00354256496485,241.46596798031538,26.753198447002617,76.95926327955489
368.7680034466398,242.59607436767413,26.808978837946306,76.28375265913087
373.5113972518861,242.30604707439585,26.778647814469913,76.86380724568744
376.15112771788915,240.25996502971438,26.250596584912003,77.78836486675145
381.6054781489264,236.23918500636472,26.453395122488338,79.48049668507892
384.9899236049568,236.60588058800468,26.145120205757067,80.36225952063143
389.167226169065,236.19849391038284,25.900731187640815,81.17703287587513
389.911230015478,236.94288416971472,26.041848042365977,81.3173769047626
396.45877952088756,237.17493361558223,26.016458288229323,80.85327801302753
398.8009025056964,237.25045084987815,26.21217998796699,80.7022435444357
404.3271133672899,237.41718730963763,26.556500050846786,80.36877062491673
405.9129674650531,237.2565752156892,26.644151002867794,79.06031523903988
411.6004345494235,237.25824371851633,26.557842126064415,79.05697823338564
415.0049881254905,236.72450049110094,26.192878863198484,78.51342871589934
417.47603910621507,234.49050928447082,26.04065032504117,78.19153770586783
423.9130103048362,234.66215728078697,25.880772644906262,77.84824171323554
425.49639872489627,234.5141682984187,25.876889659389754,78.14421967797212
431.1019427504126,235.53197094637258,25.764910019780537,77.69420129798192
431.1517365512039,235.42389368469205,25.665322418198038,77.910355821343
431.3880317959983,235.52057398734908,25.19273192860914,77.71699521602892
431.52847919732994,235.49789614890096,24.91183712594586,77.76235089292516
431.7254693731463,234.57836895267576,24.517856774313138,78.03895811375389
428.8053425024967,231.90627440788734,24.121644058095626,78.70579736019316
428.855819939777,231.5738587130952,24.020689183535097,79.37062874977747
429.5637238616747,232.34632048607247,24.173677811170716,79.39450167525395
427.1992404585809,232.87886258556796,24.186738974190725,78.32941747626299
427.1797277784986,232.05750356173428,24.22576433435526,78.41501392606504
427.2770228194379,232.6773547198492,24.03117425247674,77.17531160983519
425.05386638626265,233.20743146816648,23.863821791896168,76.11515811320064
425.1364095394536,232.53104420040228,23.698735485514245,75.9481663511974
424.3558790788786,230.2604035806134,23.74544451550851,75.94639191730799
425.033574774233,233.05552031010527,23.90524189770244,76.4169135499348
425.0601334271707,229.11268001283787,23.85212459182711,76.67854369891063
423.43982947126875,229.05163384966596,24.03765374293568,76.80063602525443
423.3947344104648,229.8978034045711,24.12784386454358,76.64099204012726
422.70884241319925,229.24723648553777,23.96753372192119,76.41003174104038
419.6702992159785,229.3782530677007,23.94117336532388,76.14799857671451
419.5182203796429,228.63465639785213,24.245331037994987,76.11353319314132
416.4507115141171,228.81373253638435,24.273255160099943,75.75538091607689
415.7897111711931,228.9472265586241,24.073053555823975,75.48839287159737
413.38754250969697,226.62350927663056,24.33320706299115,75.59164361975937
411.1220581560486,225.9842376960075,24.301237775196665,76.87018678100543
412.025581407031,223.9350443906776,24.032733132863207,77.8914896724026
409.6838871093334,224.51478291566366,24.07191531173289,78.28008142793897
409.4907469680863,224.53091505367073,24.458195594227163,78.24781715192483
407.82647611013266,224.22039727234034,24.66478084872315,78.86885271458563
406.00945730934234,223.72408053863782,25.151623636923897,78.28788877530071
403.56671115316277,223.52495057231428,25.314155448672164,78.68614870794778
400.3480807106815,224.95677141940374,25.41955735605699,77.40547175816329
400.2578482825736,224.4135605437839,25.600022212272695,76.92519366559395
400.2745079445381,223.884473997128,25.566702888343745,76.42019303854988
400.2374240950883,221.65243656073042,25.640870587243406,76.21813738868656
396.5240166230627,222.67750231982077,25.298404715919943,75.72186203358075
394.97667654291416,222.94768681044224,25.312025591852528,75.18149305233781
394.28167967610494,224.08127469247805,25.1689335894992,74.447403024238
392.8208965367645,224.57422892073924,25.050465240837397,73.46149456771556
390.7256065490998,224.70364659578019,24.729617780141638,73.20265921763372
389.9924638354531,224.6912257401153,24.701638067933843,73.22750092896348
387.24220639532774,223.68284158565433,24.225721614837497,73.75016140454863
386.7377258948164,221.0916830673216,23.741846799467233,74.45397099203507
385.4117460872136,221.05215407356297,23.405912391826803,74.53302897955233
381.8919622285405,221.1476593707174,23.00108199187668,74.34201838524345
381.91955366393665,220.9606266521805,22.945899121084437,74.7160838223173
381.94497994720285,222.65910644506565,22.895046554551968,74.28508106377588
377.4732178067583,223.02130773003108,22.98298407026319,73.56067849384502
377.39261359091915,223.26323616400168,23.14419250194162,73.07682162590378
373.74791282819535,223.17736778297774,23.116617835164885,73.24855838795166
373.7142665953813,222.52465604527063,23.183910300793077,73.08865784242126
372.28829375203793,221.64919280639404,23.10726634705458,73.37528949996187
369.98406628331895,220.71646314887442,23.31487237603842,73.77379917884969
369.1475700502009,219.67204872655566,23.511434664026005,74.38619784523858
368.3903107840798,218.95604668647246,23.53721138596316,74.32946011510003
363.91127152728035,219.11764741211633,23.564820179238648,74.00625866381228
363.8980392019684,219.4310482006325,23.591284829862488,73.37945708677994
361.63354371352386,220.43306361210136,23.692516205477762,72.85134613093354
361.6669867651235,220.59023395474264,23.625630102278432,72.53700544565098
364.7130214123475,220.55812796443644,23.391886712555134,72.60121742626336
364.8591474182419,219.9612574970637,23.09963470076628,73.79495836100882
367.65660521875935,218.41056010619639,23.39576555717231,73.95082991402299
370.1002831499201,218.151524912751,22.949707892423223,74.46890030091372
372.9202230725092,218.20439195147466,23.228014022956774,74.36316622346641
376.88369319351153,218.83831637951175,22.717016241674187,74.57850585953665
377.638568669012,219.0853218497985,22.684059150797697,74.08449491896314
382.66157107960277,219.39293519212103,22.92236222591467,73.46926823431812
383.51184539181776,219.35762253102445,22.686685214532087,73.53989355651129
386.5549192293308,218.69590807754355,22.446614861103146,73.40180313307376
387.99371941208653,217.37813549384515,22.47925948126697,73.12710331479529
391.5922520636666,215.5993251594762,22.541368650694704,73.78105419449803
395.0253018895878,214.38988313968088,22.986508993747105,73.27544223613077
394.8156835589966,214.47300682560603,23.405745654929408,73.10919486428043
398.6566451636913,214.8445125319842,23.067170872562574,72.36618345152408
400.0739899616058,216.054499599402,23.136262330026373,71.39809984333495
401.99194205914733,217.5070612146614,23.618593558829634,69.93238842077827
400.4811355134923,216.9394706519166,23.785414840611928,69.64017364150395
398.5854516187591,216.9248079367014,23.297949947000944,69.66949907193435
396.4701715876811,213.70859683329263,23.27513322530541,70.4307522336164
393.15736603161696,214.19063631517434,22.759710996649037,70.89487993800984
393.8906140405054,213.21889724960835,22.71855832026979,71.41301472774413
391.0955695380755,213.07002981266135,22.580877007535317,71.71074960163818
390.3099803705909,213.6891721530096,22.718424340670165,71.90609592277599
386.767315305145,214.01150955293218,22.609065416477172,71.26142112293083
386.04241425002596,213.97790963249705,22.631092826350205,71.3286209638011
386.2935641668043,214.2744786186483,22.128792992793542,70.7354829914986
384.38893718283697,213.68149369321424,21.703668337529972,70.50999330130058
381.6863480698862,212.6464032761075,21.50720466752648,69.77935318756155
381.66418027196914,210.62358994397303,21.55154026336058,69.6657053022548
379.6249913400304,211.53547751000667,21.473016949993518,69.22756389593573
376.86296336798387,209.57961749476678,21.485182257168354,69.00536594872676
375.36738937163784,210.3744396572493,21.726235615611685,68.79076894088608
374.7021805791511,211.60044896952888,21.680203127734682,67.71520038917745
370.4498398700012,211.91762087588592,22.022869794340355,67.08085657646345
370.4412825591403,211.97922490780874,22.039984416062197,66.95764851261778
369.76688725519364,211.87918153540198,22.032597969933395,67.15773525743131
364.9263495386061,211.78770483086612,22.201465351833402,67.34068866650301
364.9942636892755,209.4381254833445,22.06563705049448,67.94609546581856
361.59187225673327,208.94940914600923,22.016923525950382,68.92352814048905
361.4791959673553,208.0222931947151,22.242276104706303,69.39407268586615
358.0017511678977,208.03835183248472,22.22459362739502,69.3619554103269
355.9016665818411,208.41327585992033,22.243563482422,68.6121073554557
354.33485179796315,208.67614265827166,22.610332043631164,68.08637375875304
353.6908372094444,208.9634337860909,22.51568092984613,67.51179150311461
352.2990213678824,208.7537727156381,22.55376929504643,66.55834198505838
348.8982442907506,208.99145117606463,22.555862246084843,66.08298506420526
349.09494386642575,208.46043804009486,22.16246309473459,65.79185375529954
348.49609089796445,208.4655061121987,22.018340551851498,65.78171761109182
343.67905598955866,206.431552100936,22.27906277362979,65.8324766643173
343.5950854680853,206.52865267034434,22.447003816576494,65.63827552550057
343.63511229765845,206.60706082698033,22.36695015743023,65.4814592122286
341.64229751912376,207.08532474631713,22.329161063795738,64.52493137355503
339.75156048684534,208.1935492680649,22.130193966277297,63.6352960507512
337.2329539066369,208.3581031673406,21.92539826168678,63.30618825219984
336.70129307044385,207.3910023016758,21.686639501576,63.93830955103253
332.4322460755008,206.77418481022735,21.077564006322856,63.86520603605241
332.4731744856523,205.20655178916155,20.99570718601992,64.41135420078265
332.4297362638907,204.74796270812138,21.08258362954309,65.32853236286297
328.4365463523171,204.48631609273062,21.176255262106256,65.85182559364448
328.4415872141562,204.46185050840432,21.166173538428048,65.90075676229708
325.87025201266147,204.92934056186877,21.00838138483015,64.9657766553682
325.160170293357,205.28321633447322,21.119610288612368,64.25802511015928
322.56923182439033,205.6861818161069,21.09782291082591,63.45209414689189
321.9834217816557,205.23057519617004,20.98039015064378,63.07425454111424
321.42316492881093,205.2653578991905,20.81937689617965,63.00468913507332
317.0755711576897,203.34434333243982,20.571441603621082,63.0139513393742
317.100474360113,203.14937186193598,20.521635198774483,63.40389428038193
317.0607807238783,202.52746312203794,20.601022471243887,63.36990941387171
316.98144162295915,202.50820781888413,20.759700673082246,63.40842002017934
314.2702118464286,202.86737851351404,21.05321451584911,62.6900786309195
312.45138439318606,203.07846398405377,20.858697078822303,62.26790768984009
311.81635792895344,202.65684667561908,20.860925711040217,61.84331801046207
310.7121049780203,202.73660812159773,20.54579243011312,61.683795118504804
308.2690113079528,201.28746629781864,20.416832770228645,62.07450526605325
307.7470062668992,200.4141893692383,20.203859834533727,62.564076105411814
304.6069874272596,198.91546917556911,20.183733097962424,63.04145072640995
304.57768696063806,199.56824758136736,20.242334031205456,63.002336785779256
303.87167913446285,199.8859943118621,20.387384506838547,62.36684332478978
302.3189910397701,200.65125039828598,20.971561646492063,62.096930676808
301.5833455350373,201.4720679105949,21.175400204137187,61.72274810401066
300.98706827452827,201.55611177857472,21.10211455878333,61.55466036805102
297.91093916256443,201.1542304135341,20.943831628011672,61.09631486719243
297.92267692721595,200.59370862154384,20.920356098708716,60.96466909702757
298.00502054912823,199.8727347450744,20.755668854884156,61.156232014873254
298.0638676091831,199.86634773039845,20.637974734774396,61.16900604422514
296.8243397711962,198.52053048325956,20.620743184788658,61.36435331254356
296.7268133567332,198.6316524431438,20.815796013714692,61.142109392775076
294.29242200527324,198.9738879950828,20.68055092769812,60.45763828889703
294.3914896590008,199.37262674144222,20.482415620243053,59.66016079617823
293.8830138364668,199.74987188909736,20.275560934839763,58.90567050086793
292.26480369857364,199.18166471089035,19.88414042696417,58.83280459606138
292.208274905099,198.44434973158783,19.99719801391344,59.10633271654076
290.5156204119688,197.523645407456,19.761319590162252,59.74067889480052
290.44373578615455,197.36335960105848,19.905088841790757,60.061250507595545
289.7481334550106,196.50077656039286,20.077322001402315,60.56744508625037
287.91346150355685,196.23937356333155,20.058685266559348,59.86092420112281
287.8909541288908,197.79552458979953,20.103700015891363,59.18648444790554
287.92023851292487,198.04216078881834,20.045131247823242,58.69321204986794
288.0302991543096,198.35514989931673,19.8250099650538,58.06723382887118
285.70344224888885,197.750979529004,19.72226149561496,58.08645899942651
285.6618678111709,197.50171638738942,19.805410371050797,58.58498528265571
284.43245803991624,195.98616382664545,19.871961325613427,59.22382181619699
282.64729516604814,195.30515817666213,19.822945183367256,59.37938581950283
282.66221595625683,194.737965695692,19.793103602949785,59.3060054630745
282.6953393907564,194.81129752224274,19.72685673395071,59.159341809972986
282.0535513852665,195.45332885998337,19.80755710096676,59.0781547784555
281.28656479854715,195.0234462807507,20.138334231042535,58.73472389355797
280.6269441229958,195.49504555801647,20.25323320288682,57.79152533902643
280.49814144499425,195.6988440348901,20.51083855888988,57.38392838527918
279.98082283407126,195.02931370515802,20.3536412300876,57.53115449409512
277.67983041467375,194.39758668889908,20.191280621662305,57.603522164807856
277.62575771702603,193.0043963081116,20.29942601695771,58.011561739717514
277.5833747310444,191.5870411003134,20.384191988921003,58.45235183628151
277.4792066136113,191.75481094935662,20.59252822378713,58.116812138195115
274.44038025147165,192.75453754988317,20.651247932210154,57.32114554031325
274.42466227220245,193.5818006521792,20.682683890748514,56.860100274089255
273.7770301622953,193.88103956102628,20.790492023342,56.26162245639506
273.0690254582315,194.09793899171774,21.02566386826605,55.82782359501212
272.50333548878865,193.61940537851285,20.978183893410566,55.606030907680754
272.6790795697059,192.80764532384788,20.62669573157607,56.05472570115213
271.02303655514703,192.65357776381987,20.414025893508214,56.36286082120813
270.5161357514537,191.83942861477465,20.252343683552663,56.81567530195631
269.88947790484843,189.40051462428897,20.326631251093076,56.97739078024702
269.2600423151781,189.4063961495849,20.402816638428657,56.96562772965514
268.4344661030332,190.15649309142947,20.870070389163644,56.64933251952098
267.1219770649416,191.18479116674996,21.11939772003887,55.780561741533994
267.07603792137576,191.95975365050933,21.21127600717048,55.410505388686104
266.4630594552643,192.04628263467634,21.261022538893606,55.237447420352076
264.1305036010527,191.86966386276342,21.227657792268246,55.5906849641779
264.2533261027758,190.29494251553106,20.982012788821987,56.38194664994545
260.86971749253,189.18842285498047,20.633138001076006,57.408970636340385
260.85613273569015,187.31967955761735,20.66030751475565,57.563231616331194
260.79489416216074,187.3287664668318,20.782784661814475,57.5450577979023
259.5639186010391,188.02985686597967,20.846607941945805,57.341940920662594
259.51927504103395,188.63404287146932,20.935895061956053,57.33088252092776
257.6044391565773,189.3878284279391,21.169257824887755,57.022081076648846
256.44195366646056,189.18821592460085,21.09710542409306,56.222744392811194
256.5808035782412,189.1109758336027,20.819405600531724,56.377224574807485
254.87211652635574,188.96647518113616,20.687735502328106,56.66622587974061
254.99300286423352,187.1607199071857,20.44596282657257,56.72341578073216
253.1972057348201,185.31369347095227,20.493903686125698,56.87381525392529
253.2444660335932,185.24183784681,20.399383088579473,57.01752650220983
253.2308130408755,185.80709221393238,20.42668907401491,57.07159593796443
252.5385940651213,186.63789531212086,20.62528123508161,56.595835532029135
248.96934156389975,187.10228992716964,20.667961872568153,55.66704630193158
253.48734580387477,187.1835190492016,20.992845702737604,55.50458805786763
257.57372437339427,187.9805811919352,21.035529172461498,55.08409814508086
261.1737160545548,187.33134789834554,20.845761652154053,55.214195425257884
261.83194123730567,186.27722487633162,20.696135190927492,54.98879366073517
266.61658429674395,185.3605163762545,20.414043641568696,55.661311339699665
267.6639192153882,184.90356886899824,20.650267000950123,56.575206354212185
272.4283722696221,184.33160369644884,20.583712078281266,56.53634280108608
277.24183994725246,184.71020796787474,20.405053831371312,55.77913425823429
280.6937261484469,185.36582247227446,20.50310432194482,55.6348757315953
281.8260243911231,185.64171999832413,20.571860596416805,55.08308067949596
286.4082572557377,185.47530875469857,20.687496171892292,54.25589050365899
287.81612874827096,184.86807837083526,20.172217074982008,54.32011932730744
292.350333644751,184.26317275617617,20.238828332624493,54.388052925300286
294.7666528834428,183.50517812545408,19.982397219371727,54.75999034571182
294.7939416275098,183.29074189926484,19.92781973123774,55.18886279809024
293.0548973463554,182.24971735130737,19.956222056582888,54.97112106936278
292.9580914366762,182.78877125096125,20.149833875941262,55.040308537445725
290.0424297389434,183.00210750403042,20.22223047587339,54.61363603130733
289.997386340352,183.27057058031707,20.312317273056117,54.076709878734036
288.86204107645005,183.5801294684093,20.30117970225313,53.45759210254959
284.87145261676204,183.76525305205388,20.359508745095603,53.08734493526041
284.95589199835246,184.11836454158046,20.19062998191476,53.50869228344173
284.5502519899062,184.13435744841067,19.87133000662276,53.47670646978131
284.5945760204723,182.6842031099211,19.78268194549063,54.12827474293036
281.2561011392599,182.46646673491932,19.667038465955326,54.56374749293391
281.2509327947111,181.85461696952967,19.677375155052946,54.651211053389204
278.40360848322774,181.8315248766759,19.68365559627797,54.69739523909674
278.44044275739077,182.55319609099467,19.609987047951957,54.39250045957134
277.83421333243865,183.34684689255997,19.689691366439884,53.937953387857014
276.2110312440145,183.0168903331658,19.5529712160155,53.470171730887756
275.2404584621797,183.19327786042004,19.257056876651465,53.11739667637934
274.79165906968717,183.1358597438389,19.046523308200605,53.2322329095416
273.039195728866,181.9384256566053,19.23356450005629,53.41517742415109
272.48106560663683,181.41029934918117,19.23785936993215,53.35946466441679
269.02972291581943,180.23268048016732,19.47306520480052,53.49220922018903
268.84957602196096,180.23436518835308,19.83335899251741,53.488839803817505
268.50519946901096,180.5311380433704,19.398252863711804,52.895294093782866
267.857317909732,180.7434048936804,19.586508978954825,52.47076039316282
265.0810369870929,181.78571881788147,19.614952634361554,51.490956182734955
265.2261710716746,181.9985913902318,19.324684465198107,51.065211038034306
264.1899180698317,181.80250071117942,19.237269524581606,51.45739239613909
262.69990263964553,181.59831879694286,18.965272385971613,51.86575622461218
260.0532481383024,180.72141388149612,18.833833595836587,52.53461649694144
260.079014447582,179.26792198213172,18.78230097727752,53.25732619224313
258.9109485294497,179.26126602876502,18.915379219008717,53.27063809897655
258.38845415957684,179.50445563039813,18.85623550578755,52.78425889571031
256.1694981512539,180.14933201932894,18.909704253322484,52.59061693512642
256.24024999864025,180.1452980516514,18.768200558549736,52.59868487048153
253.5053154768146,180.2790144110578,18.778754397539736,52.33125215166868
253.68128761589023,180.2839391104791,18.426810119388467,52.32140275282607
253.72443467906984,179.2410728271112,18.34051599302923,52.24372057829872
252.72855631089868,178.77922286124337,18.174211394406605,52.08838984255193
249.6153451534932,178.21191506208197,17.957890005016704,52.14921482350791
249.6208715928563,178.1578725022373,17.94683712629047,52.25729994319725
247.99969174607082,177.89306974684766,17.973015782399195,51.714845108155814
247.32320733704375,178.2848338349394,18.26118355063263,50.931316931972354
246.18727592250636,178.53070944580736,18.415356471643967,50.439565710236444
243.62403987473232,178.88046844357092,18.268816614031174,49.74004771470931
243.73476111156063,179.02850850384837,18.04737414037454,49.443967594154394
243.26557499192057,179.44881900896837,17.952041383069826,49.63705158049918
240.74404215992755,178.08683419201944,17.821393027358702,50.29153560651816
240.6747541682235,177.75807454362297,17.959969010766756,50.94905490331111
240.10631583829198,177.34853875006942,18.04321131257325,51.76812649041818
237.4873410232959,176.73333211577153,17.94696977158144,51.93170152481716
237.4580389566977,176.74491348836898,18.005573904777837,51.90853877962228
236.3537911601582,177.9465008058514,18.077756206196476,51.64167743631783
235.40989872481617,178.4017183777663,17.834217312496822,51.79690417467993
235.38007014723462,178.37891086359133,17.89387446765997,51.842519203029816
233.90372966796,177.8165521366356,17.651011189680126,51.902055244764924
233.49980425759446,177.19613847245535,17.39725947210504,52.081280034819294
233.06476447316348,176.27656827170475,17.20782040793085,51.80138317024823
232.54705259922966,174.54087781741032,17.191175282710823,52.116557459574224
232.08885662170783,174.3610006436146,17.05131960660968,52.476311807165644
230.0744466972685,174.5075162850649,16.844951096880195,52.18328052426506
230.07877644270079,175.16927796676748,16.83629160601567,51.91060023123237
230.1258861028464,176.1262097625596,16.742072285724397,51.04354649052104
229.10799719981043,176.6453584905025,16.712336856841205,50.00524903463521
229.19504435043297,177.46876527862938,16.538242555596156,49.37587673361872
228.15198072952208,177.21507965420122,16.61377264643618,49.88324798247503
228.13334597167696,177.0307795673616,16.651042162126412,50.25184815615429
228.29548110164546,175.14510262336208,16.326771902189435,49.943887608150916
227.87032989747445,174.98738790919933,16.167568656003805,50.25931703647643
227.38094500738652,175.03276770831258,16.135274424931012,50.16855743824995
227.35308133913156,175.3029918443266,16.191001761440948,49.628109166221854
226.23231191465558,175.99817571398506,16.42748893942048,49.24026726239115
225.73162094674865,176.47720815181393,16.427528283515088,49.2835449784527
225.7771862295141,176.44958649196727,16.33639771798421,48.33682906783453
225.3757600693915,176.11073157019473,16.152435187714804,48.02772406086498
225.543089969279,175.2529010880597,15.817775387939768,47.78528101240206
225.16735151685404,175.21884983359035,15.599773437788144,47.85338352134072
225.21864239574785,173.77306506249343,15.497191680000515,47.84560131157936
224.7893144189505,173.5694758688067,15.391391008367432,47.28832307372498
224.82696809457184,173.95341998489585,15.31608365712475,47.475029668517685
224.8392395068614,174.42552561773826,15.291540832545628,47.486682981926734
224.30199932707802,174.70915130615984,15.41044216514507,46.919431605083574
224.25540119593668,175.1283943758096,15.503638427427742,47.03064565575093
223.8073519856823,175.69554957719328,15.446746879992977,46.84932522092711
223.86828176972173,175.78143086335422,15.324887311914122,46.67756264860521
223.9225594860614,174.13798463215576,15.216331879234737,47.130377908784624
223.9606496089435,173.6058788266401,15.140151633470591,47.245453997398315
223.52995509509995,173.48469160169267,15.052171241366427,47.48782844729315
223.46505904107593,173.18215022710723,15.181963349414449,48.09291119646406
222.93770492141093,173.20149884398592,15.274503319173451,48.05421396270666
222.46780924013962,173.367342236169,15.250970838654801,47.72252717834051
222.43691406544767,173.55696353130736,15.312761188038696,47.34328458806381
221.9208742820864,173.7310500359846,15.390908837229045,46.99511157870932
221.48307327440313,173.87872558215022,15.316092801304809,46.699760486378075
221.55629646960767,173.53046372835277,15.169646410895703,46.451437421704625
221.1940558329753,173.55450095851054,14.95549739940726,46.40336296138905
221.29879000769932,172.0189963478315,14.7460290499592,46.67232829111564
220.88169136307957,171.71843527521983,14.646248246387298,47.27345043633898
220.9382492865886,171.32246473413662,14.533132399369268,47.124729616040234
220.98137460559767,171.3302661738648,14.446881761351111,47.10912673658383
220.467606057517,171.7235373510764,14.539771314845042,47.25723192482805
220.46982886541556,171.98171685342894,14.535325699047911,46.74087292012298
219.52937894069956,172.55762014715128,14.554098713728195,46.52012975005417
219.5043300483842,172.332402047398,14.604196498358922,46.97056594956068
219.54680721000446,171.85267439677054,14.519242175118409,46.99442966549562
219.46616008445469,171.62006427896466,14.680536426217934,47.459649901107376
219.49575978941203,171.65875456191702,14.621337016303249,47.38226933520265
219.4433730884126,171.11857606521286,14.726110418302103,47.52088252005542
218.03411629490893,171.3111019226995,14.707690337919683,47.13583080508218
217.45843175584946,171.74608004282888,14.91921391011337,47.20572007074863
217.34294502876156,171.8981441345691,15.150187364289195,46.90159188726817
217.36281621593224,172.00463381540564,15.110444989947863,46.688612525595104
217.0113244655114,171.85452659951824,14.872514467168537,46.047912933748904
216.1176675976184,171.8270397656219,14.804947502847543,46.102886601541584
216.2385750870846,171.40452911607818,14.563132523915153,46.020928681660656
215.919493435042,171.15604474184696,14.279930972637434,45.596532574760225
215.5588930587552,170.70770895606225,14.091008785502817,45.583081206621365
215.60724502258083,170.7072741085997,13.994304857851553,45.583950901546494
215.18625489920507,171.3048556441917,13.93161694231424,45.29345599265132
215.2112455149037,171.6071160294522,13.881635710916946,44.68893522213037
215.09064755801253,171.7083867078894,14.122831624699305,44.48639386525595
215.05345868901017,172.2830097433126,14.19720936270402,44.22862476462826
214.9388193064622,171.59638344397342,14.426488127799997,44.712691206193796
214.85441204630592,169.2190504231325,14.595302648112511,44.965975196224605
214.38914197712933,169.605127581192,14.61886671863185,45.10079694793946
214.3299409946026,168.9968605782209,14.73726868368535,45.40800639464762
213.85574419564063,169.44952771376245,14.769798066487517,45.41853633868622
213.7728748956072,170.0699835205888,14.93553666655437,45.09423582522601
213.2459491061505,170.20407378037612,15.0743494477065,44.82605530565138
212.84924458782424,169.99420800091622,14.95399702355294,44.33202540376509
212.90184272451327,169.78879803142507,14.848800750174878,44.74284534274738
212.53166988282106,168.55561116317023,14.68069508588831,44.48386503624417
211.76584149044487,168.1100612776789,14.408975220994169,44.47327648240349
211.89271855021084,167.6542766420988,14.155221101462253,44.48829246297862
211.93757026291502,168.09690071940435,14.065517676053906,44.4951446309689
212.00502905168258,168.21252748486626,13.930600098518788,44.26389110004513
210.5637412925228,168.31678109441995,14.158842921289763,44.05538388093771
209.95298631738373,168.51929695757295,14.4943325376019,43.650352154631705
209.90763960254478,169.06709645746878,14.585025967279819,43.44117094374802
209.38269689594952,168.62151475671814,14.74981173107699,43.44723469585598
208.9524555384181,168.4004355094095,14.722098392723328,43.88939319047323
208.10804971374534,168.1110976289765,14.622936447616647,44.46806895133924
208.1396752475941,167.97859229820773,14.559685379919141,44.733079612876764
208.07992288745675,167.38252394203425,14.67919010019386,45.022203882666425
207.66919654767108,167.97723600437678,14.591327682782845,44.74209485496372
207.18845616848373,168.16457187211677,14.649087124772564,44.36742311948375
206.25018396585386,168.17653165340508,14.72672551494987,44.34350355690712
204.98411683915947,168.18750107750287,14.557256062824681,44.32156470871153
205.05823049787313,166.53981806454016,14.409028745397405,44.925577262629204
205.05358505331634,166.35930354359203,14.41831963451094,45.28660630452543
202.80940701688644,165.39292051718658,14.365296320682729,45.40282060266112
202.83788351075236,165.03503479650203,14.308343332950859,45.209643301649905
202.36489864835303,164.7982813545495,14.349154873037667,44.777992000843156
200.00308440975485,165.0973583911544,14.573872986081653,44.17983792763336
199.9084810913909,166.02520643573868,14.763079622809553,44.11495553845724
197.84541535158888,166.3426904772228,15.297422466635442,44.37793461443356
197.75553708901077,167.10321308536948,15.477178991791648,44.67978215646861
198.02024413706667,166.3420053206932,15.866789300661647,45.283173280839364
197.01405369860097,165.90414543714914,16.0097290563953,46.1588930479275
195.8699826075043,165.22879377628306,16.398239639360174,46.55978057004542
195.30652073713983,164.47642940410768,16.56256275907689,47.10190869338394
198.97566145821776,185.74276767480308,17.01088476190956,49.3422019606769
198.73760258602655,187.27435083072567,17.48700250629196,51.34625911651294
197.86815918445797,187.02270929879785,18.17519868203666,52.900232807761085
198.05846968750922,185.6528820359742,18.87996554526194,54.55449946408058
198.23139477879045,184.9736059148681,19.65592940766107,55.913051706292755
197.89147120096567,184.38799920229616,20.335776563310635,57.084265131436645
197.51366233506036,184.9165794905181,21.09139429512124,57.21148321329893
197.8239169596015,184.78178262015473,21.670754365419615,57.481076954025724
197.62226366873,185.12690312968596,22.07406094716262,56.79083593496324
198.8189435694417,185.7573179890925,22.103720588322282,56.74151593744166
198.6111047310617,186.35840054124156,22.51939826508233,56.75068334611268
198.60369186441577,185.8765767586964,22.53422399837417,56.49542914117702
198.37813073658597,187.04451220912316,22.985346254033768,56.59054533806237
198.92257219244092,187.042938612707,23.121372238237292,56.59369253089473
198.94193992384888,186.94750580457057,23.0826367754214,56.784558147167544
200.75798046554587,187.80945993616268,23.138868577473797,56.29008751246546
200.19172502202076,188.3451338003782,23.048069759019967,56.44204948953842
201.01254348680283,188.1896391039535,22.63031828713292,56.75303888238777
201.11244040626414,188.3371605397473,22.43052444821027,56.45799601080023
201.3026115798387,188.75096867492883,22.050182101061207,56.84348235113005
201.881718616503,188.8589454772187,22.103806101558092,56.627528746550276
201.8035153599668,188.58237909541282,22.260212614630493,57.18066151016204
202.29445555812538,189.10588118605773,22.498778552191595,57.35410366275043
202.16568184515177,190.24921245024007,22.756325978138822,57.5218635408318
202.10012962007912,190.92320363287286,22.887430428284127,57.40811168807619
202.15966727991196,189.72834624060823,22.768355108618415,57.32795374555204
202.18597354370075,189.65590167392665,22.71574258104083,57.47284287891525
202.7686428957717,190.30856293052491,22.783203721692363,57.40032021051214
203.4949169117786,190.35449068178866,22.563618076846417,57.30846470798462
203.58416606776893,190.26623192722343,22.385119764865756,57.48498221711507
204.11838713585362,190.4655623552578,22.54373460425658,57.08632136104637
203.99215664420782,191.3264965487919,22.79619558754822,56.588617897590176
203.94293245646728,192.00236091081365,22.89464396302928,56.45839918825018
203.3081159808963,192.04946335837292,22.94288797292824,56.36419429313162
203.38864104038197,191.87803512709127,22.78183785395691,56.70705075569491
204.0330001122982,192.938306742733,22.71607916700267,57.03242643816775
203.99316790034655,193.1782053752627,22.79574359090592,57.77909868840203
204.03979375242642,193.30076700638375,22.70249188674621,57.53397542615991
204.02966949416276,193.01780563473451,22.72274040327349,58.09989816945841
204.51977912410734,193.548569099674,22.984462176367717,58.28031227256284
204.5893562833532,194.2077662755362,22.845307857876048,58.211136344258065
204.40607153110938,194.92269886730423,23.211877362363655,58.02700532295981
204.50515666018123,195.35460417644447,23.013707104219975,58.41283179267376
204.4764593803057,195.65587201070798,23.07110166397104,57.810296124146745
204.510831798809,195.5938566078102,23.002356826964455,57.93432692994229
205.08758962315605,195.7957744664995,23.093402651848727,57.53049121256373
204.97770361847773,195.6399305108297,23.31317466120541,57.84217912390331
204.91876194206228,195.74796208583422,23.431058014036292,57.62611597389429
204.89874638120318,195.64302673001507,23.471089135754465,57.83598668553261
205.63713485216317,196.33391821434876,23.245820456954334,57.70571197998502
205.617841599924,196.2980450633218,23.284406961432683,57.77745828203891
205.6186343822197,196.13703030679363,23.28282139684124,58.09948779509531
205.66187726130573,196.68916654593468,23.19633563866924,58.24716204911932
205.6706140123153,197.07598554366226,23.1788621366501,58.726052350007535
205.65236287013656,197.11051490149845,23.21536442100758,58.65699363433518
204.92629660170954,196.97373360271655,23.408732089708646,58.93055623189896
204.93350281930046,198.14935458784157,23.394319654526768,59.111626794038116
204.28785472371405,197.7460118639499,23.417112183177775,58.649808579299666
204.2842137499406,197.18566111975593,23.424394130724668,58.508244311592506
203.46041906359522,198.75988917952736,23.811625527540237,59.1408621196752
203.45003518883112,199.25500367441305,23.83239327706842,59.42700855357927
203.4865143755365,198.72845437507883,23.759434903657667,59.19924085474611
203.5161260069329,199.10940843089574,23.70021164086489,59.71361785800411
202.90867151454415,199.060624390319,23.632489564969873,59.81118593915759
202.32239500580363,199.72109051109962,23.52221848605314,59.77307779399415
202.39694560059306,199.3334179719604,23.373117296474287,60.54842287227265
202.30944569013812,199.9206816672321,23.548117117384145,60.662669973553065
202.30361228785532,200.24605547697988,23.55978392194975,61.305475683752135
200.91149880107722,200.7089387581707,23.738022765287987,61.68270318647953
200.91474851140498,199.43818300884914,23.731523344632482,61.60099710250223
200.91344171259547,200.06651843587778,23.734136942251517,61.654645255632865
201.022384422682,200.64095845691102,23.516251522078434,61.81690142093358
200.9158010712755,200.4931901087761,23.729418224891464,62.112438117203425
200.9424891124691,200.54429498016256,23.676042142504222,62.01022837443047
201.56938874177226,202.35962291170762,23.737440137027942,62.325164270730426
200.95111711483304,201.8304603051303,23.653163894306527,62.062669987285275
200.8283307444565,203.17212488610576,23.898736635059624,62.01041825301856
200.805704391874,203.2217097647931,23.943989340224597,61.911248495643875
200.7175413476536,203.78030662218097,24.12031542866544,62.11264035183781
200.73940722740468,204.39301145403203,24.07658366916325,62.21187029609898
200.8419970483974,205.15788546110946,23.871404027177874,62.00740332185743
201.57012139415508,205.19358820692827,23.733819641372705,61.93599783021986
200.9405086931492,203.03461432862235,23.677875460191558,62.30843683725298
202.92442943967635,203.7879047436452,23.668560748950405,63.44087386174935
210.81686260621254,204.84332972414285,23.9106231318447,64.00117868674857
212.67010451106992,204.66973919617146,24.248043874061672,64.34835974269137
218.64337620146102,204.90204974837133,24.532687714468196,65.24275944064587
221.897139906939,204.74488338691137,24.909996979048742,65.55709216356583
225.42417390765158,204.65433044627062,24.797242374749683,65.73819804484731
231.44004266615707,205.406075874254,25.26499499545305,65.62353942640439
236.2422293848307,205.6680178964134,25.429766774732208,66.49524755588939
240.49757095290866,205.51231831456704,25.38546519015965,66.80664671958212
243.28564533252208,205.59264836561417,25.468259542484766,66.64598661748785
249.00814176927813,206.1808125061945,25.33461316552966,66.88357664839681
254.00675653120527,207.3892992485203,25.241858339277766,67.2964530773459
258.33673540395375,207.39322932823183,25.096954663261812,67.2885929179229
262.5677345044173,207.63064187655664,25.13367182363999,66.81376782127322
261.24585814025164,207.39572376014598,24.95680763789597,67.28360405409455
261.9904165166458,208.02969121416837,24.88154526978312,67.42952353072523
262.7073027831067,208.84279987548751,24.86235896713558,67.21789243836116
262.65869186728526,209.0428210455906,24.959580798778493,66.81785009815498
263.44630284242896,209.5112668483119,24.79159047851006,67.28819012273144
264.0808694356364,208.8967316622059,24.93339617367638,68.51726049494346
264.0570147414961,209.52745197381626,24.981105561956795,68.68691108241501
264.66134798412264,210.6655979012193,25.206820063294224,69.27938120078976
265.32992607715295,210.69406078043602,25.31660245233961,69.22245544235628
265.9820432599183,211.48524681607427,25.4604766499164,69.08819193418728
266.78435184867266,212.23134751605562,25.304644677921083,69.04477573973794
267.3946858439335,212.3702752198182,25.52932629667842,68.76692033221273
268.00042260250405,213.1986318514225,25.76327928924926,68.55563357871618
268.6795517072873,213.16499857759953,25.851635366759858,68.62290012636217
269.4500214007931,213.0821335138876,25.75986510759457,68.78863025378598
270.1029716650889,213.05622745999878,25.903857138864403,68.84044236156365
270.64084898311705,213.5986308593781,26.281330533568656,69.20886359356561
271.2090776771401,213.54181475412207,26.610175128601107,69.32249580407762
271.76371085679745,213.37711855356292,26.973748983619743,69.65188820519593
272.3472946701554,213.4918187388062,27.290674196619392,69.42248783470939
272.8829895393148,214.11358130786186,27.70575709936711,69.6654353376645
273.6250362123281,214.8163271536219,27.719051932869963,69.75733182567389
274.200139717921,214.60227824585579,28.06779291879296,70.18542964120608
274.99909135690467,215.39156724247215,27.981226665654205,70.11818867280186
275.6975979578794,216.08967568652878,28.093037152473293,70.23079547345722
276.2348902753054,216.03990563498172,28.530893199585442,70.33033557655128
277.1467417846574,216.74395541419574,28.22887253766892,70.4439183749108
277.81278381515847,217.3271714924756,28.414721630542864,70.7954193722272
278.6339998196129,217.22912237730895,28.298599785064443,70.99151760256046
279.51748640348404,217.2183960439403,28.05868685757013,71.01297026929781
281.17982628103834,217.8391867873312,27.78017071973415,71.29447059115236
282.09911519893666,218.59609462367692,27.46373694948425,71.30279898400757
282.7867058436788,219.23254815039007,27.60514610227618,71.54648237285753
283.65851592199317,219.2027622111584,27.384152544384563,71.60605425132094
284.18533396069995,219.54058108918514,27.850031523664157,70.93041649526741
284.1681204630183,218.89667206916022,27.88445851902747,70.7000722678965
284.94221543325773,220.16201299329657,27.851734593037275,71.2003224486011
287.15070778091297,220.84882390857314,28.000968003718093,71.34877332004511
288.02823884420076,220.79967079923676,27.77278396585487,71.44707953871787
288.74081059082516,221.50155462516585,27.871844946560472,71.56751636081414
288.5873528943386,222.1501582431058,28.178760339533596,71.79801904946963
289.21120385491025,222.0371781140829,28.46757703198056,72.02397930751545
289.8322974052936,221.97056830592712,28.770324221281548,72.15719892382702
290.55044478833855,222.81533790140438,28.886290137435914,72.01992041511681
291.24008990168954,222.59746366691982,29.059354541994118,72.45566888408592
291.9300038737856,223.28486078390821,29.241243085244093,72.64259113755115
292.5761851454897,224.04751076795344,29.516533318413572,72.68494394603854
292.93610499950194,224.04702410008986,30.36986315962885,72.6859172817657
294.36982548983804,224.72051431119922,30.679129484016514,72.92729051207687
295.0661874323177,224.45282018777482,30.883729876599826,73.46267875892569
295.8387038554226,225.1968036238128,30.947382248659203,73.58339710511896
