210.0,94.0,29.0,53.0
210.14150678600473,93.00192136374918,27.439550220704078,54.99615727250165
211.37731568855733,93.36142064552442,26.247870977993614,55.55709727134591
212.23451574305216,92.87768787169014,25.800898345590447,56.52456281901449
212.52154170070364,93.15826269707617,25.226846430287463,57.23710629055635
213.26207329184916,93.94088122787157,25.019733716357422,58.21977016568763
216.01545965070233,93.4765365303319,24.6510702097681,57.86393225798776
215.9367802604351,93.37718189646753,24.80842899030252,58.06264152571649
216.5906393357499,94.18050991224648,24.779229270629575,57.734503925115234
217.22880564417548,93.50701473677226,24.776152379701113,57.80823855014099
217.7870691239001,93.0736164903075,24.933893418021828,58.67503504307052
217.71663252662677,93.51044444378951,25.074766612568524,59.09097242172094
219.1226527018247,93.7200396123356,24.85892594146909,58.67178208462876
219.64515522137083,93.62453999140023,25.102139899120203,58.862781326499515
220.07613922151242,93.48157385180419,25.535457088378784,59.1487136056916
220.75990180770415,94.8437135049561,25.47501340851142,59.038597284419915
221.56721761292235,94.17689603232442,25.164801984306283,59.06781204345205
221.56904927093711,94.35676030858136,25.161138668276777,58.708083490938165
222.26029186381194,94.57453598711811,25.072744753443224,58.272532133864686
222.83511518815408,94.6055750819771,25.20932562295649,58.21045394414671
223.43791574762633,95.11155944215318,25.29146589338191,58.486226613164504
224.06565565960304,95.47340408698926,25.329169764393008,59.05572101845681
226.66069559671897,95.20572828711144,25.347453077675393,59.591072618212465
226.7209216412037,96.00281441381318,25.227000988705946,59.30705678060821
227.24811500685132,96.47089801866565,25.476532661577373,59.67480797506995
227.03979740791206,96.6101469730365,25.893167859455883,59.39631006632827
227.4196424686867,96.48806888559798,26.45045764916425,59.64046624120532
227.9091556225678,95.81468534591424,26.801767496570847,59.65689716540399
228.45113947138296,95.75010970930194,27.054550356962558,59.786048438628605
229.91450046267659,95.81661454566806,26.81395545126621,59.653038765896355
229.94860478448376,95.89436950006552,26.745746807651884,59.497528857101415
231.47892278760406,96.73785909054706,26.35201709016367,59.144002820514544
232.3122158112552,96.06052120379157,26.006834546780787,59.17727509010614
233.17427675227543,97.03694073938405,25.59852294266771,58.540246296848615
234.01848953573716,96.94596496014148,25.209481111049328,58.72219785533376
234.1223623299583,96.94280901621289,25.00173552260706,58.72850974319091
234.13920566847005,97.04412961526535,24.968048845583546,58.52586854508601
234.98739644273834,96.85003345134757,24.55970825898163,58.91406087292155
236.28390480229947,97.29393595921817,24.5395198411882,59.3126700078448
236.90591076478958,98.19745933964364,24.587316621620005,58.79743195240589
237.53448032334458,98.37157519129735,24.61539762621748,58.44920024909846
240.31375147007822,98.52065289992747,24.17960874260569,58.15104483183821
240.36652322886107,99.13458278067549,24.07406522503998,58.191837524831996
241.0649832228729,99.02180396258792,23.9445118594911,58.41739516100713
240.98148644285763,99.38782627898519,24.111505419521695,58.953667381944015
242.3064761512351,99.03892474241418,24.01956652749778,58.37245019272049
243.122248573643,99.55874220105088,23.657025212428284,58.60181880519339
243.8202326746332,100.3195983246352,23.526912030410877,58.34596157798775
243.9552991446719,100.73125841069107,23.25677909033343,57.52264140587598
244.67005609930217,101.52223240101827,23.070440107416005,57.18386835156468
245.87756161727205,101.82406011314032,23.12537566009364,56.580212927320595
245.95219101689682,102.1266386395449,22.97611686084414,55.975055874511426
246.63282038023618,102.37639362501514,22.83073010188857,56.69141787129409
247.33546061140206,102.34123253525806,22.64905602726098,56.76174005080826
247.9516968606943,101.86694997485776,22.6379604585363,57.71030517160887
248.58263625237788,101.51562753799706,22.61090474301821,58.41295004533026
249.33308945328503,101.50325372513666,22.354433501657667,58.43769767105108
250.0332526742562,101.73218394545607,22.194295082951115,59.22002525364806
251.08822378832974,102.44806887080703,22.581409788422334,59.03678386975529
251.5233724635732,103.75531033773437,22.96397508711128,58.92802623425249
252.1174858585782,103.09214194798525,23.033911216538584,58.996200094313465
252.01754228760151,102.7467830937338,23.233798358491907,58.42652249039861
253.34878224342597,102.68522225090409,23.082875424233556,58.549644176058024
256.3565588877447,103.27332136452173,23.34158143919856,58.62829780954327
256.38010955452546,103.28486346793608,23.294480105637014,58.60521360271456
256.32883070629026,103.47025226413601,23.39703780210745,58.23443601031471
256.36222479229406,103.95613730356123,23.330249630099807,57.26266593146425
256.9379992518532,103.94239117565624,23.41943831504834,57.29015818727423
257.62451605367283,104.68595572704288,23.28912622545048,57.04575059854233
258.39634136968283,104.5595310391727,22.982354400237767,57.29859997428268
259.01559412157377,104.3984534073043,22.978903309925453,57.620755238019484
259.7660229455091,104.43081261036714,22.71767589436243,57.556036831893806
260.25929223031414,105.64569320253923,22.96516829685769,57.59433759176015
260.8650065118178,105.77532347041806,22.99274448720947,57.33507705600252
261.45517867435944,105.66888847084473,23.048165157941998,57.54794705514915
262.71211510103905,105.49187239822376,23.01392967057003,57.9019792003911
262.6246670464607,105.87221791456784,23.188825779726756,58.385590981758256
262.5641402286247,104.24723135615696,23.3098794153988,57.87240592503974
263.26363124017564,104.96446111001296,23.160056960312843,57.68710598534375
263.21966533972983,105.95178654603635,23.247988761204525,56.956273928340686
263.9391024338538,105.76069340457254,23.043971299186914,57.33846021126831
264.4762130059463,106.12437046659925,23.206477800912104,56.61110608721489
265.02692966596544,106.82731863194101,23.334186097116103,56.434351372773605
265.56767645962077,107.1256996353283,23.481555144614028,57.06645200080762
265.6702456952105,107.37119122115192,23.276416673434653,56.575468829160386
266.5342283695657,107.99330337445113,22.77832286935561,56.56111606719344
267.3589748605133,107.63584883338605,22.349625099207515,57.27602514932361
267.278184786939,106.75136253844192,22.511205246356074,57.82157931632575
267.2844006741341,106.8329927669065,22.498773471965922,57.658318859396616
267.90857369517886,106.74110048924645,22.48201119571413,57.84210341471672
268.32747525927726,107.33624192051794,22.878132346313222,57.885744830969685
268.90360802360846,107.81296766119829,22.967509035859422,58.17393556781751
269.522330503353,108.09577019879507,22.977449429371273,57.60833049262396
269.5414959832412,109.36282842034478,22.939118469594842,57.55306494997755
270.2186898217525,108.6447343005376,22.82267635345484,57.75130762870931
270.8621504142589,108.83998136200213,22.77447219957081,57.36081350578026
270.66485332082493,107.22214233709843,23.169066386438715,56.899777685096765
271.07799277919,108.03334739651646,23.57542479353635,56.5100048900885
271.1577795481133,109.48924528944691,23.41585125568991,56.06668567036737
271.7440617238827,109.77044909261495,23.468292904023368,55.5042780640313
271.7669324189897,109.29307254163199,23.422551513809214,55.241219397239064
272.4454460182171,109.30994891857935,23.27872407907079,55.20746664334433
272.2516226668094,110.23679523637023,23.666370781886204,54.56393834906025
272.17482360594465,110.71651318293064,23.819968903615788,54.81221490972506
272.8522801830016,110.19223326790751,23.67907378579936,55.86077473977133
273.64465088189013,109.900863708753,23.321029446835933,55.216816799266695
273.56734931602404,110.76221706202506,23.47563257856814,55.91620811913356
274.73618649606135,110.70253930116249,23.585744746004437,56.0355636408587
274.6536733983561,111.0536319000543,23.750770941414952,56.560947858380274
274.6933505120685,110.72381395155588,23.67141671399019,57.22058375537709
274.4705916514479,110.54334293337513,24.116934435231446,57.581525791738606
277.53672366437394,110.64193593386743,24.281258782440474,57.38433979075402
277.59566565679677,110.94455369442503,24.163374797594766,56.77910426963882
277.6450984327682,110.86032435548796,24.06450924565199,56.947562947512935
277.43693988454174,110.70824576638014,24.48082634210485,57.25172012572858
277.48611102086335,110.50023383903637,24.382484069461583,57.667743980416134
277.3326381049755,110.55094410574364,24.689429901237325,57.56632344700158
278.00717072333873,109.6730754172337,24.609599968033592,58.052825520498594
278.664849325936,109.62934131704284,24.56910055313157,58.14029372088034
278.6811164195714,110.59304832514428,24.536566365860683,57.488284342485144
278.6741626564386,111.3892789227377,24.550473892126284,57.161226446315354
279.3232014535767,112.13681527311115,24.51331480260886,56.927072250327214
280.01113830988373,112.04896371338987,24.394314927479513,57.10277536976981
280.8223001019017,111.85873103577744,24.029303258643107,57.48324072499466
281.553842402314,112.03921961846477,23.822562554223428,57.12226355962
282.77406602153883,111.53096289860403,23.8770423734925,58.13877699934147
282.6909741023794,110.92275078467725,24.04322621181135,59.35520122719505
283.23882874753605,111.51806444517088,24.231108413645096,59.4481653983548
283.1076536934811,111.13660892468134,24.49345852175495,60.21107643933388
283.8244736181203,111.33617306543391,24.36376340081431,59.81194815782875
285.7337289224334,111.18830345450735,24.432901255617104,60.107687379681856
286.4483380163976,110.88935063676163,24.305059317655463,60.70559301517328
286.39935369645,110.62373082317103,24.403027957550623,61.23683264235449
286.9317135725727,110.68543845163346,24.655412726816742,61.11341738542964
286.71886090795687,108.57933895215763,25.081118056048382,62.68595396979238
286.8034491926605,110.89952460972631,24.911941486641144,62.095789973895634
287.30363055960015,111.1487386907033,25.25013231305908,61.597361811941674
288.00742890300074,111.23254330821388,25.1799326892199,61.42975257692051
288.134315905528,112.252515061944,24.9261586841653,62.05727184340317
288.83699161935226,112.47042078016068,24.85905986012265,61.62146040696979
288.79760696489217,111.86277496229845,24.93782916904282,61.50597239009638
289.51913516194656,111.6869652429112,24.825292591319283,63.188111645255994
290.9136715232836,111.01644554053979,24.741662536653337,63.17642971599476
290.8048087957372,111.10806924325294,24.959387991746098,62.99318231056844
292.3355059576233,111.50534906305498,24.602625764455713,63.550938719205305
292.22409619724056,112.03081429492383,24.825445285221228,63.85395511195435
294.19685821582283,112.4486896858006,24.966803013446835,63.018204330200795
294.12604763438975,111.83101446603837,25.108424176312916,64.25355476972528
294.88571779384034,111.9545322754137,24.96218920920152,64.0065191509746
295.5381455761992,111.75302658142462,25.024269685517034,64.40953053895277
295.524649385166,111.86332262440615,25.05126206758353,64.1889384529897
295.48616916656954,111.62174821960232,25.128222504776435,64.67208726259736
295.4395680542568,112.3099159314478,25.221424729401868,64.67522603378265
295.5501861672916,113.69230426604906,25.000188503332303,64.67282776242729
296.8473365536991,113.02830765597093,25.16026665884244,64.62363151842095
297.2296786699706,113.51594355705853,25.7749346138002,63.648359716245764
297.86875101725656,114.58431289158978,25.873092777284448,64.26422676329558
303.3491434442169,115.16158278199768,26.007699282004225,64.49661090230984
304.817460435638,115.77079330679064,25.8564074953943,64.67086095084007
306.83200293052585,114.82221255501827,26.004765421216966,65.17554148251865
307.3892512605803,116.77140879169593,26.292662659846457,65.48433070537874
307.3716115278081,115.96533187429827,26.32794212539081,65.68450688532617
307.3087333698141,116.67139403518522,26.45369844137886,65.68787183908559
308.0574129346034,115.98891353344584,26.374120417345015,65.63505173701948
308.6703173897836,116.10156568951518,26.563912611577056,65.40974742488078
308.5364021905397,115.81332434664552,26.831743010064777,65.98623011062011
309.395135250008,116.83638353161714,26.54309359910618,65.36892844865493
309.60704593180674,116.64448173712027,26.11927223550873,65.75273203764866
310.36042448307046,117.64014206225684,26.025260355315076,65.17415660970913
311.7159349631907,118.00228921361008,26.119719207803247,65.85260221336699
312.3351185545455,117.8043760602542,26.295542124568158,66.24842852007876
312.92356388382024,117.99229327758027,26.54167832751227,65.87259408542661
313.72145661230746,118.57552342443545,26.367903273878483,66.12814419505693
314.4571254681997,118.8246450767224,26.319154171025993,67.05248949941497
315.17862273313534,116.61544231130891,26.311172834696798,68.60086864315784
315.9626466098521,118.84537888519723,26.20023853616658,68.51233586009116
316.923989723089,118.45862380884884,25.731402982595853,69.28584601278796
317.59886446935707,118.40182064516866,25.838157434366458,67.94294839584151
317.6116548702499,116.73298651089345,25.812576632580843,68.40226722670923
318.19161322123745,115.89382990927612,26.09796261062342,68.63527774992616
318.92393633128154,114.13473713764309,26.08709351357216,69.24590904711826
319.5517088173954,116.8188329126119,26.293887930889746,68.26473566581642
320.2324190757048,117.88460204242868,26.384444909384342,67.58517490129626
320.4248295250742,118.77919135368573,25.99962401064557,67.23983523894091
321.31602151910295,119.25648072957338,25.64922091859593,66.28525648716561
321.50413394707584,122.1498537888363,25.272996062650137,64.73447138878609
321.67400094203816,122.13945979520341,24.933262072725476,64.75525937605187
322.3309147834412,121.93356946533163,24.99660699358038,65.16704003579542
322.97371674988125,121.58198248299976,25.09522433211093,64.48599272904852
323.12559128732124,121.95748031908471,24.791475257230932,63.73499705687861
323.7355647964377,125.75397577012933,24.93150428010096,62.94188636030442
325.04892680596566,125.38847929381046,25.006939733676617,63.67287931294214
324.8571432806614,123.2531378364119,25.39050678428515,63.854737578128905
324.91058182118894,125.09319407651972,25.283629703230055,64.29187119167717
325.73856771495275,124.89815713227534,25.0044501950558,63.305152800812614
327.0451105509064,125.2196128775326,25.106582741059285,62.662241310298114
327.02929548850364,125.37821801106871,25.13821286586466,63.695213263319744
327.61319660149235,125.37340370786754,25.33602169458611,63.704841869722095
328.3471159637401,126.65638693086254,25.237468086771184,63.87744565709342
328.9571636851293,123.07562636083556,25.38737951014249,65.5589393325487
328.71719670446896,122.68282767720147,25.867313471463195,66.34453669981687
328.76039161206387,125.58718253614715,25.78092365627336,64.78606912803545
329.3831462341335,125.30500659221488,25.928205595235795,63.957629832798254
330.07388699585937,126.17636773770809,25.930213881370605,63.59839735139832
330.7903068781606,125.66424069216124,25.87572269593833,64.62265144249201
331.5873947092319,124.87487108702405,25.673678772113256,64.8092589144489
332.8783316574089,123.94066336825558,25.874221986649985,66.67767435198581
332.77711454147345,123.59731120586875,26.076656218520917,67.36437867675949
333.4259342372846,124.31907301509638,26.214167865043684,68.79115713459427
334.09379750203846,125.39715986573236,26.336543380041746,69.55118752233403
335.5125069942467,125.10475242574526,26.441534503259987,70.13600240230822
336.26735607284445,123.56810590233563,26.41331678887724,70.24633456350185
337.6640908079501,123.64698520648743,26.58495615019217,70.08857595519825
340.54458899218656,125.25851123983428,26.757480535681758,69.83228426548581
340.3817704301131,125.61394180739836,27.08311765982876,69.12142313035763
340.35743886213237,124.99821217500897,27.131780795790156,68.87445262829904
341.8921710391235,126.29616929937647,27.013815881499923,67.75428809941005
341.88892157345146,127.17381604593947,27.020314812844056,67.45652124686126
343.41432674948,127.23668472216093,26.876217543512485,67.33078389441835
344.25113650300614,129.57884626427543,26.651572363561655,66.99338379149386
345.0450431624317,130.35148122760137,26.503865713347544,66.88822053347897
345.162561215837,129.66180764751107,26.26882960653687,66.83161336127867
347.20860805475917,130.15507139335566,26.469547020964924,65.84508586958945
348.62415777663654,131.25143977112862,26.479103180062218,66.49300471689568
350.09098201757377,131.5600745031552,26.405105523868645,67.30556066568295
350.0253128185228,130.3862525869293,26.536443921970495,68.21301476011766
353.6195242712757,132.51749220351678,26.625940072110588,68.31728696033005
353.4803651123608,131.6626942699122,26.90425838994036,68.56819729888349
354.1422870381044,132.0713741081512,27.04768989743706,67.75083762240553
354.1741904121061,132.53409643798662,26.983883149433723,66.82539296273467
357.72045109993553,132.56395187391593,27.109452644304874,66.76568209087603
357.60365070031537,132.42460062434083,27.343053443545216,67.04438459002625
358.17797410020364,130.92859807426112,27.647578769863436,67.13004543799603
358.2596444990594,130.94193172845542,27.484237972151952,67.10337812960745
359.69824912914186,132.22046731323894,27.520099229610082,66.0028422188519
360.6362071231596,132.5288130264078,27.085477480896486,65.38615079251423
361.58928642994954,133.3450332168153,26.603995036310092,65.17838658069255
366.6768643578943,136.45344202058595,26.320664948110398,64.61404084040267
366.7164327202383,136.9126582949116,26.24152822342254,63.69560829175133
366.8368001590474,134.6204131220502,26.00079334580423,62.73894426087179
367.39235291726897,135.74908471001152,26.256896162665537,63.21601775155787
368.6976942452189,135.88532272642345,26.403496970088447,62.943541718734
369.3202087324777,136.19882619387724,26.53577714604399,62.31653478382639
369.16675254526507,136.8984486664877,26.842689520469182,62.287881441502094
369.8214610653193,137.18286703849978,26.908876171884234,63.09464838900135
372.8480234773072,137.50571161567706,26.409528827290046,62.44895923464679
372.806116078324,137.6906617345684,26.49334362525648,62.07905899686409
373.6258294257087,137.74800543624403,26.220323877593117,61.964371593512865
373.55482484634393,137.49962105135376,26.36233303632262,62.461140363293396
373.5257300216748,136.6985737785722,26.420522685660885,62.69362430423218
374.26585309518515,136.4749227855701,26.314277325371826,63.14092629023641
375.0232038516723,137.12867611072286,26.178152313332166,63.211996140865494
375.17597803051484,137.19136203863698,25.872603955647072,63.086624285037246
375.9601307225611,138.15910360819174,25.674243669743753,62.5210862441169
376.5186775267791,139.07299546398403,25.915411502962975,62.05156397418757
377.26915945541964,139.2635302734241,25.770218112380093,61.67049435530744
378.1117129551145,139.44038387544148,25.432803205287662,61.31678715127266
378.64726825124984,139.56881912598914,25.698289226826432,61.059916650177314
379.3836649587304,140.06974017356046,25.563093885459523,61.39567262862879
379.4883612237761,140.1380738871181,25.35370135536803,61.25900520151349
379.42847802170695,140.77517643158723,25.47346775950634,61.31915780115738
382.0730987341589,142.51306357059823,25.53363824035511,61.85544245244988
382.0449306144129,141.71575831175485,25.58997447984711,62.1038925699857
382.41098544526244,141.1585852695647,26.208610647179086,63.21823865436601
383.1664198667759,141.8376468062523,26.075558061480862,63.237931838319525
383.7924785090461,141.9931128403376,26.19917703448828,62.92699977014895
384.5540354351558,141.48313851231606,26.049508421866236,62.57350318659455
384.6373503486611,141.8219892002695,25.88287859485565,61.895801810687686
385.25701716179134,141.3490136561922,25.996489147522347,61.48880871991511
386.75847305217906,142.4179515490551,25.69173520250473,62.0490907699473
387.4932739583066,142.44798982118488,25.5738969539648,61.989014225687725
388.10038147741653,143.05833548781737,25.708484791552596,62.11712576823044
388.07917434104934,142.96659783501946,25.75089906428694,63.65364391376796
389.47989563809256,142.28432792463732,25.701357775107468,65.01818373453222
389.3246524673981,144.1969022222081,26.01184411649639,65.37716110092808
389.2490281029231,140.00501267247148,26.163092845446336,65.3284088979725
391.48300102819724,137.51702005020567,25.917409206867852,64.674711193211
392.9210376183507,140.42259157711368,25.8285863742123,63.044443660871856
406.2684482012003,139.41917971479324,25.136287660297345,63.6827135722609
402.9263178025206,141.2359130564526,24.993564180708095,62.7800405997217
403.08524911422916,139.37988193572653,24.675701557290907,62.442522914871304
406.5728803015809,136.83469286700247,24.397057812506183,62.175606148384404
405.82008846446604,135.16425222263416,24.572140504321457,61.524984489877724
405.99959594260616,134.63408800634693,24.21312554804129,61.26104141535187
406.1436700233837,136.66595605554966,23.92497738648609,61.13948352209949
408.7125917982355,138.30266830362936,24.01575830256799,60.48037125883282
408.76182442461266,139.58196060549048,23.91729304981371,60.520389161367305
411.23635254390894,138.57471137132546,24.160704738013642,59.93865366630102
406.0794434241173,141.74589097392092,24.121800761226922,58.77265556929511
406.2002772909836,142.2125500939269,23.880133027494406,57.83933732928317
406.15278142870517,141.29123033605728,23.9751247520512,57.16430738618967
404.8795211310942,140.61159657972817,24.02009109313658,57.272797771779565
406.0646716444236,141.4999580376117,24.15607295799458,56.74921630177094
405.3818110453928,143.68092357485995,24.27380984715919,57.3792224628624
403.25997289668567,142.3884386873895,24.739959430297347,57.44584109495249
408.77115439089954,139.4289160794776,25.133062572332495,59.55973093395529
408.7212253595464,140.38449068466133,25.23292063503882,60.260395552756215
409.2287554929274,141.00994937740336,25.53565881614798,61.645075063014495
409.6871924760627,141.14660980517067,25.96194588303242,62.714915240634966
408.2791986021273,143.21491697588317,26.045590622253677,64.04298691650901
408.2958688522785,140.7538856685557,26.01225012195125,64.8046171670019
408.30100776685913,141.2111689779121,26.00197229278996,65.28723836086282
409.10596587668584,139.44944442236948,25.796007605624716,64.59883287448386
409.90199977223654,140.87389679820018,25.59430571413083,64.53065992203756
410.0725218724404,139.97011760967743,25.253261513723167,63.566654322153376
414.1575659407578,142.15974438677674,25.278082547645994,63.28485535323364
413.9706903028639,139.8527910295414,25.651833823433854,63.81214372310827
413.2677744420486,139.78436991783437,25.681198317420588,63.948985946522306
409.85346430935397,137.3497875842075,25.61501096282724,64.68126604178647
408.6868943444327,137.42997589553536,25.17151353926994,64.5208894191307
408.70819747407967,136.58911159454823,25.12890727997599,64.8245407441289
409.56012783306363,136.77383767848295,24.8067231485124,64.45508857625944
410.5450147373613,135.26292632060998,24.207541407036175,64.73572715776716
409.89454509812293,133.872544596637,24.144636461362445,66.15264638156262
410.61670224519077,138.62621226988597,24.0833213463145,66.32630528867892
406.5472038175466,135.73019584635094,23.916068380751685,66.58083825518156
407.78995883355446,135.68469606135872,24.200532690380715,66.671837825166
408.4179154429882,136.11478498776208,24.336057180654148,65.81165997235928
409.1513598802428,135.18143801380947,24.250743253003762,66.2967789734057
409.9875105743576,137.35155878192086,23.96542120844456,66.11747546819436
406.51028923123965,134.15605289526633,24.02358829748325,66.99146676374563
412.04356469246636,135.14778488409826,24.099474219627393,66.4008073916565
438.7373909727755,153.10770594340312,24.755402486264845,65.1242863161594
439.9982036626565,153.94600001899903,24.992326437017127,63.447698164967534
441.3375735044227,153.70316269221067,25.03247133363884,62.57393052846724
442.7134851868295,154.8779181672165,24.975824318286662,62.91959592791695
442.67729752766604,154.6504066798318,25.048199636613454,63.37461890268632
446.27798359562223,155.52539116293121,24.643779983548992,62.98404043305706
446.302915475628,153.99474986693437,24.593916223537327,62.00570678220457
446.90915288651195,156.1689826180945,24.713019572385768,61.6519757917329
448.32146231361855,154.80857315713197,24.54562908583397,61.71556634599647
449.02279004207406,155.98956126857425,24.469514441883874,62.0066717490339
451.70887456988794,157.84154511376607,24.414817869058574,60.961440300051464
419.6567551696932,138.27672869189192,24.16485568248272,62.00389296784073
409.8237541064657,134.9878440640089,23.972729726381957,63.28616140159188
411.2294445704278,135.47647683947505,23.839019450792854,63.64773117682711
407.90356089243744,135.17425753669926,23.782722365728404,64.25216978237873
409.2271292045819,137.1552886452181,23.834101476138002,64.3378811673887
407.2944272973671,134.61410626255548,23.645268391322407,65.3660090334688
408.11593777046716,136.4793889921438,23.364962060799204,65.72358742132316
408.7945924988277,134.9661372746097,23.37039942291009,66.0245972187276
408.0157592741525,134.71516486582837,23.560920829879684,66.52654203629028
408.69700515112856,134.95540741277648,23.57620092585217,67.42382879231863
407.86847237629786,134.1105094604952,23.842406628788584,67.72276485015625
408.51299448766304,135.65796128906203,23.953326903323767,67.42779018755367
408.47996710343773,133.9537514731849,24.01938167177431,68.04067893220814
408.51741499393006,134.7731354505118,23.94448589078966,67.80962874665775
407.82085831278005,133.66834931523994,23.93454068578583,68.61614244989764
407.09563083555355,134.28933043550913,23.970605185987,68.788570663611
407.8696906421805,132.7914370768558,23.839992314686647,68.94934389701044
409.17854703523403,134.4627256920285,24.057125980709937,68.44161311879522
406.93599313715475,135.1204191737321,24.29985060200347,68.54035388034299
408.3649473455611,135.00334932676333,24.28183200372358,68.77449357428054
407.7915846307322,132.62603770700088,24.005595728761584,69.26023169994599
407.7470510188928,132.40038893632916,24.09466295244028,69.71152924128938
407.71935412558383,132.34274584310657,24.150056739058336,69.82681542773456
406.8890575781171,131.54916092002424,24.37506659616452,69.97840203607197
406.86361963477646,129.82773369661032,24.425942482845862,70.53757544377314
407.45009818231006,131.42684574159563,24.703728637647394,70.24083785353994
408.13251138885545,134.8476934524174,24.790462761915446,70.6569451186908
408.1709319997732,135.7330229095815,24.71362154007999,70.34536270667951
406.7175996119033,134.95713589144333,24.71382140835157,70.44390428922182
405.09918906599046,134.41375391613167,25.041357002563345,70.07602549103815
406.6061892162972,134.398871917912,24.938023423861026,70.10578948747744
406.6883338891486,134.0638581896041,24.773734078158267,70.77581694409328
406.65324926059805,132.69435900535876,24.84390333525939,70.59387702036256
405.739422914476,132.8756636032428,25.212408923038574,70.23126782459443
402.82602191907625,132.1351376830993,25.196603442236643,70.25166779698117
405.07700294145957,131.9832797881105,25.076612730170787,70.55538358695873
404.46203811956934,128.9026624169467,24.843720700253826,70.86533163449627
405.20411033496066,132.18523303516434,24.82259513894264,70.15226587594722
404.55075128372766,133.11636271980407,24.676858930268047,69.74246081780842
408.98589930165963,135.37436951705058,24.47030073157861,69.55831614190265
405.2521417592819,135.4844129472665,24.749935455673427,69.3382292814708
406.7792980846508,133.97068849191035,24.57463755036955,69.4866634467492
405.9843426805754,134.25903314648625,24.726100728766887,68.90997413759743
408.1487885890586,133.85846306442545,24.696073875428716,69.71111430171904
406.4244266224019,137.01363182142677,25.25708307881189,69.17620624757681
405.111639456486,135.43586327647665,24.989915262848104,69.43900118968143
406.68392321187923,135.0403827146318,24.735940000008938,68.78466618939748
408.034420168271,135.33784939931158,24.897630029355028,68.18973282003792
405.9792145099158,135.74679557212167,24.73076610971401,67.37184047441774
408.00107306576683,135.21996883332397,24.92016332054817,67.01445584450109
408.9183075465665,136.6902381658852,24.495032482895574,66.89259342727219
409.6158048841954,138.40548278033287,24.499958079938548,66.26194474297841
406.1956972654121,138.82240016579516,24.385269946873816,66.81909064618014
406.184393170024,134.66817158717896,24.407878137649988,66.74623872745994
406.28147355961335,135.03566431009537,24.213717358471325,67.40750423620301
406.2013225872681,130.6889989859092,24.37401930316171,67.68765915183526
408.5272342003854,134.4275987548095,23.949509052474262,67.25598123994634
408.7117538038644,134.19094664326082,23.580469845516244,67.72928546304368
407.95845118971016,133.9161773181838,23.691778871065495,68.27882411319774
408.7984082079791,135.2689776008936,23.417026189404748,68.38354625753247
403.78782028046874,137.44749549009518,23.626653191919686,68.23145998734613
405.0551092372913,138.49622065231426,23.898675960145624,67.53731000384344
404.2782485212381,136.39659404364713,24.054059367914718,67.54154914816604
407.1727137041362,137.6088103148264,23.87000011371914,67.91955216160777
406.31465938161,134.34892889005545,24.182833567275985,68.82621424516802
406.93707731973495,133.70216042686613,24.359899752430998,68.6978491101417
406.78875861042326,133.9625264126442,24.656537171054374,69.60040129340851
406.8620287512725,134.33143294564437,24.509996889355975,68.86258822740814
407.6562914450761,134.4302345017177,24.349831984172837,68.66498511526147
408.24328150342444,134.77402419588643,24.59848391827426,67.97740572692402
406.70681038102106,135.89457165956213,24.836804530763025,67.1536216157316
406.57968976461314,131.68932214672003,25.091045763578855,67.10515279508249
405.9154681104074,134.5131482740151,25.005771633976373,67.1123702925487
406.8914170619413,134.11220966416556,24.466157920656165,67.91424751224775
406.8923467913884,137.0035876253636,24.464298461762017,67.78754093179342
406.1410074985504,137.58211768257604,24.55481004400022,68.04264782080632
406.91681540223055,134.77054626133963,24.42064752848362,69.4134307877479
406.7197177876716,134.2227196517254,24.81484275760159,69.07447838966269
407.41588689182475,133.900193962844,24.85941864731819,68.28261566940242
408.067052022777,133.90142752453033,24.98348497851446,68.28014854602978
409.51172877801736,135.36364047513277,24.951339153151952,68.21293032994323
408.92800166069884,135.22061965958326,24.69173237260489,68.49897196104222
405.52920401441037,134.7004781244945,24.357043151335272,69.53925503121977
405.41582672698036,134.14149959422957,24.583797726195222,70.65721209174961
405.351931024161,135.29143504520164,24.711589131833993,71.26798643380928
405.44143624449794,133.9410129777617,24.53257869116007,71.03610829068545
404.3557870208812,134.40652625078718,25.244082240281223,70.10508174463442
407.243645390317,133.63618832826404,25.306052066052956,70.18633594851991
407.3222735472098,132.469842153476,25.14879575226732,71.05732283858481
407.46341055039767,131.22610073485828,24.866521745891664,72.07350466948225
407.3847460590615,130.4443341590023,25.023850728564,72.15636740715809
