66.0,28.0,31.0,35.0
65.42705834518846,28.282312950627645,33.184776065684225,36.513159610867
65.73369129145867,28.503259262333412,33.66880253096078,37.16855934527246
67.67265029075797,28.973924417595533,34.251718873406894,38.45764620527058
67.32967703008404,28.92640941378504,34.93766539475475,38.55267621289156
69.84006126893479,31.556472538994836,34.544809378075485,39.07744053874975
69.54214163286645,31.349037460877827,35.14064865021216,39.492310694983765
68.64798952914956,31.06152264188712,35.754130246928774,40.06734033296518
71.72152984399901,32.084432768980804,35.5748286725743,40.40863170091559
73.78736418116002,34.976089245314455,35.03111331788955,40.60524094764371
73.84641815350363,34.548683164420325,34.91300537320231,41.46005310943197
78.55390003759805,39.530213073884696,33.90938170126056,39.908333386750314
78.89283434778146,40.114403479592305,33.231513080893755,38.739952575335096
78.99180062397083,40.54860671356996,33.033580528515024,37.871546107379785
81.70311330532999,44.1814839020119,33.1907860237375,37.30158876002487
81.78023346958422,44.15617582465008,34.14618983599314,37.35220491474851
82.87310511772444,44.986010840207705,34.21179843343839,37.94388677735894
82.89153942933675,44.89168493257631,34.17492981021377,38.13253859262173
83.63905724449634,45.912935380105566,34.95644179652517,38.36658531419383
85.16036516963365,47.009427837115744,35.37696922263838,38.48236258443201
88.39727572527988,49.70235830320209,35.880440332203065,38.910911836306944
87.60889668733796,49.46379916627721,36.27962357926383,39.388030110156706
88.90587638912844,50.35654788390751,37.259759787221945,39.98526308258883
89.70453490325286,52.81048065935778,36.878710493564576,39.942468470054195
91.88356726378649,53.36583503527666,37.35881295149541,40.041301512965966
93.35349342492947,56.63900230826812,38.07510988467861,40.807265477921355
92.96252566929431,55.74962348371203,38.8570453959489,41.34396728970909
93.81846709282055,55.80398606853705,39.67087507196803,41.235242120059056
94.24706075431766,56.23814915534795,41.36179282329854,41.64096848359962
96.18235789875743,58.006827096409566,41.412583287141835,42.024997354199236
97.82119770437731,58.31962752654893,42.07681007428871,42.7133652933827
101.2370295034628,62.496569095828114,41.92149120091057,42.37109582457573
101.32676318644636,61.88727101593939,41.74202383494345,42.26225438972177
102.70758812921055,62.47614833530126,41.62616530394636,42.40739542826367
103.74071305209222,63.44039886744581,42.206613186528884,43.12559209232046
104.29448263696011,64.20842921142723,42.44286879097295,42.93332617853745
104.28938489943022,64.14614421496952,42.45306426603273,43.057896171452846
108.25493411882948,68.83010114196568,43.94831196490203,43.116328455128354
107.65912074408078,68.38446002062474,45.13993871439943,44.00761069781025
112.35881360211619,72.13392829879314,45.567643723531496,46.335764866676286
113.63057674023744,72.3137781906131,47.365972853589305,48.870635353903225
112.50897884613896,71.83621322558419,49.60916864178628,49.82576528396106
113.53248460647572,75.11289585978034,50.69396420614725,49.53601418563775
118.97082661576529,77.1987334911319,50.86606984336001,50.09953448970256
118.23399918760032,78.60894368635732,52.33972469968997,50.45911022158667
120.04121634183429,82.6811185692091,51.96291351901307,50.40881827536067
120.39225667088292,82.85387928492173,51.26083286091579,50.06329684393542
121.3029364989852,82.14381865328218,51.035100929122656,49.88779038280309
126.43917569481431,86.47254874125997,50.298489713209605,50.76619738259272
126.33806361448545,87.1466417285997,52.09227948863825,49.41801140791326
130.06015305324473,89.61378575120443,52.640343436556535,47.68062049287854
135.8213454105696,94.89846209006542,50.59420839661363,46.58751748986336
136.46327543388608,95.52865452392052,49.31034834998064,45.327132622153165
142.42813906045512,97.93457966799984,47.8107889156864,44.98535425635617
145.5393383018752,97.92055878905106,44.51076489046781,45.01339601425376
157.97627813008003,109.38390548910813,40.78424149062965,43.234058870711145
159.311356362379,110.64980703061516,39.43706724448846,40.70225578769708
163.44167218911485,115.43439165641144,38.74841917317619,39.967067381957236
166.61008850170168,117.16613690696154,38.60947065659694,37.74315370257593
168.9465471890949,118.33831837847447,38.746090016726455,36.601174943279034
171.01961388943016,121.96239524093434,40.53221111568375,36.471726617912736
171.63320523185777,124.02861797556687,41.72950619371528,34.763758911534396
174.93339719201583,128.82296983755515,42.34933644056299,36.00537643830362
178.28169183367496,131.39289712838163,44.28319399288288,35.79720576272964
178.6320847093869,132.17765870501754,44.84174548520994,36.74635709695966
178.88838406663183,135.82399013748542,46.89568645513648,38.43658312748117
181.84074202733572,138.9927512552208,50.38611531806218,40.15204213572483
183.50516374494913,142.58245147033517,52.751346807443525,42.93727282356035
186.59240621797088,141.92784663691273,55.606409941410924,44.24648249040522
246.95840515044623,149.12322147602012,51.0499999881701,40.84531545248734
250.31049959525066,148.20301303343962,44.34581109856123,38.35091865170647
247.11812152266114,146.34356335520988,41.620382650976644,35.56254329904907
246.160893525196,145.6816922618449,38.67666727507695,34.457199800364066
244.22970198258508,141.57600256650522,35.63163961337804,34.609933319635836
238.54146238319203,140.77465161347038,37.052883581126586,34.000360729919414
234.81881038471914,136.58616495301717,36.66735372347986,33.4278096455772
230.47878581331753,133.06972433405687,36.51887425228527,32.735728346249736
226.2278347837546,129.92106149681487,36.29904211141395,32.49175337073583
219.7156251849316,126.56791696011247,39.57731868902295,30.534804559663343
217.5802248495847,125.25421123365608,38.338970361948746,29.856726613915306
214.36622230689784,122.19358390739858,36.192022307176636,29.546766411320924
211.90192476870658,121.31167921349726,34.91701731185948,29.242709108556998
209.45957527069825,117.92474412207176,34.754711110693414,28.950772015352186
205.90382701843555,115.52021112849512,34.8508459513648,27.746670862059187
202.63497073963993,115.81425262609586,34.49916355857957,26.174388588232453
