116.0,47.0,42.0,57.0
116.19122653564217,46.29364347462492,44.72669654454673,59.9672878586657
128.86376112043104,46.62734731919228,45.69124356826414,60.94423118161194
136.00212458913512,47.46156840295299,46.48950307965002,60.950787508400964
144.12986292120058,48.94617629923343,47.11539749611356,59.669708823899526
152.21638235783087,50.54410167367931,47.729831291556295,59.83135260874843
159.788405730584,50.38014272328772,47.80653620262507,58.46807588102328
167.9174590004306,50.93467324721513,48.26352120430748,57.359014833168466
179.06278315981208,52.19772625662297,49.23813580217171,56.494713308397564
185.58365760566727,52.33414837522095,49.50921554361015,54.557765492058024
192.0885525965784,52.388909167780504,49.60636878138308,54.44824390693891
192.31872673973402,52.474615328425486,49.14602049507188,54.27683158564894
197.3452922808228,52.899637487510034,48.862120567693914,55.054992459946455
204.18160497514393,54.025991741184825,46.639838358209296,56.07381057521335
211.86068865765992,54.38394558545884,45.824151785676335,53.74207168749875
219.35289112930542,54.609861813222956,46.50706717330736,53.29023923197052
230.81372815327512,55.60368703745818,47.145942415535856,54.44399535552246
238.06453911610748,55.23411698752386,47.03360292338196,55.183135455391096
245.6363786831723,54.285803606729395,46.36581970938168,55.47132933696567
252.66809487302976,53.96101379753169,46.72156794515823,56.12090895536108
257.96926472419966,53.14623379482955,47.4443506060449,57.75046896076536
261.0727019743512,53.089525100656445,47.855966199004754,59.51850887242733
267.70380099951416,53.10520045133997,48.101297773157945,61.17559937412016
267.9771699291469,52.78951664573894,47.55455991389254,61.80696698532221
272.37344314946233,53.535095188709064,47.354856109144045,60.315809899381975
280.52833314185887,54.64013876721725,46.27781930135275,59.79824976203246
286.9338906316692,55.126167408268586,45.13635868803415,58.82619247992981
293.7874613926783,57.39217974279971,44.49844186244178,59.195127072027226
294.0336153898801,58.01273437105515,44.00613386803817,57.95401781551634
300.7011295786357,57.85037694343843,43.48639592052291,58.27873267074979
306.6328572221949,57.3231938172163,44.40983831747766,59.33309892319404
311.73341706025195,57.978276579056185,47.244845044135246,58.02293339951427
311.7383904490728,58.444522141771,48.89048480923257,57.090442274084644
312.1483071824637,58.69360933534796,49.73839294069751,56.592267886930735
312.7548019729598,58.1313571948261,50.19903206820127,57.71677216797444
314.6463436441824,58.01399501447496,48.11437897481042,57.951496528676735
315.0651866755238,57.798873077934246,47.2766929121276,58.38174040175815
315.5460124939692,58.258626335571996,47.9766544301251,57.46223388648265
318.18767601563434,57.26499552872616,47.66965017217946,57.79072123837946
321.08478531487305,57.08734698749403,46.852071860406994,58.146018320843716
324.75068461025495,58.076030636062164,46.12475379714834,57.81977115558372
330.7178309288693,59.04044836330962,45.63076683145818,57.52526508273717
330.1944944575026,59.277668289614155,45.05563739621219,57.050825230128105
334.24388851449737,58.81791948188263,44.982846541900045,56.36512339365571
336.6527545375193,58.51114128016327,43.35213976907068,55.38516716048715
341.4865214112362,58.47197475381071,41.44475009015191,53.91147139948928
342.3711162552151,59.17389427479871,41.17402132271207,54.00609327803119
343.00177620564386,58.89791556830522,39.91270142185457,53.06256064758043
343.0038155002798,59.0888948305829,39.90862283258265,52.68060212302506
342.22736229489135,59.73213725869043,40.00690345196966,52.8487430582
342.1643502627344,59.275811140092436,40.1329275162835,52.30260192763389
341.7566847977718,60.16511836100705,40.94825844620873,51.97650773724699
336.182121843588,60.64472760456732,41.87176024034019,52.47809269501732
336.05580424768993,60.519380030396725,42.12439543213628,52.72878784335852
331.74227005984324,61.12086025669504,41.8029718094897,53.01724272381856
330.5603741090894,61.11643940104473,42.676145095562035,53.026084435119174
325.94090245016673,60.445041190560694,42.88558803544526,54.368880856087245
325.7105417788478,60.270601608272884,43.34630937808306,54.717760020662865
322.54590647832333,60.02010763449084,43.508707392189926,53.677029821491395
318.8587495809998,59.228899449828695,43.241079450726296,55.259446190815694
314.64787515842545,58.27055033549887,43.921327916985554,55.627844343697454
309.3684969032189,56.189070843974434,43.52514568141251,55.09582957846656
303.71370349192034,56.21647956023709,43.981851146177924,56.59142376848862
298.5329394682215,56.07428747097032,44.859083606867316,56.87580794702217
292.6564819282483,55.61415978050393,45.41670438391926,56.19673557039859
286.8376842772618,55.281898574782026,45.86858801922327,56.8612579818424
281.51960210875785,55.58973148973329,45.19642256584855,57.86106783628024
274.97594647531,55.815396153913724,45.32464557708049,55.78985247596139
269.2051816642876,55.39693769133818,44.14440946290546,55.036548684085
257.8848960407108,54.38902535052511,43.3917549838971,55.492824983967026
251.25575534323076,53.939039928382876,44.21547930627443,54.838476194178654
244.80785587501893,53.79702881294524,44.64999374881673,53.56483786331876
244.58288927927103,53.18090061629706,45.09992694031249,53.251997709510974
238.7394722992266,53.20083330183855,45.95413125968791,53.21213233842799
233.43936232124236,53.61407168206979,45.629959458543695,52.385655577965515
227.13232699427357,54.095272204912504,45.90294117264293,51.42325453228008
184.70423430066757,67.15557176822858,46.494753399710156,49.81592759769008
207.13710032305642,55.258582683485564,45.60688839052748,50.86273316255797
200.5392003519528,52.982130735148125,45.13490262490779,50.859708489957185
189.77490390035757,51.35645502158514,45.50874029356115,51.088952026434995
182.86573906838052,51.293358458030056,45.64177065555183,51.21514515354517
175.86862493989875,50.50126078783971,45.91393002447462,52.799340493925854
168.43018639157464,50.240547723867365,46.808461165628195,53.320766621870554
162.31642291235806,49.844268906932044,46.427954165202806,54.11332425574119
151.2190643909869,51.04922792686635,44.89011579312024,53.285576576860905
145.1466036691126,51.1138969459104,44.67775730664263,53.15623853877281
138.75149412573396,51.253875511787996,45.15401009190698,52.876281407017615
132.50191390610448,52.47215378863024,45.31248109699727,51.98231103260422
126.87862832180787,52.79872409217751,45.839944450178166,51.32917042550969
125.79970925051575,52.63038064442391,46.46817085517284,51.66585732101689
120.49462935128115,53.42791442363272,46.26420040742956,51.615665512058186
115.82433268925155,52.87626579559675,46.35975883749768,51.17812361913162
110.49745869229304,52.785612480984824,47.80014073168234,51.359430248355466
105.60363694525284,53.68241555259861,46.65856849968026,51.127140637425384
100.16215442563558,53.47305576177378,46.76482073588797,51.54586021907506
94.74969872068307,53.13172874138132,46.755538614043104,52.22851425985996
90.02785725530896,51.7156630818887,46.84997245607793,51.94422921594075
86.13262601789677,49.174916447060255,48.41924683818239,52.35983141605769
82.39515997583621,48.102439074011464,47.960335126475954,52.91801740298975
76.86470621728424,47.59827609956125,47.90415216785247,53.92634335189019
76.1982687098044,46.91179958157949,47.63409856531198,53.696367770353504
71.5774969923448,45.844673695889945,47.30539439573929,55.83061954173259
72.69623993247991,45.53146027223056,46.69070992297389,56.45704638905136
70.60458393999906,45.39020117647142,46.006363486654166,58.36211738766343
65.60406488710873,45.08876201856124,44.52238836995414,58.96499570348379
61.1660350234834,46.992034715297194,43.64394791325807,60.03570040198525
54.73518407204389,48.13243475705246,43.48452242753941,59.38254124204944
42.90189988053544,48.46015441252962,42.924443028610796,58.72710193109512
36.802617085974205,48.31150430713413,43.95122949829643,59.02440214188611
30.42134045702553,48.212769136885015,45.39258163940424,59.22187248238433
25.901206774597952,49.00560938509803,46.21350355631603,57.63619198595829
25.664576564272902,47.836722241232266,46.68676397696613,56.708059963753925
25.69671655945197,47.662828914065976,46.62248398660799,57.055846618086505
26.038762028925255,47.02310213348335,45.93839304766142,56.70463866580869
28.09687650834746,47.06922496046107,45.05056646177696,56.61239301185324
29.173931889276492,47.192041032898885,44.49485672146863,56.366760866977614
34.875078873914305,47.09703081858348,44.19189431377727,56.55678129560843
41.36029912376808,49.02098131426986,43.89027949457139,55.87608672436107
50.04246741324388,50.414906849480396,43.7770971538702,56.22480915180371
66.29725731439547,50.106627757233326,44.2749007127147,56.84136733629784
74.92744789004561,49.27422778898005,44.49687382878493,56.916862339407075
81.05344287906505,49.27217173396724,44.99744138471019,56.9209744494327
86.8752913398075,48.694091160732064,46.171873373421704,58.077135595903044
92.27021318095541,47.701453982855796,46.85529670933779,58.42337180619674
94.92114093109174,47.517852192180726,46.51972436665483,60.44600310674343
100.636772691791,47.778532748721645,46.85494796008586,61.60556872435154
106.60734329571872,47.81259243972473,46.84240927499769,61.53744934234537
107.83167651604694,48.871471343024496,46.09658554867447,61.12253425007902
108.46982667225248,48.887547953622736,46.50462498850267,61.09038102888253
113.06006328700947,50.053283801621234,47.4672285638139,60.44942213368976
