38.0,34.0,17.0,14.0
38.384163761847844,33.35481718800581,16.23167247630432,14.802748483661112
38.529491753021716,35.08883872794991,15.941016493956575,14.754915968943948
38.988229795476975,34.83727433489832,15.506850692759972,15.258044755047141
39.24827892854361,34.84318334388294,15.471235008118605,15.246226737077883
40.25404057318573,35.48777194839585,15.394656960956276,15.408258459643491
40.47406902579356,35.82244679193062,15.439685326132055,15.223994042965383
40.160451843341846,36.582995837736405,15.584030089156034,15.15156475699219
40.51423650443499,36.41571943016523,15.844487041333501,15.486117572134534
41.52750740290798,37.757537806323036,16.28488163936486,15.762804493791716
41.52364723622708,37.911991274868676,16.292601972726654,15.453897556700435
41.65924665008647,38.434946281605434,16.521304400332077,15.407790053875342
41.880974111902404,38.40007203147066,16.580593412360958,15.477538554144903
42.050018009815986,39.525756798057365,16.747283370585045,15.750057791227713
43.13558188374181,40.04443940084958,16.62299126254261,15.73611040554789
43.386029816885745,40.03509902487713,16.631639697533952,15.7547911574928
43.151948745275355,40.40039262349618,17.09980184075474,16.04415555655126
43.38611358960675,41.583153045672965,17.15335804649002,16.288064184188055
44.585483234545535,41.2188941501896,16.860988736973113,16.489989480064622
44.66995381980401,42.39658930408491,17.217251697707262,16.760619828529432
45.11716065555208,42.664553148789025,17.392983047554434,16.759764649792857
46.146295622979366,42.559988037269164,16.948159417622644,16.96889487283257
46.69690031601929,42.829879300053086,17.449330474339224,16.96323916153021
48.10838838232027,44.13731755760513,16.794021198170906,17.59986293107661
47.71351951468749,44.33118376329309,17.042160130921317,17.212130519700693
49.74168544087713,44.11155232706532,16.76188019321424,18.190829379966544
49.537958428924384,43.737539202329906,16.61901285556567,18.93885562943737
49.41884449276435,46.29891109450918,17.416909149063454,17.733790793322875
50.776215938077186,46.722653465480704,18.02345849686883,16.886306051379812
50.98257479693474,47.12579668713884,18.160427929286787,16.62970675819662
51.088359443705464,48.25755345562597,17.948858635745342,16.55716739119631
52.54070607546122,48.089269457991,17.76062278414769,16.893735386466243
52.68912547061615,49.582404023210565,17.463783993837843,16.635942428395627
53.793219166259576,51.4896251538963,17.403452610952165,16.04328417962593
54.828344966542474,50.91448348630351,17.439646483172112,15.613733410222189
55.591599614516014,52.7697021117822,17.474118411711537,15.545585683066701
56.17954121815381,53.05971274861851,17.857555903995273,14.965564409394087
56.29738982723397,53.78825597159434,18.13825638290365,15.05767105464852
58.6942863760835,54.42150972245401,17.522122920507574,15.879993370580667
59.374846390874126,53.588879827442085,17.21272016271292,17.01939452471121
59.90969026540997,54.191311040942566,17.7602912267828,16.892704639804638
60.744798339483665,54.39403808596437,18.2727699198071,17.032924260053946
60.842448966563325,55.16966661076228,18.633378133904948,17.149395615229658
61.16674953632528,55.73147163019013,19.111551166353266,17.15255974834616
61.76887351377897,57.103356496051795,19.619943229571057,16.692310040789735
61.70211624374609,57.49512912088099,20.324839449106975,16.480146470601508
63.851344274221276,58.05325011999105,20.6569029445933,16.521534361490556
64.07085220090329,58.26623189065286,20.80246812261312,16.680151851550765
66.25783450803785,58.11425689923978,20.55419391490657,16.984101834376936
66.15312423631049,58.87451786945905,20.17312894843897,17.235036423705267
67.65301310847369,60.35522422848537,20.11660387945709,17.216876380997153
70.02329108673094,59.65833297435897,18.90095972366534,18.023173589129506
70.89001020631616,60.7226643203587,17.74896281997479,19.383158910009378
71.2402416571944,60.887373278229845,18.21773237356867,19.638357221942268
72.18931904355185,61.20301753334078,18.703793351292482,19.60312264933008
72.5771718961577,62.790668652818454,19.13452155857921,19.44390519162082
73.46572698071547,62.52939206063952,19.787528971022628,19.966458375978682
73.94734632720278,64.52475424694937,20.07638119705807,19.732006760389172
75.19933746586179,64.49904378255756,20.079990451479993,19.783427689172782
75.83109152149228,64.12294105719556,19.444248361572093,21.1633991612499
77.35979088442038,66.41923011131577,19.583585764419087,20.406904407453286
77.32644339462126,67.23995906283727,20.280018875033726,20.024922766443133
78.44477607999534,67.76702007609887,20.582234752991774,19.60552105209646
78.47539820434251,68.363771909257,21.153821818757667,19.677680014700726
78.45123170179872,68.53142037681471,21.845065541917066,19.985293797657093
79.50438519989277,69.71523295261835,21.714507636174073,20.25200076664327
81.13391372529054,70.84231094397204,21.75939837960241,20.64100301931502
81.40759832379345,70.58488286940045,21.879693966050795,21.15585916845818
82.33357763515819,70.98265320344535,22.06083918396991,21.038019780584566
84.02276145934731,71.91416307384509,22.07584355701247,20.532348848353415
84.40922649664589,74.10217868468715,21.973798563304637,20.181628112005242
85.98139776905818,73.77372991589345,21.48431596759292,20.83852564959264
87.23657580507431,74.62383970046032,20.97340603074999,21.13775221564826
87.4959256170103,75.76477663117855,21.781039574518758,20.182211521852544
88.5027489685984,77.66989923303186,22.410267570715654,20.336278367205587
90.6582410807239,77.76017140223459,22.13713838138409,20.15573402880012
90.70099315328385,77.87764081669954,22.0516342362642,20.586641929266275
92.72295271698285,78.99013608141601,22.035934051739552,20.37576087127003
92.25200706699013,79.7973877648372,22.310052582124612,20.096803043628384
94.62541887953643,80.53997771268064,22.236408480315966,19.94681729745119
94.7130623365919,81.42115662470644,22.06112156620501,19.512575656576526
95.9682991514944,83.07308932620217,21.513836777396552,20.135087935578227
98.24739663730348,83.31910811668654,21.546232881902974,19.64305035460947
98.22899579929248,84.8156846456949,21.583034557924982,19.892282297987457
98.29651469407631,84.95136450032251,22.101015673326145,19.62092258873223
100.12303539217095,86.59707108960806,22.388463037827485,19.61325004406995
100.43113640073533,86.35956074337335,22.433344260289623,20.088270736539386
100.82486852122035,87.81312250434877,22.98463420915814,20.528032689184986
103.38444072575085,88.20694629979734,22.660250240331756,20.42535087546421
103.63431393603734,88.69382131373047,22.838788982438338,20.808171172957113
103.57563067277444,88.71882423527953,22.956155508964144,20.758165329858993
105.44510510209524,90.76732300111763,22.658191222962255,20.79034928535043
105.81176879059359,91.05704090741847,22.60893474503944,20.89498437182267
107.08784705113442,91.59455475417698,22.796650828974705,20.504924829559858
107.88437825195558,93.31056609899102,23.248615759728775,20.481281027259165
108.62004940919624,93.11408247532727,23.15390339303275,20.874248274586684
109.07606966245675,95.2659946645367,22.9349872159638,20.729169872880313
110.21098947047784,95.15407226102391,23.414768118679852,20.95301467990588
111.02683895458024,95.33514723180129,23.179941769838273,21.289301048032744
111.56593036988394,97.80955090421804,23.50204851229145,21.2415072089112
113.74373732983696,97.76950538001839,23.372823018805693,22.02599632838056
113.605826029147,98.17100593033253,24.363508999846637,21.9378586074133
113.87104493736634,99.16271968360122,24.561976386810567,22.870051914486368
116.15069024658669,100.16339449468663,24.483739348771667,22.362386819116168
115.9836490121032,100.59028997216167,24.817821817738675,22.246141011692544
117.23509066784851,102.46110663513912,24.53760280139393,23.690724374411314
117.13186571352664,102.2747703244456,24.74405271003767,24.063396995798335
119.42708923839876,103.96573039509825,25.533823646541506,23.7558871323491
119.48704006461399,104.57433095232832,25.41392199411107,23.314775680884303
119.91795773671679,105.9145512782626,25.31928968807525,22.935944143525056
121.48061280518422,107.9746549429847,25.232752293647437,23.373895927841446
121.9347521377478,109.50650215230405,25.0897927059269,22.606158741422604
123.70933006189478,110.81143117299649,25.294950453359085,22.24888885747343
126.35969201555989,111.41442075255256,25.232589843208757,22.539584926126963
126.26554438233639,111.2510151235381,25.42088510965576,24.370433815557753
128.7939242829654,113.60554112049687,26.636698368763874,23.581739984369058
128.8408138473351,114.09923368059697,27.333394870562028,23.384830494706414
130.11231790872267,115.57969636961884,27.98281414090868,23.616332509784424
130.98630384415677,115.41818738762805,27.858556846055023,23.939350473766005
134.22391906881847,115.54411476495167,27.089244276600812,25.317757970509998
134.0390212544496,116.53568946494569,27.459039905338543,25.810176285567557
136.143687704545,118.07446710496112,27.44363110482602,26.92654510521492
136.72955489699478,115.96189008098307,27.128110286700004,29.439272019623907
139.19356450707355,118.61963271418918,27.54392518399666,29.467620870665833
140.35381152545483,121.76177478370462,27.916506663393307,28.56948776395336
144.11167083108643,124.07871738111689,26.62748657184718,27.493716008967183
145.25695711968254,124.61068764282882,26.893739326006386,27.282050595993784
147.00875543751496,126.61731987348892,27.65592552598041,28.387725537440254
149.17204876369522,126.45933158101609,28.62468910349175,28.703702122385913
152.90310748156443,128.02638655059496,26.57942624539606,30.98644676087096
153.5436103053856,130.32333559652432,25.29842059775369,30.92197264474832
156.40953154360074,129.33227718504395,24.872093324779296,32.01983693379976
154.9349962973067,124.81487990025617,22.45616541046133,36.583799497620284
154.06460230955616,122.30516091288709,20.504615263719646,39.757068411237064
154.6941180099113,122.93142283595253,19.245583863009376,41.31499495910089
154.73876505345086,120.78712897295497,18.218545212654885,41.85260443199457
129.04297454853383,93.4059512048109,18.596651453160337,38.181343414324516
126.1198503698958,94.88054366487053,18.277697684278102,35.232158494205265
125.77482768880525,95.53099861734631,18.967743046459223,32.267182700849496
125.69613146664608,96.08158566443356,19.925160111043503,31.166008606675
126.62557492963631,95.33170969012265,19.66567736211981,31.066356378240037
124.63849559168827,94.15863598790855,18.876614008573817,32.618633444427886
122.44198830205394,92.62842067574456,16.84004881276735,34.87536659687149
122.48872819344164,92.51193269764224,16.74656902999195,34.30640336651069
122.15195610379175,90.85177301198055,15.044097342462457,36.834717448891
142.4414567332249,100.27300413135553,16.00107966220474,36.36394025452558
147.2230574493563,102.85903207751372,16.1447796863836,35.23642663572659
