263.0,175.0,19.0,62.0
262.0242936990812,175.4599163634906,19.72157804996231,59.8503327211436
261.8405659914126,175.90219487308676,20.0890334652996,58.96577570195131
260.081018148838,176.36191273311695,19.98792033160594,58.04633998189094
258.59814311633505,176.56716412446607,20.570095677977246,57.63583719919267
258.2835621019916,177.15483832519334,20.002749193686554,57.65699731071578
257.14359045708267,177.0373104768629,19.909682941983842,57.89205300737663
255.39572898986344,177.02814974967342,19.840919564412097,57.91037446175563
254.86371093809427,177.1221679760046,19.71778565004123,57.722338009093264
250.55645963960103,177.27918364059332,20.056575183292495,57.408306679915825
250.41258746728414,177.2001231153588,20.344319527926242,57.56642773038489
249.75365386484143,177.1239644096042,20.47076585274549,57.71874514189402
249.73002907483604,177.34388663310017,20.51801543275625,58.474792005539626
248.92482154046823,177.77907632403077,20.920885616703742,57.60441262367846
246.0199523727355,178.49035959429386,20.718565587790565,56.181846083152294
245.56373991486203,178.80471785864222,20.45259336544573,55.553129554455566
244.52325115884167,179.0078618476532,20.2043826084595,55.14684157643356
243.27249993975528,179.2680927014741,20.397293857041888,54.62637986879179
243.22538977547688,179.25516359064147,20.491514185598668,54.65223809045704
243.07599242685757,179.39000002887286,20.790308882837305,54.382565213994276
242.2242353841015,179.80910855182606,21.339926209339307,53.54434816808786
241.74133501379856,179.7638931619477,21.154032874354897,53.63477894784463
241.86069239397713,180.42265813437686,20.91531811399776,52.31724900298628
241.9488017153725,180.86012454042987,20.739099471207066,51.44231619088026
242.07506108461928,180.83533541859498,20.4865807327135,51.491894434550005
242.2972652164812,180.66996647882456,20.04217246898965,51.822632314090896
242.41237400258655,180.63565450022833,19.811954896778943,51.89125627128333
242.48474405006178,181.29903539261306,19.667214801828504,51.66506446917012
241.75512258148126,181.26530120709475,20.03173409466646,51.732532840206744
241.50564815511547,181.19283032581387,19.428447313671885,51.87747460276846
241.59148588375388,180.57534619440807,19.256771856395066,52.01896917755988
241.6229826267631,179.74730834959954,19.19377837037662,52.582638659934275
240.76712766505463,179.92182618744135,19.80615048039766,52.23360298425062
240.12689642329968,180.79019707336505,19.98123562947998,51.60223854683085
240.02305559204947,180.82090388045492,20.188917291980356,51.540824932651134
240.2156147433413,181.059200453558,19.803798989396757,51.064231786444935
239.9483536789139,181.06534989588718,20.338321118251518,49.96338343025009
238.86747664991046,180.44427601247514,20.335555690367578,50.12327145412874
238.61566784132953,180.0400736879115,19.754658695503842,50.93167610325597
238.7577413152423,179.95551527498301,19.470511747678295,51.10079292911298
238.7610573437442,180.63820737830392,19.46387969067451,50.81850131242159
238.24550893263924,180.96736968784444,19.416054175810384,50.160176693340524
238.38805000633786,181.09181459179956,19.130972028413122,49.911286885430265
237.7511978116746,181.51003972197012,19.344753573238552,49.07483662508919
237.62154656624207,180.6986790839951,19.60405606410361,49.64582153368899
237.05175379999807,180.52440300720923,19.67905619056722,49.99437368726075
237.0159909329066,180.95823878827497,19.750581924750193,49.126702125129285
236.44476734132658,181.2784705264279,19.83329760846813,48.486238648823445
236.33429494038225,181.93255383656626,20.054242410356753,48.23004893417179
235.87152673605462,180.80286904841333,19.927570417620153,49.437210109085754
236.0951439470597,180.45673852116175,19.480335995609963,50.12947116358889
236.19626497314755,180.2937933903175,19.278093943434268,50.45536142527743
235.71668088922772,180.47336368281987,19.166888290243815,50.09622084027266
234.57860955888154,180.81662694091983,19.316586583478585,49.40969432407276
233.73628702086273,181.17964604324112,18.889138715857406,48.683656119430196
232.25807732352547,181.75579499718228,18.73169045815541,48.56931409567335
232.1530691083505,180.70858654324317,18.941706888505355,48.596750602448544
232.16897203122534,180.798876591933,18.909901042755678,48.41617050506886
231.40871845822977,180.85521686904568,19.395923736528395,48.30348995084354
231.3096804690279,181.1319801722982,19.593999714932142,47.749963344338504
230.77185866682922,181.10561972772206,19.6325401138927,47.802684233490794
230.75553397284617,181.38273687678037,19.66518950185879,47.24844993537411
230.32307441845393,181.33094909240123,19.49897612934612,47.35202550413241
230.58690532681183,181.3786234280739,18.97131431263029,47.256676832787086
229.09536193704767,180.85695075399352,18.897693071677274,47.281119507454086
229.11293842986183,181.30152337653308,18.86254008604897,46.391974262374944
228.76216843121293,182.037126610076,18.559572392364927,45.92527548627095
228.85818839350745,182.8065855640211,18.367532467775906,45.378742893753255
228.23649482301255,182.97597118170034,18.62983035943803,45.03997165839479
227.73400459940714,183.022190323634,18.65393852436242,44.94753337452748
227.6836683546221,182.6575776927008,18.754611013932504,45.67675863639384
227.67364425215453,182.99871212787676,18.774659218867644,44.99448976604199
227.64709892148852,183.08123832063944,18.82774988019969,44.82943738051658
226.93892467986697,183.0516205586179,19.26275266344317,44.888672904559655
226.98258558580721,182.92439922445735,19.17543085156268,45.1431155728808
227.08594556258913,181.97649520438233,18.96871089799883,45.05484781740036
227.0954217750756,181.38178294730042,18.949758473025902,45.25717164328613
227.28340877652957,181.44072429833096,18.573784470117957,45.139288941225075
227.11937394866231,182.9887742904769,18.90185412585251,44.00580673086998
227.12359490618385,183.13565272879165,18.893412210809384,43.71204985424048
226.9549702720947,183.1863291558276,19.230661478987734,43.610697000168635
227.05035695225325,183.13832120576853,19.0398881186706,43.70671290028674
227.17315795223834,182.53307442814807,18.79428611870043,43.94834756426628
227.15140931429463,180.49241432536095,18.837783394587845,45.12561344760525
227.94467296240796,180.95554627523867,18.23705691225904,45.185150361747674
228.0360301404654,181.44822158533404,18.054342556144164,45.17577456821214
228.0088389940335,181.91798091945722,18.108724849007984,44.23625589996579
228.50342281122533,181.87293619461352,18.079571817465144,43.36633074681236
228.9446602980693,181.07239509121908,18.144042607815475,44.02046718956295
228.92516572902883,181.09533579062077,18.183031745896393,43.97458579075962
229.53387823109696,181.01533836372593,17.923168429249966,44.13458064454924
229.84953002782933,180.93703620689712,18.247110452103364,44.29118495820691
230.48731556754814,181.51554989895797,17.934807331514648,44.09742553293412
230.83105710013587,182.14101733476951,18.20224174224606,43.801408137217805
231.09843131924774,181.91799105966217,18.6228970909849,43.2920569004699
231.14521690550674,182.00073320064422,18.529325918466924,43.126572618505776
232.2325871366405,181.0705106795583,17.306031642353684,44.03557147452338
232.76234268196856,181.36695884239205,17.189323408538765,43.442675148855876
233.36266087961872,182.7363488931019,16.92087598877358,42.56827299850637
233.63023832771452,183.1095683185394,16.385721092581953,41.82183414763137
233.75406860222964,183.3684420366415,16.138060543551706,41.304086711427175
233.9337759138762,183.69247593917294,16.661276101984853,40.65601890636432
235.87289115367136,183.40243040344424,17.196243822001158,41.23610997782169
236.14315783280114,182.52382472266902,17.556225424385357,42.09280637872841
236.14133962716681,182.45411260407428,17.559861835653958,42.23223061591793
236.1452466372262,182.16602783625729,17.552047815535197,42.80840015155192
236.23339575782808,182.26651836830146,17.37574957433148,42.60741908746354
236.6410744692326,181.5456554156224,17.483879764981683,43.125657379362416
237.12142046799642,180.81426425372536,17.456069678358382,43.65555779225212
237.18612181179984,180.94046222735108,17.326666990751544,43.40316184500067
237.35672178707517,181.10465713782105,16.985467040200902,43.07477202406072
237.88376266501083,182.55565863473487,16.85463763635983,42.0192737342936
238.88174181869275,182.91382264937673,16.670133632484454,41.30294570500992
238.9240671126114,183.31236782874586,16.585483044647134,40.50585534627161
239.6030623828211,182.94786363588827,16.106618497824833,41.23486373198679
239.85674518470435,182.09156809807095,16.48032512580551,42.06638257587431
240.25346317833757,182.17311487771113,16.586604292275954,41.903289016593924
240.3130040322229,182.92579997974508,16.467522584505353,41.29718987643411
240.3427092851012,182.99481356972655,16.4081120787487,41.1591626964712
240.26707115601604,182.747549877614,16.559388336919014,41.65369008069627
240.84348509944866,182.32586719832744,16.301754180873743,41.601861708449455
240.6507636730906,182.36147861676557,16.687197033589808,41.530638871573245
241.1199225194099,182.09247580227384,16.644583469980912,41.17294037152705
241.75884552389076,182.06293364662108,16.25652994750343,41.23202468283256
241.72863092407079,182.88328925453158,16.31695914714341,40.47502784481441
242.23924564683375,182.93011352868984,16.16962863907591,40.38137929649788
