99.0,51.0,27.0,20.0
100.45605668873894,49.94441202440132,24.825988979644883,22.11117595119735
102.15281112887791,50.792557965441034,24.3879152466197,22.63146042955752
101.91088525023186,51.07158917815363,24.871767003911817,22.813731440345443
101.82486964349408,51.371041945778856,25.043798217387362,22.96560377013679
102.06511872128394,53.24309832997896,24.563300061807666,23.756749813506584
102.84999070032532,52.78651792817406,23.754475269010825,24.669910617116404
103.28203422710703,53.864577587023994,23.652942902298264,24.801455359969065
103.56410488418618,53.70916433221912,23.85180938735691,24.349274070361897
104.56761519561078,54.83465721891638,22.603850838302083,25.134536592145075
104.5963132179059,53.485501401146024,22.54645479371187,24.8267622410215
104.94052663474602,54.42244517566813,22.603846774781275,24.44451232147662
105.34096887672227,55.2859243784343,22.543739562111227,24.199108458509137
105.84003195653278,55.35884496078721,22.281605834987907,24.053267293803323
105.596421811803,56.195845688257506,23.498375804652298,23.108815519067512
105.48040990904171,56.604803115633295,23.730399610174846,23.024865771570674
106.238995427148,56.82214899128799,22.949511007906843,23.326456454205832
106.48875431448832,57.04211211128534,22.44999323322621,23.61527956310472
107.64727696030123,57.573372335168614,23.034465292964143,23.278138453179118
107.58731170741314,57.46272445145593,23.15439579874033,23.49943422060448
107.14505976313417,56.7645984138554,23.30419872599851,23.426284373206055
108.20983174802012,59.69509070379864,24.118304723461595,22.716687235980807
108.32498540432661,58.29492578443659,23.88799741084862,22.56711166116695
108.68380505247814,58.600996263637185,23.901860699482455,22.686473287702647
108.05609215321003,60.49734673774158,25.157286498018657,22.561833006401976
108.12050603806175,60.573074882317954,25.02845872831523,23.16158097440246
109.28275864328602,62.050361530172424,25.738977046704072,23.24203120753088
110.18842063384625,62.53468943651674,25.469860768164512,23.815583097423172
110.62633442957267,62.67655539101513,26.14611199871957,24.307890599430348
110.87541316889836,63.778306322328696,26.442373894454818,25.282066234349813
110.10004629187313,61.653566575843755,27.99310764850529,24.644504487606063
109.77384896265643,62.463780642062105,28.645502306938674,24.68111500823656
110.11862892141181,62.39653810100708,28.79515128246456,24.815600090346603
110.4300551462173,62.62051835960894,29.01598092976328,25.211321670052598
111.09622714257895,62.57315440954979,27.68363693703999,26.15949720539823
111.3822063850057,63.09758193409949,27.959516891349544,25.110642156298827
112.18866156598321,62.57451863314133,27.182055965515396,24.485869885973454
112.37808587324267,63.17383839771606,26.803207350996487,24.10062147463516
115.15541721873657,63.51452644545988,26.85801284401584,24.220597976862816
114.67772094382597,63.68216159128734,26.205166486520262,24.68944713886629
115.56918964024649,63.7367464011906,26.025031322272596,24.580277519059766
115.78461734309921,63.65752778907843,26.391028715190807,23.941861944660438
115.92795278082752,63.454000375525624,26.104357839734174,24.348916771766064
116.10917353466948,65.88761266045275,26.536335848788966,23.45378978560509
116.83368334112238,66.43207226396473,25.87418804796809,23.151742390666087
117.69689732842019,67.50598271512861,25.691288557503114,23.3192142145343
117.88805339430206,67.02608321904489,25.30897642573938,23.507420296052242
118.19126402778338,67.77653778766933,24.702555158776764,23.543773687009676
118.48476759129584,67.87436217777355,24.875277949314608,22.58839498923848
119.0324400217129,68.47709990977873,24.52717557172254,22.13016200847019
119.92564451451668,68.8531972593102,24.20980412200595,22.847004845298166
120.22238586593352,68.15172881485772,23.616321419172266,22.767992907372363
121.26362463953326,68.66102507895897,23.725137173756213,23.210262580358815
120.8185259649452,69.04138456321593,23.876205487715595,23.18867264706163
121.03208216966203,69.41584073649886,24.190252490351945,23.18091971256579
122.35510328699829,69.66931166909228,24.52805176167653,22.67397784737894
122.59196926579413,69.78262237713719,24.054319804084827,23.190552105859297
123.36092599461509,70.66866308881433,24.00437163334452,23.65041861285745
124.00393738883847,70.54978024946172,24.219276770080008,23.137720328971568
124.04560439053002,71.04120032566948,24.881673623006105,22.90061103286523
123.68431842364295,71.03841463163512,25.60424555678023,22.90618242093396
124.01264255550493,71.28049497018218,25.711245587068063,23.185670037851605
123.85126158122998,71.82510105637442,26.034007535617953,23.63600453747072
124.04429566198255,72.30653881584692,25.647939374112816,23.45510600135388
123.84524997496271,72.07800767953199,26.04603074815249,23.13908476274848
124.14029626315634,71.49993113585042,25.45593817176521,23.521007378044366
124.62307792025997,71.38254855821594,25.261514845125273,23.755772533313326
126.20366273562863,72.74006537819113,25.1876841278331,23.356243078446767
126.21672699288878,73.50984159289062,25.161555613312807,23.34536118372824
126.56671154944061,73.56657448016097,25.225341079979223,23.23189540918755
126.8899892042558,73.27677409937952,25.34173040889388,23.048551532205387
126.64327109779973,72.89114512871711,25.073328889014302,23.0579717407385
129.04473421472437,75.34257854497422,26.332859483748095,23.459754633234503
128.6976478462633,74.84435083451834,27.02703222067024,23.672400809705053
129.37426024969884,76.06715713550417,26.471786621363375,25.216684245554415
130.014837805264,75.64495193097429,26.004563182172497,26.061094654614173
130.0542948953332,75.20818947207587,25.92564900203412,26.114688073761506
129.13746584574355,75.68163787096647,26.939775585638344,25.1677912759803
129.116752564742,76.15759397135706,26.981202147641454,25.036352051477117
130.4725206205472,77.16699338715662,27.54578975665109,24.655615080188007
131.1523363876695,77.6868371180392,27.00791253554539,25.259436244700623
131.51563700197394,78.39197839794579,27.104304013931504,25.49513909887732
131.61440624573348,77.77783097099658,26.9067655264124,25.895193178875147
131.72474078337257,77.881055619913,26.686096451134254,26.520232640175852
133.30717312444676,80.53646690142553,27.71070141141999,25.39887971958496
133.56330127302616,80.76790479593862,28.034618352844006,24.936003930558776
134.4968150028718,80.80351111153448,28.669069320176398,25.698617441708272
134.20813698487888,80.37221865257474,29.24642535616228,26.56120235962775
134.54418934832498,80.25480521719268,29.452926538021355,27.674635139143124
134.92128369451677,83.07537420941662,30.497813178874996,26.531185487788342
134.3496834470323,82.39488930842055,30.74346247549134,25.199501694722734
136.52496288265053,83.67576773829524,30.792450532540908,24.397563606287743
136.74434527259095,83.65198055480286,30.353685752660038,24.44513797327248
137.60783080108257,86.07481895508218,30.350151906956086,23.908054200911906
137.7796367271759,86.39552390674773,30.006540054769424,24.119597252374565
137.8373452967933,86.79419335453336,29.891122915534616,24.1733771372036
139.65460014878022,85.30197189696982,28.807268018060363,24.60716524583109
140.100880926219,85.27080847005823,28.75522826319356,24.669492099654256
143.16826115623186,88.27654371613995,29.34621875999386,24.543053694713624
143.25428982747414,88.44840604504688,29.174161417509332,25.04713584693249
143.06620042863267,88.83859197166461,29.55034021519223,25.12002410768782
143.5332232498808,89.12304866312328,29.47653817128682,25.411354323361238
143.6188925163452,89.18886928083856,29.30519963835799,25.27971308793071
144.0424004202778,88.8302372137779,29.317204169698666,25.137956882846144
144.00233287640347,89.14509412428124,29.397339257447314,25.36517303689765
144.44457864878694,89.00804655048526,29.374664856600365,25.639268184489637
144.3684074645863,89.5702956198615,29.527007225001608,25.38063178023274
144.42444048309318,89.17635009922894,29.41494118798787,25.30445218187527
147.7304505783337,93.47669303304797,29.691838484717906,26.17602785915236
147.33950936634372,94.90547021699552,30.473720908697846,27.715339860500265
147.15527523385032,93.96775272178675,30.842189173684602,28.67466912234662
147.09352359418295,94.59988068611254,30.965692453019372,30.221767062592015
147.35320933723185,93.08783018213491,31.40988520175631,31.318739600877873
149.74659132365764,94.54513624190692,34.5259380160729,30.37983167812589
148.99896134618214,94.71216657686384,36.02119797102389,31.067387625226218
148.88001888629725,94.99534335947615,37.31487574803336,30.50103406000158
149.13914906087786,95.47173965229429,36.79661539887219,31.681478566380036
148.6091334385771,95.2630698487707,36.77900386617612,32.098818173427205
152.93197890833557,96.03890772884796,35.721760349457256,32.71527024835787
152.80805625859927,96.35096999411147,34.89211716176114,33.168634204999606
152.94812657937018,98.62335751338378,36.75545040178801,32.91080692959234
152.79424550294294,98.63143330229776,37.06321255464246,33.99134402394941
152.54039049023913,98.2658360979768,37.57092258005011,34.72253843259135
154.42246374444022,99.15312075109512,39.49806987102387,32.94796912635471
153.4482112081563,99.1044363275241,39.16714269362254,33.04533797349673
191.43581535176105,82.89557215080787,39.316152242597724,30.241413298246787
195.45387860309015,83.17012343087504,36.74533418440013,28.599249049220347
196.55613809488193,83.80079091843447,35.56786275591972,27.337914074101473
197.18628364229642,84.34145919529975,34.3075716610908,26.256577520370918
198.0740280839074,84.74426025082272,33.483739792278996,25.45097540932497
198.12732924779115,83.90245117090193,32.45118945916993,25.28269755848347
198.91856589355825,83.95450582025194,31.776157438407957,25.17858825978346
198.64149867032938,84.445779455974,31.434872457535064,25.09146041566992
198.57172424774984,84.90687244896421,31.574421302694127,25.058050494803837
198.83858034795486,84.45365148156961,31.040709102284126,25.074119689787025
198.55660910048817,84.34124613430751,30.722203241635803,25.298930384311195
198.70604784471942,85.87595651334541,30.423325753173295,25.754263539367553
198.33478273213444,85.99254601464747,30.281933755838,24.637162314258166
198.73852653533135,85.95228850930215,30.33817094504575,23.85395252934727
198.92189670416167,85.14486389266636,29.11953997759556,23.765020503039732
200.21518120634317,86.37831689114847,29.028250472600153,23.793394005443155
199.7793245422363,85.10501864826475,28.2383337230657,23.847545374588318
200.36781957002282,84.37732682727241,27.880864787773866,23.663886776010642
200.74918911444007,82.41638028917261,27.929174653193108,23.530535080941412
200.31314731958966,82.8175726887712,27.99160957759212,23.537798947046078
199.67196590281034,87.74923003778477,27.652515187793327,23.403227589163535
199.5055035818097,87.02794543093485,27.182108869995965,23.23913488326607
199.13724838638188,86.735588537869,26.33176300510533,23.823848669397766
174.27352737194298,110.98636749238398,29.472494774243927,24.277816796025945
172.11223307592317,114.22991015018,31.258665089623584,23.70904079264045
172.20886610515996,114.46116932665132,32.79257819198795,23.246522439697827
163.06868520172526,83.20315968567343,34.366265826510634,25.090935516815577
162.5705920083414,81.25141921071172,35.362452213278324,25.260491658839605
195.3433733491488,85.30397506071839,34.51022486052116,25.717733164116247
198.60991451005583,85.56492216681218,32.706850820608906,25.195838951928664
200.09250597676396,85.22258049410634,31.56153473414549,24.97058887386394
173.55522800520978,114.6774709175571,32.19950244462507,27.38495358715536
185.94558230161644,124.38258596067271,32.73323188554013,29.538874418544594
185.93358040804605,123.32096586000178,33.73757615157473,31.662114619886466
187.2928289977398,126.59499097948569,35.138225879110095,32.3225714680337
186.4385529683936,126.47302670256227,36.84677793780252,32.566500021880515
186.6684163656109,126.9765004887646,38.57225674671447,32.65215525114911
186.73042047236402,128.28115098781876,39.56892375061106,33.40487990524922
190.72874378975303,129.30433429441032,38.46128724858708,34.803018358443126
190.8601671702754,128.969942515132,38.19844048754235,35.47180191699978
190.9534795331862,128.84312059333104,38.01181576172074,35.725445760601694
194.11135270790476,130.35207493455863,38.66253233924552,35.02969138713384
193.349697886477,131.12199676650616,39.02568711459061,34.650002590749196
193.15634452805463,131.44232987989744,39.412393831435324,34.00933636396663
193.40634711109536,129.52131097295592,38.912388665353895,35.54044465263283
193.32972492070468,129.50739284911634,39.065633046135225,35.56828090031203
195.62424622063668,129.34672724578252,39.17664873624513,35.88961210697967
195.1085510359086,129.96848248136473,39.02617663485208,35.82796410666445
197.18739734706017,85.85603297126488,41.93970208826615,35.662637180398704
197.79606015025254,84.78314377332926,43.16454486694114,31.70299461362057
198.5632198130762,85.8341827753525,42.80578278004541,29.60091660957407
198.518787810086,86.21292982920916,41.759134213989164,28.843422501860783
198.8433130985694,86.31670532477581,41.11008363702231,28.63587151072747
199.13604683566354,86.72928729786244,39.43065528975717,28.904668437631106
199.29371853972094,87.43826240215418,38.04236145874856,28.559668651941443
199.10749813045248,87.49414852075208,37.368612523361826,28.447896414745667
199.57002535113622,87.0935828214848,37.47765566748265,27.180832642303518
199.6859940496756,86.81056076542022,36.230707371493814,26.73186585552253
196.87004011241635,85.89695050126075,33.952922335465026,26.581663156204655
197.28192448697342,89.00889842236151,31.226089582939522,27.01849132594291
200.31491564017156,86.94491650915376,29.7433020645829,25.64662140671078
201.1080969288371,87.66899135580417,28.156939487251826,25.070157324646406
200.78425843368154,87.67353342471975,26.291007859028696,24.223203647303826
201.5171163602873,87.198464965348,25.62062475663456,22.78734231359512
200.35065552841718,89.58610708564595,23.38152432053583,23.346083856144674
199.2210224543702,91.31480232468387,21.96145150668401,24.30390013240379
200.07753613560482,91.40775505032141,20.976778857238397,24.117994681128692
200.66247120442966,91.21777042790777,19.806908719588698,24.497963925955972
200.61131909271995,91.68124357145491,19.212476844832025,24.267753737037854
201.11117873911584,91.0841691298694,18.89632761090755,24.09476250247412
200.36053147664174,91.19331460223749,19.046049078961182,23.200685029290618
200.60011312461376,91.50791480741461,18.56688578301714,22.571484618936374
200.9673963533895,90.37072769665843,18.4793998489602,22.25753674647057
201.19379031544392,88.97132582673538,18.66744834578065,21.21132196074079
201.27496883037014,89.48443154613685,18.505091315928205,20.812803134193008
201.4632885089566,90.0693876401402,18.128451958755313,20.88071645142989
202.0719100025975,90.23112605092267,18.13907945470289,20.557239629864974
202.59915417036757,91.21373744454036,17.693684432643,21.028390096550698
202.76886815120585,92.04941055238902,17.354256470966426,21.793967357496157
202.4393247023757,89.53455302565014,18.01334336862673,20.05301161323428
202.42666874694106,88.8129474300886,18.038655279496012,19.099202875979167
202.7905507753939,89.67224711068607,17.89567976115607,18.55018059191575
202.56686998420275,89.78198944778784,17.769113924340086,17.756768498513956
203.13009375760515,89.98677425126972,17.20212908441076,17.347198891550192
202.44497158262345,90.5220549693526,16.396042610195117,17.36480286747398
203.29423658658152,90.5842242616416,15.760736870081242,17.240464282895978
203.62735297009047,90.80133983148369,15.614077433752314,16.80623314321179
204.10378617886428,91.16717790461107,15.171680786098095,16.58502676685046
204.4889698516389,91.37191030047708,14.901295233977255,16.175561975118416
204.9047778990902,91.26920258668747,14.558975600698492,15.40238447945004
204.2789307312772,92.22940019259217,13.923527120566838,14.897346379458838
204.74295942504213,91.74137966520087,13.449276980251827,14.511965692596938
205.11484080098762,92.13079855750733,13.145769246918588,14.61363794509948
205.2875959438764,91.25772892380894,12.800258961141036,14.611764412115562
204.48817074950068,91.16345799282624,12.673310592785954,14.800306274080985
204.72231464015726,91.3529580529852,12.63735391797659,14.853637260266826
204.94602882426662,91.55961929885441,12.622502682197508,14.872891900968014
205.27174579521005,91.23405031506624,12.403704358493172,15.091394250361862
205.6227319619358,90.2640041995508,12.134208217545613,15.30158171137678
204.60655669346983,91.09525389519608,12.009862383726624,15.36443941668698
204.62145652783977,91.18583045451231,11.98006271498673,15.183286298054522
206.13215334985364,91.00484566098378,11.947844412378446,15.545255885111597
206.20553396318888,90.65495624323107,11.801083185707977,15.813000105944788
206.2258374850756,90.36711018379148,11.760476141934506,15.954973675020266
206.65974085458683,90.7783671543037,12.198306523073027,16.002884480769772
206.67596344700812,91.57886371263925,12.6089630572589,15.731196521183975
205.5318174771432,91.69388666563934,12.669134533947641,15.946774707792034
205.8769740478799,91.68176744412084,12.878630635327333,15.971013150829032
206.16955313185667,92.14720174884758,13.200816721676635,15.947488795678339
207.60407271588187,92.38030440523181,13.54140816790766,15.939802142092923
207.5882867608352,92.5059687703501,13.572980078001002,16.152360192211432
206.82391611884174,93.04856261335145,14.166371778642622,15.534847297881385
206.89397702516408,93.40272356585871,14.493861564640003,15.2941369915089
206.87203517105232,94.82343172311596,14.068685258060599,15.267080765811624
206.9875237123582,96.0297257773531,13.837708175448839,15.163913596546287
207.64946203237784,94.16820265814133,13.883628704576363,15.234167383858262
207.56981654457994,94.42640461816251,14.042919680172169,15.176188108961881
207.23427817684404,94.52165578333903,14.253939517697157,14.985685778608818
209.5092143137442,92.53125674929309,13.847941656852248,15.743470414402076
209.1152154450357,91.82211958154825,13.238637165552234,16.69597734031941
209.0923800599455,91.18300800078288,13.754932487387407,16.56232684688576
208.65705026160023,91.66316584461254,14.148666948273682,16.555861430834952
208.7964140495804,91.81530494779003,14.353103611706189,16.734747463872885
209.90508388277934,92.213187430174,14.581829728935052,16.917408812555625
209.79826609721346,92.3882417229363,14.795465300066837,17.06301021173394
