97.0,62.0,29.0,23.0
98.9119714009218,65.79523527170215,30.081259347101575,22.76733268001341
99.75896376086126,66.27896450109074,30.878073750846724,22.630140595777604
101.82933992758359,67.46977994085775,30.9380345813563,22.768937614616156
101.9142762397633,69.56791926019854,31.61149151493595,22.78930676562988
101.90285564520592,69.00752941114668,31.63433270405071,23.056201951982413
103.86252684522353,69.41534972674943,32.86668402166044,23.099176940384414
104.7537680911142,72.38024793728425,32.840181626336,23.315310856913953
106.15041106304528,71.28157264085647,32.69035308684333,23.75035651352316
107.67838437210494,72.06612938767586,33.17855912542213,23.953319348233478
110.00004612222162,72.48405435839915,32.122345607982936,24.01424690248541
111.24136182619023,74.60413966985612,31.403179217711028,24.182738823734756
113.5168499628598,74.41510507834256,31.219805700881814,24.56080800676188
113.49584674627191,74.52809324431692,31.26181213405759,24.334831674813152
114.99827279940567,74.9928963447168,31.75230849034097,24.27906258965116
117.83747117258308,75.46773841346658,30.476009239489287,25.090217450352863
118.30761578910838,77.86344504798083,30.409750489431126,24.668956596286748
119.89219376564989,77.6464690572521,30.705404718562093,25.10290857774418
120.78005289207097,77.86696773047592,29.807449708177074,25.539674473753678
124.39870782862762,80.5280055909937,28.666861297405298,25.443360006153743
124.15307031622073,81.44250323809702,29.158136322219065,25.31786744653388
125.79555816580205,81.4354123945156,29.302587610922323,25.332049133696728
126.19129080512789,81.35094153959069,29.37094210040244,25.50099084354654
128.6945469765589,83.00197108936237,29.54595467139668,26.516869172216737
128.79135252390475,85.70268253826788,31.11745735145503,27.29334448603087
129.56268142018956,85.57013675285341,31.413523912022306,28.477798233428246
130.69637785090367,86.9772217072759,31.031905276880956,29.43517677715705
132.37066054976256,86.94562092631905,30.539803405529334,29.498378339070744
135.49700549550963,88.59071801405067,29.959799211002473,29.04452701209115
137.43315464743552,91.39280967929413,30.733371103154717,27.15703983840742
136.08146987297746,88.45709380309827,29.791840670913075,26.649896623773163
140.1399706871057,95.38787991266561,28.782854188597163,25.227350910034424
140.656199537568,95.53198273538554,28.60049002669434,24.089051725572794
141.93534865595038,97.21265052719522,30.187170863098046,22.385707771220833
141.97185415026712,100.39558064084292,30.939797170713753,21.79930861766951
143.86183674747247,102.48164829687713,30.46948296354212,22.59164978645971
144.53418019394013,102.93246884226302,29.95809891921772,22.523311544298856
148.1461509440412,104.75812036707096,30.15378415219242,22.994023346447896
151.49120388973063,105.11941824471388,30.979330982792394,23.106500115826385
153.19776977742023,107.63281002140313,30.964145221174256,24.026122086529682
153.35469493537448,107.26035705072645,31.514558503549395,24.77102802788304
156.21312974824036,106.42793402571083,31.106460876218804,25.551078744847405
157.71303686057038,107.98705106253666,30.780162044601635,25.997531861919548
158.5091846617737,109.92118677050027,30.081209967508496,26.595978072559646
161.8501242173071,110.10088073567724,29.644255978297167,26.236590142205728
163.8483060863679,113.69652980486644,29.16630891750443,26.082125358484966
167.5522895158719,116.22749233420889,28.716062837698246,26.238490884201475
169.6613283864123,117.64657834610178,28.82401577269455,25.99593726606193
169.05330046851333,118.07674017673722,29.177052506643612,25.998632706639917
171.13153486817757,119.45919844347623,29.36332336711517,25.839359969041894
173.34495899502582,121.10204991230671,29.28092836902809,26.0292196358684
176.43111057989168,123.68952858528205,30.07382162907566,26.948809165974666
178.1863901693863,124.16158560839226,31.051547431146247,26.902352115966192
179.63671559010982,126.28694582563037,30.887121238446156,27.212006096068258
182.7314586017965,127.56784443355818,31.09905925724926,28.30816547574203
186.21369168592744,129.82622612402392,31.616902794358772,28.46784566066768
188.75934925601882,131.9242813635821,32.200937060491356,29.00119302014743
188.6682810788004,132.07783371199218,32.38307341492823,29.657572032744053
189.9954700929534,132.41538961331014,32.659042328003885,30.93602485769597
193.66081243742906,135.56665228620642,33.33959941302776,30.641930842384816
195.2583198806044,136.5624733788351,33.166662205558424,30.665007109714978
198.04076873727854,138.46514477567032,33.63194522024804,30.879784801403154
199.90283956980375,138.51866680988874,33.97060997890653,31.788442338893542
202.54400197861457,140.39061119903081,34.90088358492452,33.221718913642505
205.62713042337018,142.61000019056533,35.17091915711859,34.146517981994506
207.5213424006814,143.9424229060231,34.65724534751923,34.75642269610205
210.77234649159487,147.87790076012445,34.71400727568016,35.63049380121655
210.8769823807635,147.0823747050918,34.50473549734288,36.113781997891685
213.72458577426048,148.43123397787508,34.36968103875578,35.64012438368785
218.81085438804047,152.452949579383,34.11938494809275,34.21152060527006
219.64760880995445,153.91417943776392,35.67410712902961,33.44121490501807
223.71891040309086,158.5869288677763,36.23780999078072,32.80202209301723
226.43173210379408,159.61977301979934,36.24669067582823,33.997048240843505
228.54279378737786,161.79713964051868,37.55486119782052,34.06655011073274
228.52421871123528,162.08857042106973,37.59201135010566,34.61125029678678
231.55163998002178,165.16798716907618,38.35807068925121,35.273318677492384
234.77022569408177,168.48648149193932,38.87666933833905,34.43280509610599
237.9575335004312,171.44684270671766,39.42575084368439,33.127880745245356
241.00343128602037,172.86444300061464,39.041456465925734,33.717180873503196
245.10944475572558,177.15926129809978,38.84469619464753,33.14281094666508
248.32530504902482,176.5117505030845,38.076836365889385,34.43783253669561
252.5076671136257,181.7826528095402,37.7033385050065,33.028857944720095
257.5908922248856,185.28745327198914,37.556449468182606,32.698964476952746
262.1514545008653,188.44151334330834,37.281110158286324,33.02518326586178
265.5277045238383,191.73522175853714,37.1686808966476,33.077837219711355
265.5707130978503,192.00438705703084,37.08266374862367,32.53950662272396
270.1222835361038,196.75226492062438,37.84197839355715,30.71454963443498
274.6738766267895,200.93470658342,38.442328680737944,29.896861339939896
278.487307583246,204.5127362925441,38.33418201787656,30.259517171743227
280.74840893517825,205.85013320361634,37.04700829707324,30.819752332659938
285.0587341561489,209.1729832895645,36.96749784264427,30.579907151397897
289.4348625836443,212.99441900493494,36.71563251939817,31.43742725240161
292.62357626416565,215.8653289205348,36.77303445508554,32.13043671793203
296.3987263777035,218.90881104747933,36.81408086603403,32.55034101092086
296.1137123665005,218.2287550152949,37.384108888440025,32.81861601503553
299.8393888452696,218.94753232753303,37.66754666214422,33.59100159948573
305.13652659267507,222.2643446994687,37.16877540674952,34.809435708493695
308.9749397924481,229.5854143779139,37.425489236228685,32.63428814007137
312.6242308898772,233.33324836512367,36.74285742401283,32.857228945401296
317.9643606207775,232.8930152088322,35.92333319631265,34.83333250621763
323.65898760818476,236.7717757449974,35.67653067817254,35.98977259922668
317.7036540088765,221.9398421744081,38.55839382816946,30.667024052004244
331.9934087596243,245.80949430540275,36.10028743456094,32.9937424134652
332.70411837727295,246.69980562175775,35.766688174434734,33.38875973109742
339.4321910542471,255.34333135853768,36.46625846911034,31.34632510990173
