186.0,71.0,11.0,24.0
185.6622618345856,71.21311778540309,11.675476330828836,23.573764429193844
186.33347699337818,71.09584739061569,11.974475199045937,23.261162156834544
186.1956639791223,71.1884384022842,12.250101227557696,22.528251279091535
186.4599353541557,71.28260235841478,12.263236672684007,22.33992336683039
186.4645413803768,69.79978959138867,12.254024620241797,22.60992727031519
186.6015725115028,69.3159986359965,11.979962357989812,23.034559632760967
186.8766808597761,67.19913882603336,11.974241842803238,22.912309801807126
187.39661642770602,66.29681871783944,12.019574014665794,23.089145056611294
187.86809681356146,66.00177026933669,11.622592817293459,23.13326237927823
187.86811179585706,64.40144549149248,11.62256285270228,22.555452965024795
188.30578128206628,64.22373333785262,11.809839033590636,22.379569695651107
188.56065756980692,62.56954605789148,11.300086458109362,21.964332031573566
188.6421963047602,62.756475272795065,11.137008988202783,21.590473601766394
188.61901815833528,61.048939646618486,11.183365281052652,21.44409698178667
188.74036035485747,61.015455761348065,10.940680888008291,21.51106475232752
188.57591597110863,61.16955398181152,10.765341751929434,21.70709621497715
188.50281453509766,59.227153500018424,10.911544623951375,21.559360443132206
188.29784630761236,58.71456407110922,10.81704833052498,21.57567380415663
187.63634618147188,58.35317801038321,11.13397171962833,21.292369062431007
185.76777103263532,57.353755238399344,11.340688832463464,21.273824215062746
186.0290289316059,56.996130286723414,11.325797258437083,20.97382567058508
185.3207243489313,55.32749090369627,11.233555092334885,20.790451329919396
185.30108211390342,55.635730229579565,11.272839562390613,20.672641852783862
183.55976739011635,54.34479441871375,11.27224042618369,20.268888974131734
183.1294856296754,53.93498889909049,11.149537455813643,20.596866767752246
181.41954072513707,53.34857494646177,11.108780323835651,20.286560269700576
182.44487410172474,53.10363693446687,11.014533298214895,20.287331361801733
182.40482507953092,52.87329951272424,11.094631342602492,20.260500832951934
180.4288650856733,50.51998256025941,10.650242933216067,20.082347629990863
178.6462472769307,49.12845832778592,10.389515048651035,19.995923468400147
178.3648110787077,48.911689605312176,10.479892932860487,19.956966401111057
178.12442397519786,49.38180784240545,10.487190931458024,19.96368234376878
176.4901996911792,47.859767539898876,10.439737082853394,20.165560877374606
174.5481850889741,46.68047581042873,10.041113966166787,19.669042788916993
174.18584563707122,46.52343485548391,9.84240524115209,19.521430884396402
172.76545632396997,46.43588466504544,9.946589951608647,19.240432279315687
172.3604063027376,44.914428955261755,10.302914793512137,19.106917294954293
170.93150563797414,45.24765074050295,10.41313897021963,18.440473724471907
170.06994476483828,44.8509136292039,10.786350979520023,18.78397803474621
168.59251073492547,43.60863296809482,10.972837893940513,18.500158211559224
167.58226681422883,43.269279186506466,10.691616970542285,19.178865774735932
166.1715009411083,42.136552034549936,10.719368653756806,19.581800036631304
165.64422967542586,40.90207892748188,11.301857498300759,19.218424129842063
164.60202064644875,39.666493548989536,11.479975638432899,18.830145010093645
164.47615982573015,39.72714477556772,11.731697279870115,18.70884255693727
162.92847074840103,39.66144744104135,11.96975458947545,18.364017085147868
161.6937529663326,39.23079962721141,12.064007880839515,18.275239803698636
160.9264829265144,39.06822369071328,11.697453217073564,18.125117990844313
161.3707661987434,37.148671633424016,10.808886672615571,17.762016371175804
160.08180105784837,36.89494400853115,10.26067245418982,17.822879549502137
158.63916180313973,36.20788447063598,10.078314127094833,17.444063290142566
158.65264462976936,35.61750031606428,10.05134847383557,16.906730522048456
157.4187353145647,34.60155324012359,9.992621205500782,16.412078775185773
157.39245360793373,34.427377761230474,10.045184618762729,16.76042973297201
156.49321790852048,33.63535717188335,9.749601045610738,17.506848922874877
155.122275541553,32.59356593647547,9.942282099304471,18.315829553570005
154.48132882871718,32.151078945853925,9.903881169981833,17.880509179818873
154.85981938313878,31.637882218926233,9.579918153415846,18.040866449119854
154.37826920865572,31.20318950117368,9.253496304236762,18.05057041919482
152.84772189648626,29.91321926149478,9.344006155333492,17.659926125310424
153.05450912351418,29.818836047609953,9.350619085078392,17.428505169279326
152.26498581027596,29.201538719891843,9.26208859746355,16.99552271062427
152.3091159772969,28.37656612310804,9.173828263421703,17.00947780173246
151.74515623258594,28.455403269843416,9.07866743110467,16.85180350826171
150.4445430816663,27.182273036059186,9.257448170503196,16.168136559242456
150.00350122791048,27.632019141410996,8.949467339914658,15.665332527905582
149.79983300221664,27.328768783274434,8.972793068909288,15.503811799392768
148.64813282626653,25.77690181603421,8.984118271143593,15.933458059262964
148.45093914939628,25.81159317188102,8.989936779967152,16.252644192486315
148.12097875689466,25.712131364187755,9.256471497246729,16.05818174014917
146.7667516784211,24.421687683741787,9.199631105862741,16.26881663104302
146.7505176773072,22.904909499450937,8.834902507407039,16.124800194156446
145.425829774825,22.820248286084404,8.76231162098697,16.29412262088951
145.45319277209884,22.407340649240247,8.707585626439245,16.339723227110394
143.96345782763296,22.09014421430485,8.958168398650846,15.804593046958278
144.00152950794123,21.49600109016892,8.882025038034305,15.834217543879646
143.08911901696223,20.961462251870106,8.394665007338062,16.13256821625918
142.53696474736665,20.412390128142388,8.354713792054273,15.705032791081322
142.48306009259693,20.35964963028025,8.462523101593703,15.436066589888236
140.63641630529924,18.60953439545742,8.432525027134847,15.957668540290484
140.40959572572467,18.242115277289145,8.506666531664639,15.933507467388402
138.8088889242043,18.158588755902244,8.664751666450652,15.72014445163036
137.62166032292782,16.796452062355765,8.759362340430021,15.40462246729191
137.07946941526183,16.857983354510992,8.712982349140834,15.281559882981451
136.27295104806439,16.012334667009235,8.828777602602422,15.101305406818383
136.2071345169202,15.450993269091454,8.586809495050469,15.476785862973333
134.69941284049864,14.08444950406684,8.976897519630988,15.58451806475992
134.55290271925693,14.90169509760904,8.886639023913578,15.099863092277978
133.47983137127562,14.120658579275194,8.785429762468908,15.163701490674166
133.62354178725246,14.092750008929805,8.498008930515232,15.219518631364942
132.11939110241894,12.963509022210287,8.548425319063625,14.889851246325133
132.06289025460373,13.789613494607991,8.661427014694004,14.700497130320029
131.1740303506611,13.072204708827156,8.250236798064439,14.676041352205164
129.70637174890976,11.946881500511688,8.3257073505409,14.424321949188123
128.46317981887532,11.419710137517635,8.326843654461525,14.413558579684118
127.51532783827999,10.558699067985971,8.093177358513257,14.361105504465005
126.87650386195233,9.786072849150834,7.970226747391666,14.505759378358398
126.7979948035678,9.57215074897957,7.777053236811986,14.583411951352184
126.82441229960105,9.658151457231567,7.724218244745483,14.759441593989738
125.46874353753049,8.873652167495663,7.987563553324784,14.23016113155141
124.24176484960738,8.744589928357668,7.670197300869097,14.141870156289663
123.70683438580843,8.661812012744399,7.720969436224136,13.628033459354306
122.53497341913678,8.436883536001151,7.7338884298211354,13.744918564305614
122.52413995096168,8.452401455455828,7.4206343015098515,13.378961660734781
121.33201107401523,7.499472666734879,7.535664593845571,13.663942479921543
118.95119345164345,6.287300369577132,7.342103756078851,13.445515830231543
118.16220404875418,5.557717343703477,7.300996092110227,13.609412706181143
118.31957416268197,4.027633841379274,6.9862558642546535,14.065341182595276
118.3946941953155,3.4570567972732658,6.8360157989875905,14.55289210421983
117.13432319007228,4.155710779580666,7.037607175338554,14.149505839948809
115.56837955027278,3.379977818986424,7.209192598270482,14.05635961854447
113.83663462371179,2.8659859112488784,7.367460678582825,13.762254724895703
113.0028895088199,2.78336056095028,7.390352821806458,14.256425042804924
111.83047784735446,1.7461787781342224,7.379117710702582,14.311309950692966
