104.0,114.0,17.0,33.0
105.11269444962113,114.96560873122982,15.551868592364222,31.068782537540372
108.43574893524,115.079944947506,14.697324961587707,30.84011010498802
109.01106156428287,114.92891280671718,14.252469941322651,31.142174386565642
109.43358672324062,115.15074303845712,14.109816819773155,31.400911119451763
111.84824905699281,116.04730027471463,14.20606664460718,31.718757143653225
112.2270155328883,116.51579330540127,14.86844938162037,31.491728926682008
112.98966876530724,117.35262041817609,15.497899804315999,30.53632699697688
113.90854069105289,117.30168401304974,15.090580597677507,30.63819980722958
115.45369717851193,117.67557083665758,14.838892470471443,30.60008237194188
117.80304358784187,118.13405015446662,14.36858217006038,31.092584575740098
118.59157573295872,118.02730005925252,14.198935452006133,31.306084766168297
119.3480112731751,118.40890926257055,14.093745742825647,31.246707045158402
120.73103581948361,118.20292858817072,14.833359004033715,31.658668393958052
120.39354693739699,118.40630376198132,15.508336768206952,31.251918046336883
122.743172964626,119.30577258409893,15.890192890991756,30.904725595599558
122.55587709354315,119.46354975230231,16.26478463315747,30.589171259192803
123.85004750043372,119.15394501258086,16.59318752018273,31.2083807386357
126.31803246799652,118.80487833954224,15.376878755448118,31.906514084712942
128.6299727755871,118.6621936958072,14.41878338304052,32.19188337218302
130.63596030356206,119.45235521760475,13.289056734401804,32.77324663407131
130.38585947190626,119.86792043848712,13.789258397713393,32.65109728863608
132.229850372036,120.88848730088448,15.114012694566306,32.042173877302076
131.8241062274481,121.77777428626948,15.925500983742078,30.994156718025188
132.65096956239947,122.92341685381398,16.459685097467545,30.16147877202164
135.21153095472133,122.60323063530136,16.422111486188918,30.801851209046873
135.80248056353528,122.07627659794954,15.975226805593383,31.120744746718124
138.9304832122872,121.73927728502365,14.843349019787908,31.794743372569904
139.88332855283878,121.85369529902398,15.104341851954239,32.288135182325696
141.41424550165314,123.21142193005053,15.712362082315298,31.774594397066487
142.94187738644447,123.45545977759488,16.34236666901857,31.286518701977812
143.14338927241346,123.84062109688426,16.68011643893354,31.25696960525197
146.14748061547033,125.13716051743668,16.641039234449394,31.648443504961953
146.43850322386052,125.02982183520791,16.81022110774605,31.863120869419493
148.0380103354489,124.11287922203951,15.883076492752513,32.18242635696748
150.3238700493341,123.72380405808971,15.041243802248275,32.96057668486709
150.85810240295822,123.91188775807605,14.715428468254956,34.06970803140424
152.9172730979591,125.40544443496944,15.115107302290921,34.094608160309306
154.53600197949314,126.30311405554201,15.679699177764595,33.0596788468725
154.38652372272742,126.26126709744311,15.978655691296009,33.14337276307028
157.16370413860378,126.38996830600551,15.756033283911433,32.88597034594548
157.24589636402348,126.58884099273295,15.591648833072027,33.242272201322784
158.10488290427577,126.4927339894543,15.386426679972233,33.434486207880106
160.97326071015823,126.23567554704789,14.938768190922573,33.94860309269292
161.29400442244727,126.41747532167236,15.052469339621053,34.340192116720516
162.96195097584285,126.44025692147326,15.53090985044765,34.294628917118686
163.421162434096,127.81280773651507,16.15372450673799,33.861383646230045
165.73650921650398,128.3194120631023,16.174231355060712,32.848174993055565
166.0406989554642,128.31131471893877,15.565851877140265,33.62513020962086
168.30288403273775,128.71894194689034,14.848972060352171,33.57137382126955
169.4327985342702,127.6696503842411,14.085420808427997,34.921818070997695
171.84373286773535,127.6782920015402,13.788313799587987,35.6586617794145
172.47989023138464,127.95740505079783,13.275411110392572,36.61925975710563
174.67673491370732,129.53548895349093,13.465367423319869,37.28279668303006
175.16529029174873,129.64714069918534,14.041992498970243,37.059493191641174
175.98590047709519,129.56770625129158,13.968918849531374,37.21836208742871
178.82236387420346,129.48363531278974,13.791246723059217,37.38650396443238
179.07576761955025,129.41998441142465,14.06868141747984,38.298047952276825
179.94802212605373,129.15101279330483,13.928775119590219,38.83599118851646
182.5186272458774,129.33516800659987,13.632357012441934,39.27514611734287
183.13410697269174,130.4656597156491,14.018104839309725,38.630869979740844
183.69442783777157,131.32629272447178,14.509762385516002,37.71575360027852
185.61490052194065,131.54803400991324,15.480182147138052,37.27227102939561
185.84818936085077,132.13853155468283,15.013604469317812,37.71694196859845
188.58145018920703,132.11871983609538,15.223606132264464,38.567497308581835
189.0219564640073,132.39005704334025,14.342593582663937,38.85174428969125
190.7814747708464,132.41412348883472,14.08425172742718,38.80361139870226
192.06889984519825,132.32995112652256,13.938852772211074,38.971956123326585
193.38872864271377,133.01382921604528,13.727968830035376,39.22338237951806
195.26439503441648,133.485330339724,14.023406421570673,39.08973420714879
195.02838160199352,134.8864152540275,14.495433286416592,37.91317792161992
197.6573369047179,135.43646083246804,14.868818742444201,36.81308676473882
198.08024924441918,135.95122799078058,14.818329155864348,37.374222633759246
199.75788740356847,135.7098737341878,14.673099920603548,37.85693114694482
200.44573231681295,136.1078532880185,14.91111285831779,37.06097203928341
202.51319695708634,136.51919242241394,14.774480957958431,37.837612722567464
202.8539031923761,137.54154642911516,14.901458890370076,37.40968551514735
203.61902042824264,139.03418743914958,15.78474610949106,36.837925185932576
203.9270733957198,139.5962134352716,15.980593841554459,36.525826860706275
205.00491641368274,140.00672092593308,16.257587645016535,36.51570515917933
205.3003476865816,140.46104142964637,16.482348870208444,36.42268792274241
207.41577812278163,140.9461877783683,16.342597019573546,36.27061702965153
207.84338592797837,140.7222443513055,15.487381409180049,36.71850388377712
208.0982076115552,142.09069240119825,15.78270192134374,37.20146330126114
210.80164390315326,142.16592591163933,15.278875026181687,37.868170561717974
210.72523569827197,142.68546253642776,15.431691435944295,38.46478323014888
210.78375488782316,145.4190104780542,15.314653056841896,38.801809284895356
210.68569113606526,145.17328650543325,15.510780560357688,39.29325723013722
211.31903835244947,145.23291732375554,15.929075753466261,39.17399559349266
211.07591659793812,145.95574198492596,16.41531926248893,38.57658894253518
211.083292981051,146.02558695788434,16.400566496263217,38.4368989966184
211.22553485409713,145.8338781625403,16.116082750170897,38.820316587306536
211.84388709147066,146.4426230418139,16.572313609801675,39.29576216313712
211.54808050645545,147.53436250966655,17.16392677983209,39.696562450552484
212.15110911052744,148.61056527465362,16.835557158203304,40.177219680124054
212.52913913207874,149.27342499552003,16.958323123451123,40.60915225509198
212.75222590889672,149.4757634297383,17.39939061640911,40.20447538665547
213.2356718170484,149.40428583971328,17.321696223598696,40.347430566705484
213.5550686694788,149.7867861900073,16.6829025187379,40.47232353293088
214.0080163450735,149.9098789161468,16.65738209359335,40.22613808065189
214.14487918674544,150.43627831886835,16.38365641024945,40.92607842878718
213.84611679353114,152.5385336901324,16.981181196678026,42.011069409911606
213.86441891320112,152.30221451439988,16.944576957338082,42.48370776137665
213.80034147739735,152.15652486817848,17.072731828945603,42.77508705381943
213.74685318372246,152.5672049357692,17.179708416295405,42.87422713160523
213.74920297741104,152.88096782436642,17.175008828918227,42.24670135441078
213.7385135735965,153.04450056244062,17.19638763654732,42.83435011719293
213.304667170184,153.27764815397444,17.140520061836973,43.291615315660664
213.08959371659603,155.6293916164723,17.570666969012905,43.23384642093147
213.1220785139842,155.99524549523164,17.505697374236533,43.43812555555318
213.50694579815305,156.9241385024277,17.673734855229156,42.51811159049141
213.61443528289269,156.64766187862443,17.45875588574991,43.07106483809793
213.52749297250253,157.4982890719709,17.632640506530205,43.233105826620054
213.7147781074379,158.0781650175802,18.19514998253537,43.01043368127731
214.05398236143623,158.53696212957664,18.460595757663242,43.03669374040902
214.09608276955575,158.27988745977146,18.37639494142421,43.55084308001936
214.20026998720948,158.71300450776076,18.168020506116747,43.639483260670886
214.3668122906129,158.8478900911297,17.834935899309944,44.322171040062244
214.507783041773,159.62487642359284,17.55299439698974,44.68094900019359
214.7377554397053,161.2127244230739,17.093049601125134,44.37475609525819
214.67826433530507,160.99135520986485,17.21203180992557,43.8736344101241
214.84903744061972,161.27826043627863,16.87048559929627,44.23861645541071
214.79665451929196,161.2561165479838,16.97525144195179,44.28290423200038
214.74385596020812,160.98057070428223,17.08084856011947,44.83399591940348
215.37586830209364,161.73658678864285,16.76705658258622,45.222429163157784
215.33215263931442,161.68262743649535,16.85448790814467,45.33034786745281
215.7356056876444,161.17695639011436,17.000856239310576,45.38841553238892
215.66835897364408,161.9179663060178,17.13534966731125,44.86313985546504
216.15537677003843,162.0619200042742,17.112944191715865,44.57523245895217
216.10604230691044,162.71288056633796,17.211613117971865,44.22040674984761
216.30947853692,162.63178257245184,17.74850959983188,44.382602737619855
216.22447057200156,162.65681017692214,17.91852552966876,44.332547528679264
216.4040116127744,162.84787797885707,17.559443448123115,44.908427077620125
216.1098168041459,163.77899346085664,18.14783306538009,44.96596915950778
216.24001859221426,164.6395164842047,17.887429489243377,44.21615018207055
216.33844342337954,167.59963780473743,17.69057982691284,43.07482811672735
216.39887855174265,167.77208485342535,17.569709570186596,42.7299340193515
216.14168741246354,167.56195591674523,18.084091848744833,42.22148682770999
216.07400409237312,167.63793728245957,18.21945848892569,42.06952409628134
215.9159126050723,168.21333316238355,18.53564146352732,41.84940702488835
216.06574204793185,169.3948040282516,18.23598257780822,42.28564147742091
215.71963345214118,170.16973900439424,18.928199769389536,42.60396082807257
216.26587295950893,172.47990001620175,18.786629535138037,42.738182706877396
216.30718285262532,172.1082012067163,18.704009748905246,43.481580325848334
216.60785275085453,172.62659574395812,19.062339746549736,43.40446104546759
217.67261049759543,172.95806039206994,18.862576102366262,43.7064076738931
217.98243214508545,173.1825451149368,19.208657484777053,44.22316290555021
217.86431578812892,173.91279916583855,19.444890198690157,43.741970231022044
217.8251457363988,174.8444145796974,19.523230302150356,43.83174733889189
217.81299966158917,176.72983840952205,19.547522451769616,44.95682007575838
217.9352594536074,177.530832678018,19.303002867733213,46.34258710914325
217.9014991076137,177.60165001618765,19.370523559720624,47.21257914531931
217.4645858597131,178.80660253595153,20.24435005552173,46.8534317330668
217.3990576851366,178.65624945719543,20.375406404674763,47.15413789057897
217.30105299054574,179.66172377668303,20.57141579385651,47.22787752942246
217.0312978376502,180.81798202020957,21.1109260996476,47.009103716408205
217.7520935821777,181.80784372935602,20.722530598818153,48.188968262792116
217.64202196457694,183.6085525848964,20.942673834019672,48.841358669763395
217.62985909078316,184.61557131103623,20.96699958160721,48.98088442713373
217.6074864567102,184.30758540283279,21.011744849753157,49.59685624354061
218.55457064560602,186.62682843250818,21.295432414606964,49.31408206948073
218.57585935861113,187.41565131625282,21.252854988596752,48.82629137458162
218.5353674701481,188.04484280570128,21.333838765522845,48.64994980174505
