209.0,155.0,100.0,63.0
203.26903765596484,156.66794473054728,96.15986952198938,59.664110538905426
194.37988152059387,156.0494570022742,92.00485212080864,58.464049365237955
186.44508825438464,156.62219150012334,89.03583523915145,57.31858036953971
181.70897767496896,157.60240663781693,87.05194014114069,55.358150094152506
174.20776870330295,158.37649818643752,86.4531052853312,53.80996699691134
172.24308320203568,158.81531994932286,83.80089135718461,52.932323471140656
166.9269204952831,159.5829160177252,81.59611563856328,51.39713133433595
162.6811705980465,159.55238806910018,79.6834185503881,51.458187231585995
162.16186479479364,160.06403352124457,76.61557220221457,50.4348963272972
157.06887525250875,159.44304410866854,74.86067220801466,49.68672863932096
157.29442395210376,159.8096059308932,72.4582403503589,48.95360499487164
156.65362377262946,160.07676214820006,71.83682163179976,48.419292560257915
154.10428832761056,159.17893574366553,69.39629607906154,48.33014625863299
150.21272901733983,159.38472488846946,66.10026877076089,47.91856796902509
150.34552776722467,159.97649474020233,64.04481541180931,46.73502826555939
149.56980878018356,160.33056152656707,62.11778926372696,46.02689469282992
147.380872581277,160.72947875394027,59.702276003853086,45.22906023808347
147.39365396688476,161.09971402924893,58.028185644275936,44.48858968746618
147.58270406546183,161.27589400561877,56.03917196809739,44.13622973472652
143.6909856315927,161.59480556838142,54.3739358773393,43.49840660920119
144.28976700885485,161.3547490306977,53.17637312281501,42.4396036962371
144.77876965233645,161.82998391432182,52.198367835851805,41.48913392898885
142.7076324019777,162.20048709815646,51.921696305047206,40.748127561319585
141.907882455225,162.71074353055926,52.06448335801589,39.72761469651398
141.50936212436955,162.77467231098638,51.41924679195445,39.5997571356597
140.52190060142644,163.1840125941301,50.53347864737408,38.781076569372274
141.27231677221673,162.86282271077064,49.03264630579351,38.01997536786382
141.2748753756303,163.30055070627765,49.02752909896634,37.14451937684983
141.42597093043864,163.39368273130796,47.371527389850826,36.958255326789185
141.78736091050618,163.87245375280384,46.648747429715755,36.00071328379747
142.0709099042482,164.1752634424953,46.08164944223169,35.39509390441454
142.53790660823825,164.55360406530303,45.14765603425163,34.63841265879903
142.60523698401624,164.42627523296773,45.01299528269561,34.893070323469665
142.66751503957477,164.41176880783584,44.88843917157857,34.92208317373343
142.8098719147821,164.63558770702005,44.603725421163894,34.474445375365015
143.64167576840404,165.00973749588178,44.182886520015316,33.726145797641564
145.90465389708444,164.55467684213147,43.32937435242637,33.41211907521819
145.98337573735063,163.80309368126166,43.17193067189399,32.503281435441664
146.73232624048723,163.63803085344355,42.862800853876394,32.83340709107792
147.22510284074875,163.93116148858854,43.06669520169442,32.24714582078789
147.8267162438129,163.90407550131326,43.046449472233576,32.301317795338484
150.78325816186668,163.22090366026362,43.051159461986266,32.48410271226571
150.87102179869146,163.56069765567224,42.87563218833671,31.80451472144845
151.7764610857721,163.60526863610096,42.23758364030478,31.71537276059102
155.44149348778072,163.69537868725408,41.87749473099626,31.535152658284794
155.76157865475338,163.9107658387031,41.23732439705094,31.104378355386757
157.21826849325382,164.00688613965445,40.596828772919686,30.912137753484032
157.43064203544344,164.3682304805044,41.29562223192514,30.189449071784143
158.0593918138449,164.56202458055841,41.160470047468436,29.80186087167615
160.91322746344093,164.62303966375342,41.022460235053614,29.679830705286136
160.8351549945234,164.77478444655247,41.178605172888695,29.37634113968801
161.42085661477722,164.75076696097162,41.11441030037869,29.42437611084974
162.5409567625819,164.99529691631705,41.08826364420297,28.935316200158837
163.6960016697018,164.96200501458054,39.876747545130826,29.001900003631896
164.6825983028918,164.90016943154018,40.066190227029054,29.1255711697126
168.72054025457658,165.11553366458904,39.593869555422856,28.6948427036149
168.52878139907693,165.24113819596312,38.905404172992334,28.443633640866715
169.37705560777366,165.14729942811704,38.26626667771699,28.631311176558896
169.83948601138547,165.24463338345922,38.392175831186975,28.436643265874537
170.76384961033156,165.48675913519156,38.642446301966096,27.952391762409817
171.67648775589532,165.63617748274373,38.90787837340526,27.65355506730547
174.10066146568383,165.04656836850984,38.2373668169428,27.788314329994677
174.20377700160566,164.62950827113423,38.03113574509914,26.549406128372514
176.77343860998704,164.58547720477918,36.94377282342077,26.63746826108264
177.76479151403285,164.34854053894531,34.961067015329135,27.11134159275037
178.55878699872966,164.47350372021418,34.348638235390126,26.861415230212657
181.30888980871816,162.23264971189587,33.65909926336754,26.53245659889484
183.1106002169836,162.82710379164533,33.84062266941048,25.34354843939591
184.8143982138988,164.01062578875295,34.15154532018665,24.835763767483947
186.3190493018391,163.3654759879759,34.846376561842064,25.200030014654036
186.03227397183636,163.92280742954858,35.41992722184758,25.02792436930608
186.29344140242972,164.20697438636176,34.897592360660845,24.459590455679724
186.31364732085277,164.1803359732311,35.788319049982356,24.51286728194105
188.90702069546427,164.12958962894317,36.27436580163578,24.614359970516972
187.5873666774098,163.671077564791,37.00472970646192,24.57691203317983
189.12272054832857,163.9625119819778,36.828541573532355,23.994043198806242
191.18274501888004,163.9607789059178,34.613472249984454,23.997509350926254
195.42901830502495,164.09512601073325,32.55542859486451,23.728815141295364
195.50322460349764,164.18326791063905,31.523378975060133,23.55253134148377
196.5328732226725,164.21003913289556,31.194208466901074,23.498988896970733
199.28950464484728,164.17309955835518,29.97682686829289,23.57286804605151
200.86340742486595,163.95967895591355,30.196194772734394,23.15791588481507
201.65969857429423,163.68205406750423,29.442005011803143,22.874773123708394
203.46886702549466,164.16253009330043,29.11271565822411,22.736082959321458
203.91484329794247,164.38732320410347,29.035734402686025,22.28649673771536
206.54596115707184,164.02489004810374,28.61234886188873,22.204888020137876
207.10646623198878,164.29791026588242,28.290018209322124,21.658847584580542
207.614492520291,163.82965582503695,28.058827061169918,21.810495037819223
209.92167955831846,164.44329234052006,28.147259221181955,21.36702304619753
210.33876138896747,164.68282531491312,28.09101822942343,20.887957097411377
211.62755519030605,164.45742468337866,27.821133697478516,20.569524003569565
212.53256109981268,164.51978376680043,27.53095273661618,20.444805836725987
214.72837933684715,164.7162271352034,26.906619361673236,20.051919099920042
215.2071925125986,164.78067821251048,26.686525229181044,19.923016945305925
216.63626016708506,164.4613478984764,26.75668590443671,19.82960357731694
217.92493307971225,164.75691230145523,26.37417596034694,19.970086731747447
218.93896088222746,164.03918808433366,25.80229394898135,19.949361572325785
221.393932861863,163.87770406606248,25.92551149862716,19.55330653616576
222.27330286755895,163.9811150732391,25.595655790149586,19.34648452181251
222.46461152082915,163.87866615966846,25.213038483609168,19.551382348953805
223.52363558773888,164.32613131279268,25.205611895544926,19.359992557957046
225.56137046522406,164.3952608486971,25.331999378306225,19.221733486148274
226.63935629735852,164.1606780291611,25.275973919297982,19.690899125220277
227.35232950448005,164.01837972753225,25.263573270589593,19.268722845710588
228.1255291380226,163.92580170583122,25.116585175917024,18.754173302906388
228.22470589523306,163.96217587764266,24.918231661496122,18.681424959283515
229.21561842315376,164.44404203255291,24.30610720257555,18.402542947923386
230.02745467162381,164.7943764325024,24.024372429713843,18.372843010063615
232.72723607263765,164.49728891237743,23.954314174800647,18.967018050313513
233.66386403189563,164.8905428519912,24.105412565654404,18.180510171085974
233.46608984122958,164.6641649814082,24.50096094698646,17.96898207050426
235.45173457750403,164.42982621068893,24.53069612540281,18.437659611942788
236.52529247100276,164.64772406400337,24.4084725462721,18.00186390531389
236.84751832830386,163.9582351336704,24.4299923069742,18.048898815371103
