38.0,34.0,17.0,14.0
39.36499036399546,34.46773506725288,17.195722113972742,13.55214700582151
39.5945009227337,35.33383138707348,17.220068743224015,13.270057606363606
39.93629094980915,36.88741432650819,17.01563976578119,13.037798187742546
39.87206433790261,37.29693621585752,17.144092989594274,12.690999336075421
40.29314728983729,38.3346915771497,17.23899462742835,12.489623696897972
41.30745923544045,38.60250218067933,17.077055654187042,12.420673719329967
41.27949747712277,39.0304068679141,17.132979170822413,12.491028323889935
41.38522037260107,40.17755143397244,17.386619141963386,12.522168002261122
41.40607194310937,40.362496150084084,17.81436052153026,12.15227857003784
41.703493617080774,40.48909923993202,17.689322067625273,12.368877284379794
42.971182594400126,41.70651528415172,17.982944105174926,12.29154518943068
43.02797611960736,41.59134588996067,17.86935705476045,12.52188397781278
43.9689871981321,41.9246146857291,17.894320637987732,12.332092821345121
44.14556648198487,42.12918382630355,18.01514942811656,12.39694189803058
44.33417435578514,43.4863779981692,18.11481679521193,12.54385224247465
45.17827025098991,43.43305964528116,18.349892396013438,12.650488948250745
45.145502068518965,44.16593812527183,18.415428760955336,12.643115819990514
45.95802992478368,44.24464147739879,18.251356695628157,12.972703664804008
45.870463494580605,45.339052483317744,18.426489556034316,12.743712272379414
46.399397686132666,45.46356889818807,18.34627235830918,12.983505035328255
46.786947352499894,45.76363404675989,18.554317036019523,12.87494674340703
48.36922922155315,47.29720524968651,18.347301248114388,12.765352287755146
48.301391674560456,47.14457080367404,18.482976342099775,13.070621179780083
48.346285999818434,47.297986402711,18.888263855249445,12.763789981706182
49.70438519607575,47.244192250645234,18.65266189350889,13.36749757199251
49.88175518838617,48.92475113831857,19.302990529964177,13.524119970412322
50.63822698085671,48.74465035032094,19.3349146380648,13.884321546407596
50.953063732384564,49.33028977773927,19.22661524799645,14.277165030533027
51.0020796965376,49.984282813863274,19.654760621381527,14.021533561667319
52.111385277827026,50.38806581700728,19.550058100732635,13.74244471586179
52.60625309235315,51.68206508823221,19.0826157713704,13.765912671862045
53.58336092794522,51.602159511061835,18.675208829887616,13.925723826202786
54.90211375283806,52.437726389542625,18.59788634528297,13.790699968349822
55.43323871359574,54.045892505095686,19.06158649518704,13.626267880082597
56.50228669274393,54.28733362641526,19.4884264225188,13.143385637443451
57.39633735493371,54.526291485462856,19.234682278562317,13.17692231282262
57.90422869761079,55.91289346901837,19.743455614024896,13.452830387345081
58.02738847961247,56.59840592761218,20.537984634724353,13.122654054860284
59.48909344644377,56.96399578015989,20.248891146137325,13.445200927795092
59.561765697078705,56.62848734275259,20.103546644867453,14.116217802609688
60.762728197685284,58.07773487242111,20.92258839925229,13.901861706270992
60.73049959645346,57.98812654890024,20.98704560171593,14.08107835331274
62.13035807064604,58.07240744810606,20.935179900511677,14.462086804337282
62.202828777525156,59.473599376932526,21.34534068267572,14.435213926295717
63.97271214785468,59.3849594633224,21.731454931329722,14.612493753515963
64.02822092157405,59.833071680368036,22.190031449391043,14.285863384924774
64.90029915167322,61.10809434588781,22.730042731711837,14.019985796404367
67.03260572598498,62.468209186754976,22.488067423463345,14.173068857795052
67.19078082273003,62.003090175277265,22.171717229973225,14.529690564619525
67.1899678955106,63.24226356919216,22.173343084412103,14.350679932431312
69.07971155926741,63.99549484783236,22.396972571884042,14.559838867287596
68.84800840915423,63.66924906040774,22.281662659509262,15.212330442136833
70.68024545872122,65.25044031069528,22.144150108176763,15.576909489363228
70.93273161470573,65.28179381788772,22.230955247415274,15.514202474978358
72.71358268860313,65.9809951546622,22.2215795599323,15.29990862153334
72.99232608809629,66.21321076207622,22.252463474251385,15.423848120010728
74.89703206849155,68.1514298965196,22.57925635066,15.68361468832307
75.0717691818533,68.07676247245765,22.229782123936513,15.832949536446995
75.28968997989926,69.27959156171264,22.39123362912262,15.816463763049185
76.57311509586573,69.21624389863483,22.821707146444176,15.943159089204785
78.41605421064828,70.25783252060239,22.784206507979796,15.684170640820017
78.22011475862887,70.80359922446878,22.572869319563843,15.799069417996838
79.01682521878892,71.56491817389153,22.785220402900052,15.480279521588898
79.88006069246396,71.97993913919275,23.45816901803181,15.849947372227344
79.90861644533096,72.2445782894716,23.40105751229779,15.936788893170787
81.70427797987523,74.09775147714511,23.509930207589733,16.547337576267672
82.29382217802622,74.1118946941781,23.58771440447352,16.519051142201686
82.66516381120316,75.00500103291066,24.103321970951413,16.62027471398422
83.87154563885204,76.16108294235508,24.244974328594544,16.862526908036287
86.08962540831496,76.35339070920331,24.32204441773257,17.122658464063225
85.91785962544216,76.84775835767412,24.665575983478156,16.784129162310055
87.00922694705181,78.20911360342774,24.43222494100482,16.66059680513078
87.52646049907409,78.87526928506892,24.68622033341702,15.972516690076802
88.80224470163543,78.94438848931348,24.681085335868772,16.470886633481275
89.33825116619217,80.13695106842803,24.89873252441389,16.66508171056937
90.05734063023615,81.67215314671273,24.76321279080176,16.851325540189574
92.15496923075128,81.36591874942606,25.13461035253738,17.463794334762913
92.32404910675632,81.88196965590447,24.796450600527308,17.767925281667154
93.42763791754804,83.04827160861063,24.593322724070966,17.43937112138194
95.29750117591118,84.40377255979277,24.810782088236074,17.36649313961192
95.96572613627002,84.21392469356488,24.79756727231686,17.746188872067695
96.96506793912475,85.34029230787714,24.801911093354278,17.49648107019007
99.03970536279309,87.20519557706697,24.63440446427827,17.084814713694293
99.03436901969403,86.98888176010267,24.645077150476396,17.517442347622893
100.27014122122937,88.80035951115534,24.81993478763399,17.202489395802942
100.71451520195612,89.23139655281445,24.590233527540356,16.999462013844578
102.13287386608103,89.12724259919281,25.01463069701409,17.85999282063255
103.10540334538834,90.20031102103874,25.08808148401446,17.732365722555674
104.45784755388873,91.93172512345313,25.070576299015475,17.628766557729147
104.54860810495781,91.79897592467476,24.8890551968773,17.89426495528587
106.68204184720886,94.08667301336615,25.322674515303547,18.019357580831457
106.82531886081699,93.85049105974436,25.036120488087292,18.49172148807505
108.23612893504985,95.03172393739086,24.948653041596494,18.179870259263197
108.27110894027967,94.9563147968863,25.55578795826086,18.33068854027231
108.48995744218618,95.74593491056513,25.8068710937101,18.129008591439202
109.66452268837217,98.00191252978274,26.214770117406744,18.44185500612407
109.97750828179272,97.78506510147014,26.28938451861542,18.87554986274927
111.38064495604084,97.97593879160209,26.318547673343467,19.20266160829143
111.87204680020834,99.93003856011445,26.050420388993494,18.86784409119185
114.38658258320235,100.0077121372053,25.957117131993158,19.417606695436955
114.3846737394994,100.96566038066094,25.960934819399053,18.927119950567636
114.77383756734083,102.65022068864721,25.887332685754536,19.08162694478667
116.69453501408145,103.01056558027027,25.57664849295746,19.067079301677378
116.90434542196304,103.7668711210794,25.858207574117028,18.95682801390458
118.63769547890972,105.45991108064398,26.613427695288447,19.79266832984023
118.62282652079084,105.9653339721643,26.6431656115262,19.510651084209407
119.74906484240104,108.02127128124259,27.289323924913884,19.746728900964936
119.77802922447779,107.94494641550733,27.23139516076037,19.89937863243547
120.32510734110573,110.30218279443105,27.617175291136945,19.624714965485495
121.5816094818564,110.26362011901041,27.328071700143738,19.701840316326752
122.3884979367058,110.81610763238403,27.19067514462572,20.073245643760323
123.99041257736768,112.19438178737263,27.69785015329196,19.54329990777712
124.7200275016151,114.51070646161736,28.46215751961354,19.357724988920495
126.18275844807572,114.45727628956911,28.535291856978432,19.46458533301701
128.90839516543036,116.34745466178158,28.351670700425316,20.199359112725908
128.6746564941502,116.07228599127262,28.819148042985603,21.511580203734216
129.62888080357774,117.77765479470895,29.28225512163555,20.47239829436661
131.33422415182343,118.19781174672181,29.773873863948552,20.412545478101777
131.84490146765924,120.65321241079718,30.32630412168661,20.223098818180073
134.05608346904825,121.07510836837938,30.65635172951144,20.171375504782816
134.44364540243654,122.53529830846432,31.473563082424736,21.2318336738377
135.09402906859904,123.02361906197306,31.824954327971717,21.907350744692184
138.1729170244779,125.55678097593761,31.565146800868767,22.73899530141785
138.28183764890522,125.7538726741518,31.347305552014127,22.34481190498949
141.27326121260782,127.9226420661928,31.262438513042603,23.06268462527919
142.22258322442536,128.5109740563955,31.92301629463171,23.592168515023253
144.34428814570782,131.64839005215725,32.910349181029815,22.548079252462756
144.49602212126197,130.68868534082569,32.606881229921505,23.59794729764377
147.78940276071725,133.45395659740572,32.195997854032704,24.2432826875055
148.53862180890442,133.2318777807353,32.47075760593432,24.687440320846328
150.62516175854725,135.9101218370069,32.78787934354119,24.71919417257417
153.38874443423015,138.6051498777026,33.584457401245984,24.749489584671906
153.85818298280594,138.4020159492352,33.5615872961217,25.15575744160671
157.0804747068961,141.5973891947934,34.495489749845014,25.22118611465595
156.96915276246403,141.70653295477308,34.71813363870915,25.002898594696617
160.65225606909888,144.53545459942242,33.9135339797391,25.90666225969757
161.71600880960165,144.67819007760414,32.72596679727715,26.561129601877667
162.48706405969097,145.45442730325723,32.11624862089712,25.941047474370144
166.6441422766795,148.63371860652808,32.01904054548841,25.060430440207313
166.67853448172798,149.27677953154827,32.8474739462937,23.77430859016691
168.54276110746733,150.35108814758402,31.785465700235086,22.514506359902086
176.80033047322163,156.54622358727275,32.31024805652993,21.200184187596882
176.67632868213792,157.30079235168813,32.558251638697385,20.52917754577517
179.50268145492853,159.1354732508118,31.889384250240933,20.182374518944385
179.52706832327476,159.70362189361344,31.840610513548484,21.49056746425659
180.81945535929992,162.6994384996989,32.59942721606713,23.022013494865757
