81.0,79.0,26.0,19.0
84.13274668690522,82.38091850742562,24.68010941229904,17.890280454988147
87.48239349749203,85.31992782720245,24.663462199105187,17.35837894181834
88.3923265218508,86.77858706916959,24.82136625659888,16.418830564095288
93.24290479987945,89.47969689008224,24.81130589275206,16.831268637596278
95.88755862725095,91.56444802842721,25.396940322705838,17.231165760114948
98.79592166898111,93.91941671952735,25.59421658793375,17.19878576022774
103.30264097779164,96.27279555409793,26.640609555817274,17.186616164322068
106.06489329049649,98.6963296096958,27.291602234418022,17.14271262291219
110.88569135556133,101.18332146356484,28.077630628577822,17.730128661461872
112.00064525051958,103.49482714834933,28.714787230730686,17.407713879996894
115.92632892529005,104.90946364810382,30.234617124946382,17.461886186259196
121.42761293831452,107.80688850125668,30.39748585599535,18.366298534212216
126.50323565772032,111.47167939774144,30.9151916043523,19.4194641025894
132.85106115757085,114.01677969973103,30.031838868401678,19.841669355027076
139.25141034237012,116.60122844344782,28.950644822857647,20.923174173755918
142.42765723942415,120.3032764171354,31.20968696147643,19.782013450182113
148.6162684585299,123.27009917736966,31.599849545297168,21.827983568483738
154.54586297631565,127.45123142331502,33.14638188658019,21.844294937127067
160.2250867659365,130.90611637600327,34.70908671698017,22.687216477535586
167.03142110097707,134.34617455200146,35.47895214225441,23.89727555417658
174.15502674127745,139.2538436037049,35.19075713058202,23.387948296722016
180.9413687342987,144.3075612136074,37.22077601185872,25.211991740161004
187.8098144694196,148.34012200551314,38.163419487350396,24.975955460740728
195.94995342275985,152.36702129273033,39.68305381126005,26.810997014411996
198.73506484226547,156.37536147037784,41.408467200794824,26.089952887662992
211.35795897742415,163.01532005028812,41.50911755491093,28.651559868113345
217.61466269935136,167.0268477341732,42.19864380096664,29.43046029361666
226.12870060281108,172.34335309282628,43.147018809917704,30.032731336229595
233.5657592439159,179.703460834329,45.48992217502842,30.23393374756838
241.6223245173587,186.9576388228544,47.173329201079085,29.962807828866552
250.59515356185963,194.32615362736934,47.3350652950749,30.918853178434677
259.5841539251505,200.21099871958077,47.74027346717381,32.63018285304416
272.0711417146404,209.05389961816138,49.227809489731726,35.10553275229272
279.2323366402756,218.1009838703805,50.786467505663644,36.86267408185731
287.72253606335414,225.88421029678892,53.069234248527394,39.183446418845534
298.155380163867,235.53753039853137,53.93371538288058,41.606975550739456
300.7686228712689,238.67978625370398,54.71300526792166,42.82968296520038
310.5752694964959,247.3531814062674,58.09850489925191,39.28216838914402
323.20444410591546,258.101749621435,58.78861716458236,33.04883283184985
