148.0,170.0,31.0,97.0
150.26631485047892,171.1117765450252,30.36258150581145,94.77644690994958
151.3141147250076,171.09024959863206,30.17128865235235,94.81950080273589
152.28549066418563,171.69930044681033,30.129934663749847,95.50279699613287
153.59223200159664,171.9582663771656,29.426784959450462,94.98486513542237
157.14037163479927,171.0956121405184,28.000543677390233,96.71017360871673
157.03671161958175,171.1354084292552,28.20786370782524,96.63058103124312
158.0649590130866,170.5631121341088,28.04206555562197,97.77517362153597
159.11113459873616,170.89369842290216,27.853487983663644,97.1140010439492
159.10161762426682,169.8367481618463,27.872521932602275,97.33698206076966
160.35266971698186,168.57768171132798,27.264840618330183,97.96069209064831
161.34698279905209,167.90260887234942,27.16807406552152,97.41897815727367
168.1345093259261,167.26013180232806,24.887476958135224,98.7039322973164
167.61311596599634,167.1172559352438,24.07275554736964,98.98968403148487
169.72744582491396,167.34197410716354,23.53615825241429,98.54024768764545
170.594362577751,167.69959534325807,23.631826204898267,97.82500521545634
173.11809047126349,168.42798118513917,24.048289336354102,98.1895398378544
172.8120011947944,168.49924569742493,24.660467889292278,98.0470108132829
173.55413106896242,167.32792361067897,25.020189602890447,98.54567352484058
178.11955043800566,166.24345432539968,25.178361427953817,100.71461209539916
176.84780578379963,167.22037337875082,25.83060397629513,100.65202074876763
176.49492648748378,167.09360496237935,26.536362568926847,100.90555758151055
181.87756250990572,167.52823453078602,25.369237549024398,100.03629844469721
181.74786203159746,169.13861382557621,25.628638505640886,98.70088613304031
184.09311081103178,169.03678954916995,24.68113264255461,100.77603053374409
184.07694421582528,168.96050840151912,24.713465832967564,100.92859282904575
184.0826127389672,168.93452638604012,24.70212878668371,100.98055686000374
188.495562331573,168.50132897808172,23.41992471066247,99.96102789862296
188.48662031912716,168.76789726508312,23.437808735554192,99.42789132462015
191.17122769933084,168.1420932223267,23.5887499480644,98.8394474191604
190.8223260714619,167.87172230613504,24.286553203802285,99.38018925154373
190.61818842746763,167.19655896019657,24.694828491790823,98.87493937575042
196.1133504380301,169.66887531834396,24.842019060954666,95.78655909117045
195.2530666744173,170.94838334890588,24.74691491322961,95.04321470499725
195.27185509778894,170.51354304127577,24.70933806648631,95.91289532025745
197.97012288600257,173.10080366643245,24.75761757069006,94.36825079036473
198.8713527220828,171.4171402226109,24.749297783013215,95.94143779352423
198.83312547956555,171.82560809792668,24.825752268047733,95.12450204289269
201.48832057632683,171.65740237234124,24.93353781283557,95.46091349406356
201.04428185774537,171.89993142829692,25.821615249998494,94.97585538215219
206.31495439641935,171.30970490991774,26.216620560150947,96.15630841891053
205.08048881950427,171.39693272211377,26.838780673971335,95.98185279451849
207.5930381189443,170.00368719840765,25.525639338057495,98.76834384193074
207.6582762449484,169.2350824749678,25.395163086049237,98.43505630688645
207.8157471224644,168.15762996769467,25.08022133101732,98.72661468318444
209.9859633658837,168.10204955823485,24.462749369436594,98.83777550210405
209.98792379124075,170.1058112702308,24.458828518722488,96.68157423121279
215.18271761586138,171.97076654414448,24.99518350914631,98.41463500321792
213.59425531709653,169.8228396488676,26.31661977143909,100.8550004585347
213.9745197000203,169.73305324170252,27.470861797767878,99.11980248068858
214.80374725260367,169.98571925752015,27.7244669967073,98.61447044905331
214.47766118089282,169.28611539062385,28.376639140129015,100.01367818284592
218.29853590363584,171.8168777940278,28.501363422845884,96.89377180808876
218.28830881052542,172.23748695742705,28.521817609066694,96.05255348129029
219.14368364822317,171.3202973068633,28.699431841738033,97.88693278241776
219.95495274486666,171.2265004569139,28.994495700079543,98.07452648231657
219.87161848510559,171.81454732477744,29.161164219601673,96.8984327465895
222.04302476588393,171.04294663978303,28.64274904216081,98.44163411657833
222.96403894679415,171.95237932680323,28.72510624622108,98.54715430841864
226.64756261643328,174.27370176648466,27.14028999746276,95.83191979256242
227.49790595984763,174.66829654608526,27.2991070620864,95.04273023336124
227.417857228408,175.01399257232967,27.4592045249657,94.35133818087239
228.48998860836707,174.69141983716892,27.159490679788718,94.99648365119388
229.6273907861679,172.27872812900637,26.732757754256703,94.27765277731024
230.6251256576682,173.71424741818254,26.567243236529343,93.23656942423116
230.66362184146294,173.9345421829753,26.490250868939896,92.79597989464564
233.8577069142738,171.45075504982242,25.515621607439794,97.76355416095143
233.43159580782597,172.58699350359953,26.367843820335437,97.34726281039708
233.14280902991314,171.56767275665334,26.945417376161092,97.51951951473501
234.0958775481758,170.91640555969536,26.91893469952192,96.94239954876485
233.89536097369438,171.33690782695135,27.319967848484758,96.10139501425292
238.52017423096666,169.52845912523196,25.536997509924603,99.71829241769167
238.29511038461922,168.54727244877108,25.987125202619517,99.79660801197903
239.18540916965205,167.85778923625236,26.100197323280565,101.17557443701654
239.10775936616164,168.03627033796823,26.255496930261362,100.81861223358476
239.06049427430176,168.0548745046944,26.350027113981152,100.78140390013243
239.8924532808414,169.91837614670862,26.600476062929992,98.96876757813212
239.85535909754458,171.35254526181222,26.674664429523684,97.99401750862907
240.5382164038051,171.665307040868,27.190208085858156,97.36849395051752
241.4506163076577,171.9497432998361,27.24752023428195,96.7996214325813
242.62524211049077,172.50795575173203,26.773430037201933,97.55835793737558
242.6026877989649,172.01925757618585,26.818538660253687,98.53575428846797
242.627045489422,172.2511931833533,26.769823279339526,98.07188307413305
242.4902665216796,172.53803540316014,27.043381214824315,97.49819863451937
242.3728650761865,172.55330160056775,27.278184105810453,97.46766623970413
242.3652202913683,172.65724003088923,27.293473675446865,97.25978937906122
242.3244294431725,170.50621855763566,27.375055371838478,97.79680844742136
243.03119876412572,169.96091492554353,27.853129320665797,98.88741571160564
242.88112877607796,171.30245004350303,28.153269296761337,98.12028611115682
243.04031070169782,171.2859860738347,27.834905445521606,98.15321405049346
243.21046359477305,170.46233474143406,27.494599659371143,99.80051671529472
243.1336209094463,171.4344350189815,27.648285030024624,99.7784155148316
243.07519394111148,171.75901351620712,27.765138966694256,99.12925852038038
242.7912377767446,171.6317560743197,28.33305129542802,99.38377340415516
242.97613715016584,170.52707173073821,27.963252548585537,99.66122791081133
243.07072118155446,170.84997760524095,27.774084485808295,99.0154161618058
242.8902377168505,170.86413060847116,28.13505141521628,98.9871101553454
242.83637973466304,170.97721177066745,28.242767379591164,100.68356516507441
242.71443700445957,170.5833399346339,28.486652839998094,99.52274323346587
242.59508550779367,169.89931447252474,28.725355833329886,100.8907941576842
242.89281957996872,170.27003494349765,28.129887688979828,100.14935321573836
242.95839972741027,170.64940268440878,27.99872739409669,101.32953637366722
243.17846356840025,170.86228268854023,27.558599712116745,100.9037763654043
243.27738438603984,170.96072827195945,27.36075807683755,100.70688519856591
243.27690271518622,170.03709587308612,27.36172141854477,100.62179480938109
243.2173182289571,170.2302248265985,27.480890391002998,102.16671183659626
243.22801198994847,171.4277964744612,27.45950286902027,101.72673645573849
244.53416040480656,170.8320025321897,26.795777816189403,102.91832434028147
244.33352197439214,170.6983031442716,27.197054677018212,103.1857231161177
245.5967018549103,170.38071257102797,26.634853856924092,103.82090426260494
246.5725173413522,170.47456826373144,26.64568815612388,103.633192877198
247.31559249299272,169.45063663718003,27.119571147417446,103.72102283572619
246.22234296837686,171.3161327477505,27.335846353753443,101.96025445748106
246.31853834602666,171.4422926943256,27.143455598453826,101.7079345643308
247.52485093460115,169.5866655802181,26.673190057493443,103.47682915635724
248.50894637388458,169.90289930009197,26.663355876255594,102.84436171660947
248.46301928893584,170.5794442310085,26.755210046153096,101.49127185477643
248.52596540918154,170.2509672564812,26.62931780566167,102.14822580383097
248.4431553475149,170.721276941908,26.79493792899493,101.20760643297737
249.6342276609659,170.84939171080444,26.341547245378937,100.95137689518452
249.58251950275616,170.13303958471548,26.44496356179843,102.38408114736244
249.60072513595202,170.10837977650192,26.40855229540668,102.43340076378955
249.56970931792355,170.15282431680515,26.470583931463647,102.34451168318309
249.11042823510064,171.42155527711992,27.389146097109446,101.74566478176685
249.19051983431663,171.53087588477302,27.228962898677466,101.52702356646066
249.21119834179197,170.54356045345082,27.18760588372679,101.56023102602589
249.04441629236644,170.30881176208734,27.52116998257788,102.02972840875282
249.44816677963973,171.53026011437828,26.713669008031268,101.54082889374928
249.70994783959895,171.4287312387056,26.19010688811286,101.74388664509462
249.71720708329605,172.47736005305916,26.175588400718663,101.57150062425967
249.772799645906,172.6497291795827,26.064403275498762,101.2267623712126
249.9437979894357,171.66638899381218,25.722406588439362,101.27821432465791
249.83913083666982,171.45597515248824,25.931740893971096,101.6990420073058
249.0294966180031,171.3961520280917,25.63165789985321,101.81868825609888
249.1017351360092,171.01486808179402,25.487180863841,102.58125614869427
249.08273174591832,170.8121197218823,25.525187644022765,102.98675286851766
249.44996091582223,169.64768055931717,24.79072930421495,103.38591922290027
249.39472838070148,169.7999739287252,24.901194374456473,103.08133248408423
249.3273799170077,170.97052741538067,25.035891301843996,102.65938621263942
249.52560961336897,171.31757276383433,24.63943190912146,101.96529551573215
249.6483109406151,171.37277352512163,24.394029254629242,101.85489399315755
249.84245562861778,171.1405607420624,24.005739878623835,102.319319559276
249.9816727851266,170.1604005660384,23.72730556560625,102.38825173470792
248.75485145686304,172.08894133332865,24.293926084909362,100.41819233735139
248.84646204850185,170.55582846367776,24.110704901631735,101.61415209327126
247.0431858422966,170.34531351420156,25.833734576103634,100.151659254285
245.76704062918296,171.01550906406436,26.490264766968657,98.81126815455939
245.77044974132312,170.49779876212952,26.483446542688345,99.84668875842908
245.61546972497254,170.59807609989338,26.79340657538951,99.64613408290138
245.5933239011088,170.535631764005,26.83769822311698,99.77102275467814
244.9045538530562,168.55207391534375,26.305894169427482,101.82879430220595
244.1135630537278,166.97995182404105,25.959621346742402,103.04478406346948
244.1002125547094,166.109481245402,25.986322344779158,104.78572522074757
244.090023231492,165.83095651870778,26.006700991213936,105.34277467413602
244.04878718013907,166.12585472174158,26.089173093919836,104.7529782680684
243.85181486838576,166.27897237362112,26.48311771742645,104.44674296430938
243.88076569330508,166.11879216201118,26.425216067587808,104.7671033875292
243.91153169926497,165.86125297121146,26.363684055668056,105.28218176912868
243.73377581809345,166.88860772875586,26.719195818011066,105.2053147749426
243.81903814367988,165.59264221404695,26.548671166838233,105.81374020932851
242.80843240969907,165.59395038230036,26.58106959465926,105.81112387282165
242.80967780410634,165.97439259569123,26.57857880584472,105.05023944603992
240.1349953330425,166.84036232256312,27.970617229849502,103.31829999229618
240.0191395756665,167.77246960448707,28.202328744601502,103.4346758171433
240.18065732448972,167.56049332362346,27.87929324695506,103.85862837887046
240.2336344999848,167.54758164048525,27.773338895964898,103.88445174514693
241.42635449399518,167.32275368830017,27.37274749102366,104.33410764951708
241.16501033482274,168.08177790178618,27.895435809368497,102.81605922254504
241.16522384171367,168.12518542676628,27.89500879558667,102.72924417258483
240.6530893243111,167.9530266190793,28.91927783039177,103.0735617879588
239.31296749652716,167.74771807407302,29.60458740626732,103.4841788779714
240.63569886098645,169.35699994192694,28.97266130894232,102.27915177385704
240.20006925875703,169.3448003968244,29.843920513401134,102.30355086406213
239.9783567158234,169.64562178954242,30.287345599268434,101.70190807862613
239.89223478976666,169.4274228191003,30.45958945138187,102.13830601951038
239.77865454367884,169.1221048252481,30.6867499435575,102.74894200721474
240.4600757682934,169.18069525599208,31.34719825462023,102.63176114572678
240.31629201536322,169.34511068635226,31.63476576048059,102.30293028500645
240.28421900220908,169.22820708872823,31.69891178678889,102.53673748025449
240.4949399252514,168.89367831090092,31.27746994070425,103.20579503590909
240.46126478861999,168.90292516497385,31.344820213967054,103.18730132776325
242.11790931356367,168.4149929781124,30.073229054438876,104.16316570148616
243.3980552381369,168.12625466232242,29.544804350731436,104.74064233306609
243.1892958666776,169.60195545064636,29.962323093649992,103.8193921565168
243.21103046924088,169.61714714080537,29.91885388852345,103.78900877619878
245.1805311342684,170.74784773196467,28.00355687326342,103.55131190867513
246.43319122546384,169.95406230864603,27.48272722005829,103.15439222612666
246.36878239844597,170.0227164329338,27.61154487409403,103.01708397755115
246.44572348998463,170.0033381101411,27.457662691016722,103.05584062313655
247.6047977962235,168.91106791924238,27.106757985232594,103.27313709824031
247.51759476060087,169.35270848693207,27.281164056477834,104.35354062835073
249.96014838530414,169.39832252261763,26.360391283422924,104.26231255697961
250.9056180111654,170.3226224099103,26.432917294840003,104.3771780455339
250.4562753716486,170.26294905621924,27.331602573873628,104.49652475291606
250.43009688207147,170.10389509147507,27.38395955302785,104.81463268240438
251.5534286704656,168.9565182909369,27.127886433822887,107.10938628348072
251.36273335600845,168.05803868504654,27.509277062737155,106.88836043568575
252.57824227695664,169.79950388161092,27.10036197757107,105.42753279928726
252.63232139879054,169.78943959118067,26.992203733903306,105.44766138014772
252.6353574952442,169.60135238423564,26.986131540995977,105.8238357940378
255.50921634137651,168.08298300821778,27.230157474411087,106.86332667084692
256.3698409943497,167.48509579261486,27.525375933743742,108.05910110205272
255.1313038449845,168.34934874171313,27.96359825130238,106.3305952038562
256.48588920612053,168.5132575679167,27.277273291034128,106.0027775514491
256.47087389588813,168.53777280495228,27.307303911498913,105.95374707737787
256.5448045797642,168.67275949203167,27.159442543746785,105.68377370321915
256.56621307399763,168.45547169807844,27.116625555279892,106.11834929112555
257.6312878071983,168.8702409698364,26.990331287865498,105.28881074760965
257.68921899287386,168.84410243391832,26.87446891651444,105.34108781944583
256.43892613189746,169.2287142076254,27.386701117718005,104.57186427203166
257.3831061353017,168.07309988421196,27.4855702002793,104.89586382948868
256.3737036137445,167.9856414854508,27.5107244817571,105.07078062701099
258.9879764721858,169.34710466304705,26.275348569809704,104.3444391742861
260.2731798531865,168.94016352807833,25.66794724493111,105.15832144422353
260.85767518766517,167.81728689140218,26.461835637661125,105.44119565588854
260.54803210512057,167.0452109505376,27.08112180275028,105.00341070316155
260.47099489436863,166.68920370327888,27.235196224254217,105.715425197679
262.8141109295522,165.84492581052803,26.54984212208163,107.40398098318073
262.74624320147745,165.88437612083925,26.68557757823111,107.32508036255825
263.77949247697137,165.65720976816516,26.631698036256452,107.77941306790645
263.73477683511214,166.7940417095588,26.721129319974963,107.52371725852284
264.87231160673196,168.03744360958137,26.462140844111296,107.05299452585365
264.7404820256561,169.47791476364984,26.725800006263015,106.17660837401084
265.7818125226331,169.57424490595878,26.640405568691154,105.98394808939295
265.962536862033,168.53376850011682,26.27895688989138,108.0649009010769
265.8188804519113,166.9501071478561,26.566269710134705,109.21696548558626
265.48863712434525,170.54893483829085,27.22675636526691,106.09306775000209
265.5723930597826,170.82311718440639,27.059244494392175,105.54470305777104
266.47873010146355,170.62929166393562,27.241281945005426,105.93235409871254
266.19956926663974,170.60743605567544,27.799603614653,105.97606531523292
266.1757179056478,170.37344628725464,27.847306336636947,106.4440448520745
265.8890345862661,170.43222672519414,28.420672975400297,106.32648397619548
265.8456867912014,169.19404571796863,28.507368565529738,106.77144347435957
264.69787213991134,169.09219696310012,28.763701324177312,106.97514098409657
265.96341232992273,168.57685156849863,28.27960917697093,108.0058317732996
264.46526546841494,170.19417439834336,29.223537786265332,106.82355122733128
265.88411989369376,169.57086937995854,28.439324533648648,106.01666566615991
265.8803084656134,169.4888166788191,28.44694738980942,106.18077106843879
265.85557957293673,169.54157223164498,28.496405175162746,106.07525996278702
267.15958794921306,168.4922221393444,27.9176806032504,106.1446679667479
267.29744690574756,168.32978105214303,27.641962690181362,106.46955014115066
268.36028311979993,165.92675843353064,27.535016576749875,109.25686906370224
268.275320367893,166.27629003078624,27.70494208056369,108.55780586919101
268.1479273107662,166.84120427331757,27.95972819481732,109.47723381989137
266.8083676227871,167.07770388183286,28.571853640212666,109.0042346028608
266.8515873794664,166.94484183739283,28.485414126853982,109.26995869174083
266.69476361643456,168.35023687728597,28.79906165291783,108.53319135991157
266.79564899287936,168.62360115681162,28.597290900028213,107.98646280086024
265.7556645522368,168.3743060752339,28.619174517409046,108.48505296401565
265.557051106292,167.8628144472142,29.016401409298652,109.50803622005512
264.98956723387045,170.0070933657407,30.151369154141797,107.30686757212298
264.6534530892353,170.79092832020586,30.82359744341199,105.73919766319267
264.9397824469718,170.81173929119237,30.25093872793912,105.69757572121966
267.3258552036948,170.28486710842498,29.59249131583423,108.80816913742498
267.06672279014003,169.5117800586935,30.110756142943764,108.26596413420762
267.89955035704804,169.0757740384958,30.53556292460384,109.13797617460304
269.0251297712632,169.14921697770956,30.395116974665633,108.9910902961755
270.03205903856144,170.00096858758198,30.487270372601643,107.28758707643068
270.2230092052646,170.75902534037277,30.105370039195336,107.85517911655424
270.29520286570255,170.8934346383927,29.9609827183194,107.58636052051438
275.2747844065497,168.81186863348898,28.314118617048365,109.671417785216
275.2560622046413,168.40867268959875,28.351563020865207,110.47780967299653
276.3436263246862,168.09641510591143,28.26490013850681,111.10232484037115
277.61472723599644,166.82967243635335,27.81829411949181,111.54021437588194
277.65944451536535,166.91799031458999,27.728859560754056,111.36357861940863
282.54750963726383,166.8708378386565,28.398202498263096,113.54697820753681
282.18511539642907,167.87902421677728,29.12299097993261,111.53060545129526
283.8729879201789,169.06748908491863,29.98293134293246,111.27151842026234
284.80978255618544,169.0474417354713,30.239746398845334,111.31161311915699
286.45087504042607,170.1287584699864,31.229155158369704,109.14897965012683
287.56099744034253,169.93831314155165,31.132743973000203,109.5298703069963
291.0092527107744,169.82151260767196,30.61846186803035,109.76347137475568
290.7021526727856,170.5221051097834,31.23266194400793,108.36228637053279
290.5400931967911,170.51916971618047,31.55678089599686,108.36815715773866
295.22480146672837,168.7804983380194,30.663022536029832,109.72658536908385
293.57948410985307,168.65887441880918,31.83225768661756,109.96983320750435
296.6792473452716,168.9489772821377,29.926080487401784,109.3896274808473
297.90033837578096,169.29175451108642,29.586732586243322,110.80690718281006
299.30542554486686,168.08113750250016,28.892966831706396,111.11173261634777
299.14633007823244,168.63546904590018,29.211157764975272,110.0030695295477
299.07753501247436,168.55762561870313,29.348747896491457,110.15875638394184
305.77450877123545,167.0907420567635,28.571637886728666,113.09252350782106
304.32217516044136,167.26314561628917,29.346952885607646,112.74771638876973
304.763772356356,167.91141981386778,30.602940231100565,111.45116799361253
304.58076801038476,168.12757963424298,30.9689489230431,111.01884835286208
304.4351359989495,168.15178195106458,31.260212945913636,110.97044371921892
307.9643468740743,169.32798499768253,30.652146550038463,110.76815607744113
307.66781773439794,169.44938638988373,31.245204829391113,110.52535329303873
309.4345423884121,169.67179723280978,31.998872498850428,110.08053160718661
308.7444293845713,170.80765729982068,33.37909850653214,109.96015458616867
311.171679301403,168.02513929225134,32.87515897917857,113.34991044815239
310.74045589722994,168.63812969387817,33.73760578752465,112.12392964489874
310.07139353787727,171.6637228534692,35.07573050623002,110.49785427023951
310.00080257112984,171.79377913277335,35.21691243972484,110.23774171163123
310.0389625497123,171.97852587758558,35.14059248255987,109.86824822200671
313.5705295570824,171.3830532535235,34.69694591383071,111.05919347013088
314.5727169950293,171.4997861031845,34.907790935662035,110.82572777080891
317.4757635594259,169.30710787657625,33.5332929449409,110.77948908595332
317.47019966250383,169.46665073869607,33.544420738784964,110.46040336171372
317.47472810647884,169.81700588536188,33.53536385083493,109.75969306838206
317.5787386580485,170.27993719542775,33.32734274769565,111.0091652852926
317.5967217609709,169.8412408055038,33.29137654185086,111.88655806514049
322.99682996786294,170.33611691166837,31.294821219419536,110.89680585281131
323.21927380736577,171.01104063284953,30.84993354041383,111.69668525775418
325.35538445096324,170.91377493244545,30.883062688821628,116.19656709416495
325.04672835129327,170.31403848221123,31.500374888161538,115.17937832979686
328.3717322775937,167.79656515455702,31.492222397078095,115.7864214107604
327.7004314968123,167.50611772356467,32.834823958640904,116.36731627274509
328.616723258595,167.90694972256057,33.25794238582452,117.82135422550235
329.54195032897155,167.26448943082335,33.69161582783255,116.82214722621572
332.7634580675016,170.57699797025077,36.36108613727358,112.47525159398619
332.53421400598165,169.86357016401985,36.8195742603134,113.90210720644804
332.3118364986476,169.9789540864901,37.26432927498148,113.67133936150753
339.63031188856814,167.8638205736467,38.72415742197352,117.90160638719429
338.9097304303003,169.17428232593272,40.1653203385091,117.66713911738597
338.70672914501495,167.83675046072688,40.57132290907984,117.93273075283581
339.47784265255774,169.47986445722523,41.449755222706656,114.64650275983912
339.38407176982184,170.42420410430896,41.63729698817851,112.75782346567163
348.8501155364256,168.12279876139849,39.26756267484392,114.99458369151075
349.2222086328977,167.97782381288866,38.52337648189973,115.2845335885304
