211.0,142.0,18.0,45.0
210.1700238580046,140.68336015866367,17.72179245752473,46.66419976943965
208.11443245562188,139.07767585699116,16.892922791011365,48.88755787852884
206.21922316705212,138.4810067519981,16.664089554211223,50.08089608851495
203.72416651036568,138.40405416611142,17.583662424640387,49.217166149552426
201.2897281345111,138.64204303474432,18.364267185772412,47.71912041464237
200.06471411727233,138.28318884308788,18.78491531412783,47.42213884489418
196.85207134841906,138.6313598631862,19.102468399658637,46.72579680469754
193.67591089762894,136.62438405206305,19.373244039609645,46.685384919190994
191.41033303115128,135.45238583898345,19.833112774993594,48.011559595957365
190.8642798326345,134.66006458459788,20.925219172027155,48.55107448760189
188.93266702430148,133.88429854258527,21.571625510676714,49.030333478954965
187.55788610398355,133.4829314758948,22.139953334454948,49.833067612335945
187.11856886977176,130.35103379160424,21.906327560422778,49.42330152618234
185.9750608065977,129.9734004280057,20.886722789897775,46.87194735650627
186.03954049411618,129.43085576564135,20.75776341486076,46.9097713441625
184.45388180580008,127.11761711627696,20.79244527829696,47.354067958629926
183.05367383217126,127.26532092058702,20.43507241157687,46.00606407868388
183.01233782405015,126.7234757634834,20.517744427819096,46.062992918325904
182.00124244438365,125.18387016624737,20.481852513980083,46.05508010303991
178.83255578022255,124.17958652040193,20.649453936110678,46.00705675933365
176.5907908439606,121.07303978372869,21.010805645706476,46.03688298828793
173.56349432774033,120.31742453595928,20.84149070794271,46.51079548879268
173.5560229944697,119.77717810611163,20.856433374483913,46.550058545563985
173.55261343189363,119.78241548251168,20.86325249963608,46.5395837927639
170.44688497792674,118.3844377501187,20.822529511675317,47.25147929225166
170.46265041407383,115.77951036871544,20.79099863938113,48.25477651286283
167.41755211817406,115.7892141277513,20.48751084088098,47.16975492974118
163.266018717582,112.12150357767815,20.434183546787605,47.193331196519665
163.19964116113658,111.68191217451623,20.566938659678467,45.984615362768835
159.25455289317753,110.35643723838575,21.255732316479534,45.54925828683678
159.14486327347612,110.52790881497577,21.47511155588235,45.20631513365673
157.06213493316642,109.97984116500504,21.50719976000171,45.2691083144732
154.62138245509124,109.96966505738287,22.249437405952293,45.28946052971755
150.92749779584983,106.77731583214512,22.30107771468767,46.43406683037348
147.99181831292603,103.22009264599122,21.77863673231512,48.220346579164506
146.7568794744324,101.00266978404017,22.083502746283536,48.325168977028895
146.07752266694723,101.5018686421205,22.352841255084407,48.41614636703769
141.96685438273295,100.35090611853406,22.906279416559094,47.43182923980177
141.2818747235039,97.73945094808664,23.18551571710796,47.201124491150495
139.64435572818738,94.32199999543315,22.091745832440377,48.57501655233176
136.61551376614946,91.49462903369454,21.590526555510785,46.57770474130264
136.61157740286768,91.27543321318797,21.598399282074364,44.90543289525853
134.3376668084133,88.48736328760816,22.021820828017844,46.35717310345282
134.11372895261064,88.49191894931796,22.469696539623147,46.34806178003321
132.54948221176542,84.55888862861705,22.396260151636458,46.74295272552166
131.78292303631164,84.24365681996483,22.85758173259906,45.22982280293613
131.0067610618671,82.42488909806039,22.29455980191558,43.57899354781359
129.41035558845167,77.86219471553244,20.368613520743427,44.51437074806462
129.33567254627593,75.6276606317147,19.514044480859425,44.96769841875797
128.99780906859513,75.25895341729893,19.194286179391373,44.70962759075992
129.1214489630935,75.35922900050372,18.9470063903946,44.509076424350326
125.97817300779965,73.13400635323484,19.36058747831811,42.10772242577981
125.62858611413654,70.5217154998088,20.059761265644344,42.57585432452635
125.25901404587152,68.8674875654708,20.79890540217437,43.94366276332341
124.98549208599368,66.90012091814151,21.345949321930043,44.86895087905582
124.72846530709757,66.9227364019344,21.860002879722295,44.823719911470036
124.65239026856857,66.20432287457564,22.01215295678029,45.226093573740336
123.43330535019602,62.646629136460135,21.321400937303014,43.99768943337843
123.4840114513118,60.03391930550227,21.219988735071464,44.157949903992105
122.36645317569598,60.37148911967131,20.414281672977236,43.48281027565404
121.69728585593002,59.47602008202778,20.76289304940937,43.29430182474148
121.35079330972218,58.80388947591881,20.462826689980048,42.65246013326944
120.89367292470692,55.79440306673757,20.39860328385872,41.822183718569256
120.8520936310523,55.90525747401679,20.481761871167986,41.60047490401081
120.78584059388182,53.63592831359294,20.614267945508946,42.28542337298614
120.66029905795982,53.52267457817799,20.865351017352936,42.511930843816046
120.64408147204901,50.8898471753656,20.897786189174553,41.87715098034874
119.95851136816735,50.23415349657878,20.319561981154756,42.213856130030834
118.18974707993576,47.500636799132366,19.97880683136554,41.86346393554507
117.94996627258865,47.73662115029173,20.458368446059765,41.39149523322634
117.15212292611172,47.66569297481909,20.13412357600265,39.61342002116065
116.2457711320405,47.98004664231341,20.09018615229601,38.05639218024748
115.9663672707039,47.39383858785218,19.744293323345723,37.419407185922964
114.45794573141124,43.906950996076766,19.203566511343276,39.05682753359214
114.36093250535991,42.58078903796101,19.39759296344594,39.90100981390256
114.40778287958446,41.37563442053705,19.30389221499685,40.47176918004031
114.31729760994739,41.28877412255079,19.48486275427097,40.64548977601283
114.46465816828564,40.61811257129408,19.190141637594465,40.12249169302108
114.1250015243011,39.35285160663915,18.950054736030758,38.97541286419974
112.36598012531094,39.06080569244739,17.975693066210027,38.661023799023056
112.20622376594906,35.86369657673565,17.41828686814012,39.79372852968458
112.11315337194465,36.3576057244868,17.604427656148953,38.805910234182264
111.26369226436286,37.02816565332613,17.55830013237047,37.464790376503615
111.32304702106333,37.321343936490635,17.439590618969547,36.87843381017459
111.33788938412478,34.94826604357404,17.409905892846634,36.57501080294835
112.94977011444394,34.444246625133836,16.696111581654144,35.90973820686487
113.28857162005933,32.643473889068005,16.833015967683803,34.62423929543401
115.04700595206465,33.01964218470383,16.50874660266799,34.670052528911086
115.42317079736596,32.901276742987314,16.549594345805613,34.113605978603886
115.35779536261256,33.01409011827735,16.680345215312407,33.88797922802381
115.944442670089,31.655627630600197,16.2917909488678,34.250683157853295
116.41418529699425,31.264229228446652,16.135588028389744,34.250197628827934
116.70080884931406,30.11188717357703,16.342892645151494,33.432674852961725
119.71288209883994,30.67662796922414,16.496590418472238,32.30319326166751
120.20761680184887,29.378494689297302,16.265476084464876,31.86603953347919
122.9387944013445,29.24383579924595,16.038817304320375,32.13535731358189
123.00567777458132,29.36676513072484,15.905050557846739,31.889498650624112
124.35469967995947,27.565589450324133,16.175295242429716,31.039417268416585
124.88949949586708,27.545893604560494,15.839964960277815,31.078808959943863
127.83231133802249,27.883856669874508,15.057832741692039,32.59009345748371
127.87715748214487,27.19990246528246,14.968140453447285,33.22044909857828
127.66567072606094,26.34273720568895,15.391113965615144,33.44449538835598
128.60326702606216,26.51097386708779,15.02754720590328,33.1080220655583
128.95962081159104,26.96557809247643,15.059391364758824,32.198813614781024
129.00425481994336,26.439788954162196,14.23823826649161,33.25039189140949
128.33180509485018,26.503597537466348,14.850421817282612,32.39005882540583
128.07259569215557,25.59447795850245,14.637827704961245,32.74627214791243
128.45465520101362,28.025259327145804,14.606165525383837,32.2794504394581
128.7777318068548,26.753753027455648,13.960012313701494,33.37221563130813
128.55640496436158,26.99306933013451,13.67311706276627,33.623131961872105
128.25431215651133,25.247441549270405,13.549233457225554,34.20211063863567
127.66061729887869,25.670829166469467,14.002427797079001,33.35533540423755
127.58025971148066,27.473575240520894,14.163142971875052,33.400130273336146
127.31544265536783,25.89056366867586,13.225672503592708,34.365496546264154
127.10706325345329,27.586759832838908,13.64243130742179,33.896099279645966
127.01806674739008,27.268705921456352,13.820424319548222,33.80075229673031
127.00554963338631,28.193469345664475,13.845458547555754,32.68447738359632
126.00426572925457,27.190390283606376,14.412860359412141,31.820303514898328
126.14285064480491,26.858727795187917,14.135690528311468,32.483628491735246
125.91171984397381,26.931586100150636,13.878144907447584,32.33791188180981
126.05751490340268,27.016496045621018,13.586554788589861,32.88124193291769
126.07483478198091,27.29963369590076,13.551915031433401,33.03079823167431
125.98923577143358,27.54554717963807,13.723113052528046,32.53897126419969
126.07083455270575,27.614260754881627,13.55991548998371,31.688231066153946
126.47544956437169,29.178341843296728,13.448811139957026,31.352571582544428
126.40296444673301,28.89345844696543,13.593781375234384,30.53972659465996
127.15981878130293,27.290000907321442,13.444246881461826,28.972032060162345
127.76166706932824,29.47555522837081,12.897238062167844,29.19773771536009
127.63342261044502,28.908362928603673,13.153726979934273,28.381015332560352
127.059585392643,27.719348626889584,13.015386947867881,27.544007766812438
127.0505493415376,28.62023928617254,13.033459050078669,26.999031563872293
126.76306479135891,29.88450909158854,12.987659804821824,26.953565335497203
126.88311353743606,30.926216374535315,12.747562312667522,27.34738356935162
126.89173694899223,30.307663305459666,12.73031548955518,27.34276326985711
126.97377911720295,29.227627198999325,12.566231153133744,27.020857200871724
126.69475020880282,30.00767306411274,12.511347845458943,26.68664771959501
126.83854158000752,30.827438304178337,12.223765103049544,26.868466282708223
126.49517120665692,30.61517021145155,12.305776162979713,26.68827278139078
126.66118641016173,30.516081574214354,11.973745755970107,27.489996686328173
126.9514445919258,30.92304374197286,12.002578192311908,27.28542115068109
126.85537376173716,31.09599808159593,12.194719852689229,27.54640563998808
126.71729027972785,31.066241219219748,12.47088681670784,27.605919364740444
124.53155238121967,30.92351408627527,12.503922229466394,29.130928026131627
124.70185651392782,30.9839157927681,12.805776989451655,29.652587638547512
124.25881785605416,31.745486976506783,13.036509294215799,30.095480304019702
123.96888549830005,31.765687085414452,13.61637400972401,29.38924996163575
123.65191558737334,32.146635801284,13.584544909035682,29.9588903749802
123.66713941517412,31.191080328188033,13.55409725343413,30.523014840153444
123.51372258468791,31.36452401873401,13.860930914406538,30.17612745906149
123.56669149108639,30.643787892161058,13.754993101609575,30.936105382207725
123.11197462596829,30.65942079636597,13.973754610005969,30.904839573797904
122.76277135882151,30.198375549579502,13.978099317492081,31.82693006737084
122.5669637202997,29.759242405113703,14.369714594535699,32.70519635630244
122.03831328248272,30.999309653799045,14.699872430609865,33.13363401717088
121.85117935926533,30.701676034430818,15.074140277044648,32.98973397597365
121.80937807457583,30.412675358366393,15.157742846423636,33.5677353281025
121.83130658224447,30.242426597578984,15.113885831086389,33.90823284967732
121.29147607698226,30.87176788616641,15.435861723523935,33.40723539058931
118.49150762636019,31.093754859122605,15.743420286177074,33.71931549304706
118.48490011270901,32.067702193037434,15.756635313479425,33.303366480300866
118.75172935852149,31.923928173879027,15.983121077940293,32.83077026253186
116.54967882442915,32.54072144706538,15.844083841877207,33.11156315090842
117.22369980263494,32.42386155836719,16.013784158661903,32.586411791706645
116.53000979377117,32.6433755318255,15.892862458794951,32.901534703587274
116.05232238366185,33.31276652020661,16.091582554902917,32.31940745093575
115.61709221790088,34.18097233378142,16.21044948067818,32.8377760410261
115.11115042176063,34.485912925385854,16.461096714443695,32.22789485781723
115.20203764336762,35.60190890299131,16.279322271229702,32.265818135634106
115.03152290896931,35.97780735823851,16.620351740026344,31.514021225139707
114.77278185750161,36.14143603067412,17.137833842961715,31.186763880268487
114.4500360027428,36.423565026143145,17.030391162491608,32.1283746693059
114.7514468092115,36.36148445863471,17.192540935818005,32.25253580432276
114.57455258633892,36.75788143226653,16.776749208272587,32.22932203034972
114.61818399362727,36.87935547927216,16.689486393695894,31.98637393633847
114.18966361079964,37.19037853988905,16.789500319343297,32.878381495120365
113.30340056749495,37.562704071757295,17.018338373404518,32.90557444765797
111.56398709528023,39.79327821551844,17.392416403317736,33.101549531910024
111.00856320279391,39.53635268420485,17.717763114928456,33.615400594537206
110.4508775813553,39.50740189114478,18.034488660401685,34.47194787806133
108.34855880848647,40.285804095678444,18.155723312695812,33.73182404768271
108.1394310575288,40.40263263135504,18.573978814611174,33.498166976329514
108.31089792445644,41.28018411150634,18.231045080755884,34.17777435084837
108.20400894189046,41.0832634944739,18.444823045887837,34.571615584913246
107.87127483362758,42.11894325197442,18.2850997607037,34.975830575041854
105.9548275950322,42.98421238724441,17.97602126769416,34.90208149258199
105.79379897058007,43.54165551501779,18.298078516598423,34.60918679891719
105.35346695316244,43.30790477587064,18.35551570600193,35.07668827721149
105.2971798665738,43.39285947573541,18.468089879179228,35.73786637843483
104.67331142671253,43.69650481570292,18.873090102945458,35.97331235445611
104.4013720172858,44.742814994243055,19.41696892179893,35.587018196452874
104.14328037595594,45.080313533408415,19.07635638856856,35.76881693401224
104.2089038134445,47.25894453248232,18.945109513591476,35.67977517302694
103.77684764677876,47.05823570694001,18.95913940631531,36.08119282411155
102.48948335962659,46.43652206772536,18.10895707212415,37.324620102540855
102.3514096402487,46.44415631403273,18.38510451087993,37.30935160992611
102.69234456494603,46.20657390721103,17.703234661485293,37.784516423569514
102.7460603240768,46.93715055275645,17.595803143223744,37.18276079236613
103.10666394278459,48.59279116674168,16.87459590580816,36.41774729116875
103.39687562212129,49.092135502972255,16.294172547134753,36.244079660252766
104.30350545258892,48.80306930937361,15.293237848815124,36.00988708483442
105.42900175584838,48.66009190127418,14.624813731240405,36.295841901033285
107.34725192924893,48.43443692791901,13.92245165676341,38.31422098390567
106.84491998967995,48.19651785895377,14.127225536978578,38.790059121836144
107.27229377036977,47.861996558588274,14.08287834395695,39.45910172256715
107.13998292763794,48.560517921868836,14.34750002942059,40.51954922906969
107.02390061294514,49.1105012725705,14.579664658806182,41.09780822612094
107.1541561463247,49.54435190030051,15.170738934195775,41.08169231280963
107.03946255987364,49.59451031684705,15.400126107097895,40.981375479716554
106.8552432557298,49.960085222577305,15.768564715385576,40.250225668256036
106.76765192247272,50.79408336267008,15.943747381899716,39.44309620971956
106.90553775470804,51.4417962253362,15.667975717429098,39.00005188755851
106.15169088581165,52.49148808503883,15.493503445994037,39.42391718199501
106.98217459964523,52.93054964561471,15.520665325368894,38.54579406084325
107.86181884449087,54.05895504120524,15.425204737159106,37.95281117114367
107.63537769697616,56.18957448057463,15.878087032188505,36.97825207965083
108.58725605627646,56.50020799379617,15.60559784479528,36.35698505320776
108.83807665575878,56.80260242075771,15.905785883741558,36.55402543719557
108.63042738892236,57.46648809117663,16.32108441741441,36.03623651104323
108.63939092083248,58.388685831270244,17.112936576165268,35.81139947599824
109.04265226282597,59.113180164608096,17.94710703346444,36.00310395060868
108.63601141278026,58.93654901257236,18.76038873355585,36.356366254680154
108.65323621113859,60.83452482131725,18.725939136839212,37.70152045018584
107.68293392794817,60.67289358975864,18.914603680760088,38.02478291330307
107.60659943924404,60.52672761372263,19.067272658168342,38.31711486537508
107.19648382453319,61.102262915868664,18.996614929292615,38.05693321938045
106.91464865433284,61.36481188952022,18.67442757322201,38.41769296854865
107.01295605874972,61.34432680262867,18.477812764388247,38.458663142331744
106.31182895693561,61.63772787173363,18.114613967417757,38.75458750442118
106.3447999913042,61.7628800184886,18.048671898680592,38.50428321091124
106.42976550822469,62.334308407456355,17.878740864839624,39.113250006020465
106.33500576209057,64.08911760077221,18.068260357107846,39.13083122357648
106.51308595235051,64.63718770872612,17.712099976587968,38.034691007668684
106.58895354178333,64.80918071027706,17.560364797722343,37.69070500456678
107.1485613645202,64.73891492190276,17.296685232157223,37.83123658131537
107.20118278932041,64.2078056678921,17.191442382556804,38.89345508933668
107.25865530537948,64.41969771346548,17.076497350438682,39.33620940206734
107.14469233019129,64.2141720417706,17.304423300815053,39.747260745457105
107.17348816948471,63.66321588851006,17.246831622228193,40.849173051978184
106.7913115252366,64.00542142907778,17.11536161288217,41.06058526868499
105.8579086181953,64.5787065579105,17.189076516541462,40.81056046623123
105.69079717878037,65.51374261090007,17.523299395371314,40.72897234043584
105.74425769570554,65.41754107953311,17.41637836152098,40.92137540316974
105.7742113035933,65.28899130604695,17.35647114574544,41.17847495014206
105.71096243965613,65.68615384483466,17.482968873619786,40.38414987256663
105.35013812641812,66.81677779759976,17.311343480906753,39.909450005414605
105.16448172240854,67.86352292886328,17.682656288925898,38.699331754065355
105.01656810732369,71.22543083684863,17.978483519095587,38.954296891116144
104.35646557367727,71.21819975629627,18.417453551225332,38.968759052220854
104.20583607166496,71.58258661268603,18.718712555249926,38.23998533944135
104.50946911914946,72.19103222110037,18.11144646028093,37.023094122612655
104.34445642621552,72.58737336640499,18.441471846148815,37.08580758469459
105.09946882567293,72.92529359822338,18.655515167829073,37.27200118135534
107.60649771205003,74.98816124472461,18.85224217593099,37.488586539066304
107.06043430145458,76.85456290026448,19.069330842547828,36.380897691708796
107.10990281623245,76.54463882413253,18.97039381299208,37.000745843972666
107.22290221567329,76.46469650790192,18.7443950141104,37.16063047643392
107.21604758946492,77.98496514874138,18.75810426652714,37.593572036453345
107.92410288998602,79.21477287928866,18.216940705768163,40.38363881705813
107.70449532779507,80.00202642951018,18.656155830150055,40.62150705444593
107.64355122888014,82.69385500872875,18.778044027979924,39.82457197473552
107.55768441055606,82.70882820995799,18.94977766462808,39.794625572277056
107.28824030970048,83.64643863149387,19.488665866339236,38.82983682411338
107.26524034512812,83.6510755467011,19.534665795483956,38.820562993698914
107.29387920002334,84.76497361374301,19.47738808569352,40.21815184380984
107.36669437395705,86.21594840572875,19.331757737826123,41.019374641763335
108.51096598894293,86.6181225858796,18.913102371533583,42.0849141451409
108.82220309147674,88.70329520392994,19.23373999983993,41.6870162425361
108.62491253649559,88.86354934888956,19.628321109802236,42.30945888476892
108.51359030499104,88.81348391229196,19.850965572811333,42.40958975796413
109.45624213242218,91.42945951827485,19.894176391890213,42.96318196782174
109.45766989478328,94.35255825437123,19.89132086716799,43.9284793502826
109.35072052792724,94.4772096147469,20.105219600880076,43.67917662953128
109.13578508411523,94.39895840929296,20.535090488504096,43.83567904043916
109.63376935883964,95.81692404829991,20.536093808235954,42.99369150078666
109.67519463232202,96.1850199137681,20.453243261271222,42.257499769850284
110.49046260456475,97.2682632736892,19.795239862574107,42.03607814158484
111.11785497259312,100.02868233454927,19.4982990489153,43.22014747665021
112.20328208325678,100.26802249251091,19.267183511136466,43.71133650250121
113.18850092873785,100.28576355994832,19.242609917017173,44.64878641604783
113.00305433986782,102.84732743701304,19.61350309475724,43.46996286747208
113.35182545585076,104.02048467926531,19.891480044382714,44.05020592774159
113.090150272014,104.98264146512543,20.414830412056247,45.09236563807425
113.53068046173706,104.59830386564886,20.546914170855686,45.861040837027375
113.62289119436846,107.32740543654812,20.362492705592892,46.56258008536613
113.5397044623732,107.28511758022704,20.52886616958344,46.647155798008306
113.83268548575603,108.52578397789752,20.98061177257953,46.24123830219085
113.79766921791769,109.41853841322578,21.050644308256214,46.53524546767521
113.7499893432673,109.29259721550386,21.146004057556972,46.787127863119046
113.79224819315016,112.8596493193877,21.061486357791274,47.007145904456486
114.64391841780493,113.16850914280818,20.410444926026795,47.44172527516061
116.51404010349665,115.75252740214003,19.811576635284013,47.509313890898
116.623111411211,115.80994657800913,19.593434019855323,47.3944755391598
116.50255437938749,116.77365247799732,19.834548083502344,46.499029197050305
116.83711215668579,119.70969709586302,20.188738941365724,46.766778436078816
118.16446206793765,121.65699293012224,20.63436177683259,48.039391197511286
118.18541688166862,124.61974753145432,20.592452149370644,48.47225996176117
118.0727824882614,124.67955140245314,20.817720936185083,48.352652219763506
118.11877063800415,126.48553775826153,20.725744636699563,47.9431870782302
117.98898103484656,127.47083879585139,20.985323843014758,47.03253689800522
117.79211561257846,129.93390609066913,21.379054687550965,46.311717694743564
118.37192250402741,130.50207825769544,21.267203637461847,47.27089882630842
118.8961324345894,134.11653301010375,21.278524905728393,46.40043609783528
119.33416965683762,134.27375308488615,21.449743593354363,46.08599594827048
119.99872386769248,138.42761512839786,21.166349510266194,45.09827223159799
119.94954546093085,138.6443638000325,21.264706323789447,44.66477488832872
122.34924374258456,140.15402211559314,21.574208612875772,45.73257733912246
122.46578589925208,139.95059978412772,21.34112429954072,47.18216250966402
121.79994261903482,142.17277774581933,21.613060653843334,49.09630782307238
121.32904521369714,143.6418695214118,21.462552363715332,49.43503357429743
121.01415714370401,143.4664900546244,20.997772026415525,49.785792507872266
120.59443314744419,147.8892564831011,21.83722001893516,48.58013514312346
121.00925778398594,148.90320425662156,21.007570745851677,47.64099795421317
120.73135700809141,150.26870684201225,20.502827886453648,48.091626016993004
120.96311449380349,153.86959300135496,20.039312915029473,47.23880871323308
122.43098617144041,156.6005340608799,19.178821346935404,48.002681955722494
122.40695820208765,156.36275257975308,19.2268772856409,48.47824491797613
122.95619921628791,158.55266132310325,19.169442930523676,48.26261812440898
122.68306991131365,160.3413446358629,19.71570154047219,47.79600862965674
122.70612419470525,161.92556187446758,19.669592973688992,47.74736793508227
125.74799490921635,164.33545314672742,18.777901496750864,48.11963534264661
125.63580523917103,164.0753244243781,19.002280836841493,48.639892787345275
125.56597022909655,166.66770115359316,19.141950856990473,49.691264340405354
125.4571001937399,169.3240710889086,19.359690927703753,51.77725272816416
125.10106889543327,171.86551001776007,20.07175352431702,51.05756992535693
124.6892845210171,172.69733840594802,20.895322273149347,50.48716577393898
124.43014548276048,174.2533676399106,21.4136003496626,49.574547610279666
124.41316222167366,173.8581597328359,21.44756687183625,49.26925149165423
125.40757829643704,177.09057662927572,20.550626148754123,50.447657683887215
126.42019405835333,177.96292709547066,19.618414450404757,51.98201622794704
127.17225084731578,179.03402333311948,19.212693160906433,50.93821604107598
128.34392627472738,179.82969899230957,20.09771587048788,51.49911376563222
128.06099029796658,181.41356368200482,20.66358782400946,51.63157767436625
128.0574148002718,181.23261404522742,20.670738819399045,51.99347694792108
127.57844701361279,183.43134738560988,20.511250873743776,54.30055138099573
128.31407614818679,186.3066005065862,21.33540020996937,56.58397175785058
128.54993711913934,187.75700558211219,20.863678268064227,54.87843751675241
128.08264949798297,188.7579542235857,20.635923198801052,54.038870545381315
127.48450560493986,194.0456063302946,21.832210984887265,51.48690469783801
127.11211028589356,195.93043986160313,22.577001622979846,49.97878710379966
127.68722829929698,197.82096783344775,21.426765596173027,50.68594909769051
127.89400350818275,197.45952596649406,21.01321517840148,51.408832831597934
128.8087633785653,200.85127245611324,20.298805046086365,50.20088789460937
129.88856385748048,204.22602935167833,20.309160101165034,48.87626413575173
129.70728814754696,204.97012141167943,20.671711521032083,48.454141849787014
129.60792084130665,204.84343616802954,20.8704461335127,49.77390151335213
130.51100979940452,207.80459890696739,21.24223211438028,51.474449675197974
129.71105160747075,207.22596225973973,21.72201956026679,53.75185190763432
129.30550107499462,206.59369249090128,22.533120625219063,55.016391445311214
128.53946441510502,208.56464593722288,21.67685845326673,54.65698779026536
127.36897611020333,209.9109258471155,21.67038849290624,53.138151255562065
127.84696926388168,210.9523902876734,21.86613816952929,52.20695835842601
127.99607632318042,211.3936942964042,21.567924050931797,51.32435034096441
128.72287758387,212.09645602139426,21.238064956954112,51.04257031838579
128.82841457464892,211.99838385766498,21.026990975396302,51.23871464584434
129.10217111933702,212.20536599890315,21.59237971169678,51.9376521890447
129.37892199148735,212.078893984466,22.171910989575537,52.190596217919015
129.24145045415668,212.91538765842233,22.446854064236913,51.66456970409445
129.76770298144015,214.56110827618232,22.53855858451201,50.66154761825867
129.86019800522786,214.90483953983795,22.35356853693663,51.10537372776834
130.0066882156925,214.8913229383564,22.060588116007338,51.1324069307314
130.43469152761153,215.54745927327724,21.204581492169293,50.9498205775557
130.91258202178605,215.7865100743932,21.360689921990364,50.4717189753238
130.68255051387354,216.15351027797223,21.82075293781537,50.845470517616874
130.73703075618792,215.9915199396074,21.711792453186593,51.16945119434656
130.7630647664588,215.60660077073527,21.659724432644825,51.939289532090825
130.91238465326924,215.77928392687687,21.361084659023938,51.593923219807635
130.4333327724332,215.81389782744822,21.195223815740764,51.52469541866492
130.15641824664237,216.32446021100748,21.749052867322398,50.50357065154637
129.9083880378077,217.6967819153095,22.245113284991774,49.98909227968832
129.66542107745352,218.38466891194668,22.731047205700097,49.72969138089998
129.6253144183821,218.61857489896948,22.811260523842993,49.26187940685437
129.4696609264199,218.69991259907232,22.006829902067427,49.09920400664866
129.38981401648033,218.89138404965203,22.16652372194655,48.71626110548927
128.93362898887008,219.08249914632822,21.98237981368059,49.43054487562329
128.92831772114883,218.7517632373669,21.9930023491231,50.09201669354592
