134.0,85.0,8.0,19.0
134.51067216719088,85.85638595131644,8.64378195070626,17.28722809736712
134.34907363220435,85.71267957156005,8.96697902067934,16.366687803165462
135.98565772619196,87.57241179372433,8.851232951766843,16.199323242782537
135.93532171360147,87.80702968497931,8.95190497694784,15.73008746027256
137.48210921892232,87.86037947185004,8.938419000358094,16.0083990157876
137.54803954810288,88.53475380178467,8.80655834199695,16.21524670988405
138.77960920312557,88.92224066086334,8.681631481235389,16.99908129124926
138.52240897662486,89.0209980593905,8.796949343261797,17.59973167614499
140.39208458586057,90.79298238983378,9.156361866555343,17.74465038284692
140.33337064074513,90.7284992110354,9.273789756786236,17.873616740443694
140.50983093043192,90.78211320329987,9.342990578668447,17.76638875591472
140.5220072286147,90.24053174038895,9.318637982302818,18.84955168173657
140.7643331641341,90.49967457859742,9.2711854252128,19.642863947165864
142.35271039949072,90.81698506669622,9.678078019723063,19.904154737274155
142.21851567005172,90.77221510639532,9.946467478601033,20.452545204163187
142.3534694932036,92.11624117781643,9.676559832297272,21.536676066479043
142.37701502665377,92.2551844727099,9.629468765396972,21.741383914375454
144.64471599749223,92.57302268775719,9.9414321113332,22.07518054180351
144.59518845350834,92.91390951848983,10.040487199300992,21.393406880338237
146.99505754829465,92.87810362751712,9.622701172503398,21.465018662283647
147.00308046903453,93.35665379500068,9.60665533102368,20.988526525823602
147.02657526054455,93.74694572278466,9.559665748003649,20.68134809125923
148.6843241760543,93.29511680542426,9.520977283318164,20.648774678455982
148.02881706252157,94.68443974519738,9.431096985352657,20.671917848971788
149.36606965399542,95.7753637605496,9.085227942937134,20.352978730693113
149.69110808402777,96.0208872981803,8.890175856072842,20.316956428632125
149.3061271494409,95.50559284650035,8.75800022715936,19.994339084861117
150.97381433805847,95.55004574619625,8.975143155101982,19.46136862232208
151.05881789453326,96.04713751070692,9.245277315199337,18.90732636634769
154.23706376988952,97.60802478428107,9.003588996623591,18.842953535267753
153.8601659116787,97.87743530471133,8.894124419433133,18.735762641213288
154.85365679956124,99.88500093931091,9.047942866779866,18.14591172899295
154.656529389328,100.33238306475236,9.01998228167679,17.67336288367961
156.16936426980212,100.17386267499808,8.897973964716194,17.575594885475667
156.17225876285488,101.07053453767958,8.892184978610675,17.427328335229454
157.7523243789733,100.72535410260625,8.595023611906953,18.117689205376095
157.90060975338648,100.61884930283297,8.298452863080618,17.916762542644655
159.35065469796294,103.37556051478018,8.645017842443483,17.679154280088444
159.4462670394419,103.37589174646837,8.862198289821873,17.678491816712064
159.353583560645,103.6368952910293,9.047565247415665,17.56864307721189
161.0952305579219,104.25518593422859,8.874255084614193,17.57330572772041
161.1046238910379,104.19133424840965,8.85546841838218,17.701009099358306
161.61330530938417,104.90048699618401,8.662848860694206,18.344561801320967
162.26665558558483,104.9134352003392,8.611425178453002,18.318665393010605
163.6462133590683,105.85699852639723,8.772367339953053,18.100143145732833
163.8074448247629,106.51487092505901,8.86667122563117,17.617931982543944
163.8529001317117,106.58901933363967,8.775760611733642,17.46963516538264
165.49049042004128,108.79156732042051,8.761418860790524,17.548192577180576
165.7576741842853,109.37370373823667,8.635558367280996,17.200933811505298
168.1345656121575,109.59474789603618,8.696717524828554,17.160090663680606
168.31127480634743,110.31903313059092,8.745002792933919,16.514927507541536
169.97488971514215,110.69117062796231,8.562263046753298,16.55677503065099
169.97265990381717,110.74802262865586,8.566722669403235,16.443071029263887
172.9105562472307,112.46714636080044,8.525052333004169,16.505296975231484
172.92779210185364,112.613701366767,8.490580623758277,16.60132503111603
172.92883069103775,112.78119244235025,8.488503445390066,16.656295967097396
174.5301270322803,112.21248124313031,8.411698441715657,17.01227144583462
175.06277029804198,112.79766546159364,8.530237854210238,16.631120304919904
176.65903083235364,112.68405147556646,8.85738306444435,16.85834827697425
177.32026158324993,113.46067470695856,9.13508892613608,16.905269177674345
179.0273800221903,115.09141318745952,8.964809112576352,16.887749280993468
178.46112977173877,115.13168482763697,8.890353338779303,16.40488724240517
181.15034518103585,116.08289518318468,9.026960937685914,16.866054424524386
180.12299994778846,116.08694867305564,9.06632572581185,16.857947444782425
180.13338506313013,116.11886083274166,9.04555549512849,16.7941231254104
183.08282327354303,117.04998996732989,9.58386494253292,16.138837206527096
183.3300046445438,117.50481381067823,9.893062688608456,16.032750007907502
185.28302908488348,118.92611559551742,9.63568792324134,16.02800408347202
185.52300846761878,118.32348141036304,9.556735289301836,16.030254059187467
187.6374038536584,119.74859027304768,9.325021422389556,16.37769785795173
187.6262501389233,119.74763756336804,9.748268512364138,16.379603277311013
189.49678241510722,121.04562629663522,10.088563998004307,16.640577837382303
189.1402151367418,120.9521987476513,10.383940706312151,16.827432935350135
189.15051413742788,120.73988787746379,10.363342704940006,16.826543212230824
192.59749195625017,121.06075932372401,10.271821120020466,17.035104576301002
192.92214552803992,121.1796601901232,10.475954241137838,17.224022975851014
194.69294722994744,122.7284665778546,10.398126563522428,17.157213960812857
194.72001758109317,122.75757205868436,10.343985861230989,17.09900299915337
196.57631339977564,124.36886509935154,10.06249402288289,16.878629241958745
196.85999573940603,124.39549203753441,9.915990645404118,16.825375365593
198.52293153117853,124.76632313765222,9.930877840005715,16.918902859894033
199.65284688080214,125.84553397405949,9.767225785161411,16.856659831482418
200.55852261874432,127.52593212268364,9.618038582526182,16.82019208073242
201.27808987033086,127.25449256669029,9.416313666602122,16.950601330302774
201.48928618091657,127.18205445487202,9.404888198097966,17.095477553939332
203.05644147370808,127.24770529883756,9.573871951323403,17.3770876583593
203.220834804707,127.95662902119147,9.66503886934596,17.639054533733145
204.830183720175,129.11524255157033,9.84935568872884,17.874088460714592
204.69267835677454,128.63686760418037,9.69237340567205,17.966852335779155
206.20902434206312,129.2241344642235,10.105105470415758,18.515030633353263
206.6098180772529,129.83301096157152,9.749337645881244,18.634736576192466
209.7258468520675,130.42626312862012,10.13953931657987,18.33120013813889
209.4673463089131,130.7123024439681,10.212846168129396,18.202815742202226
209.42261628723008,131.3860688190039,10.302306211495402,18.184421463330462
210.86259466103277,132.222566575242,10.532421190908089,18.732905755867115
210.75038536875732,131.8011312897716,10.756839775459035,19.119450823084414
212.3678546010342,133.71500357955793,10.782936574391172,19.01860368749566
212.14872211377357,133.93381817919902,10.75638772187885,18.580974488213513
214.05375142292834,134.107181125622,10.60936273355781,18.692127799116136
214.15338662632774,134.18285078604706,10.410092326758985,18.997819190877138
215.70969793251234,135.56305667461243,10.96269783153575,19.44448201624911
215.52302615532122,135.32552655024446,11.336041385918021,19.44536921431871
215.82357899676845,135.32357852465182,11.215458425375774,19.449265265503964
219.55630795363177,137.80461247165084,10.928057724221198,19.272568846553924
218.1858737606132,138.30346953137553,10.842686402592811,19.216934629659754
220.14675465466624,139.50904763342717,10.67104392078885,19.618367905283073
220.20632946903828,138.7821315712103,10.551894292044771,19.656898465373537
221.9030205257047,139.3336246152447,10.920879278207561,19.96480003961561
222.43558076393873,139.9670403928464,10.818053505440542,19.660263188113287
224.19722434537678,140.5541202720949,10.619044843746014,19.910794215836916
224.04547050557997,140.2919549841086,10.44736707731771,19.95993934578766
226.2375271553927,140.55201794372465,10.31990165821496,19.91277430216914
226.47610095271773,140.50138841960973,10.312829214723106,20.014033350399004
228.89025652851277,142.32706914708754,10.67035752136748,20.605631452180653
228.75643638784737,142.30017912351838,10.937997802698266,20.659411499319006
228.7723780008816,142.02807243557092,10.906114576629806,20.711950801499192
230.7061078628165,144.16606685362498,10.973850055726452,20.86305656872838
230.8069108200889,143.51070881718488,10.77224414118173,20.687918063009654
232.48720008476334,145.49005006988943,10.836379896621668,20.643194740216373
232.74015242643227,145.52211054874067,10.820165618444534,20.579073782513866
234.66751571469547,147.65432311463206,10.384722741407156,20.222401450147075
234.71908886377724,147.54272213601126,10.281576443243573,19.969866591301813
236.55291347934704,148.41480018231692,10.375952965902965,20.576976594814873
236.28743956019022,147.7080936275351,10.426116567830839,21.02882123160698
238.26286942166712,149.66935401887181,11.357930836801803,20.52417224328091
238.33961203557047,150.0431830206372,11.701311226748196,19.776514239750135
238.52150567194641,150.37912407940837,11.829142910487587,19.104632122207803
240.25637191190643,151.767592362435,11.745771763422443,20.197822793702997
240.31039125989523,151.8476773176306,11.637733067444852,20.536279913032935
242.38144318511124,153.15595251024857,11.510103276033194,20.930585072062264
242.11525949357667,152.8595421393716,11.537007445802892,21.523405813816204
244.39141976941056,155.46166163717098,11.61666377539984,21.46580779740053
244.2454596475865,155.26893218310437,11.393404668960837,21.33608735544661
246.35508312094154,158.29233622484045,11.759159662202453,21.402615191910115
246.1642178809433,158.31636170063774,12.140890142198938,21.354564240315554
246.31037179115813,157.557219432885,12.371056943257926,21.30542491135506
248.6093715664315,159.30230096524713,11.978270748069631,21.494823532569463
248.72613042037213,158.79697302970115,11.744753040188359,21.46191504542727
250.62045407003797,159.43558063185776,11.57728923264504,21.73663562330907
250.55526141890144,160.15895054469047,11.707674534918123,21.845378110090977
252.5287147547852,161.61265260288536,11.939409466960358,22.07195519655846
252.32721539744267,162.06851180222262,12.34240818164538,21.689873277747363
254.45428398506803,163.63334732179572,12.335178287106324,22.276246109223873
254.11249956684188,163.25686872075326,12.479335206937238,22.489791394687412
254.42680602958234,162.6065137847338,12.395746955982197,22.70045191767477
256.7764475535423,164.7380340902643,11.523417843169735,23.35778065175185
256.40394282340566,165.1262569005441,11.185729821522388,23.664032513112808
258.39811331272733,165.91646269859228,11.51697516791705,24.24341407953547
258.2615548503947,165.54203978171168,11.790092092582348,24.438091433705445
260.1448730198673,167.61007698913977,11.955797151211641,24.23435841642372
259.75157255602056,167.23297551842597,12.180734740173001,24.4268980191192
259.90676430505573,167.2333681049864,12.438727925894371,24.42611284599839
261.9476148709719,168.65484081309722,12.36679583867262,25.020112325157278
261.67066365768045,168.43270956674257,12.340419246822599,24.884095799433762
263.87537164384156,171.21445165032586,12.55366157061625,24.521102215397477
266.8575619359728,172.64692907415022,12.927481538398784,24.537147618678326
266.7806650703998,171.89081229035304,13.081275269544847,24.883642857857964
267.0862554045227,171.87743110978465,13.060700591038518,24.910405218994747
269.08107531431705,174.51866258100247,12.614936003373877,24.35310925245777
269.0685578571995,173.23258600935478,12.63997091760895,24.62610140638022
271.5347088058843,175.65153796764716,12.341498111531088,24.42202658108721
271.6383936036894,175.57296526824751,12.134128515920876,24.57917197988651
275.0607829581209,177.99223720978208,12.126918008168236,24.299006897557675
275.012829629575,178.0802677293272,12.222824665260099,24.12294585846739
274.9644510328268,178.15236960284147,12.319581858756507,23.978742111438855
276.26366252397924,179.23745609710895,13.106400923359192,24.629604161993544
276.15317793553527,179.25382742227902,13.327370100247135,24.596861511653405
278.3537909309482,181.2610432241333,13.650968421595806,24.716651181097617
278.57174179294293,181.16845713798807,13.215066697606371,24.90182335338806
281.2649894819967,182.80803297959488,13.167105943745902,25.181694753005736
281.59388646970814,183.0352361619483,13.105774337530786,25.32375075750666
281.64382338861043,182.997451139452,13.005900499726152,25.399320802499247
284.0153999772915,185.63001267526624,13.037802777144673,24.909253185651302
284.0564817423208,185.84731572602138,12.955639247086138,24.474647084141072
287.9139918610438,189.02213378423727,13.977118934219517,23.94934425076228
287.9546236851107,189.35068833738734,13.89585528608588,23.884318257812378
290.16705372017185,191.541827549172,14.188931635915328,24.21997625419481
290.1397132983054,192.06256934462058,14.24361247964812,23.77817818678667
292.27967714191766,193.9006243693369,14.121986709694125,24.260370054624527
291.8916380435543,192.92795944391088,14.298913128992709,25.007396350620112
291.87297349965155,192.8617993788369,14.336242216798105,25.139716480768058
294.23050398754077,195.38750743769776,14.547749546889234,25.630689707149592
294.10666708785357,195.15676506088695,14.79542334626363,25.46549004270533
296.33269505444105,197.474307441519,15.370878760930776,25.229477710802975
301.3194190595124,200.095485908642,14.9171185811882,25.064287619437152
301.1636633492814,201.0493664828975,15.228630001650242,24.40560314176598
300.8244181280187,201.07326150503755,15.287156179704471,24.357813097485916
303.6780724914052,202.51846394347595,15.161930540843086,25.18879694588356
303.58207008956725,202.53365068324675,15.35393534451891,25.15842346634195
