209.0,155.0,100.0,63.0
204.79872558366174,156.01920501384888,95.65083619427573,60.96158997230222
196.53689252516577,155.81585870645546,90.1140119014011,61.36828258708908
189.24232717003392,156.33623881248272,85.70485680627182,60.32752237503457
182.31782662816255,157.34702495624683,83.516683786181,58.305950087506325
177.2871106803071,158.1206642926292,82.45517607433108,56.75867141474163
173.8637692881523,158.6830393180846,80.56991004379123,55.63392136383078
167.74745645294308,159.28011692311048,79.98691597174765,54.439766153779004
165.73119810774293,159.3250126246169,77.69730273874364,54.34997475076621
163.4756248031388,159.92466437056572,75.99442135853839,53.15067125886858
158.5682540471804,160.406503114349,73.65429548131911,52.186993771302014
157.2632553749613,159.56763365627694,70.34070119699822,51.89020214452645
157.94511900016875,159.85554491290418,68.97697394658331,51.314379631271976
157.24247866767158,160.11827402207877,66.6037747126715,50.78892141292275
152.33788727194883,159.6867787097067,63.50142155381258,49.80740690190912
151.74137376030657,160.24111558892764,61.13218828294259,48.69873314346722
149.53558516240454,160.49356725460203,58.63637407911444,48.193829812118466
149.3456315667819,161.00103540428665,57.33592640283595,47.17889351274921
146.91839441157882,161.33691151145743,55.61456694907868,46.50714129840766
147.12128918281044,161.78789506979817,53.602161180765606,45.60517418172618
146.90487639303842,162.29658224830078,52.473935986393215,44.58779982472094
146.50878697026891,162.88235519814802,51.73884537543395,43.41625392502645
145.6553064475634,163.5898429197358,50.45166262699739,42.00127848185095
144.92597636734058,163.49437512937058,49.00146159412354,42.19221406258134
143.43406516332274,163.73202615828512,50.550164326556576,40.281792329149596
142.18509107785212,163.54963581553642,50.191837278829496,40.646573014647025
141.7382020810722,163.84216087954923,49.65706492473889,40.06152288662142
141.50989044127957,164.23263160457225,48.7028186971231,39.28058143657533
141.51355050305,164.64923204799524,48.695498573582285,38.44738054972935
141.90886189885273,164.8249846430787,47.9048757819768,38.09587535956247
141.37538030267282,165.0641772146244,47.619700566090536,37.61749021647102
142.02780124607833,164.7472711735356,46.31485867927953,36.91129678902047
142.59770552372856,164.8840402671353,45.17505012397909,36.6377586018211
142.74320972501522,164.49888622453287,44.88404172140575,36.12143089320699
142.77011429947888,164.5417860767076,44.83023257247846,36.03563118885751
143.0773330684065,164.5641285048799,44.21579503462322,35.990946332512905
144.2333147993881,164.21054781575032,44.42670540657695,35.436670793813605
145.77872170193882,164.24969634860474,42.59158888409632,35.35837372810478
145.92522685562298,164.55554401152278,42.298578576728,34.7466784022687
147.0441967336457,164.6734403241102,42.48434504504454,34.51088577709387
147.782698773682,165.00063159715518,42.21823777249716,33.856503231003906
148.5929795349801,164.73497915775758,41.7938930908783,34.38780810979912
151.65289113591248,164.84016550975164,41.66553832797506,34.177435405810954
152.17735699266956,164.697736389644,41.80952792556901,34.462293646026225
153.39319744505113,164.27340042156914,41.7773210580664,34.11122856354572
154.06000369010314,164.01883764394836,41.63727843177941,33.42678425497024
156.14136377305405,164.34101938763044,41.01558444619377,32.782420767606084
158.68478613615096,164.17242105283975,40.57019488166184,33.11961743718745
159.46891334096225,164.27802826294896,41.31991176698596,32.90840301696901
159.9498031093881,163.81421630916117,41.52520420815149,32.66895494652741
160.3785223434132,163.922936076879,40.66776574010131,32.45151541109171
160.12137485463805,163.79568131051371,41.182060717651595,32.706024943822285
161.44899841994663,163.44871823100385,42.01184248440629,32.23827480371805
163.45968411687022,163.49277325387723,42.65750293424867,32.15016475797131
163.36489168167742,163.51492115423548,42.84708780463428,32.10586895725483
164.65518995168935,162.9060418399543,42.62114634600023,33.32362758581717
168.45196824807886,163.16955208850402,43.38375538049266,32.79660708871771
168.09537081587166,162.6487072533412,42.90015935344147,32.64150586757781
169.4543244451233,162.3975924457043,43.7429129661957,33.143735482851596
169.73784021976127,162.32436188364503,43.17588141691979,33.29019660697016
169.29761688448912,162.67311910544743,45.25799983073016,32.59268216336532
171.285344940754,163.53423759198523,46.17027245659652,32.092377374888784
170.8835127955777,162.89646628039006,44.518961458812626,32.140432354010876
169.11157135250016,163.09905814923468,44.45296402775061,31.735248616321677
172.24018764316898,162.92410755132656,42.97824394149054,32.085149812137914
173.1151220832772,162.8064113413997,41.228375061274065,32.32054223199161
174.72723595298766,162.54096202043607,39.160272283705666,32.85144087391889
178.59571624896822,162.4515169493399,37.08808268788312,34.16328521533895
179.0952621770855,160.88531818460518,37.21082325402013,33.9301854776937
180.99502468488242,161.1760009880806,36.77139724141537,33.348819870742844
183.7367563670969,161.48181542126667,37.9114928007593,32.737191004370686
182.78482744788988,161.66336251808158,38.70351918639009,32.374096810740866
181.3737496261133,161.85644692345892,40.40745235593445,31.98792799998617
179.86605625485268,161.94915690354188,42.28468352797399,31.802508039820268
178.29730025310505,161.74560234920958,45.42219553146926,32.209617148484895
176.96928743121467,161.1962400864694,48.07822117524999,32.0902281005212
175.47749567433146,161.49051554354045,49.8056016508114,31.501677186379098
176.7019343376309,161.8706102306836,48.62901666557888,30.741487812092785
176.08277282421307,161.11273102177154,48.62537140474276,29.773309654573378
175.21842118522315,161.64832237873927,49.128405974749015,29.927795648611486
170.69018575990413,161.98452640148153,52.006048237186874,29.255387603126948
172.5633041447912,162.1955305334512,53.32824060353556,28.833379339187616
168.5045931996376,160.78274272528364,55.048523938144314,29.100099533243373
173.34778736322664,161.73780371624943,53.2181115347215,29.80863619256354
178.06379327681034,161.78344987284987,50.2583490457824,29.717343879362634
169.03548820133398,161.72729551434205,52.0775536800014,29.829652596378327
163.9344675820434,162.48528061917426,50.77825968797647,30.869534660181923
163.11736286300933,163.56877132998054,49.860068719673,31.25495364494093
161.25675480598682,163.51746230421895,47.23641619608125,32.626545423991416
158.90191183363274,164.11670005311453,43.179216750061826,33.932894323551075
159.79936861437824,164.1856806032559,40.172123686885755,33.79493322326837
158.64585043883034,164.29281109518558,37.82414917397126,33.580672239408926
158.04833981287965,164.60586164703977,36.771192739198455,32.954571135700604
158.4873704678957,165.65343787437598,36.99076363216189,29.761786478032683
157.8817321751028,166.54198190440113,36.1026820954157,26.93501935681639
158.9480231680571,167.47985415574576,33.970100109507115,25.059274854127104
158.3543299418836,167.5194827752968,31.449707523415206,24.053072855415294
162.06543459500688,167.1793986339956,29.26020010364877,22.989007175857694
158.99676580825897,167.64424668329573,28.00548544483577,22.059311077257426
162.24187797550874,168.05018120234294,26.23744446310348,21.247442039162987
161.2363379743197,168.21518620595313,25.261482342594785,20.170671501220887
162.5113312691145,168.40558920382725,24.140182137173838,19.789865505472687
162.91892143524763,168.09178215855363,23.32500180490757,19.726516382554443
165.33592141118683,168.8762801981643,21.87792343386444,20.1896732518343
163.07109502780185,168.8936157487501,21.77113703033563,20.155002150662643
164.039147385661,169.16237059699927,21.815426863055414,20.277623970310344
162.91642047770696,168.9028662327792,22.072564414464996,20.7966326987505
164.68226241760112,168.20851015524784,22.591064772199452,20.160252735051834
164.44323704852164,168.24623708296275,22.396138546320042,20.084798879621985
157.7458012880895,168.54957343447725,21.7473957090301,20.146869717457484
159.8252941045632,168.5519364899599,20.886569243745136,20.801775440024695
158.0874510130485,169.17825576833195,21.079710298820693,20.20564590887137
158.4366980218741,170.02129625204475,21.681469604277588,19.16969160299974
158.1511925616551,169.4938414302509,22.895501811628677,18.93855867276117
159.8232641237999,169.4126207771886,23.499760267001516,19.100999978885802
