205.0,170.0,44.0,46.0
204.34730311771335,170.4961536620649,45.305393764573324,46.424928018751615
202.90085111009648,171.43222881048166,45.30920758042623,45.99732282160848
200.65272392906428,171.63111427872576,44.05391030988325,45.59955188512024
200.73488330537282,171.72530999553646,43.88959155726613,45.41116045149883
200.96789406819033,171.6991285678582,43.42357003163116,45.463523306855414
200.361206659439,172.4115925545197,43.237240265736936,44.03859533353238
199.72551920516895,172.40773438433683,43.1342070506153,44.04631167389813
196.98779740651236,172.74162070979384,41.74513679889603,43.378539022984086
197.65675933029564,172.07827568203405,40.40721295132944,43.364760450178736
196.75410410135373,172.51252961689536,39.5744471744112,42.4962525804561
195.96936948487425,172.1824256213763,39.85166922159299,41.86421338571703
195.3663772300897,172.0955659522619,39.7708870128092,40.75116600559295
195.42377939562897,172.3383200563321,39.65608268173066,40.265657797452526
194.43227958240456,172.3626617156552,39.12188044008651,40.21697447880632
194.40160739228662,172.43067826376682,39.18322482032238,40.08094138258307
194.76021800586426,172.3243872424466,38.46600359316713,40.293523425223555
194.85128826148326,171.93154284244702,37.04363904782181,41.07921222522269
194.20714143518092,172.11111647488423,37.10206200991249,40.72006496034831
191.77181126575994,172.39017176607766,37.07186573736204,40.161954377961436
191.72325151318222,172.55828876463508,37.16898524251749,39.82572038084658
191.23502078891505,172.8571032380557,36.93311211155223,39.22809143400529
190.74868261766082,172.9779069956692,36.70653556151664,38.98648391877833
190.1246792451734,173.23314303946785,35.5707805834367,38.47601183118107
190.09947257476472,173.56179632973746,35.621193924254115,37.8187052506418
189.82275229964162,173.696304911181,35.01823007586138,37.549688087754774
189.93668732741978,173.54400250021143,34.79036002030506,36.71166489541482
189.67966718574914,173.570243241895,34.178485795157926,36.65918341204765
189.67620507681477,173.58488106984885,34.185410013026654,36.62990775613996
189.68544305359302,173.58427758064926,34.166934059470194,36.631114734539146
189.63749546782654,173.875864717303,34.262829231003145,36.04794046123166
188.8833428424359,173.40072742768564,34.66396748621589,35.89104804489786
188.68742466820933,172.96820702810638,33.94474323885449,35.64502824824182
188.78878437117592,172.9230329967994,33.742023832921305,35.73537631085574
188.16351789942078,173.12792441511763,33.89853707641372,35.325593474219325
188.20811596386687,172.66825443790069,33.80934094752158,35.15484755299088
188.3494126292402,172.81870582170092,33.5267476167749,34.853944785390404
188.82267866147942,173.50569810692852,32.580215552296465,34.55677080373948
188.95964971525902,173.62957435005444,32.30627344473727,34.30901831748763
188.9288151631761,173.6718979333587,32.36794254890309,34.22437115087912
188.484793803352,173.7323362864445,32.20738929520968,34.10349444470751
188.5503609474077,173.35525465326282,32.076255007098254,33.813498558350226
188.67596798561928,173.29556975428477,31.825040930675144,33.932868356306315
188.93983337829437,173.28177422193392,31.297310145324943,33.96045942100798
188.33590720543233,173.51386346450366,31.47769504435187,33.49628093586855
188.40324634820044,173.67441470480725,31.343016758815672,33.17517845526132
188.5303201729048,173.93836371848948,31.08886910940695,32.647280427896845
188.73352779228097,173.61014903814916,30.682453870654612,32.30006591024973
188.50296220210691,173.94435810004202,31.14358505100272,31.631647786464008
188.5700013078434,174.23937495870027,31.00950683952975,31.04161406914751
188.99676767652844,174.2761338465629,31.133157075892214,30.968096293422178
189.15344390367457,174.15033935806798,30.819804621599943,31.21968527041208
189.06785933003678,174.1243536903624,30.990973768875506,31.271656605823217
189.16232658894532,174.1371513245966,30.80203925105844,31.24606133735481
188.971780243357,174.3585164536445,31.1831319422351,30.80333107925901
189.18702230257068,174.1686865256469,31.728808014883548,31.18299093525423
189.36482669540376,174.5559826177598,31.373199229217406,30.4083987510284
189.42909362823252,174.7231951561494,31.244665363559868,30.073973674249242
190.6978973651132,174.48810931997753,30.63826561034756,30.54414534659297
190.98493968116915,174.54333502893525,30.064180978235633,30.433693928677542
191.7888242083057,173.99675345342771,29.409129920644098,30.57413908301107
191.95950870464736,173.89249294436303,29.06776092796077,30.782660101140415
192.59038178539328,174.03259187560258,28.748444350248896,30.50246223866134
192.49428024708573,174.29087837428196,28.94064742686403,29.985889241302555
194.49583211374323,174.28292342319605,27.721365066166214,30.00179914347441
194.42700625648916,174.35687340687005,27.859016780674352,29.85389917612639
194.58303431448005,173.94031106480017,27.546960664692612,29.778294789067346
195.24814600639962,174.13719976819948,27.119326223227112,29.384517382268704
195.37066807188867,174.42813386648947,27.76392762399825,28.802649185688743
195.54079487868657,174.96777533275386,27.423674010402472,28.61414093864037
195.85472498857493,174.94809399309474,27.67824928001215,28.653503617958613
196.52413254076998,175.28607687686755,27.226515157095697,27.97753785041302
197.12371853678167,175.47753805115303,26.896678217562812,27.594615501842025
197.22128956429856,175.69805200854924,26.701536162529006,27.15358758704965
197.58214244718437,175.71064098808537,26.82793511237054,27.128409627977348
200.23802705944152,174.98584798331342,26.614383422780243,27.728292715033927
198.998172834812,174.87373766445035,26.52685618858661,27.952513352760107
201.12566913084405,175.19849444224445,26.561210516440774,27.30299979717188
200.79735635117484,175.62622611539877,26.369600904794897,27.295771621847592
201.7522411964457,175.75216379540998,26.1500162371846,27.043896261825125
201.80203780814318,175.77742171496737,26.050423013789647,26.99338042271036
201.79310479533893,176.18004783623374,26.068289039398152,26.18812818017762
201.8054056304772,176.2885129597227,26.04368736912162,25.97119793319969
202.16871248061375,175.85135510605335,26.136205521988703,26.026381787398222
203.08721549638483,175.44203132341624,25.942114715843488,26.023571739973995
202.98977126010385,175.58641834068573,26.137003188405473,25.734797705435042
203.23887988438864,175.6732341368496,26.455658554999843,25.561166113107305
203.2013431095743,175.5473804689167,26.530732104628505,25.812873448973058
206.21488092734342,176.08043015526465,26.27368205063594,25.571063445069406
205.31722192060056,176.28956514497875,26.436132183347183,25.15279346564121
205.45124154895473,176.52136614676627,26.168092926638828,24.68919146206614
206.88498081006105,176.62318335176138,26.503884224951985,24.48555705207594
206.40865193856922,176.422985871246,26.65371592370947,24.885952013106717
206.70399468672935,176.1122447995461,26.874559376868277,24.695905207027494
207.48686221646662,176.23728508194165,26.120776417052227,24.44582464223633
208.02647091860212,176.32610047920602,25.837774217716742,24.268193847707586
208.14946112149823,176.8133443962571,25.591793811924493,24.082679584590636
210.0774453665428,176.60118407473965,25.64674990376208,23.724815311240178
209.9498714422358,177.05459201637476,25.901897752376122,23.595357100467808
210.65905707317677,176.4986249918828,25.262799208803727,23.928018431142245
211.21919099565775,176.62551281663255,24.917118608927368,23.674242781642718
213.82419411976528,176.72025165079674,24.298046605517797,23.484765113314324
213.91553838246236,176.86747621154916,24.11535808012363,23.190315991809477
214.22588855519604,176.69368716675888,24.239593371159046,23.53789408139002
213.98983017762393,176.2226154910981,24.71171012630328,23.72765634264998
215.19916428377184,176.35729872617497,24.58139785900579,23.45828987249628
215.18076123798062,176.09666611297695,24.618203950588196,23.22307627194157
215.10026812387298,176.55244945419332,24.77919017880352,23.064835486122625
215.631568652887,176.23797717149972,24.4699174108556,22.94045176142967
216.0793265358879,176.02582736385554,24.320924497956828,23.364751376717983
216.58794353161917,176.40986154411033,24.80552607237702,23.34760079914982
217.04675210590182,176.55724407576557,24.646138984933444,23.052835735839302
219.4116201577653,176.84892416694808,24.42276397331117,22.46947555347429
219.53352091811755,176.8819312815467,24.178962452606683,22.403461324277025
219.71349910532368,177.01680223332704,24.55245432698316,22.133719420716403
220.3952453089076,176.92201211545074,24.65889915691021,22.323299656468983
221.2016422171101,176.2903642242292,24.525402443770904,22.846946887279206
221.1816743619724,176.31922948970225,24.56533815404636,22.78921635633311
222.51044415998246,176.33884049373722,24.144628164896744,22.749994348263137
222.57222072369686,176.72177578718518,24.02107503746794,22.7225401034285
222.60310307451294,176.81670493095766,23.959310335835774,22.532681815883592
222.77730478925272,176.79301893124068,23.610906906356185,22.580053815317516
222.77093346209895,176.82989614980684,23.623649560663733,22.50629937818517
223.67147986059825,176.86094788632204,23.27536198528277,22.444195905154803
225.35076105003256,176.8676499356408,23.516616067964243,21.710828514207286
225.3114798650671,176.85182746341343,23.59517843789518,21.742473458661983
225.29877839431978,176.91003579023428,23.620581379389844,21.62605680502031
226.9482667233782,176.84432248358237,23.88346666837793,21.75748341832409
227.27924514069343,177.1695695097988,23.940069986633485,21.825549518777294
227.22185133000292,176.91543192213868,24.775383681404314,21.6132986207077
227.41644310797,176.91864250510093,25.11630613377991,21.606877454783202
229.539828260772,177.05360390665103,25.28121038006659,21.336954651683037
229.4295655924394,177.2073439954784,24.768248597816125,21.029474474028305
230.10793771409345,176.99691388789472,24.1321272604568,21.450334689195635
230.3105371739518,176.95133277041748,23.726928340740137,21.541496924150152
231.21176477994652,177.12959618763162,22.6371539954907,21.18497008972182
231.4781923753735,177.29200752306966,22.104298804636677,20.860147418845777
231.4550705455717,177.37115337014205,22.150542464240324,20.70185572470097
232.18766279495372,177.34819145259507,21.360102467604605,20.747779559794935
232.31005740621433,177.48348632711478,21.115313245083357,20.477189810755558
234.67366685842944,177.88831205807796,20.972959770342477,20.322519124499102
234.37102017982195,177.8343175419237,20.92795079295268,20.43050815680761
234.87111150824845,177.83552837150376,21.230373208963183,19.77678396121577
234.70150093755709,178.09017171267078,21.569594350345877,19.26749727888172
234.73982543371272,178.2755120511481,22.135793649024333,18.89681660192706
234.90491685749473,178.36824963967752,22.451290148593145,18.71134142486825
234.8843644865964,178.09745815990013,23.13995605837909,18.605363216433698
234.647340848616,178.1390973511068,23.614003334339884,18.522084834020347
234.56565821195124,178.15615524883367,23.777368607669423,18.487969038566636
236.32390782498874,179.08263040268295,23.58232702944146,18.627893319576263
236.28601403435675,179.20822959541383,22.994532458197522,18.376694934114546
237.33367814816813,179.02723147571692,21.549704183783312,18.738691173508382
238.0624116948179,178.95410621306166,20.726313807754696,18.884941698818857
238.6526298716121,178.87455034511683,20.169508230371093,18.420422658503774
238.9651323482342,179.00301637328852,20.152062646740976,18.163490602160408
240.88243223693098,178.7802730472184,19.936610924344016,18.00578591180119
241.0870576874704,178.77855667914898,19.52736002326516,18.009218647940045
241.71100123510715,178.0581067967849,19.4614856165608,18.26810572409903
241.71935216528124,178.01748799772815,19.444783756212615,18.349343322212547
241.76814605852954,177.75221256319534,19.347195969716047,18.284773592328072
242.20217905744315,178.20774401371992,19.664270762397184,18.55885148178725
242.23049302283007,178.5319298741564,20.209518830375558,18.512355759666548
242.73575097710653,178.29719083319623,19.808649775880347,18.372186987529183
244.4996554521018,177.97769648479252,19.887840579952588,18.410009058659437
244.67253352795862,177.67392362366263,20.145087903565226,18.414551305592887
244.37113477942597,177.63363908810265,20.140799892147555,18.495120376712833
244.7005615292871,177.45595503702722,19.481946392425286,18.85048847886375
245.96244075574506,177.152598091806,19.37274759825423,18.853562454620004
246.25912404912637,177.28406663404817,18.779381011491612,18.59062537013562
246.75909408350486,177.23842671339168,18.367943103459176,18.681905211448598
247.33962877188293,177.2582585508488,18.37378760850649,18.642241536534378
247.78964486965285,177.25848667782077,18.056681173255654,18.64178528259045
248.10490752786552,177.3276395546301,18.00406609867595,18.503479528971766
248.79391734678268,177.14734071309346,18.350772050012104,18.28916868232161
249.18599589942139,177.32245432040426,18.143621681513917,17.93894146769996
249.0032809487002,177.23567241308848,17.940824527577917,18.112505282331526
249.44672516135006,177.2350732343502,18.189470830463762,18.11370363980807
249.49830742203585,177.62336529507195,18.086306309092148,17.908822742047402
249.50260820251583,177.7941904927159,18.07770474813218,17.56717234675949
250.46718493764138,177.8028229603817,17.832518036391996,17.549907411427935
250.6274139223192,177.33739241704103,17.512060067036366,17.366370284435625
252.3598229557024,177.41084345879597,17.342834530830444,17.219468200925732
252.30508472176183,177.7137981095911,17.452310998711596,17.157846264515015
252.32222517347887,177.95949219334068,17.418030095277516,17.2114950119285
252.39354731388104,178.01921524758146,17.275385814473143,17.09204890344692
253.34733271148434,177.57484698514327,17.532685095726727,17.43956790920828
253.22844332486417,177.55061501612772,17.219720215216334,17.488031847239363
253.59479171580526,177.55644429581938,17.033598122867414,17.476373287856088
253.83078883606015,177.97267579296226,17.105056815950217,17.187363227162827
254.1852578114623,177.4950620569777,16.936156587189974,17.062515255043735
