365.0,211.0,16.0,35.0
358.9375152683703,207.9960465542345,17.077672052328488,34.69516551385618
355.2888466749698,205.78783557022385,17.947549158266867,35.09442493133831
351.3879425479498,203.23803365363398,19.15477413598783,35.248091307278855
347.92704212204836,201.9949212405256,20.145371458059568,36.03968655357236
347.3255673679731,198.28553210052138,21.348320966210096,36.451199186031715
343.45623888339907,196.4140463315401,22.769990129431324,35.68203657690365
349.0809634180219,195.4113290883306,24.328755003532645,34.94285378974831
338.5311378316675,195.23892517925603,22.18685502597947,35.28766160789748
353.20731616688465,194.6575489262036,20.71009864923068,35.55120120130282
333.2140695952262,192.12133736189134,20.29643023742875,34.47577365849624
331.79987737970174,190.59030611574852,18.84832451888216,33.26134600118621
329.28574415630226,187.2484625067001,18.187415113956753,32.63037855278037
328.8808825566318,186.9847916814651,17.41282111392956,31.573403003882163
325.8929937876184,185.36351568890657,17.281909679567182,30.235938259707513
322.95604196124964,183.29068024528829,17.225186920954137,29.93363933843105
321.24024750910525,182.35266112062115,16.977344478169503,29.602018779521295
318.9612843026528,182.14461629977998,16.447906362956243,28.56457569888419
317.65299493569336,179.8919319221013,16.25485258819616,28.153087564053212
314.86424573497993,178.15297818393654,16.288080279276567,28.16582584641622
312.2105537207494,176.12232304394598,16.045175848025252,28.758205839077064
310.1415855657279,173.4851179454905,15.992544755588924,29.842048633508803
308.24280417120605,173.66465306652577,15.508991947897712,28.769459125315738
307.10724815248176,171.4498762590652,15.02235703195824,28.372955571807864
304.46528884376085,169.14585618151233,14.904219100081399,28.929453314924537
302.04913316457214,168.25753114765467,14.966709654639114,28.661894466717165
299.35033902150303,167.01033205022918,15.61445268020206,28.442095369810843
297.46316742912256,164.22619176176,14.583909802956931,28.519077590170838
297.548157818847,164.53717264083315,14.413929023507965,28.566975765932582
294.93282324497005,162.2376814267114,14.303577577614607,28.49256517473468
292.31677539010417,162.10780398590626,14.218633355733274,27.423060073441686
291.9986810446669,159.8281137783098,14.207342079162219,27.450080716516297
289.3331854555077,158.2529152441752,14.356874448960479,27.36206602946043
287.1931896144899,157.6775780758039,13.44517411871671,27.214817363133214
286.62327395064204,157.0320613393396,13.322868111806015,27.243713501455307
284.18183378321396,155.98099005751808,13.170789653474728,25.569636970207796
282.3279562083476,154.27607570069216,13.265205018139218,25.3661258987914
279.9877603512802,152.38046300039537,13.138721036980556,25.552194527914885
278.30886107394514,151.8826649369906,12.888031407381915,25.946375957346284
276.21169324209563,150.03447132859404,12.8623478765359,25.422743979594348
274.09182292321816,149.48281865667025,12.938853974199954,24.741805949117282
272.03932904898625,147.53919858498975,12.941328963539604,24.526533333354152
270.0963015918901,147.0788242381956,12.746727750770205,25.447282026942464
267.69082135080936,146.0528573741554,12.812818959306203,25.719889777413293
265.65747730964785,144.36081861530113,12.69180506739638,25.514508460065038
263.25174061650813,142.73309785939605,12.758140577282203,25.211096564580096
260.85369800757036,142.07102477209523,12.835457188414189,25.35555058749584
258.9220538017441,140.84902414219596,12.545655588672489,24.833058982012737
256.8277196412613,139.4761795352976,12.669875095857156,24.094934926854343
254.8592039369396,137.8762082342038,12.603315375483707,24.43516957974419
252.97779934241515,137.68680188980335,12.335560340878509,24.23818737945166
250.58644799668403,136.79188044315177,13.14024595081112,24.323165809242088
248.98721995791644,136.4133043171999,12.838500864051127,23.91358433971406
247.43741167595516,134.5033294040142,12.505124207015498,24.872706481953664
245.6788705875323,133.65182773863177,13.119626985143764,23.673130414001076
243.46584231624573,133.21110369636727,12.958294526052779,23.98115487332204
241.59543183407737,131.16154408711708,12.67262974092499,24.629000592281418
241.57802433936564,130.52147513173745,12.70744473034847,25.32930442530909
239.4073481342558,129.52825534759978,12.913885955912761,25.54363920016064
237.04000322823526,128.3539206207184,13.46670757157592,25.50266968456458
235.28075632320542,127.45070863771852,13.34722662250665,26.09643539752136
233.9069189651055,125.52086704142543,13.029929312518453,26.891146563919484
233.40125823864884,124.98995830020388,13.422118962400779,27.333832243331585
231.3056590750526,124.43577783494243,13.1864529965493,27.177374804413375
229.20147425048629,121.24536969364533,13.01260063076148,27.297873922835507
229.07754122196224,121.21159874751467,13.260466687809572,27.990181548458693
226.7432996481591,119.42700481776818,13.454696906138182,29.002653448364438
224.32817129172315,120.97193735776025,13.683740970504736,27.88473664631113
223.76238156455153,121.26952694099661,14.170319568269544,25.99955576668149
221.76202479230335,119.45736496899555,13.79112156204112,25.869669810062394
219.47484321774658,119.30813907564422,13.427118107627296,24.933529945883194
218.1478922169751,118.91586922305507,13.09466020633489,24.523525689927332
218.0926064394489,118.0115341187823,13.205231761387248,23.40450896373993
216.41566998661764,117.35298976166752,13.13364156306955,22.43795560864936
214.83555577622082,115.78720548253679,12.406271298631708,22.2372967224267
214.93877039306346,116.12867497376833,12.199842064946466,21.554357739963628
213.48799652341353,115.09717412256532,11.942784805372002,20.985188609974372
213.5207570370028,113.33938791642207,11.877263778193505,20.905285115037742
213.59857840540764,113.51831371140523,11.721621041383795,20.547433525071433
212.03978841644312,113.82135219756553,11.315402091290721,19.94135655275082
211.5880348533124,112.17732772954078,11.731385365759156,19.329214674456193
210.70303656920638,111.61329306396296,11.559497926327609,19.00087099987911
210.92291978307384,111.63206037307543,11.119731498592646,18.48565088759358
210.13332656089858,109.9644449278978,10.848498671152289,18.58264805231482
208.42975288093072,110.08358018268738,10.57993132048452,18.344377542735657
208.98588091140704,108.89822606602789,10.370433956516605,18.00680968510058
207.356638705674,108.40822819398322,10.08634201357725,18.101161340588565
205.9967816715919,107.85071147034229,10.169723829213353,17.89802866160639
206.10466128812354,107.36477369818593,9.953964596150055,17.994298328304236
204.36398438890106,105.35742493134013,9.950894477230985,18.524571944631766
204.31998164132037,105.36803015800946,10.038899972392342,18.060039663420014
202.74123760047388,104.5920415577157,10.130580746277758,18.298099446375723
201.0957561927768,103.13744899644144,10.320175737249336,18.548969290847776
199.77668412998383,103.27888980852997,10.25837169739344,18.716079027577678
199.31866384250753,103.30897662361764,10.271603246643878,17.75309637170013
196.59934663770923,101.4782520976485,10.024238390510877,17.915468952420255
196.55457017847297,101.3949495939823,10.113791308983433,17.210902099892365
194.9330603626918,100.08890894674825,10.370148518851327,17.689653093150184
192.53236892113756,99.96075440253115,10.352299252490099,17.945962181584374
192.58427573866777,98.97494577495722,10.24848561742973,18.15112963464292
192.54471671104488,97.16577089963948,10.327603672675458,18.22637482923269
190.43541876418868,97.83958949037135,10.538076640801458,17.769431631232617
190.44089536997055,96.47476102306848,10.527123429237731,18.28840777492468
189.0700890859667,95.5155726447273,10.57081201407352,17.958514545630475
188.9586148656572,95.25293933201571,10.348261492562127,18.038282208923288
187.46364537739547,94.35233897457341,10.237814345383175,18.067833710263603
188.78883545337905,92.95705717439391,10.236277752118335,18.20955375192035
187.43412636745796,91.87689030303409,10.284427992314889,18.152164218268638
185.9208399341485,92.47819216639216,10.206398827528592,17.83658964338258
185.86413895872028,91.64244288006194,10.31980077838503,17.758024278039954
