283.0,117.0,13.0,25.0
281.44669781911153,116.12724774583259,11.97017471531844,25.563667466489548
281.9184099139521,116.53952914466343,11.608062727179021,25.90172907191114
281.8068314643251,116.58044239774507,11.83121962643295,25.81990256574786
281.56581617355647,116.6898063906151,11.730639828793638,25.601174580007804
280.5244812352226,116.48305324167161,11.502634850252804,25.437012164092643
280.39165403085207,116.42060637893474,11.197003330523163,25.561905889566404
280.27104499994863,115.97201849580411,10.870498893935544,25.891359157433083
279.64195189083586,116.46801296944436,10.428535857453623,26.03280304662419
279.68535002505473,116.0387787142819,10.341739589015956,26.33037717845571
278.0476357271851,115.92893213860752,10.235421492842079,26.550070329804463
277.364490354874,115.59685326262093,9.907083975632947,26.649351994500584
277.4866114088175,115.75480941227237,9.662841867745978,26.893834480497127
277.2850489647498,115.67070360415504,9.506487309723838,27.06204609673179
276.1061810997955,116.34258983895309,9.628039631339885,26.836365331282003
275.7051345921225,116.47811379003154,9.872105153546185,26.565317429125088
274.13571796331047,116.62983962637884,10.218137099178788,26.261865756430495
274.2289454626683,116.47247107598588,10.031682100463012,26.576602857216415
272.7640592701251,117.24974395823173,10.153473019109502,26.14524967930072
272.7675782571016,117.00546194828603,10.146435045156368,26.633813699192125
272.8534361770168,117.05247547769842,9.97471920532601,26.53978664036733
271.1187469885627,116.795470379663,9.523795076122775,27.053796836438174
270.8161131984087,116.9124107512779,9.569820148257225,26.81991609320837
269.96468711386683,117.02684632102617,9.04572340976618,26.59104495371184
269.98360400759486,116.76181202640129,9.007889622310106,26.577174692568292
269.27636429490104,116.67029964345055,8.793216981457174,26.76019945846977
267.33155134282634,116.82647128840355,8.89074525248822,26.447856168563746
266.85141446454605,116.52254786581925,9.31194990181065,26.516633906494153
266.3463006458066,117.32841243822573,9.774452235699991,26.000355368860397
265.03848903134605,117.22722727236936,10.195256884758214,26.20272570057313
264.52962142189125,117.64029988593396,10.653825347195491,25.935747229916203
263.9284901986687,117.56608616281538,10.729068815400254,26.084174676153367
263.3082258596386,117.68023058364605,10.835621087817275,25.855885834492035
263.05168433934017,117.96275580626579,10.783118539328363,25.85642097833825
262.3516254203964,118.26463278039697,10.489250802066678,25.81732888845898
261.88001351966074,118.05967031483777,9.755854818011406,25.668380557735194
261.91351398917976,117.67802769751104,9.145244620745137,25.888056534160533
261.72044365825786,117.7826497071896,8.995662398512367,25.67881251480342
260.12082286049355,117.87590787556306,8.48477574316527,25.492296178056495
260.1856816232136,117.9605607879881,8.355058217725176,25.32299035320641
260.2589950961793,117.25274777666118,8.20843127179376,25.712099197932858
258.73307352810133,117.57344908091342,8.16370199262625,25.586791991982274
258.3050752689398,118.31800516693849,8.506205254249927,25.638159590030227
257.64466404838146,118.10023733475607,8.786006965630403,25.55318488952693
257.00805214354835,118.07289892551535,9.010409260848732,25.60786170800837
254.9416956362589,118.24598914585677,9.438207988443695,25.79095473689469
254.59379973285402,118.69071903147648,10.133999795253477,25.441135871229047
254.4714719946684,119.13646924913745,10.378655271624698,25.09675504424328
253.8058096206509,119.58928378378661,10.61694904191538,25.284156952689223
252.40118242000077,119.73168671709468,10.105501215640466,24.999351086073084
252.54872908465887,119.93877555575416,9.810407886324223,24.58517340875411
252.20454889701585,119.80684655158865,9.44072432737548,24.849031417085158
250.35100121377766,120.12858012047066,9.464488944146384,24.731754386421905
250.05021668010104,121.32988060481209,9.541123723189397,23.903956282669718
250.08456685288115,121.22246945526085,8.958014311647993,23.089960449809922
248.42667504904296,121.20417201089936,8.827889290906398,22.634282677330365
248.51871435624201,121.50323776597483,9.12720448506587,22.51954497573701
246.94245345536777,121.25581977316932,9.357186507477614,23.014380961348017
246.71013620782156,121.93271931859663,9.821821002569976,22.657216366052957
245.7553871049137,121.82145610857211,10.227129987358715,22.37834637909298
245.3487466508989,121.33528402563144,10.535931837960344,22.84621148754637
243.55952239989048,121.21843104063352,10.497554058653641,23.59660692630271
243.20992018863103,121.08839807414513,10.669842545336966,23.329756923443917
242.59539534012436,120.33927046735108,10.32069592514228,23.775881258893357
242.52541830781058,119.50591281322045,9.934251908287184,24.38980040418932
242.6352464310672,118.80404740061643,9.714595661773934,24.73669875374784
240.93043255930445,120.06860009044763,9.417800696756867,24.32554920753836
240.89334500784608,120.21491006530167,8.973711595150448,24.55119346235342
239.95585650548878,119.8671459272635,8.794667329191048,24.73321642076128
238.9693978362297,119.71135388431792,8.716119943174839,25.044800506652415
238.19898102344973,120.00859756195902,8.709290611149518,24.450313151370196
237.05667536910892,120.76272190078956,8.964798159376175,23.95661635393663
236.9006319325901,120.71055565593763,9.276885032413809,24.060948843640492
236.00081136697656,120.02265159456253,9.540715890031542,24.412883450651105
235.75561204635738,120.13593760199983,10.031114531269925,24.186311435776503
234.70267046758946,120.60621148930196,10.55538574974453,24.300171620546386
234.14438657936327,120.39224853577103,10.59569102529034,24.189966277154983
233.32868721213026,121.24446977310242,10.078106319960003,24.097261382339475
233.58425222532668,121.65664244795296,9.56697629356714,23.799668637644945
232.9626542414525,121.52217850245142,8.756695994475628,23.555227461938053
232.90402916863417,121.06134660030384,8.37861828486394,23.98156341098486
231.57342359495297,121.03894454914342,8.072361124876627,24.026367513305658
231.43179756916876,120.65529675053497,7.865979601270299,23.81439596017306
230.58954342376018,121.03818325098011,7.619126093659117,24.0143038584969
230.39260797221482,121.3410113771455,8.012996996749866,23.889794021421228
228.46619583481862,121.29786580932134,8.459593581581679,23.489481201360935
228.20525478820943,121.02202317338269,8.981475674800024,23.552147874373723
227.47867954368536,121.96506847739816,9.435967238349267,23.164045654591085
225.5415279618546,122.04715072663086,9.797130421408832,22.498004016039708
225.59592918071306,120.98404029697369,9.688327983691902,23.12825894834579
225.35764256420936,121.09697665320661,9.659055804224618,23.40823164835462
224.2130835291872,121.20716353939544,9.40133989400225,23.18785787597696
224.15284361758782,121.39246659796186,9.020216165008517,23.318855311036653
222.55758845987478,121.49017548332517,8.733996367268473,23.620113270762314
222.43707204286721,122.32127199564313,8.479181406102656,22.949615836488224
221.61462437563858,121.90787566842542,8.197484498885562,22.813112370086458
221.56209347685808,122.1366380406453,7.827944159957243,22.83018976213601
221.25407099802305,123.15292134581614,7.507726947707415,22.67014749163421
220.53441214285886,123.71693782713378,7.567040407134063,22.462117362933412
219.32976618128902,124.0035615833869,8.143830335583838,22.34699534909963
218.95069605137272,122.78965450015578,8.435005484977264,21.973018852926455
217.4088738969992,122.76506230086815,8.717543498928535,22.489054300634336
217.095719634789,121.88102572260794,8.864522165138078,22.819137882522043
216.5239405524142,122.3611595951549,9.034667769761004,22.832282697554774
214.9494358362449,123.10601242147233,9.244032882650785,22.81239920464433
214.4692666768559,123.05103336018168,9.217589094321468,22.428966273671943
213.9557241209707,123.03137255110917,8.782494786940749,22.468287891816935
214.1258256811571,123.40824603052116,8.442291666567963,22.67493134320568
213.32001597722126,122.39228976926714,8.145717935450955,22.798650726725036
211.95347277921542,121.88692476452565,8.03805995973227,23.335923340919628
211.77342973127202,123.12148101353041,7.918975954403208,22.304321146557715
210.7823648609961,123.73500228474617,7.589692229896963,22.464126683161066
210.72221026595707,123.96926958285863,7.710001419975031,22.454160008516347
208.8801296166323,123.68991605453468,8.169816243449365,22.09162521511415
208.78927526661573,123.53428087462372,8.351524943482529,21.939116542574233
208.30046018041696,122.88402963437596,8.39942499876815,22.309888905957862
207.72052906649662,122.93255285121478,8.617198594705812,22.212842472280222
206.02585206782527,122.7996770609409,8.691609864622052,22.478594052827972
206.20700375231687,123.30835172863246,8.808021108250873,22.418673942669038
204.49232397480972,123.254419087629,8.877808152094829,22.52653922467597
204.75616033707166,123.1564722259829,8.832873877698372,22.72243294796817
203.132251988901,123.78108501572477,8.687442385375448,22.442706850959922
203.69803183990274,123.942160137466,8.512131563235428,22.598681047409187
202.96828679977742,124.03704051375145,8.062767993228274,22.408920294838293
202.73795419700843,123.92760464912621,7.590665307141226,22.627792024088762
201.24815905926138,124.20916689301264,7.343842024278446,22.525583758938325
201.4630420065348,124.327502939455,7.369017456074596,22.28891166605359
199.72833216218163,124.10588410490573,7.67417378826001,22.280111712792
199.71307139168192,123.69175316101989,7.704695329259413,22.19340030496797
199.28258713027864,123.77765442354465,7.652052432960412,22.47840348947126
198.77069220377905,123.2182195946001,7.756022857378617,22.677453718779354
197.29752909702972,123.50424375553575,7.9144923535610054,22.570048183127426
197.20576797479515,123.83182292283946,8.098014598030149,22.380885484958675
196.6983184040913,123.92412943286307,8.179671388299797,22.662893640480462
196.0771766480098,123.53510470082607,8.005559230610148,22.96881121460356
194.16340133545555,123.62500608825522,8.046372591551204,22.789008439745274
193.99731396854258,123.38582736019156,7.907030014222934,22.795848584718353
193.99908466685525,124.09763818423264,7.903488617597598,22.779472627946355
193.37532086646803,124.0205518595192,7.744664677472395,22.93364527737322
191.83153897459005,123.98758991092,7.555629641554596,22.999569174571626
191.1294808550542,124.68011282990264,7.563052424026466,23.011216793206195
190.76137613055585,123.8746053694897,7.833395681696908,23.224633140053253
190.09530041645985,123.3896625038603,8.217846010338407,23.720668321536806
188.4009702991879,122.73114835925901,8.190989765275502,24.06183475942312
188.53428187102125,122.67187921583178,8.416671788261567,24.180373046277577
187.54223696280965,123.27424823956879,8.408333741608667,23.971848930341572
186.11108859337168,123.34033861245452,8.300753096923785,24.3346477484969
185.8198457612553,123.89185323554005,8.385043632228026,23.7298136312544
185.70465654211648,122.7014540955439,8.124321137297855,23.65510724520768
185.55229952331078,123.45201913569167,7.9437425886287425,23.609854923753637
183.64677952094374,124.53152237909286,7.903963628677648,23.3762579192938
183.49150095738975,123.27065282784639,7.7372217730580335,23.511502108148537
183.4968782901937,123.82544352299023,7.726467107450098,23.354266963716185
181.88959017933644,124.22348496821826,7.6248655393586535,23.50566344177611
181.96085090852424,125.32332692077118,7.482344080983074,23.202094741581885
181.48787498244,125.02209781556856,7.494100646327486,22.87035766516302
180.95112859970132,125.34732176664008,7.642395283570947,22.682508827136914
179.19260903622506,124.4889327569895,7.920949113092053,23.01136457611034
178.18828806264463,125.84567244970842,8.039955505069608,23.132338523447466
178.0705990589393,126.01232077048027,8.275333512480216,22.799041881903758
177.08847724795405,125.72786964714652,8.336336705210613,22.892134021261185
176.94602495667706,125.41673760765754,8.142996212467366,23.03615302494196
175.3814794307297,125.55652105718802,7.934481440730152,23.2333869578284
175.51804659775175,125.4133760435886,7.661347106686091,23.04385655432329
173.81668260501954,126.48977435808942,7.787157867656973,22.763584053603715
173.6330045904981,125.50670988315449,7.688075786883314,22.863960564207435
173.43063908826315,125.68208807964606,7.626747515951843,22.979263446625676
172.42881587560225,125.93032030774502,7.2975010369458175,23.415956152158895
170.75859500791108,125.73959095640515,7.370846734839751,23.330686849483122
170.61807446982365,125.35591135241494,7.6518878110145785,23.164303296454563
169.88185742261768,125.61511561756058,7.715307774383019,23.585237520192308
168.63313891747458,126.05098015555258,7.828646156106511,23.667147895633406
167.55660924686924,125.27240455995663,8.061457400618368,23.78411301430119
167.57340972852194,125.3045923944676,8.027856437313016,24.205721668732643
165.73763253793234,126.3399364380966,8.259806272022457,24.10052189374305
165.8480891452565,125.79725332024272,8.038893057374137,24.69177653928498
165.94418731054785,124.44019595702888,7.846696726791418,24.91346103689304
165.01951088677492,125.42162789706953,7.70365600286819,24.942990728280847
163.45266552032263,125.96985610346883,7.862086537188429,24.838287715010374
163.48138514904986,125.9356721109278,7.804647279733942,24.90665570009245
163.23975777598895,125.74481910153078,7.790675626176716,24.791135319207434
161.8104280074489,125.61741072188474,7.677354163504257,25.04595207849951
160.49046553187688,125.70336949320482,7.833033107162327,24.874034535859344
160.36249592214892,126.3963123594628,8.088972326618261,24.48272313088614
159.68771717452796,125.99015457796736,8.445665914999418,24.302174787016277
158.90531285822797,126.30755141849008,8.509357954890067,24.16775330354061
157.15620068578153,126.42133318020582,8.510300610563672,24.4398014499976
156.71941858830183,127.57655197831905,8.880353179805166,24.143410356642654
156.36696364601733,126.99037850178085,9.079280814729149,23.797810560783805
156.02316773219772,127.55532202331608,9.262260801434016,23.67714719958201
154.27683794712996,127.90937445697571,9.211794891097126,23.47520311518737
154.3335737293548,127.56179736341514,9.098323326647394,23.668002839573198
153.67146275917477,127.28311675401058,8.913273353856415,23.72227342066528
152.11936267609033,126.65379678931417,8.513674094828023,23.979827800001736
152.22112848641493,127.00337260664719,8.310142474178882,23.777682439541824
152.07748936060773,127.05393437480552,8.106997262041352,23.676558903225143
150.4064734121211,127.12295930955725,8.052051006637724,24.02379162691841
150.21928142134195,126.65634423822402,8.42643498819606,23.97857055142038
149.73077243478042,126.59393753494865,8.908048535609206,24.10338395797112
148.07078936007437,126.40047524455366,9.192560296475909,24.490308538761106
147.61724488578588,126.75585229792196,9.583068111667725,24.81271669879481
147.1157239028646,126.92436957902312,10.057885215314245,25.003906998788544
145.44983550480302,126.9298084761802,10.152861031521116,25.53249603446045
145.2599507445882,126.3698837649328,9.983859348808302,26.103574253812816
144.83648616371443,126.40238939772789,9.722887213388805,26.59251363680619
142.90252519675568,125.77405498244963,9.697016373229738,26.736670246198003
142.6623943424827,126.32810116834582,9.619427306326386,26.744279425304278
142.8231505982557,126.29240021578252,9.297914794780434,26.815681330430902
141.50287542139122,126.34631722928175,9.179778375336777,26.707847303432423
140.1252515735227,125.8631688232469,9.194785579105059,27.126096017108416
139.55962253020377,126.46485636895743,9.217479127017558,27.585567733775445
138.88460132698089,125.7155733342388,9.445042505738561,27.961654775487954
137.7932432271204,125.3046717664665,9.91549768911637,28.212704238918164
137.0703452963096,124.53421077363627,10.195486939043505,28.587819612884154
135.71491432495475,125.11576352249166,10.53297861555938,28.61139924827031
135.52282078949253,125.08244884268655,10.917165686483804,28.678028607880545
135.2493485992704,125.17327583664641,10.856448778974045,29.104035907914852
135.01161323833384,125.232816541196,10.71924280050542,29.597631199157448
134.62001652718652,124.95484844549136,10.885171252433866,29.5363024202005
134.281348703365,125.16127936875914,10.943120713066076,29.123440573664972
133.9017623701012,125.17333689387425,11.087777358602725,29.099325523434736
133.60627165683513,124.62435568740263,11.061986720203215,29.5805158714463
132.58669962097508,124.84430858624927,11.231506391059739,29.76381820737417
130.35829562349238,125.69676567558503,11.286098870919929,29.316679890161318
128.88580710337115,126.19407027676299,11.11381067515735,28.94552373500639
128.6990748928422,126.38259325201838,10.872242832908086,28.568477784495613
128.53582051503471,125.69739298979663,10.593469435141936,28.72831400217681
127.07623618073549,126.25193731951457,10.49987822456784,28.824329294409914
126.86467200095029,126.69762517318368,10.923006584138243,27.932953587071694
126.08794073471769,127.97129984019347,11.282335828422415,27.176804185323693
125.60305847087137,128.83708634326692,11.659516574401863,26.037814960890003
124.17156521997492,128.7166780305724,11.60868640369101,26.278631586278983
121.8662360800392,127.33883816611963,10.951082989229029,27.278224083740064
120.58552718203035,127.82112852609775,10.571752459694654,26.901793028894218
118.29488934245185,128.98365958687748,9.969424801298125,26.880554612914146
115.76720981125678,128.9471581625442,10.50613705388681,26.953557461580665
113.49072188554254,129.3056404620619,10.454911069461083,27.387643321508875
111.36055057068553,129.25588581127977,10.06853575221519,27.487152623073058
111.22408538906183,129.6517828429654,9.766161043714044,27.27066363145036
109.44656345302587,129.4660228715962,9.354041678746519,27.075445968897405
109.38145914157519,130.91765523949005,9.48425030164788,25.841573575165807
108.35427177559497,131.64773742077566,9.915033540455187,24.922606376978926
107.09755472789283,131.76906801821085,10.821227746124869,24.144198552196976
105.56999013489694,131.73770602313982,11.173600999709858,24.206922542339044
105.12771946722528,132.98192840039655,11.510501380330563,23.361400651993478
104.81655363973759,132.26749376137656,11.591655284430965,23.16673667740855
103.32922183141865,132.45004473708002,11.867644094920589,23.341369687231317
103.1481371981608,132.2956254264627,11.682750443085409,23.65020830846594
103.38485892053501,131.9790681011352,10.660919711756991,24.283322959120945
101.84759951400412,131.61152181523914,9.95720141618684,25.55816368928904
102.0757707886546,131.70598335948642,9.50085886688588,25.369240600794484
102.29311651914836,131.96466911022142,9.066167405898383,25.386600564654778
100.57695953749021,132.35685011214719,8.80860634612995,25.129363564101098
100.80976649745304,133.35193826915219,8.342992426204301,25.21429170378427
99.86313660173609,132.24004420045412,8.190286648746007,25.39211427228819
99.51348896002851,132.62811260349153,8.378364363873205,25.127195034501355
97.51484008875862,133.59023687912077,9.310264171724574,24.735645450587093
97.1868095424357,133.23498288702123,9.96632526437042,24.401718927563664
96.30337760548804,134.63286226469876,10.674871125763028,23.722596197214045
95.9961317307107,133.80369295538773,10.757502405117126,23.785353405234375
94.23822603156407,133.44364792077252,10.533757931576048,24.50544347446482
93.65469854251893,132.68294304362774,10.07865155571728,25.48613277743803
93.46258696924554,133.55237427761145,10.46287470226406,24.840826255397225
92.10868900711007,134.0131319472492,9.90478109157864,24.463625838614487
92.4934744563603,133.32953217987918,9.135210193078153,24.772915139007193
91.99319788043154,134.45947351256967,8.57697560154753,24.07182021701438
91.21186548355344,135.18045411254198,8.141765583197873,22.629859017069748
91.12229003565506,135.51049660780376,7.849943255528787,22.44074725001198
90.29550973423942,135.74518476230045,7.651596375299686,21.971370941018606
89.6184271730645,136.59574815823376,8.10041747664852,21.175588170153006
88.67784660679801,136.61740255499475,8.633387033563256,21.132279376630997
88.36983258349339,136.28542236099244,9.249415080172508,20.879634350529898
86.50426037084198,137.2427653994613,9.721696178962342,21.292707792530027
85.77628733369552,136.38135908088591,9.73811448002284,22.05583524752587
83.7445042258252,138.15329020594038,10.363222875509713,21.459222557634448
83.29147740671641,137.67474187941454,10.775810563197448,21.42938730962647
83.2259532158603,137.55905213404495,10.906858944909661,21.660766800365675
82.30496580737753,136.4658014928604,10.219645711319542,22.32975525240137
81.32744572679196,135.59553493925924,9.656477871819444,23.56664675946945
81.46057906886195,135.44385152704973,9.39021118767948,23.870013583888493
80.74252075172772,136.17822068471915,9.292657326038388,23.423722265822654
79.69078395463379,137.11749472206435,8.880829930389247,22.551294587067105
79.49497592478605,134.85941077721714,8.306149009983557,23.202274556356862
78.78283258495414,136.2882515547754,8.284035444792927,23.237393490949273
78.28952345210617,136.23611476168767,8.78841932367228,22.859432690308147
77.73702834051478,136.34098901204598,9.407489448924313,22.64968418959156
76.21148360308224,136.69342911108905,10.482770415252467,22.438756118639606
74.7359243433703,136.6537855591217,10.884737279080568,22.51804322257431
72.93839272819932,137.30814331596488,11.371853876262877,22.76330102546774
72.93642299734292,137.11858764544007,11.375793337975686,22.61238698026758
71.42624876274516,136.8644604575634,11.22884028995886,23.12064135602089
71.44807745644567,137.15529955276492,10.652412041467544,22.5389631656179
71.78679841624552,136.7092138015007,9.974970121867866,22.402632737932535
71.84615172656683,137.4193712173687,9.35585819276851,22.48353383156673
70.03155199427925,136.56565647300852,9.059959869989015,22.719051650029108
70.2325866557408,137.31462494481966,8.657890547065907,22.68740493672491
68.90806966996647,136.98556087428864,8.420282152995204,22.864426016850402
68.74319114929888,137.62698641300966,8.750039194330371,22.540305289127204
68.16835943518842,137.49824743413126,9.419054023273338,22.317134647606075
66.93688735784542,137.47559507217267,9.924578752544477,22.36243937152323
66.37836032169675,137.77404526948732,10.542696900828322,21.76553897689394
64.72317111394776,138.00006690626395,10.846725942222932,21.81455393235794
64.63198134673475,137.71142962961133,10.522056549027894,21.88477955804212
64.25249127707737,137.85303925484916,10.276156707335113,22.10400029807024
62.52205379739971,138.37993260885509,10.227604675404134,21.5515603030993
62.25849284407372,137.77396989157202,9.27737018139412,21.7785814705574
62.32874406444572,137.76361481389586,8.657805980125193,21.799291625909767
61.995164880860244,138.02774074388967,8.388275387691806,21.73938424572431
61.315370532798724,138.0867370907869,7.897232129387284,22.084049540536725
60.23889418288492,138.60046286600465,7.756478766111254,21.974080415342705
60.07098969270682,138.7363493571755,7.637670934006454,22.156924245461987
59.28307148606473,139.46187198487925,8.303376997494219,22.07107451474911
58.069361090979555,139.63261574854442,8.867231413284227,21.729586987418795
56.7685139037033,138.18857340447644,9.11354818829754,22.262294076015586
56.27928320477359,138.3824299895587,9.608870580075113,21.87458090585108
54.68245012435719,138.49971274087127,9.884708717422159,22.1263200738069
54.38952040984523,138.26442332169228,9.975758656036582,22.10208942175538
53.557346953193544,138.02158896585175,10.151934318720384,22.58775813343644
51.85638155330019,138.97751471021041,10.010452114479184,22.194512217874003
51.31232774986806,138.26916642928336,9.106527084648544,22.615192461380698
51.720391433405595,138.18837540237558,8.778498891658792,22.776774515196216
50.71535539134639,137.44960466371003,8.365794612250284,23.28520544711656
50.77062873965262,137.74337144851825,8.255247915637817,23.18207134286606
49.941103023587104,138.3992544218243,8.471533599252032,22.832149228598496
49.76707466317412,139.04190135365667,8.819590320077992,22.986338608340873
48.213282195836804,138.86667375543277,8.997366454077868,23.336793804788684
47.056102204366375,137.62938405602932,9.325632428427468,23.825279195004313
46.117206459686415,136.84336248690818,9.675150116224254,24.37847313220452
46.647590062116464,137.00838725913204,10.18527734915409,24.57205506702015
44.873421049078225,137.28956501955827,10.520562169700105,24.54520841375608
44.53713936143448,136.91933821872857,10.652063060540472,25.285662015415483
43.796778399588135,136.26271376319758,10.470501315542503,25.490721814017043
43.72210973199525,137.08672116710596,10.066007493166294,24.950369321324242
43.598112748565754,137.36156805167388,9.775160846637974,23.861834938801024
43.66386017322136,137.1818148172844,9.643665997326758,24.22134140758004
42.72065752761705,137.52980280582437,9.446839137478488,24.04617346826425
42.1488092517496,137.29688439442342,9.560996521156518,23.99724070703776
39.99231584256083,137.95936944852042,9.229024794022287,23.18837710390062
38.47463692809573,138.27924871214222,8.774623417797656,22.54861857665704
37.81065849206667,138.26965411980098,8.658954473494644,22.08659915588578
37.40245830998776,138.18951575770348,8.53036079835114,22.246875880080758
37.00187984683539,138.68492567014923,8.859023606634175,21.728550173210984
36.12710687636284,138.45792516561693,8.724911704573657,22.18255118227559
34.300487054017154,138.50165139124147,9.052753296944035,21.62004186640922
33.47613712593031,138.36842687597266,8.810287082705663,21.886490896946835
32.362005152232996,138.29554612736897,8.67694296663014,21.55993078146019
32.68051487776184,138.5590106547227,8.505164102894419,21.498242314074698
32.71997823197054,138.70422167961516,7.964951939597008,21.669105719169778
32.311657823128925,138.86314097492698,7.873529844563775,21.80529858490436
31.02583793102688,138.68055177862286,7.719206973434176,22.170476977512564
30.785040227386034,139.13849611570015,7.744059672188428,22.16807372041293
