148.0,15.0,10.0,20.0
147.12053843928385,14.36046009577413,9.429757852495452,21.27907980845174
145.5535068788219,15.306412121710121,9.716712774265034,21.2852478893493
143.35750755486373,15.956119552821335,9.791889910729637,22.384067200155613
141.03835415741,16.082771317054473,10.454896470866014,22.130763671689337
138.91097979514652,17.609614461438575,10.670786213897482,22.611078991729663
137.43324746771822,18.880089013658413,10.532516652266942,22.6482417343626
135.65685006671274,18.83828288170339,10.489066955799558,23.24560321234098
134.08453778542835,20.878282176777464,10.503656101707515,22.817312608297065
132.6999874117278,20.84166782295423,10.178531331665148,22.890541315943537
130.34537936370816,22.75605689611303,10.799243471164214,22.128141137031076
129.58415187202698,23.336028288649675,10.789265278569516,21.98982046926249
128.08038954591214,23.557149541595823,10.236475112526367,22.056194365980595
126.52591416378255,23.825850213618025,10.345682477146864,22.018750255209312
124.61206692185937,26.4704146254838,10.162818380853205,21.742819656652777
123.15557346782784,25.91040932918954,10.111155533280414,22.8628302492413
136.83095241387954,28.48405783640902,10.272078788108,21.791337849162495
121.14497068785981,28.28902482680618,10.847259017795503,22.67812617840611
132.82654272942477,29.619304076139123,11.389177806396589,22.096268799021193
116.75156497044864,29.354462093057844,11.785777772987728,22.625952765183747
114.85300880614507,31.04653106019936,11.301668177942368,23.523036754553225
113.66396515382897,29.957157444502375,10.980196969697076,23.542137175645188
111.7189222193452,33.16154864593695,10.593602765707061,24.08295989133201
111.12487563763489,32.785706049603036,10.174720636858822,24.834645083999852
110.75499574341544,33.122715328813726,10.375371380588184,24.160626525578465
122.71140877517794,36.46059547950077,10.977430560665187,22.281256815343905
106.77910922106668,36.00619004991559,10.84130871506105,23.70620833505986
118.92934855090337,37.80301973957015,11.12975102317165,22.25071599642759
118.86544516415336,39.920468712606464,11.257557796671676,21.12580979063757
105.46123979714274,40.4589504558534,10.84889398868717,22.064925899847832
104.53029942280463,40.658489638215116,10.667780047172599,23.198093552767496
104.63247274896877,42.6660081482792,10.987548420739905,23.900091765699518
104.65123355418754,41.08860511432737,10.950026810302338,23.815366459099305
106.16802261753364,43.259903210703634,10.606613196837944,24.85309929280236
105.42233442677852,45.70292523488408,11.003914714648117,23.796317267391693
107.32841340459832,44.79033297137815,10.962648895477283,25.08280291776516
115.54747610955184,45.25830357750761,10.667373867308873,24.703511718669645
118.23619868696454,46.567059530877486,11.295349144969276,23.17789443601822
118.12719543411299,46.1277079677367,11.51335565067238,22.98707278760154
119.71243185414058,48.19702670492362,11.557381576295601,22.06293407890611
121.042061277258,48.52957738451783,13.081737019177606,21.3978327197177
121.65818697538533,50.031886285759214,13.46655330300737,22.70539539746001
123.76322599127269,50.587971483624855,13.776257228726589,22.723170491102202
125.20883208661762,51.09324878434091,13.737348319782917,23.423997858717822
129.75720162945606,50.19999848216641,13.344004537424777,25.210498463066827
133.67367820928848,51.45151570632157,13.31007412580972,25.107163321848724
136.32948121220986,51.612986462914314,13.976689915425734,25.382043988209134
142.84909537779043,52.86085201684399,13.203103445831474,24.72615915958483
146.13738756197887,53.643657135826366,13.120696513828033,24.931688222449182
148.64653445298504,53.22980159031093,12.838320017620074,25.167409652754515
154.80866645688258,50.40751701419616,12.325851784983083,26.677850283678715
157.70962105493817,49.37608413157854,11.353912982872057,27.53322345041392
164.1224717951471,47.717429250822605,12.90416940075043,26.65754549158938
166.30303093589558,47.74002039558151,14.064866026978061,25.38529322257721
175.70630456439542,48.33837662500379,13.703353800953304,26.03308426683016
179.12413784660484,47.778361769180876,14.28601253389468,25.298532654135933
183.08507405369943,47.65300724846342,14.38927774053311,24.314605138520466
185.00849855951623,46.62688323049579,14.169301607480492,23.94893792206835
188.15079389452578,45.257150944892885,13.242659666929214,23.71176431023649
192.79831428196368,45.14835869859104,12.588991625514574,23.353257287276115
195.60615811920036,45.50974877619398,12.01004317944604,22.630477132070226
202.1500160958519,42.63506517990915,11.320988267263644,22.450049913669115
205.52560561288428,43.032830321471415,10.864507189810148,22.179077793595525
209.21078140817127,42.76111186814257,10.671790343367741,21.697138308234415
211.11262301050448,41.014381341559655,10.384207073058379,21.674499427043138
217.0320161200792,41.12308807373556,10.472767832364777,20.96011317192233
218.82012573574488,40.74894985697809,10.3130355031439,21.2203200479929
222.33696075009695,38.39813223070184,10.615942489280105,21.030903957318515
224.43950102734553,37.52705903556719,10.343518497194701,21.789886206984868
226.0727791169361,36.688142487411206,11.060537478371831,20.48003793302813
227.75693366117815,35.65808085733876,11.130160415758152,19.593362313855486
229.68107771237058,35.990837115220316,11.11566315242651,19.407073652974027
234.95241151321065,34.686063524831084,10.573587141167234,18.683090303612193
235.43417630382885,34.1696046919315,10.522635081569511,17.43456416531476
238.5344596156995,35.22933991622606,10.001690705140478,17.499563811845746
240.40603715401042,32.6825461746785,10.119965232900018,17.44457848909902
242.454767527982,33.161609504775925,9.894654283385456,18.207407294872436
243.86902246239092,31.73691221404523,10.129938798310262,18.430692404554456
257.183276125641,28.89893287962208,10.64639273124532,18.32165932958669
258.9169205204245,28.043843367465954,10.796455197228779,18.223162726123686
262.14400056593325,28.261564590466698,10.234479954768883,19.147455245173948
263.94687747310746,26.90758755808281,9.830206588159866,18.653928862202292
264.98401611577873,26.348566654123992,10.414863630355336,17.999347785094614
253.30727484538318,26.891193390184466,10.264713596157868,17.357559078539488
254.98906090321137,24.77912094299048,10.352311762270858,17.267741120715794
256.52529554537216,26.304246241327295,10.300619723674696,17.238267769767596
256.7173046458582,24.740282631696083,10.34683059086742,17.78482058004119
260.0046094847696,23.414261847198386,10.798297806542987,17.362953508130964
261.5380331606048,22.71280347174597,10.374220068571955,17.88494705446935
263.2777045343843,22.758982206284,9.98243184612556,19.11582723901298
263.1585605420859,20.38818832329654,9.76815802256764,18.879235115285656
264.96783231059754,20.23984997306662,9.712809518264379,18.730512436655502
265.5801404999455,19.588969393377642,9.814980952377068,19.147748387494417
266.0523108010861,18.52302211211047,9.32078745339765,19.929201640123402
279.14741751406456,15.349068532537942,10.310134830317896,18.1232405584053
279.9254050464245,14.872425183574286,10.08472968115749,18.18948064595967
280.1715245090367,14.355292000191422,10.473823100899775,17.461082322791974
280.0200189275499,13.970984335137297,10.77683426387326,17.356765932061574
281.8541820834047,13.1628478169729,10.62858006274407,17.21300291310026
281.97588514370017,12.380497028517999,10.820547942939946,17.036208486862595
