353.0,165.0,14.0,29.0
349.4550071417481,165.12301407175028,16.422487288964405,28.087186366850943
347.80963262689903,165.50032166692276,17.628548291895967,26.637675167583794
348.24032850241645,164.18149054229892,17.460643677622407,26.501388869786275
347.9582301569014,163.63752982561422,16.647548635264684,26.900664436461717
345.5597428501302,162.73786690502325,16.677312978325883,27.337930200363385
345.1996415144228,160.55302765997078,16.709463726922227,26.891245230739337
343.96408371605463,160.23325031792555,16.452864136213716,27.530799914829778
343.7660862408625,160.52199418927398,16.161717315367,26.953312172132954
343.03384527187654,158.38978154712868,16.278921836089516,27.849543913300046
340.63597770522017,157.16065999933042,16.252087949212612,28.929910145985296
340.34936498231673,156.08464888069275,16.120823281684306,28.968462043255034
339.3851281707383,152.69766645320993,16.643648327917667,30.82265687898819
337.2989750462988,151.07696620887282,17.859489716872574,31.107592507738264
337.28054527569316,150.1705754776021,17.132302371733545,32.15632708392944
336.49236354346766,150.98558261542604,17.941534839778566,30.52631280828158
335.27241907951867,149.39288402855425,16.597356532984545,30.684456194271633
333.0846634464082,149.2741227762444,16.555145079783927,30.18569157898765
333.1635830572944,149.34992240260192,16.397305858011464,29.305882871254582
332.66484709983996,149.02540620828887,15.969733670992799,28.52987115795318
330.477533299523,148.07568941684247,15.487988978142019,28.34800232935247
330.66950628972023,147.70815144487028,15.10404299774747,28.40021465490372
328.64684813588485,146.3530490269983,14.409940992592459,28.402180454747338
327.6150694029626,146.00738863069375,14.47806760207938,27.76321400978466
326.3418840652099,144.28134561528557,14.396675785071636,27.930596924959776
324.8476396105231,143.77677219728818,14.095176782876464,27.623748596327047
324.47954662927873,143.8880150101048,14.183065200267798,26.752965425596337
322.01147490150646,142.94165933115374,14.02305922663502,28.00865810485132
319.8350271037094,140.6698242675381,14.459802925308907,28.636176335162315
319.88201538284164,139.70555010613302,15.035260541271176,29.22585630951893
318.47325217192895,139.1797202561436,15.100742360269814,28.901493708084345
316.866211362574,139.43209399523542,14.892948863663833,27.712371206837553
316.3976077764732,139.56249135277162,15.830156035865421,26.788262955479787
315.06521493493267,139.05078030307456,14.501421454942555,27.146098344206642
314.52647172353164,137.90811931028847,14.930642701975938,26.838359626703884
312.68046375421585,137.70103021176442,14.71628203778854,26.601475056615506
311.5167297556558,136.46357217523428,15.112025380113868,25.856850038351126
309.45279382945876,135.226116805566,15.40225046438984,25.773329598942333
307.67222129528983,134.85714920933978,15.103765735355331,25.22472152560396
307.38185301108086,134.87893502181112,15.054427824724257,25.811224379710275
306.8387803845409,132.90658001473253,14.22670649366259,25.928201225584154
305.58376888257334,132.88472621426598,14.23428028342898,25.9719088265172
303.7119222340937,130.14563264548957,14.219653558036878,27.065389271326694
301.9571328659479,128.4272788763431,14.518022225018989,27.933128754171996
300.2551709956733,128.7318829009505,14.621325225481202,26.663796556939793
299.88775256040526,128.6498443165929,14.06974705282117,27.471081247253103
299.23310206263875,127.62578680879031,14.733428408183574,26.936717702176047
297.0681023701369,126.70144425300926,14.519380323838206,27.487103536781234
296.1832830557919,127.8499723669621,14.328244330223171,27.1508219311806
293.84159129296165,125.69245910203995,13.84871956031705,26.302940165458384
294.025967806509,125.3277607858559,13.479966533222306,25.783018997346566
291.86593298728985,125.23172824831872,12.91460670819647,25.975084072420948
291.56993788328,125.46838946855434,12.90285673295644,25.501761631949694
289.59364199115277,125.64309952192092,12.679209849002808,25.152341525216553
288.9692730405904,125.31565248151175,12.75270495133627,23.456750008452136
287.0255453877494,123.80860256213921,12.6924097579365,23.087063705127093
287.017174438398,123.15966270978296,12.151671672293265,23.26998344114741
285.11431009248815,123.58090163748781,12.65194820986386,22.978414278112545
285.4092285969704,122.56254306046134,12.062111200899235,23.904760633080226
284.8105415824848,121.19351333325547,12.142127699874358,23.84942626250151
282.41973673268956,121.3772907994013,13.008990552400142,22.922621780629193
281.9934789844821,120.0206850060988,13.301063997700375,22.83362311166071
280.665135550257,119.5521763594597,13.137359989410015,22.642484054242704
280.38911315034755,118.66329879150285,12.572466113262834,23.303300514190315
278.57894316326934,118.69460445911122,12.282475572091485,23.799307824020378
278.5102784295786,117.16953508469271,12.419805039472983,24.04477595043268
277.9054633151846,115.80066617089436,13.062532233078871,24.514901637300873
276.1222926717851,116.65247297948333,13.704575648202487,22.81128802012293
275.23310837199494,115.81603678576029,14.341814785685996,23.34303094547224
274.2636096331585,115.08731515552782,13.923953536081035,24.211259524117736
272.2037912920552,115.17010425428941,13.87812341593697,22.855547954494355
272.4360031050959,114.27354768369659,13.413699789855634,22.92621755583902
271.00919385320515,114.11203478000175,13.43052165333393,22.681884035168075
270.72970646549635,114.6077788504277,13.425481847449454,21.69039589431617
269.00670366983985,113.3191929168953,13.027343734010136,20.97258744302186
267.3400686506735,113.23092969933883,12.63826191819572,21.680878428727247
267.2898292226826,112.04971844957635,12.202992565432123,21.900308093270915
266.5906575069728,112.4381119444415,12.00652368774292,21.655125206576884
266.2115847300938,110.8297082686294,12.240036925361323,21.72413866136356
264.0904602219619,110.1121303990901,12.774875862489825,21.570404366526994
263.81416091171843,109.3938231561936,12.791056226855346,22.47060059619866
261.6733686547592,108.01906927747586,12.672270248848463,23.019923107671417
261.43026713659043,107.73571777062769,12.60232821697926,23.586626121367765
261.80709955876193,96.08586308031477,11.848663372636167,26.607408636830744
259.5034071891753,96.34225058098463,12.29557727244005,27.87769256664935
258.1005304267609,101.56171239538047,13.239415301577157,27.368984914879782
256.72545974777364,104.45342033621293,13.470555977862418,25.993820226170968
255.52362380959346,102.8465419149269,13.419773835204317,25.525896040215308
255.65037847218724,103.45934286209574,13.166264510016724,24.906158731549034
255.33709917460436,90.92837148366137,13.200426381100215,27.45702597329216
255.04973355337825,88.69496925780155,13.775157623552417,28.77204400044102
252.78238315344635,89.90098411831733,14.352576522077225,29.657749197191993
251.45607085197136,88.86185632658018,14.275128858312254,31.736004780666295
249.4235199723968,85.65160123568945,14.07170236903069,33.17656533927863
250.35603591096233,85.5821325880956,15.12147745180247,33.315502634466334
250.22542361108563,86.59803116697606,15.382702051555906,33.53134564376275
239.3994718419452,56.51733134519634,16.59753436431571,36.166174430300096
257.51289088309136,70.71368948182706,17.930303125200695,34.718393501057115
245.52410180896723,83.67692350378142,17.35265119188832,34.98417087747969
243.37951959414255,71.49013457372125,17.579689330717535,38.23469202533545
236.7599560791578,47.424035284769,18.72577157223023,38.858500362874125
237.98756036604854,52.34004474012086,19.842064714260587,37.95523574169988
235.5805170183587,48.76743977174839,21.060351296103423,37.009895422986986
234.97217041454562,47.04115382144322,21.371216888199836,38.650812092537876
234.58061709703026,44.42924400873867,22.154323523230552,39.19770639445922
233.07785662589143,44.17958109214334,23.24622797959664,37.78341574173829
237.90282043111873,71.05894606300146,22.18460425925538,40.32578907965389
239.47533316420783,69.15513408268514,20.987572383683016,44.13341304028652
238.97387678302837,69.32250221056185,20.981282004507708,44.80787992606731
233.73104556411556,45.461364777811085,22.29664978160985,44.640838230012925
233.13242657988673,43.633798395911015,23.493887750067536,44.13858058106439
230.97616853021873,43.43668543873073,25.701203621092738,43.48020638126958
231.62654999245234,43.05661267333154,26.56131950856337,44.24035191206794
233.09813347922693,66.55480815235178,25.830678580687508,43.70700791316715
235.77787756522207,65.69869804182869,24.815181061542404,46.50522579742464
230.8438259723677,44.213373071997836,25.80252401361323,46.18216959810143
231.28095503889173,43.6754015702184,26.05046795589833,46.135910526327145
231.91788383171064,46.27638634974204,27.028086994602866,45.43689421596457
230.56527490838695,42.65188681559481,28.60136722297866,43.630392338086175
231.77925880913696,39.78615015355591,27.3047351095207,44.836522909995516
234.78783593733368,62.24255234401977,28.053568734935716,46.1579690547587
231.76959044613486,45.35474105502034,27.13030702950475,49.774663318833724
231.74478866932807,45.073092485820325,27.179910583118343,49.140055539869884
195.73584169928247,10.463281981778522,29.024049592735388,46.996535940691615
194.23426356970492,13.676515163378642,28.460862824965645,42.94763159544123
195.26944208730285,14.15246261264559,27.50924870249127,40.876993784185835
196.88556587081672,16.073713357921605,26.420586255570512,38.10628485368731
187.95849522214954,17.513442799338254,25.046789099623957,36.23882273155301
195.67128020593827,20.02225779662129,24.998753533016163,34.10448043716876
197.07367903293894,23.257786075018302,25.905931568537554,31.345399569897477
197.84317696427885,24.489232576396002,25.26751356322199,29.783084424506363
197.71206486289893,25.826855116406055,25.529737765981842,27.974048467670663
197.9265280885449,26.654190209615304,25.100811314689878,26.319378281252163
198.23783184355472,27.07550075463063,24.478203804670258,25.47675719122151
198.39683947221363,26.323088162280936,24.16018854735247,25.408276362883022
198.27813503020326,27.015036216362514,23.617053548800556,24.804924137292524
197.3669747022579,28.447615255425156,23.91438727564632,23.464752988212158
197.7982515299749,30.081024101653547,24.544073206819327,21.69017488236239
197.77964839508684,30.91191606004146,24.58127947659546,20.756142501713263
197.69474382753754,28.1739113633781,24.037749037413455,21.238774875075542
197.74836507766165,29.321029006706745,23.930506537165243,21.082565879590167
197.72445631533625,29.986349384199883,23.978324061816036,20.460437619349616
197.35143735692293,29.233381543170964,23.325812768528237,20.567824091293016
197.6635418235552,30.274607328798673,24.083398158691033,19.867166843464886
198.4002214751851,30.379010495708293,23.992715307777203,19.658360509645647
198.12363721862164,30.96906405296317,24.545883820904116,19.164824180830607
197.5451013998929,31.018464376059406,24.32885075955535,19.06602353463813
196.7726595954269,29.815211441569673,23.1452293026612,19.426150604248004
198.31674720207604,29.760505720743346,22.736156307178966,19.535562045900665
198.70421191791087,31.308548466984426,23.291665173204883,19.100353148809546
