91.0,9.0,15.0,17.0
94.14279824774951,8.417452334767612,13.247621467508072,19.676167984800475
96.3390822239473,7.419070088152154,12.46711004129609,21.67293247803139
98.01215605006702,6.538935032282641,12.317339748859693,22.900473029803237
99.61657830142681,6.469494038049106,12.398385736400144,24.135985181690323
101.69823132334285,6.2166681820357965,12.210188399692603,24.641636893716942
102.4736875232257,5.787672002351009,12.375363219880018,25.499629253086518
104.19028016976961,5.690217572080471,13.054230495260185,25.694538113627594
106.2149838455606,5.44656870571133,13.219139181833054,26.181835846365875
108.43617805519439,5.522699398522704,13.673032653159408,26.641609697067366
108.42740902676067,5.673064275659879,13.690570710026847,26.967490215648624
110.92203686600061,5.426261895537653,13.754852236259321,27.461094975893076
112.93861868157971,5.603687175204158,14.201931953744587,26.466209652468144
112.72465828073801,5.527243986834897,14.629852755427965,25.985975293356987
114.23695796174844,6.197832120733242,14.138606172935443,25.911475415324468
116.98280363210696,6.915699035014299,13.637797984382324,25.723462374803333
119.47390650457767,7.491232259753911,13.555704325575181,25.797423946857677
119.70998320001196,6.444245016793904,13.695743132467925,26.054821839493762
121.86439314254488,10.255368614644375,13.715601790595322,25.85316643212407
124.11997223881367,8.241349301463387,13.514746495148675,25.570902161395132
124.62241334717224,7.406221165086141,13.726179355094224,25.416685819155568
126.86717682630923,6.861275109579408,13.503231218540037,25.89706666992335
130.4503163430178,8.36500936719032,13.690007471747691,25.953371190795185
130.83803370096877,8.11460251430802,13.531365061492991,26.454184896559784
132.09452110101864,8.524487235456249,13.504061777509815,26.25583333329248
133.8347211187379,8.119587916530289,13.73188360049335,25.82955801833706
135.72503605322365,8.838632994375292,13.645390571306669,26.23853628253947
136.30177715546571,8.69233324157577,13.732341848543674,26.531135788138513
138.52720127842923,8.36738971913287,13.663567574629024,27.181022833024315
141.4939230241931,8.146589046435597,13.439314685316647,27.62262417841886
141.6230168721012,8.078971626678264,13.818054805577695,27.757859017933527
143.8031977254861,9.134774538633549,13.976002765520917,28.22814443214465
146.46085759286737,7.274365750047192,13.90139949331676,29.328603778038143
146.52292307754718,7.868861314478874,13.777268523957186,30.1491997969002
149.15997729351346,7.545620787975196,13.940259442688742,30.795680849907555
149.6443950275059,7.553289232947558,14.355201287521556,31.472232616371695
152.05956205146057,7.304209761304875,14.487830567428647,31.261396798540417
152.0848245276039,8.328406009936225,14.437305615141984,31.337756528837563
153.06009688591251,7.896107957303659,14.612193900030409,31.493874966934143
154.07320177856178,7.261856236698817,15.44121769484676,30.620953223057686
154.5699875841139,9.145435231205683,15.163119467635145,30.43116215350702
157.04360482570354,10.147040134093881,15.171073888995256,29.84372060617043
157.41699283842166,11.036886781295367,15.123714391070294,29.46286036679008
159.84981934751357,12.01802952742969,15.109156365615519,28.886602015301158
161.62326010883658,12.2607757974156,14.983779100482671,29.085410326831962
161.71019921802284,12.27595582173991,14.809900882110123,28.36998747544002
162.7217734328222,12.547984354165122,14.801442377999368,27.825930410589596
164.2304003847892,13.680650273930155,14.437857361473156,27.55085023661536
166.353634256655,13.531953713298435,14.110160010768425,27.195114959040993
166.38682484268267,13.531768759629305,14.043778838713083,27.195484866379253
167.63895420992878,13.708710586481615,14.10403084602849,26.841601212674632
168.6544735183346,13.810049934584475,13.983887873282509,26.638922516468913
168.93984662519946,14.955069713639006,14.04506274661842,26.244646219556643
170.59103385664838,14.566275875522493,13.878537361892887,26.395064080155215
171.57660121549765,16.466453203982983,13.786979783202174,26.353863701249907
173.30359671679864,17.547756879507297,14.079067945926894,26.064295932864646
173.3708377941887,17.03898915739699,13.94458579114676,25.831640695206854
175.05730005927362,16.748549031176406,13.668485402762839,26.412520947648026
175.2687210826314,16.65220894685968,13.245643356047257,25.982031698985153
175.1461590880429,16.296763470967097,13.490767345224235,25.473794473334095
175.62221650874534,16.604485601066393,13.144969886290543,25.464667595606674
176.27186781819583,18.869751229949912,13.646380356081472,25.73603790768474
176.25695860469204,17.944196897843206,13.67619878308906,26.361453935585377
176.4261474292416,17.878602018048355,13.960373447762837,26.492643695175087
176.27974498340356,19.350205204173555,14.253178339438918,26.696268922150097
176.27348841261443,17.484916753574435,14.265691481017223,26.602525108994264
176.4043988340951,17.96190100580216,14.003870638055858,26.920998235963353
176.04032781212135,20.565985625656566,14.732012682003376,26.167698004927583
175.83668457112591,18.064490091441467,14.501534489006804,26.068571673458678
175.58364527307432,18.852561726522644,14.375239036289004,27.021924598580096
175.1846535641675,18.478714535507574,14.528948853478093,27.125345379985596
175.05231595513376,20.257693747160655,14.793624071545512,27.457975200525347
174.64023534711419,19.673069544529387,14.30205589047958,28.627223605787883
174.3794918722865,19.718478411226094,14.156967446483112,28.536405872394468
174.36434487870082,20.419776486713907,14.187261433654472,28.459278438595774
175.3203098236995,20.323616331662674,14.261722261507309,27.989468509414856
174.73705035304917,20.29221361427453,14.115172502145422,28.052273944191143
174.40745462307433,20.069907301929437,14.119440300641307,27.841962907427565
174.63919867579762,20.182617843432386,14.307867909234773,27.616541824421667
174.90534300322614,20.917736613783187,15.07929407099435,26.79816169202835
179.92878905272815,36.44959739537906,14.827403813063704,29.037446388486053
179.5356872875912,34.36293515679739,14.931944244186559,31.165781568196387
175.56294977563925,33.81744648666857,15.731358965115497,32.256758908454024
173.4255870408593,32.66293674326381,15.539493471180556,33.82134656801441
170.43118253312585,34.42183376272625,16.18106625181811,36.4146796546088
166.09704146123448,36.86861190054123,17.53403637638891,36.39799805845348
163.16465941083683,39.58664136446466,18.381395721684616,36.8155780120228
157.0789649834673,40.043026554591336,17.69720041411502,36.759846575923355
154.0092945539305,40.08422476540823,17.08171276624507,37.52180371765752
149.52461302409876,40.636449165755636,16.759357474818003,38.106758253524625
146.7859802098244,41.090507311608356,16.303944885518607,38.04616742151177
142.42516483692287,41.12648698352817,16.63946621671311,38.812819019133
137.25121403543318,41.083018725150446,16.71977226496882,38.899755535888445
133.803592444412,41.03306003936992,16.748533960578435,38.999672907449494
129.5736162006252,41.16102594543534,16.605845110829975,38.743741095318654
125.69029130345832,41.74583195909709,16.686141239207846,37.57412906799516
122.55278579605475,42.0985729132035,16.253038062527846,37.70716143371823
118.45904519044326,42.3188087229653,16.112455633892107,38.09949617818048
113.02005954646278,42.4468984294259,16.122514010289713,37.007323464369804
110.91064962546646,42.33300235472113,15.419110594405039,36.4147450707998
107.8047456381813,43.3936248364471,15.235999107004663,35.092865040094196
104.02802961698946,44.032662811574525,15.019376051795524,33.81478908983935
101.17120346274169,44.71616905061476,14.695688968713899,33.20244403570602
98.47514279690132,44.541856254238766,14.167078342646457,32.81097813373949
95.38647212240113,44.98476355029595,13.818515201134701,31.92516354162511
92.92850823657845,45.40815726228074,13.791578851304175,31.078376117655544
90.24124898675971,45.440029340834016,13.619062786013556,31.014631960548982
86.5097468604772,45.176199263861164,13.498472597688862,30.852874438050172
86.22824414574004,44.571264329345595,13.376529500636096,30.692847254027093
83.07292301771747,44.831594066755976,12.882370534719183,30.172187779206325
80.16151997781452,44.50912315655474,12.727231237544697,29.488697293613157
78.61841156048894,44.50353813657861,12.555519523364133,30.151453043331763
78.17350753880379,44.472139010061106,12.787202787259655,30.214251296366783
75.4454578106656,43.158778314569574,12.938184005427448,30.18841356829556
74.69312584414659,44.20364340651813,13.777410062092498,29.429559137144405
71.77374126069341,44.09647521694902,14.262819806630441,28.974725588486592
70.32444445852234,44.2074789828025,14.477493972343975,28.75271805677962
69.45587770033598,44.933349598149405,14.871732821462928,28.64387149333958
66.89303291114308,44.243480640509574,15.26086836282781,28.670308255184686
65.49371867066989,43.503366600692566,15.32459736536698,28.783086595615103
64.79440660363805,45.1846102729818,15.35026586252334,28.852988343304922
63.87644698559262,44.97190793087563,15.810291274395134,28.590446115407723
61.803853242183514,44.587177264974954,15.803808814985034,28.66796245617102
61.54100156438414,44.20335029434547,15.636533142238518,29.435616397429982
58.81677181213753,43.66320302146523,15.473536129077587,29.814478878483698
58.63977425184879,43.20853697575104,15.123330301481765,30.72381096991208
55.96020480555973,43.22974501111837,15.502138010845364,30.681394899177427
55.095132589264146,43.32575657556318,15.797459165276695,30.48937177028779
53.35130049708546,43.606449469602026,15.686682952640705,30.647674061608768
52.32680765478019,43.40968631741441,15.575360505085031,31.041200365983993
50.62148185816122,43.640147597588495,16.090219672041098,30.58027780563583
49.222574941837124,44.50400826076191,15.983799390976063,30.304673536145636
48.88911217000456,45.3435939523007,15.930547142500938,29.345679945208293
48.484004439272795,44.779782719821796,16.035619053375214,29.06301530898758
46.30525888085406,45.21618851112917,16.176502817633516,28.892971618469375
46.26921056816176,44.63260463037503,15.545942398646329,29.357482335605873
44.97381801114386,46.050693400674824,16.040543778512735,27.918760617785864
44.57595749125933,46.11507779074962,16.15033952740444,27.104066546758894
