116.0,47.0,42.0,57.0
115.76940682506324,47.17737510879323,44.01576115778909,59.75439939824463
128.93123740413105,47.36885001259103,45.393091037568674,61.00091965170286
134.85840948659893,47.831885742436796,46.9066107223606,61.74583117322729
142.0272611672947,49.4180395450668,47.93251855696925,61.987659389300674
152.39588141413256,49.961345721679415,47.92509847689904,62.62853207054256
160.06232634962115,49.55108414608222,48.22654350290211,61.711906899850284
166.89575297937205,49.558444488345295,48.384129482312105,59.969131310460156
179.35498575499213,50.106133350366974,49.024321769529266,58.873753586416804
185.9430789927943,51.111579762650074,49.42742714802365,56.8628607618506
191.10144419781554,51.44193010021149,49.14772829993228,56.20216008672775
191.11963275729107,51.764543521761524,49.1113511809812,55.5569332436277
196.37829512812976,52.354809983411016,48.47925386780272,57.67147612982833
202.8452637548677,53.1594421969198,48.90609547148681,57.73230905995575
210.76455834363784,52.79765462786465,48.16866295076523,56.77797790286395
218.18111433500653,53.674457478320086,48.19736015409526,56.675684333738346
230.7949077930287,53.650938777118256,47.72268632835474,58.372915942162244
237.8369983562893,53.214399042295284,46.98803336721063,59.24599541180819
245.47588761987498,52.73496692436949,46.741967129143966,60.20485964765979
252.16496815136352,52.55038250315429,46.810706378233654,60.574028490090186
258.147637444067,52.253989799618104,46.65872270362793,61.166813897162555
262.9598612078479,52.53482480481182,47.19943257477247,62.29933678655951
269.04269219032227,52.13281636368455,47.07577407114571,63.10335366881405
268.19498569506527,52.2951418660755,47.040678352856055,62.77870266403215
273.0525652341561,53.824795357679584,47.67548096968817,61.444389296659594
280.5438747516141,53.97806900989382,46.41285954677465,61.13784199223112
286.9997809395651,55.14721514019958,45.3292174971947,60.4892883496656
293.8266103674617,57.10685906422984,44.97277672679624,59.89430502295377
293.9839597960035,57.61932460908227,44.658077869712656,58.86937393324891
300.5626461514187,57.68106799086759,44.5127762701357,58.74588716967827
305.6283633953251,57.49217439142141,45.737120567541524,59.12367436857063
310.6382677003245,57.08613355666291,47.253197375986616,58.28777240688139
311.0300786851391,57.23870790222572,48.129365320297694,57.982623715755764
311.5363855299533,58.364871604349204,48.786004530385334,57.39954921122487
312.2570390388173,57.527336601900316,49.01553497338756,59.07461921612264
313.3621135562646,57.136364152069035,48.50574933991176,59.856564115785204
313.77553064140517,56.78020636820506,47.67891516963064,60.56887968351316
314.58795615525946,57.45140399367458,47.755729655561886,59.22648443257411
318.38600320248696,57.08076022158303,46.88898139048421,59.96777197675722
321.2642864242248,57.22661613712036,46.1713031730979,59.676060145682555
324.791763421938,57.69544001419625,45.77031860540998,58.738412391530765
330.383249612761,58.85279275588337,44.44316277467664,58.0663429999753
330.3748657746584,58.87608607323733,44.45993045088175,58.01975636526737
332.78448701337226,59.318746650497694,44.47164070168478,57.134435210746645
336.61491614169927,60.166817084006,43.198726968733865,55.438294343730036
339.6423655759434,59.931603215772064,41.794867089292026,54.358375750515776
340.6789624815666,60.16531941636551,41.23266269317104,53.89094334932888
341.7671286628963,59.24387021477828,40.55102032702831,52.74446175947002
341.9414694490606,59.77125326836497,40.20233875469969,53.15577538696191
341.8601809294765,60.57171961490158,40.36491579386795,53.02150697790248
341.8860241362294,60.56166003539387,40.31322938036206,53.0416261369179
340.86352907778667,61.38410472375767,40.891484498182834,52.86347175925499
336.72059142104337,61.880787373499345,41.81014197106294,53.343550027892945
334.6611879360488,61.24778658279593,42.93749104204771,53.11382265979755
333.3989746741488,60.899979720702135,42.44092700613729,53.809436383985144
328.1234952705188,60.559244634870026,42.40012856138313,54.49090655564936
325.68071067744756,61.315100280173596,42.717087315185395,54.50206540915563
325.590971241686,61.06152143453272,42.89656618670841,55.009223100437374
320.79190096063485,60.40655722552943,43.261482370637836,54.78028078874847
319.30081779034356,59.870498683517866,43.16105183264463,54.311099433483655
313.8528620645763,58.568190131868974,43.32959160590006,55.38323486845587
308.35847347339165,57.0726537551151,43.45694019673336,56.822674966029915
302.6684888757968,57.077927514614885,43.8070384461347,56.812127447030356
297.6978544330516,56.054038093293265,44.26085867802277,57.27866484740652
291.7998171957847,55.302760507709365,44.88662071541216,57.185461098982266
286.8373097414262,55.20815496774028,45.18454823429793,57.37467217892045
280.5230598059236,55.661337435535856,44.915039108649694,58.08055836791099
274.8194781588173,55.87769168574113,44.99157025606546,57.64784986750045
268.8660432336731,55.479391866711616,43.99208967568153,56.83115570172542
256.9259904808094,54.649570340484345,44.10400582640923,56.90625279717998
250.34109588766356,53.558343495884166,44.57367133251621,57.50119102635723
243.79902592677325,53.652741404653554,44.82379523775924,55.70814320675126
243.91914715670288,53.85347294013867,44.58355277789999,55.30668013578102
237.38446679462984,53.15617138768093,45.08645814960273,55.13047632164112
231.84272601564874,53.63122320452822,45.13628335658684,54.18037268794653
226.63796909284693,53.525280056625945,46.17127864739357,52.829839224618276
183.55730948862106,65.81311726004213,46.63209820095008,53.18521926284633
205.66089220772113,55.88809433622967,47.986227865126665,52.6112362714748
199.47515700886595,53.444696139821076,47.68735104403217,52.746652457240174
188.24469953337479,50.59385398539264,48.01236088253767,52.12379244824651
182.27563490118095,50.965275380242154,47.33757046188351,51.38094965854749
176.22091555170502,51.42685900720953,47.01263857556173,52.01207872777195
167.2671947814034,51.28673448472832,47.77165842781672,53.851275198947846
160.64603976692482,51.33502794698592,48.21680825105858,53.75468827443265
149.82378069790565,51.61078256496087,47.387711608258606,53.20317903848275
143.70037338732615,52.573816411666904,46.966953868309474,52.86055789020919
137.52703968242744,52.44547195997991,46.74240753970418,53.117246793583185
131.9751631927462,52.607923985358234,46.843618750553844,52.792342742826534
125.5139362728288,52.81454676677948,47.219104926269274,52.37909717998404
124.72786292614462,51.89504241519235,47.223302323053,52.650156586573644
119.20698771451406,52.93518528601126,47.25944417629383,52.142100640653005
116.07354724033043,53.18127904060036,47.266699268848775,51.64991313147482
110.46202436866706,53.09602069531753,47.58822824402731,51.82042982204048
104.39453490742905,53.140339646610364,47.20211955507026,51.73179191945481
99.00072122587785,53.11556120317882,47.086504555269165,51.781348806317894
93.7086519730226,52.29383109743717,46.77489701600378,51.868273868518926
88.27591299866802,51.80885988897407,46.769949157736505,51.28529831301992
86.05247439733093,51.03668508632201,48.12929082990945,51.28588015307341
80.78182000093582,50.31577224128493,47.7128280797488,51.162309908440314
76.87637848489014,48.79772522102678,47.73945174364394,52.64155207531735
74.67643372354851,48.385574063370676,47.39834559064931,53.46585439062956
73.24647939257183,46.69123686186807,47.08286635930466,55.26683484698576
72.11387508026074,46.40075813233569,47.737557364022784,55.84779230605052
70.19544649299101,46.12993089513975,46.684369884169385,58.019461665240016
64.66030344805321,45.564635560694065,46.22942287138276,59.15005233413139
59.07395886192373,46.871311611192496,45.80732712405441,61.5058937701005
52.389254663328174,46.6953483638626,45.69317354274259,61.85782026476029
41.6700917841419,47.27503311335621,45.17544603620697,60.698450765773075
34.83437363082277,47.658968473399504,45.54432866561233,61.5933992553406
28.582737096073032,48.10186071504775,46.2703178600845,60.70761477204411
27.206928872360095,47.74485610281775,47.34108225919199,59.74077194818574
26.03469869135944,47.24331424613213,48.002043035927095,59.060356076290766
25.21851495709347,47.19480217146241,47.95063839052166,59.157380225630185
25.616455023537743,47.02574175419769,47.15475825763311,59.49550106015964
27.53833445434022,47.39235027681373,46.66443601921976,58.76228401492756
27.860368862598044,47.18961121866508,46.02036720270411,59.16776213122486
33.82694512832256,47.371002728013124,45.660090654874075,58.80497911252878
40.50058020291914,47.67620950681648,45.4477006734023,59.83642557588723
48.576769663496165,47.90742405178829,45.83674428129427,59.37399648594361
63.410320659849376,48.48607914950285,45.9313776606571,59.87011603340723
73.19792553934056,48.290005546815195,46.30672548952488,60.26226323878254
79.56501072336472,48.17893358633192,46.96975868337764,60.48440715974908
86.39549724343097,48.76573432677448,46.81952404087793,60.999647978568085
92.11475616719969,48.1415307582697,47.24085842548148,60.55379051098605
95.39671501191744,47.75469400555089,47.45419615173165,61.32746401642368
101.55565583008331,48.03395153701014,47.10358861542094,62.47855953922246
105.89174884253632,48.0928144980857,47.03865980119478,64.08228505920732
107.3391694105052,48.25537956962078,47.633383896850475,63.75715491613717
107.94166597444683,48.30475441858744,48.17797213048232,63.65840521820384
110.35832357025714,49.606250330711724,48.61559575339983,62.812392998801315
