81.0,79.0,26.0,19.0
84.42284319873626,80.91648934637941,24.099916388636963,20.112624093350668
87.83716831151666,83.11749479950463,23.53123650760697,19.88392675012077
88.14089221651241,83.40635064245723,23.606888619133848,19.98931498573396
93.31437103112059,87.85816795819892,24.23534253478766,20.003202234457582
97.26762521017281,89.12681610156912,24.67930471682639,20.24939612776489
99.85429100421985,91.46534188041252,25.159399240552048,20.51909241792034
103.19481955139722,94.39646964443106,25.66252004876092,20.404179211934146
106.82823309735008,96.72121146528441,26.362743608403076,20.824636893939754
111.40969356435497,99.1934497320796,26.84358371395483,21.07295476626715
113.59904338479392,99.98993273926669,27.737437233139417,21.739654391919753
116.69426571892038,102.76243236859419,28.546600693996766,22.41652902580721
123.00508576462076,105.55297974332744,29.543935598589325,23.24436368621994
129.09904192290938,108.55124514957785,29.80348258220831,23.05664721381068
132.30340798538833,111.20999865687413,30.871465436647945,23.55436296097178
137.33435429108368,113.98868281314267,31.07150486021408,23.983121668826172
143.74397142859755,116.61028797454942,31.230324399086587,25.66154004675949
148.98376759805075,119.38399667011542,33.27878902891445,27.27301235204707
154.83618802931258,122.61184860595831,33.955126842275014,28.436495357828473
160.50155663471952,127.00904549841908,34.403396108892224,28.47635643098028
166.84751525046204,131.19426946474812,36.54845803644754,28.01896404981041
173.71084489908918,137.86452979194598,38.04063872145463,27.86810471337452
180.26333007020764,141.5302140675126,39.423396037294914,28.815437681142576
187.57156368327819,145.95043233677325,40.87757236653407,28.546011038824048
195.99182592621278,153.18817951241584,40.37151349131089,29.31601792414179
201.50818569298616,152.3265108852978,39.18464510012035,31.039355178377853
215.51417879850004,160.71759406533343,38.77336919172224,30.817614999884345
220.97316857860847,165.41255766384302,38.796681258775244,31.274850267408123
228.40921517381082,172.67392021964463,40.45305968237815,32.178698662211964
236.94534107788283,178.63739028850966,41.652010031234845,32.813210007419904
244.25408647833058,185.411784819377,43.4231092661979,33.31178383356397
253.56789356315358,191.30321132188175,44.088261413276534,34.79270767130264
263.1709542785485,199.6513825333564,44.72312852604408,36.6972920079384
273.6086680343583,209.0648387873515,45.618803028234375,38.360828454122334
283.56645072519575,217.65339826084767,46.84369387589446,39.68160870779811
293.8165642352782,227.01973946924014,48.12643784324824,41.37046159181193
304.67181319546245,236.95615252359622,48.950271135074814,42.62357099453259
308.8740364652164,241.53639462143246,50.63455398532747,43.551816188620734
314.4991378763646,248.9209710494117,55.6885632227725,40.640272103383325
322.64988699139036,256.9765656750979,59.0476782827208,33.60321206278002
