104.0,69.0,21.0,40.0
104.39243382353393,69.11703058719512,20.215132352932123,39.765938825609766
103.92336648486256,67.78244710594603,18.35740223613976,39.63924099397279
104.28178022892378,68.11709444004843,17.64057474801731,38.969946325768
103.42258944839004,69.15994809805858,17.60787276417009,36.88423900974772
103.58847569401718,66.00927641147577,17.276100272915826,35.58405881070209
103.50011805987398,62.16502174621524,17.452815541202206,36.713637434857716
103.49583456293414,60.16100275819861,17.461382535081903,38.203401282438776
103.25342896810075,57.97326101710841,17.946193724748667,37.41131342378574
103.11405462820011,58.480676433628275,18.224942404549946,37.25467530241131
103.03308864163546,57.221615141654866,18.38687437767924,36.329798274325725
106.3462730699217,57.746074971586296,17.710634710648627,36.13089707011169
110.01140464145168,54.693319980934604,17.063576713719588,36.38860254855053
110.60268826124246,55.76446405837709,16.70890841495809,35.90211227530565
114.1611405206351,55.49398089939378,16.108964464384098,35.62845852224585
116.61685884870697,54.58358299174552,15.998335237907382,35.848985194320036
116.44738604555575,54.7091484568915,16.33728084420982,35.597854264028086
119.83619310472962,53.658030826159454,15.989204659210447,36.09270504215509
122.91904955890783,53.065195019972336,16.261629265808384,36.47360946516003
125.7025050397484,52.366987226346176,17.21539150626817,36.23985675187713
128.79556824803663,52.43261277603756,17.656301396936033,36.10860565249436
132.95783781453642,51.556598796780676,17.673081953263992,37.026501642075374
132.88878624904635,50.955419159701606,17.81118508424414,37.3810366070924
136.69886985824564,50.17514195365563,17.034220536224225,38.086190685387024
140.01316238839524,49.697527521693246,16.37008063361259,39.041419549311804
143.28889836450145,49.88570070246491,16.651947299294633,39.51924051500528
143.6709932261682,50.28273206950561,17.619890444351668,38.725177780923865
147.08053212701523,50.228451404311954,17.773797352620747,37.96211602256579
150.47570944070665,48.92849269284175,17.025956446117593,37.972384707986336
150.63023299572785,49.54700567453662,16.716909336075197,37.58562547694814
153.9043610824858,48.58662863542098,16.043208952053167,37.82793504389546
157.07474427662123,48.93708722282282,15.518337339509657,37.95785997990997
159.36391768814536,48.45254356316982,16.703796100230672,38.92694729921597
160.40086776146399,48.279882034075754,17.20515958309767,38.413849147569344
163.2818385820951,46.96682085983644,17.46197627246788,37.60068102140086
163.74100845640476,46.77880717892259,17.396142557578706,37.976708383228555
170.5841648900136,44.69823610304427,16.562183131029613,38.710556284140225
171.66037922458563,45.19924826731055,16.1153289771679,37.708531955607675
174.49704892129546,45.645192778884095,16.25473347050351,36.81664293246059
177.69176596283037,47.62334018071225,16.424801024359958,36.96003665188318
181.19312015763362,48.38275233140589,16.022172910552115,35.44121235049589
185.2535446507917,49.35933166768016,15.06435245039631,35.079837794871864
185.44849337020125,49.14729752409476,14.674455011577209,35.50390608204266
188.69337101874999,49.96544471126607,14.36871909739488,34.64061413056444
191.52670642632285,50.62062934393718,14.742960073660777,33.33024486522223
193.98196392157294,52.669554397636006,15.03188135133069,32.946277806517514
196.43321304003302,53.275652649137584,15.325325422289566,32.4763587760685
197.3992299449173,53.948252337418396,14.87443111346782,32.61229890045371
201.65754693588087,53.61571617443106,14.439101941874538,34.74669937376179
201.6012272547111,53.30759502885712,14.55174130421408,35.36294166490966
203.96631095263365,55.449662087057646,15.203087906136254,34.92274611834239
204.0010008407655,55.3853429291066,15.133708129872545,35.051384434244476
204.6320116790681,58.013920226686615,15.420884612926319,35.99102247772042
206.35431830834546,58.017658343001465,15.942619934604053,36.77681596113719
206.2671095479204,58.732153505567844,16.117037455454202,37.78940070890023
205.7987348117178,59.259171493982116,17.05378692785937,37.56695641759579
205.70909941035333,59.53224202225943,17.23305773058829,37.02081536104116
206.58898736866118,60.49743006321612,17.15341121429943,37.61063337961794
206.54770699790896,60.796133213831624,17.235971955803837,37.860476455709154
206.47930324959827,61.39974532411618,17.372779452425192,37.50557959069986
206.81191323596627,60.87511613989926,16.707559479689216,39.404400381783944
206.79149263496527,63.03103731134139,16.74840068169123,39.419518043370374
206.77388734742595,62.47970242399026,16.78361125676987,40.522187818072645
206.66817481281043,61.498999924787334,16.99503632600092,42.48359281647849
206.22116066957142,61.97283350798389,17.889064612478904,42.450843005327535
206.20522665364877,62.78389169215329,17.920932644324257,42.68941749323448
206.2344951166984,62.5944946199661,17.86239571822496,43.06821163760887
205.7960621616609,63.1738930044155,17.800474774258184,42.84820172275185
205.80242644021774,63.041957237104974,16.853234249245975,43.1120732573729
206.20254948656583,61.43044332269514,16.0529881565498,45.41367887183884
205.52714904009218,62.571258625999405,16.46382301618494,44.07201429854243
203.73806151796654,63.23126658853099,16.329182870271662,43.68020217102041
202.70315567252914,63.93893182258719,16.5586683268589,42.264871702908
202.64304614665528,64.75824091040944,16.678887378606568,40.626253527263515
199.3491620991147,63.61366226370905,17.088989659240283,40.26783975732967
198.7372033077081,62.295721241397615,17.428281129026157,41.13446957589801
196.14597319880946,61.84515644457958,17.191779925792158,41.132438932695536
193.46695426401166,60.69825339166877,17.156184234955262,42.527306111778415
193.0015970198583,59.16650277621195,18.08689872326198,42.8355426220116
192.33375801854777,57.65728082528607,18.48316737480724,43.97516782171168
191.9922225058292,54.684663880637814,18.20334148646318,43.18012331453966
191.78085112976535,56.135349231892825,18.626084238590884,43.11810690732848
190.7720996190884,56.240528597210755,18.737521004520733,41.9547150489806
190.64108076256542,53.711269700872975,18.061421636802393,41.38441035707019
190.4538913933493,52.8234368519431,17.51783513895279,41.32414558236628
189.94654296862998,51.017065209619645,16.71755688373645,41.306938657703135
190.0162464397154,50.87672835610111,16.57814994156564,41.58761236474022
189.9401073259123,50.763755726470734,16.73042816917183,41.813557624000964
189.3826334611642,48.95190810973406,16.94482703058371,40.03395964896865
188.5128519589554,49.06486690065321,16.927004233290575,39.80804206713036
188.6665338166586,48.47333598737487,16.619640517884115,40.115992144802625
187.9632781669117,46.78731977259701,16.277932382580325,39.99158570476301
187.4926282831232,47.40621742213526,16.352993883910347,39.62002867193344
187.53736697564815,46.69729023840232,16.26351649886042,40.17566709339244
186.9741951067379,46.63971101822992,16.521226212108132,39.422191509164406
187.25355026829374,44.939174505593044,15.962515888996478,38.511529121691865
187.4777365813681,45.22117322143942,15.514143262847723,38.786815649532755
186.874325953196,44.47508237793623,15.050428712443445,39.44372943316489
186.8214915018806,44.85479626329316,15.15609761507428,38.684301662451034
186.34647948551913,43.41663650343185,15.278728630756605,39.07844213105206
185.70553682654548,44.81990680913247,15.72536005910408,37.942409298850436
184.68061217790083,41.658424516813014,15.294633375244548,38.477363260808644
184.51895340147678,42.22657546668065,15.61795092809262,38.16795567233338
183.7553829572239,39.94963252956752,15.488686922519044,38.58082931136122
183.80910067725495,39.48718908602922,15.381251482456921,37.8420200858912
183.75414674718155,39.473436892300086,15.491159342603726,37.86952447334946
183.66717769430306,39.82551213858062,15.665097448360687,37.16537398078839
183.47558178689187,39.45353817113621,15.233719652750196,37.09475230524433
183.2068440728489,39.849430456702564,14.96530308378055,37.10885973116723
183.07705210843983,39.107853167419705,15.224887012598707,36.18806776337523
182.26043344271812,39.50434593873179,15.272827594889272,35.395082220751064
182.3598860581391,39.084151111017,15.073922364047334,35.4534412488335
179.54669646926402,39.37690279053848,16.024154407415452,34.0885800340602
207.70957861834952,70.67689548836236,18.693588530866855,32.81255089246734
215.90987825819929,83.73743134925644,19.16576370718814,32.4023735798538
242.8190866691922,113.28093805070932,19.307853346531168,33.7189121858982
247.12529903938218,132.0332185561156,17.3140016712558,36.75311119885191
247.04866193306196,132.12417369550315,16.629696290958282,37.40878051301476
247.15957517444338,132.7447143729604,16.407869808195468,37.00282224099604
247.2153797037822,131.24166232580882,16.296260749517817,36.70759560599103
246.87245154222256,131.89461694814506,16.163029701991366,37.03986110261007
246.7478382864484,130.08588765282943,15.590699798749412,37.37109403408014
246.74527870628629,131.0728039722975,15.595818959073645,37.029704258085104
246.993452655089,129.72160124124403,15.099471061468252,38.10934622597089
246.95844776881677,129.21514559079213,15.169480834012695,38.304145449340595
247.23690411515645,131.71415075490495,15.434733868936092,38.239129486731464
247.27200316793162,129.37790366913694,15.364535763385732,38.781799235204524
247.66317480130814,129.9630671559547,15.414715951725881,39.27651917175551
247.77271654416893,127.83807985493465,15.195632466004348,40.16435150445862
247.19201116398608,129.05860837659336,15.507690029067708,39.42200085574582
247.20416940180337,129.1312835546716,15.483373553433138,39.27665049958932
246.55417804712158,130.10594067452124,15.941590432225716,38.16910209046101
247.15682603147982,129.53405806846715,15.570264101578463,38.478897664499996
247.5414947425157,130.05520003931716,15.632761273365151,38.26844831665839
247.5567215968966,131.34153957308973,15.60230756460333,38.18551367071788
247.18988312224894,129.48906787121882,15.507807318872604,38.57774829435549
247.06459899218774,130.08364335246694,15.758375578995018,39.052886906213274
247.52116224217428,131.24364826143085,15.688705167776462,39.26324535454903
246.7936947027205,131.56737711304334,16.29839817656631,38.615787651324055
246.90525163172998,130.3276484668742,16.075284318547375,38.5550009613576
246.94456090537784,130.37567914284048,15.996665771251603,39.300853241573535
246.61964812926024,128.985499668946,15.795216725700701,40.378662993790215
246.64494928148466,128.11197836918745,15.744614421251882,40.399325299318576
246.52075419417704,129.32242711707863,15.993004595867093,39.70358947752236
246.40802905352461,130.32083257253603,16.21845487717194,39.420801905774844
245.7976016689665,130.67407292838197,16.582359177180525,38.71432119408294
245.7211417552224,130.1500368169137,16.73527900466879,38.909194932991824
245.4360563096196,130.88679502307505,17.305449895874357,38.29439932037183
245.38803578268417,131.5011558929431,17.401490949745202,37.925527200372706
245.8366734157538,131.70941793422077,17.36038880077725,38.36517623498867
245.99911513920716,131.09929187568798,17.03550535387053,38.7235867250229
246.08320747949526,128.50784788023586,16.867320673294333,38.73849495491408
246.1816914605127,130.31365497429124,16.670352711259454,39.41978640105321
246.2588892375233,127.67288532428918,16.51595715723823,39.51159297556211
246.32172019679015,128.0237830250564,16.39029523870454,39.67334222116935
245.8839237389713,129.75336998996968,16.4022401513731,39.66876030321913
245.8301741777966,130.807042826714,16.509739273722502,40.152797076255176
246.11124802020893,129.10615858234448,16.820279021040026,40.063815836425604
246.0470305518674,129.61823143414423,16.948713957723125,40.793504509478126
245.6781285707778,127.68843308175092,16.79678615483127,40.20444238890976
245.7670345575255,128.87612132101592,16.618974181335915,40.46465996977334
245.8463867727673,129.62821244853623,16.460269750852312,40.71873315445128
245.8520024143274,130.0865943881578,16.449038467732112,40.68193344285529
245.67696160838963,128.6916211738052,16.799120079607654,39.954944433464924
245.8110809942828,130.77341054242862,16.530881307821293,40.16621291258071
245.85584034023148,128.07593190663118,16.441362615923914,40.32162905135977
245.81784303332168,128.22082836626163,16.51735722974355,40.03183613209889
245.9105384161009,128.81818535139948,16.331966464185104,40.57927830633373
245.35343864208622,128.21936207417735,16.570498034496175,40.02558890534134
245.7181101558546,129.30749008226118,16.713087223821585,39.593197322897936
246.7830512846888,130.65759563927975,16.319641739486812,40.36585975552829
246.3540294705529,128.98348375890546,16.305311094527667,40.224586423352754
246.32335764299506,129.39513065182106,16.36665474964329,40.27137620615718
245.71344479746358,128.77798397367718,16.714629873870052,39.761968428772484
245.51726822431596,128.77320563438184,17.10698302016531,38.90084106918834
245.55318030861486,128.96250613372865,17.03515885156755,39.387398180129985
246.0951493494546,130.13420988280467,16.822159425188733,39.65680664788003
245.76321616168786,128.85426118026987,16.61495630669612,39.60349557087149
246.02805158197341,128.201104200484,16.085285466125026,40.043181735956495
245.86537325298704,129.1229883791608,16.410642124097777,39.06296133915575
245.62341471036237,129.04357405078832,16.8945592093471,38.36659230964193
246.56089731499904,131.90293815378527,16.726940005830567,38.62357512379681
246.53290645265204,131.3311449223694,16.782921730524535,38.05828207146689
246.2584409521019,130.61245113644762,16.48461487270065,37.80119392546197
246.0670740855802,129.917575353535,16.029093166839804,38.352690052382954
246.11236841660283,130.49359174171022,15.938504504794535,38.877003266896054
246.02474043355423,130.4777252608267,16.11376047089176,38.064607041031095
246.9272714137363,130.0642006434192,15.979722893921187,38.05614408414931
247.0822466927086,129.871030443996,15.669772335976557,38.442484482995695
247.49071596715612,131.0148741692468,15.685916149119077,38.65404411860678
246.87398868700132,131.42006468624348,16.0829519188977,37.84366308461339
247.07302853459424,130.83836379724843,15.684872223711873,39.00706486260351
246.5203019989418,130.17902617566506,15.94883990222249,38.64276932018172
247.01921850882616,129.55817004130125,15.791941470462522,39.884481588909324
246.83956693864408,130.2616156206444,16.151244610826662,39.33361603043697
246.8160225144491,129.9440138968914,16.198333459216652,39.114321628010046
246.48136981837683,128.3869585335648,16.01546745421527,38.81974676607969
246.41401746333747,131.14440059527075,16.150172164294034,38.37289406715662
246.53146988171218,130.29184454379012,15.915267327544587,39.23739424377484
246.05023362749114,129.39077217300013,16.02882954078517,39.34171839495176
245.91241556015532,129.9211618047311,16.304465675456804,39.13337541886667
246.28616886553803,130.99206035159776,16.41129005568249,38.700240307115564
246.2520677672816,130.98314346533078,16.479492252195346,38.71807407964953
246.05098149002785,131.24158302809286,16.881664806702847,38.20119495412535
246.41990352049797,131.80571313903286,16.994869028101242,37.923983014583925
246.49630333116826,130.9247953131659,16.84206940676064,37.987782584127096
246.50201662674897,132.04395826836534,16.8306428155992,37.44397043781167
246.53015131978864,131.6735885347915,16.774373429519862,37.34554426161407
246.72399580684265,132.74136429266792,16.38668445541183,37.72023835249352
246.62971855871507,131.78746325114327,16.575238951667046,36.28661899184725
247.32034612813615,131.49241631569674,16.011857400185693,36.87671286274033
247.11906461970366,131.52639813551585,15.59789366805729,37.62527597209548
246.88189832955206,131.84244976378577,16.0722262483605,36.993172715555644
247.2579279347576,130.3380865589405,15.320167037949435,38.36334234681893
247.28249068071747,130.28229168394492,15.271041546029679,38.474932096810036
247.2602621637759,130.29854723188018,15.315498579912799,38.44242100093955
246.84357222496865,129.8571361401149,15.322114260711386,38.49847898765414
246.5413824265053,130.06921427846495,15.926493857638084,38.07432271095405
246.4430129199268,130.63815611988116,16.12323287079513,37.76877226948292
246.69488034339358,130.12208429992182,15.619498023861526,38.800915909401596
246.750914866448,128.86141614164885,15.507428977752674,39.64755086965446
246.5304088141945,131.71321325565765,15.94844108225968,39.029129288018694
246.4037439048422,130.11319255150053,16.201770900964284,38.84317329250593
245.64060496963017,129.39663114682799,16.031411196061516,39.42797731418763
245.59908921002537,130.85568814966012,16.114442715271153,39.07103968078812
246.0946224270197,130.13593104998733,15.973432518090027,39.66049764332616
246.34522230426649,129.64670545009426,16.328274798886444,39.78290680782224
246.21615138687366,130.38701791043488,16.586416633672105,39.16640763844317
246.44272530724305,128.6427236074312,16.133268792933347,40.07557536932106
246.59594490296107,129.22917105748851,15.826829601497291,40.63242109421479
245.6301311772729,130.71357581071317,16.891053870275275,38.53101477036384
245.9446092119538,129.94754914625645,16.26209780091349,39.2070740415364
246.03172634297533,129.50509925278303,16.08786353887042,39.23733133068115
245.71214123017597,131.58747341778982,16.7270337644691,38.4805109974414
246.30693204132388,131.31340820001896,16.38982219261191,39.02864143298315
245.8060320375705,130.09373362758308,16.53728937578486,38.9049921048535
245.88433327191896,130.22432300102886,16.3806869070879,39.49897178633154
245.9504677526988,130.03263673171557,16.2484179455282,39.88234432495812
245.5053027006748,129.91080342341317,16.274609800641826,40.126010941562924
245.55172357538964,130.08636901408977,16.181768051212146,40.64299600437411
245.4169900076038,129.7269965850993,16.451235186783833,40.48783636610449
246.99991251384947,131.4224266409584,16.791295774485754,39.72640545453123
245.95236553987127,131.63107870250587,18.014860915001233,37.566043716554496
245.49773760879768,130.2608241357106,18.062471357948837,36.85997117334677
245.88876807077648,129.6078898782338,17.280410433991204,37.31367789355955
246.14546596355132,130.67096509505794,16.767014648441574,37.72299152591042
246.45399606512711,128.85639880245103,16.14995444528995,37.98373979580875
246.31095024491697,129.64599324717764,16.436046085710252,37.23953498668892
246.09731371755848,130.99223991062738,16.863319140427212,36.20556336405143
246.26712360358542,131.19984761938815,16.52369936837335,36.61208374407546
246.52709720801607,131.2918390395122,16.00375215951202,37.249798969811124
