186.0,71.0,11.0,24.0
185.89465023307517,71.36443604420657,11.210699533849652,23.812720550611033
185.8253436454034,71.61024584850773,11.34931270919324,23.863651418486747
186.6941987473394,70.91883912229736,11.248731842141327,23.063625755147214
186.77973145298284,70.86877297217914,11.077666430854489,22.631474601453558
187.33209055641123,70.33198490664488,11.01894644961919,23.18205161971136
187.81646696441513,69.85427472663095,10.580208598146337,23.6074570152043
187.8945706264639,67.57715688117794,10.424001274048827,23.404955448690625
188.40852405742547,67.15801017640456,10.441778891726923,23.72040661843674
188.53031464871978,65.6618221241505,10.198197709138306,23.546406913729292
188.67264450543988,65.08454145148474,10.434451520759396,23.138227683876913
189.22104703655322,64.31403407664243,10.375955774919234,23.12177845898177
189.3056412272657,63.29894699689671,10.206767393494289,22.562509541402918
189.2943144095774,62.85495981640083,10.22942102887091,21.93009038483005
189.3849174000315,61.83327944431241,10.048215047962708,21.981457473921832
189.5340548437273,61.07896990240243,9.749940160571114,22.00335110327542
189.62611113112348,61.188351447466125,9.565827585778749,21.78458801314802
188.43565619900122,59.57433743081537,9.52552686012656,21.62292122059416
188.38861182545827,59.609556590941764,9.619615607212456,21.552482900341367
188.00010564167147,59.05189974668291,9.914804760065294,21.22232694469678
186.48428486998057,57.060427365743074,10.053261843552658,21.34769242671719
186.41408484431508,57.1329074881871,10.193661894883633,21.202732181829127
185.29630451957013,55.98819834569187,9.995357202695207,21.05828512514126
185.316352392685,55.44083739984568,9.955261456465529,21.190581119461832
184.11026648603024,54.23494189902646,9.955225740199914,20.707723085610112
183.67940736004945,53.49375691117935,9.866142388301071,20.76389065551364
181.82602982254437,53.180956169681245,9.775545906519806,20.440154249311984
182.58348227442275,53.19836634735567,9.665749845781942,20.40533389396314
182.60654817929864,53.312506985913984,9.619618036030165,20.643001558384334
180.09767857945485,51.39843961776483,9.482693456217934,20.253684111455556
178.56252863003533,49.78250673033105,9.329175484440693,20.261732015706833
178.25185110630864,49.7260076076384,9.492551997001089,20.374730261092136
178.27722392787913,49.22162223748656,9.441806353860112,20.458540885036292
176.64151979865505,48.86391447287667,9.473528589313077,20.71114412525676
174.89792940524694,46.624517948812596,9.224382059759346,20.519528027922426
174.47564311388157,46.722902077390984,9.149180562724437,20.322759770765643
172.87602837639602,46.87336090463681,9.158441517077861,20.02184211627398
172.61886676730927,45.62065844565939,9.221264089924384,19.818243162267077
171.86034159936756,44.86211789755451,9.38939914862584,19.087132129840207
169.98555547807817,44.06823143939705,9.603768587408936,19.349203994731734
168.34469387828128,42.851191633414544,9.73935074316923,19.08659128341089
168.36750580021638,43.718194748990626,9.693726899298994,19.592313097795603
166.5522500786968,42.156290953021795,9.687728198889793,19.988738082146988
166.37844622687857,40.88535821158055,10.035335902526255,19.308828708007077
164.7061767932728,40.6915211703315,10.185723300704094,18.783888085066984
164.9624071744674,40.37459767325028,10.124425439221007,18.51540927741717
163.3444209717499,39.355147105479844,10.237310231063713,18.323533546106418
163.06810262201265,39.16462898186328,10.344699350255974,18.259322213057274
161.53447922222873,39.1648880282319,10.289069134230566,18.25880412032003
160.24822801269548,37.88571221705686,9.745371031664902,18.14612672412826
160.56799495069262,36.32172322956501,9.105837155670613,18.234517126725486
158.89522629628027,36.22848430437489,9.055259224280892,17.996480572078916
158.7080759263313,35.17714812015303,9.009406064899938,17.158075645570307
157.2549040935122,35.46941523177887,9.066325966424902,16.573541422318627
157.34858737401132,34.816664735049955,8.87895940542673,17.080188236815644
155.9935742971837,34.518754278904765,8.763275536316858,17.67600914910603
155.8216482704203,32.6777917734799,8.696717884641608,18.48506622354125
155.1441319462711,32.77285251862398,8.788559312301308,17.873880993040196
154.30107599085434,31.469519789650846,8.405961895226868,18.411837123078545
154.39944696654302,31.08519497590904,8.209219943849536,18.76557320023869
153.53142571647732,30.618056645787377,8.278908985099354,18.033496401600416
153.50118849991418,30.379688467179598,8.339383418225609,17.695857186818568
152.28431712915508,30.133542093994947,8.353143898576686,17.381489179465486
152.44386754654673,28.236388885767273,8.034043063793357,17.584920476270234
152.3285006265218,28.13481892562431,7.868399708761023,17.391683201473978
150.62958575637185,28.155402289603956,8.14090939757844,16.569186460644076
149.40817135270888,28.06700768251197,8.283130524634473,15.979106448071388
149.50107133272573,26.55868330968671,8.09733056460079,15.977783750430568
149.43817278310553,25.98801105341682,7.849104209737967,16.37108135476389
149.30281145045853,25.499725579416097,7.744355570511859,16.596709693725124
147.66671934346255,25.682310142520382,8.001074632651138,16.231540567516554
147.59581131012806,24.666777307198604,7.7668177833405885,16.382241658262522
146.51718126726786,24.15762930068099,7.678873290358901,16.277935381946726
146.5025907000288,23.14918690226065,7.708054424837024,16.439085359989413
145.06639205609423,21.96844583900288,7.588420856059246,16.556544344019755
144.8157772865904,21.941349935554015,7.7160293734245835,16.23711512927515
143.392545930777,21.69379967446334,7.592893590926325,16.36101583969088
143.42126255788648,20.683088688395543,7.535460336707368,16.528161795668137
142.4867433189073,20.67151712341581,7.543096246930377,16.179024412080526
142.48008196230373,20.652819595383132,7.556418960137452,15.849083613419793
141.03044117543214,19.41913617961263,7.553614310794293,16.139885777646008
139.7198815170565,19.12585738591485,7.606085554773491,15.992543915678116
139.03534458758605,18.122737540009414,7.512287286991198,15.80447541740419
139.0167769340437,16.907750215236423,7.549422594075913,15.705060045320323
137.89506926753538,17.05114654533952,7.6296106332596,15.778805267419617
136.49318461324592,16.62263169445941,7.892317672604541,15.546808282365285
136.22412898661162,15.287516841900807,7.702096638181746,16.03204112440831
135.23253997697657,14.991548732964485,7.8454450350297265,16.256011417796536
133.87834200884097,14.969759204018192,7.93774292150848,15.552133890034128
133.077791573566,13.996678812762333,7.713702693866348,15.673153574353817
133.53155912771757,14.190478844633418,7.532018142218291,16.011404067266724
132.00981050025905,13.125785056785215,7.657904716840221,15.587882297704887
131.97608599214223,13.786430239351798,7.725353733073879,15.348724571627761
131.59080175777842,12.782582405092597,7.420785131019034,15.206146098581312
130.33699721412682,12.580990575954159,7.471275957118168,14.907295967942748
128.77374103121616,10.903379039092924,7.470103685604303,14.787313889070592
128.1036814045043,11.003429330244046,7.427252015051853,14.587213306768348
128.02802065235116,9.943172588584694,7.236503791561785,14.655308423309016
126.80661234899581,9.982160917517021,6.961177603390327,14.917099614804634
127.0606517777417,10.081170210933918,6.7918955433366355,15.057877825408934
126.81178352315482,8.965920397979474,6.951752915115051,14.585344352154728
125.39839196751079,9.038919386655143,6.77435108661038,14.439346374803389
124.12175481106297,8.46956117513497,6.699010183479769,14.263755189830613
123.98529301197223,8.180403147000003,6.6472296916489215,14.517367156088234
122.20774602586326,8.262578893998509,6.599942866193814,14.025526498666398
120.91941247678078,7.989457044485635,6.620572472275558,14.252265511181745
119.96330918937039,6.8071274337004635,6.270612864836403,14.03159195302645
118.64100129675937,6.1066319464895,6.404626686595542,14.177281945716931
117.82583435121951,4.739785176842611,6.12519691254302,15.001211819878467
117.84473668371727,4.2494120242168165,6.087392247547509,15.656682454229795
116.75860013071691,3.892993178580098,6.255464271903693,15.367419604680967
115.45464028610229,3.598136596695701,6.533270366234987,15.29138602705035
114.03193763488899,2.4091733473453463,6.6850290093216636,15.312371698828596
113.7345909995627,2.0784049484608698,6.940032503288954,15.634218719912269
112.39683992552295,1.8532575873336983,6.824764215671651,15.735667137704512
