104.0,114.0,17.0,33.0
105.03078721403116,113.91169760602962,14.93842557193766,32.39934729633425
107.6994513392668,114.17647448389667,13.264540832680872,31.869793540600135
110.50494514168938,114.39334340398291,12.522163432450984,31.436055700427648
110.96317628886413,114.33096456383844,12.28174694384678,31.560813380716603
111.38647041732041,114.55975298682091,12.108697685140827,31.77677553295831
113.41118761607757,116.77968881557568,12.774006560851646,31.378112395356045
113.17990771836216,117.00416436331847,13.236566356282466,30.929161299870497
115.22941505215918,117.389567916056,13.22612290505482,30.83978273045647
115.72592128916692,117.32765556476016,12.91306144669097,30.963607433048153
117.59104167200822,117.81622778831611,12.563797356788308,31.338853656248226
119.12421833219211,117.88324494585723,12.199003729466893,31.20481934116599
120.18380888457145,118.24586700241167,12.080645779970943,31.146516279811365
121.42080392058813,118.13669177038693,12.262586826597444,31.36486674386082
121.17000341452948,118.18340745651645,12.764187838714747,31.27143537160181
123.25022610312672,119.68741804330035,13.349673007699595,30.97537451013651
123.33322640898305,119.78867513653887,13.867768678502088,30.77286032365947
124.57413755553976,119.16237798412988,14.147086234768192,31.33516966613258
126.55766409944155,119.33412586705313,13.696799934513464,31.695027257795864
129.25885231678635,119.3248631388672,13.198924413823958,31.713552714167708
130.69953035635396,118.96089681962542,12.393855041720071,32.4414853526513
132.0014084794937,119.50005049072647,12.542884162953131,32.05137435232733
132.32855363979414,119.96402398531056,13.259125976640258,31.80869343030312
133.00060422842466,120.99027659593217,13.998637592283874,31.1452634043297
133.82227271453547,121.54116901678483,14.44926958815249,30.741468218654475
135.87291239646777,121.63658677791662,14.548034172725018,31.25064002113045
136.51897531228548,121.47372275877574,13.965055033621576,31.57636805941221
139.10416347776973,121.27908768683992,13.720254130868799,31.96563820328386
141.67980891788426,121.40840899987109,13.503776340015843,32.411968875703785
141.80248767985324,122.34342190383202,13.966007807327587,31.95712105028126
144.03443306372134,122.51555385761745,14.466436940330484,31.61285714271044
144.18162542913376,124.33016267571296,14.885040124422925,30.83559116618853
145.67016686261204,124.20853481594915,14.743842275059379,31.078846885716132
147.58318132964038,123.9745855391511,14.468122038439066,31.546745439312247
149.39651735984634,123.56711642829289,13.689675148475322,32.36168366102864
151.6442686806798,123.31125345587884,13.455125400887276,32.87340960585674
152.16172914379203,123.29662969778981,13.133586080307246,33.61603872767924
153.77047483539226,124.03326173625611,13.507754892491036,33.57943872890038
153.95204795371365,126.32186462507468,13.869101235832007,33.349188431165814
155.371120189501,126.22877778778044,13.94136915950569,32.807759006942206
156.89502822888383,126.26303574221268,13.777805504344643,32.73924309807775
157.2217480375334,126.04062024035315,13.841541646927508,33.184074101796796
159.07226310795616,126.20682038785989,13.7641632784732,33.57640416126158
160.78469592911895,125.69597099118545,13.255362361222737,34.598102954610454
162.24938862924228,126.34933893500944,13.264460725149853,34.760608949049335
164.3205013673476,126.4792920187847,13.544934797128874,34.50070278149881
164.0881927739828,126.96087871212085,14.009551983858447,34.27594202024503
165.56692207293833,127.3789743717233,14.02596712475102,34.183219135741
166.3879156236398,127.58640116764224,13.868827144024209,34.5107891042412
169.10875193599216,127.61144539499601,13.637567896230948,34.46070064953367
170.42236205062065,127.83397750054166,13.22883030165098,35.49462486156041
171.18936781067757,127.58868758111538,13.18881940932204,35.98520470041297
173.55217214898852,127.96144601217041,12.983032142921711,36.74629497504341
173.75709707227173,128.89561184838809,13.333639851775064,37.15933596886737
176.30201826474104,129.30837830194994,13.6528189461239,37.106520415927534
176.2742299719391,129.06907875106734,13.708395531727785,37.58511951769277
177.05300967841885,129.27866533156416,13.722013109005655,38.73712334693652
179.80645721750022,128.91421530490808,13.831241888719186,39.46602340024867
180.2766228733704,128.68351539838199,13.705604965608746,39.927423213300884
180.69787639654086,129.0413045252318,13.682087280210016,40.03083432054339
182.29286106609862,129.18889319190893,13.772256412720388,39.73565698718915
183.37975306981573,129.39186755668956,14.05087883564529,39.32970825762789
184.7891610474735,130.05789497605306,14.499000132516898,38.81438773194768
185.4192523467074,131.0753600725105,14.873735602490742,38.41437560747442
188.2711379577934,131.09348843324634,14.899154421401612,39.19657460615749
189.07323191493725,131.43090373528688,14.125106886995784,39.35188438195831
190.53988275411467,131.36889234409176,13.646994490834604,39.47590716434854
193.38353290922728,131.69680881338726,13.640079550522906,39.631557850030894
193.3939581986019,132.28269518744824,13.619228971773675,39.27336232406253
194.488360132795,133.24004858214096,13.854692906328179,38.97483406997086
195.93771785770124,133.88308261293096,14.18840264106388,38.49687230452791
196.13729527897686,134.8208607390938,14.596557200718744,37.428625454408326
198.55891143445717,135.24938353386156,14.54928120786322,37.370905917890354
199.53683241922465,136.0060111557383,14.18873867385496,37.45295010966359
199.85764156652112,136.25028514244832,14.33947615391548,36.96440213624355
201.6950479676152,136.21766167568572,13.816861408951429,37.8176985840748
202.0107211696146,136.6723332240917,13.976392018364512,37.699232500674725
204.42083703756134,137.38140295700316,14.700589461258351,37.07315434610711
204.26158121472432,139.62800378336772,15.019101106932418,36.56033395792464
204.84630020273175,139.55864907957329,15.438398960450005,36.69904336551352
206.81290703115647,140.59718471207208,15.524258453881846,37.03341599068464
206.9862857703588,140.93117216460882,15.177500975477201,37.17560777279161
207.3197782493143,140.7273315103843,14.510516017566134,37.583289081240665
209.4915768773634,141.22838969408204,14.16694690590716,38.18118397162085
209.29541980893904,141.42905423939447,14.559261042755836,38.58225624789489
209.32308667286603,143.59621074162942,14.50392731490187,39.13924258948245
209.60961897512365,144.04974956816335,14.753064552385611,39.054366778413595
210.34946610999538,143.83517878410373,14.924317278898847,39.48350834653277
211.49123937817222,144.2506508463888,15.144896284168157,39.48727273583702
211.40032740045189,144.69895499530108,15.326720239608822,39.429391063342216
211.24089588775453,145.7026141530662,15.645583265003545,39.104386251250254
211.77969669918582,145.59571464761166,15.410167211720903,39.318185262159375
212.05680903503796,146.328373640366,15.696995680108216,39.5349735568338
212.4081024736779,146.62432755099113,15.843709372994965,39.792366305750214
212.75534388781136,147.3083853343918,16.004851802137672,40.13550125376814
213.010418158644,148.91007185729987,16.35814460290771,40.38589357769326
212.97511327507954,149.06264272908697,16.428754370036664,40.95410090082156
212.78166970776488,149.16516668669283,16.815641504665933,40.74905298560985
213.55346744573995,148.9780017939724,16.158772361879656,41.123382771050714
213.51921095947895,150.17658836612048,16.227285334401635,41.367419600400446
213.56498388277532,150.3507112300502,16.13573948780892,41.90431179526294
213.36445797066992,151.09129977983247,16.536791312019716,42.20555662541094
213.37372494464785,151.8662305743161,16.518257364063878,42.46114817785771
213.4515527942781,152.32171416081297,16.362601664803396,42.456248876873126
213.38840856355233,152.26784250741173,16.488890126254862,42.56399218367562
213.4466158606034,153.23158695610337,16.37247553215275,42.45054122205149
212.93644328704676,153.57302503249852,16.489518902063896,42.67096684646333
212.91314481618005,153.90559090734604,16.536115843797283,42.91440180533652
212.86240235012764,154.2373556290811,16.6376007759021,43.16377075966341
212.9730277837605,155.07337468000256,16.416349908636416,43.32833250626835
212.89859392370496,156.2818244390598,16.565217628747472,42.74480779722871
212.87125857242359,156.66789213267424,16.61988833131022,42.883657087255926
213.27455340536494,157.068714553532,16.727257965450622,42.99597154556352
212.97371031401343,157.61159783052614,17.328944148153663,42.827702229558355
213.90308502917637,157.4785288974472,17.32185129809687,43.09384009571626
213.85015131759914,158.36313905959503,17.42771872125131,43.18368990778187
213.93594539161754,158.51340341969805,17.256130573214534,43.81587819985754
213.8158457677143,159.12453090503743,17.49632982102097,44.47112549960438
213.88868770446402,160.0081956067251,17.35064594752155,44.60873662839472
213.83349846234594,161.158182102507,17.461024431757707,44.212443165162924
213.7640706810726,161.33372469263128,17.599879994304374,43.86135798491436
213.83123467439518,161.2906532087089,17.465552007659237,43.94750095275912
213.90829954452272,160.63842445243318,17.311422267404197,44.3075701862459
213.90844355398815,161.0062878608123,17.311134248473316,44.51865271990223
213.87192115737506,161.2869445756843,17.384179041699515,44.907176727092974
214.46221830071278,161.06148119240476,17.16031287765369,45.358103493652024
214.48055288164758,161.1373629206593,17.123643715784045,45.20634003714294
214.92094934286868,161.31470143289386,17.199194323915766,44.851663012673825
214.9009461083878,161.4759842331167,17.239200792877504,44.529097412228175
215.53931399271656,161.9250384095437,16.91116309850595,44.57968713366004
216.46585137774343,162.00886285505388,16.94515670980571,44.412038242639696
216.40810731107965,161.93167972739485,17.060644843133286,44.56640449795778
216.310324441013,163.83169321776467,17.25621058326655,44.550496254606685
216.3597884906145,164.1136011304787,17.157282484063547,44.93599085207345
216.32504217586373,165.24398091435566,17.226775113565132,44.581370423314645
216.24278204752497,166.05102461704058,17.391295370242645,43.91650904012551
216.19165967709347,166.72912967119035,17.493540111105617,43.502914342348696
216.09768124684865,167.4433879661264,17.681496971595273,43.012886038291505
215.4661056003884,167.5975119040021,18.00987446903533,42.70463816254017
215.26777265039968,168.13862518331976,18.406540369012745,42.5585647515037
215.30019122467388,168.88953127091892,18.341703220464343,42.93886674522413
215.75127626434414,171.79716315434894,18.384946789649433,42.79608486951759
216.31883102828513,171.67652400568858,18.193950166605923,43.03736316683832
216.21485455727725,172.4782026227144,18.401903108621717,43.32245033839848
216.35720336026296,172.5349236287969,19.06923065221186,43.20900832623351
216.79752732426945,172.936292264413,19.150747089722095,43.368435420524506
218.519734895003,172.48278503082577,18.60406460129613,44.275449887699004
218.31731908520905,173.50336935860426,19.008896220884026,44.17303681952111
218.15734574148564,174.38559627834374,19.328842908330813,44.35870774279981
218.17911725664155,176.2601315441413,19.285299878019046,45.52663099966493
218.08904648754262,176.9388918503626,19.465441416216894,46.168163922175836
217.92211736676626,178.09758347037464,19.79929965776963,46.88674637055315
217.5737524286087,178.40758744045021,20.496029534084713,46.26673843040205
217.5855238380125,179.13752530824786,20.47248671527711,45.83847714098269
217.4110515088714,180.00598088487524,20.82143137355931,46.15154249498467
217.49939130268407,179.88647392773856,20.644751785933988,46.390556409258004
218.14237314393466,181.94606650128995,20.39481481040788,48.487531504005595
217.8739312609404,183.3754386551271,20.931698576396414,48.814692086711645
217.641935804998,184.23076181524,21.39568948828116,49.2564493984773
217.63734886914074,184.39158866056732,21.404863359995744,50.02558640821229
218.09851187887216,185.49886164300904,21.584620849413362,50.0152074610898
217.96111119557733,185.92014565417588,21.859422216003,49.172639438756136
217.94501469516567,187.1116205704039,21.89161521682634,48.98518227491554
