134.0,85.0,8.0,19.0
133.21026132995115,86.70555456201589,9.163195768825698,18.919143446144297
132.7718340634442,86.6709690973931,10.040050301839608,19.423833054452558
134.0118068853119,87.93488655350731,10.766646049788712,20.102539533908683
133.66189226211984,87.65965223126213,11.466475296172838,20.653008178399077
134.05313827801592,89.20773857477229,12.18584257857507,20.56055411976755
133.7659674976372,89.04297550168923,12.760184139332537,20.890080265933687
135.82138638544365,89.49035484686536,12.331659376902241,21.573455724088227
135.464269896069,89.23334323193532,12.516935661913399,22.08747895394832
137.34051440984484,90.62001966508649,12.542457078654913,22.552420754183046
137.37558204521252,90.08647345252078,12.472321807919599,23.07248708397011
137.0791999400506,89.5381864419254,12.51158302059796,23.61555810751539
138.6228032081005,89.92022570310918,12.797413944071511,23.413652495076736
138.34413745355732,90.22097684703445,12.790652547156498,23.94033601922908
140.24811280168197,91.47043525138875,12.98487890039555,23.728377524513817
140.09018674881924,91.55356841494705,13.30073100612097,23.562111197397208
141.74325108114238,92.94028722696211,14.018670072426684,22.51327402948934
141.33737641976407,93.49919154403383,14.259014628212084,21.966870162317115
143.68576567066577,93.76604323796579,13.532977793709307,22.567664393681994
142.26155706735122,93.8350315412994,13.561167038337036,22.429687787014743
144.4891593295168,93.70702143655897,13.04323083085956,22.12324109408795
144.10364891889265,95.2278854112826,12.715915200500064,22.376522499464265
144.0045478595004,95.21377657340496,12.91411731928452,21.8573635753028
147.3120857432124,95.33920473073157,12.815467906814533,21.606507260649572
145.83727020906105,95.63756059242058,12.53925534674929,22.085076746727516
147.7608918566967,96.2364573087706,13.012488914257654,20.88728331402749
146.89642300286332,97.14339284642398,12.62046063635561,20.664136727897315
147.24642447904625,97.28195304247221,12.440783998052979,20.387016335800844
149.2179231392943,98.61475302610198,12.08999731461811,20.80045405745096
148.66290070774653,98.63298837214501,12.173244546386222,20.763983365364894
150.6593886477753,98.84170862288441,12.29440354722254,20.346542863886093
150.40395055850462,99.78161917419025,12.29517423417073,19.997038236054095
151.15704174015664,100.19920097344193,12.303721319441065,19.66678445374223
151.11566387169103,100.32502280931294,12.386477056372321,19.415140782000215
153.41210030019027,101.63815684778602,12.273313881703789,19.2776003063485
152.61882828861934,102.0621696907496,12.378474757726156,18.92336900279448
154.73115273052025,102.31691621772647,12.075755324036306,18.90411713010473
154.89958597973117,103.739606489811,12.223789067966955,18.48323779769798
156.94408809496096,105.20811489060232,12.464297407355362,18.432562709347305
156.66362437545513,106.3753379115686,12.540934874772681,18.519566525386495
157.09068338291758,106.55266966607276,12.660559168967094,18.651774170937813
159.00157430243922,105.68847468528959,12.765544089256252,18.416780752837923
157.7587956224437,106.12644760319533,12.805901622580745,18.518914847693054
159.54121709687666,106.64279559727802,12.679800661105304,18.468716570210646
159.66532478333386,106.57171450800547,12.43158528819086,18.61087874875578
161.85299013401473,108.57106774181537,11.947697178424846,18.990045196681123
161.75718581945353,109.08479745948769,12.139305807547256,18.930671061994058
161.70062788304048,109.62619529080402,12.252421680373343,18.82059539613335
163.80822034024456,109.47684432063083,11.930022052947137,19.11929733647973
163.65724887277347,111.96676584908738,12.23196498788933,18.99623199559411
165.10926439366168,111.08068004203461,12.261273258580141,19.301733953466034
164.72727851738182,112.18408923876743,12.531290887947888,19.070732052768363
166.7045977708203,112.33627027730678,12.041643131156027,19.75636733285682
166.34291911347933,114.31460789329064,12.267942519181453,19.776155514141262
167.77265804484952,113.44475091367951,12.41540323029049,20.01240018643881
168.0390711255125,115.08254431370624,12.389735533025306,20.28692263481056
168.2864735249411,114.47824203731595,12.405752940204142,20.47388277551903
170.99662095831715,114.31603510357266,12.124233471052808,20.798296643005628
170.6997306731803,114.80062499417537,12.204067401563826,20.85701014132559
174.34750254643765,114.55614953796855,12.651067180727612,20.31362191698208
173.8913552171257,116.01559957995542,13.047750980382954,19.972776127851255
175.7709748070357,116.94971660257191,13.4256439994229,19.138825132333267
175.8604085834036,117.76758212865059,13.757625825561215,18.524792837924068
177.86541239044962,117.65755235137468,13.29659639011851,19.251849275140067
177.06178680350982,118.436316927836,13.372573932482602,19.22559375373288
177.28701624762942,118.16457874080518,13.43339910397022,19.257786068067716
180.72813895563496,120.68521056184575,13.217229183420958,19.857047845223548
180.51247928858612,120.02704233353866,13.130324371171628,20.655160155490726
183.92885780468757,121.57406298528117,13.7000035856386,21.262336975340613
183.8476216438994,120.98030750074577,14.409834539295439,21.902489312330957
185.56419388025958,122.39536382051583,15.527058989981041,21.34756113449378
184.92224078636818,122.34788593761502,16.23207387005616,21.44251690029541
187.17669727353567,121.77608745225295,15.866323814947508,21.994233453987214
186.1875436813947,121.8985751810954,16.061810145959335,22.343531614059017
186.29158751844648,122.15334111739001,16.456505047535266,22.436782317149294
188.86257052625535,122.21597238582866,16.19997842903624,22.311519780271993
188.92921114921324,123.13466830925296,16.066697183120482,22.287832203460606
190.94551546979972,123.95883834857915,16.248219410975004,21.843529515958956
189.66095556805752,124.22618177073738,16.42433934814611,21.90709263822084
191.9402831795432,125.00816964875702,16.080376167393418,22.149413471703845
191.86686020249135,124.85718254174846,16.227222121497128,21.851243343565248
194.02388712004785,124.65584619136796,16.0993328834166,21.655892530464456
192.77643636039846,125.09994392889914,16.222400416606575,21.360655551929316
196.8227071100863,125.25787834448894,15.215555058020218,21.635261399148824
195.96530750558134,126.08714669371186,15.195987899685953,21.132968945599124
195.7648745021135,126.32651106766986,15.026657466541995,20.654240197683126
199.8606518836817,127.15044410568231,15.237412232446415,19.566528090260924
198.8677492251049,129.04382611306002,15.582119988532156,18.51492667728524
201.4360119911583,128.30822069339973,14.737310922168735,18.913208400170014
201.21587042594044,128.2718429313288,14.119777350470768,19.514872275378707
203.46196843878414,129.0713381494598,13.851367342170837,20.02777484781047
203.39107225801445,129.72048823549883,13.993159703710232,19.260783309493448
206.7301764395943,131.89053121071177,13.579419252440793,19.097009300327738
206.71055231445513,132.1646537449934,13.105915361808314,19.57426851358598
206.70245639819416,131.83391353627113,13.122107194330296,19.72362679179073
208.84622880071478,131.50770548896918,12.951659943329599,19.346768497884447
209.1440596823594,131.53328669384246,12.862136121418448,19.295606088137923
210.67640327599116,133.44391612980226,12.820735825121567,19.001515255679358
210.42999766832335,134.9757398744025,12.814777979623495,18.93048213148112
211.54545967053264,135.2185250646241,13.071857407192773,18.444911751037964
211.65697922086412,135.63521701930702,12.848818306529825,18.60056907026341
214.18286253031496,135.81977636344433,12.728960310575436,18.724641244283553
213.95075926427904,136.38435059040864,12.700089462238488,18.58164755117247
214.29291091181742,135.7616033297121,12.506230257338597,18.84625389221185
216.30576806541032,138.6011143542831,12.410193358635633,19.061747955794146
216.52446565398287,138.31927151823393,11.97279818149056,20.118279663757967
218.65422393068832,138.41041287589394,12.224845427496948,20.437281815039864
218.56916926052108,138.21122226106013,12.39495476783143,20.835663044707445
220.62191135270564,138.77237667796746,12.442104496777677,21.270591928386054
220.47981407181646,138.95228950307234,12.726299058556023,21.437104117900844
222.69396361446059,140.78532983166787,12.566930546026267,21.506337711873392
222.7437570569157,140.2595685003339,12.467343661115969,22.02591029498843
224.40808529414159,139.70632588428253,12.9044168548532,22.05647276475142
224.14312402276335,140.29155889423203,13.434339397609687,21.977664000776564
226.36040631605513,142.3201771990156,13.428552040989358,22.349204621172667
226.25450892319677,142.4061712530989,13.640346826706114,22.73625019589616
226.22462717524022,142.2909213454509,13.7001103226192,22.966750011192165
228.18476303348473,142.75173787046182,13.789454387303799,22.617919215623726
228.2002031663539,143.644111665277,13.758574121565486,22.54051555317595
228.8637167097701,145.86070088079197,13.566429899616926,22.079427149239486
229.00987710840312,145.63679163220928,13.274109102350906,21.969910075488574
231.76706405915655,147.4412772326331,13.267577752333324,21.66564440553453
231.7541424859472,147.1097020934131,13.293420898752078,21.782653921309965
233.92766758248166,148.22948524642106,12.784608881777853,22.284686312504533
234.03298879449295,148.58683231307543,12.573966457755263,22.664358046773245
236.35206957132957,151.1147074723514,12.878758702812508,22.002344438203906
236.22014006063853,151.33003720330618,13.14261772419458,21.57168497629435
236.16318738102916,151.419612557453,13.256523083413288,21.392534268000716
238.21120309781367,151.78904377669826,13.495537277052325,21.737433236312175
237.98833339680377,151.91030009401857,13.941276679072114,22.04596220357837
240.4250983587856,153.71601291830066,13.572736234973958,22.37640234989649
240.00021525688638,153.67473590429418,13.860634295688712,22.458956377909452
242.2400537642806,155.25965897278246,13.924484408490617,22.128814695676873
241.97532237261547,155.41803263550088,14.453947191820873,21.24798602371453
244.23693893478472,157.0483744412387,14.40818852352319,21.90509256127457
244.16050738576837,157.27250235582332,14.56105162155588,22.02564453159023
244.09844804070494,157.57495001181923,14.68517031168274,21.99391186586672
246.32775489459897,157.6405140226538,14.824551438440047,21.86278384419756
246.35551004659808,158.24335821046114,14.769041134441792,21.8072739008193
246.98849330234054,159.41149019407035,14.649740105995495,22.337673641197448
246.7377537925727,159.4068262084693,15.151219125531146,22.347001612399517
248.9181936456755,160.2337048233609,14.904930141266966,23.044439080868564
248.49288026226859,160.96996858899593,15.161375577689626,23.35445554077218
251.17949635101627,161.54127264885105,14.613007362602527,24.62427940226602
251.19798001580747,161.98387679909735,14.576040033020098,24.96479342728208
251.10373556755926,161.89798553115375,14.764528929516521,25.136575963169282
253.54567924936202,164.12109935955746,14.86491252235907,25.05158539325391
252.96852586848715,163.2961917100078,15.395751409703543,24.83099706913749
254.8617440056865,165.63417676173856,16.013159466539364,23.929750678162613
255.2214158946365,165.4820673646446,15.919741594249803,24.233969472350573
257.03812934025296,166.9621603911096,15.431034254654534,24.418502971058295
257.16984982819315,166.581851447134,15.167593278774117,24.555571994970386
257.2369295327801,166.5001829888409,15.033433869600183,24.71890891155661
258.8011038719131,168.97156581138802,15.011877513594804,24.125652517627017
258.8454383888673,168.66576103840654,14.923208479686346,24.125114985110216
261.29906312034245,170.6949427233826,14.901164364108954,24.341306294109316
265.36339532849587,173.00385901743508,14.748065914547887,24.631514300924913
265.32756633392216,172.62213552663863,14.819723903695209,24.779712738717812
265.00512216587776,172.47671484320603,14.84595005821048,25.070554105583025
267.2485913857325,173.99807699626885,14.723017953907824,24.521547705404082
267.0121441368916,173.9948587047019,14.582722619567779,24.527984288538004
269.3065588077714,175.26360463181695,14.27032035144982,24.434165047817405
269.7183247964645,175.92613196283452,14.051030975611145,24.31759558887743
272.8375900013305,177.8646347698619,14.399281319393463,24.63217772705906
272.446958914915,178.17220130750135,14.571178759562159,24.62640938444256
272.321389821607,178.32663169702303,14.822316946178168,24.929734771272784
274.5922119997848,180.35949596562665,15.248168927159263,25.210565529235097
274.52141784945604,180.74930974993705,15.389757227816762,25.063236007591925
276.67501371804644,182.72748073638974,15.509960917102319,24.90180440022911
276.577243931791,182.3553813400667,15.705500489613247,25.013908694669514
279.00799430253977,183.84246845020536,15.940383792957551,25.224974502418398
278.7686795082835,184.15021664186432,16.419013381469995,25.253616079904774
278.3254592304419,184.23897149107904,16.652889354567982,25.07610638147533
280.81375836441816,185.1803164138969,16.25284896507479,26.462386449024976
280.75251896764854,185.50944803220543,16.375327758614098,27.139843235275066
283.827589254807,187.08913029617432,16.345333261117116,28.060576091883934
283.7434005742821,187.0366326872792,16.51371062216693,28.165571309674206
286.51538569377243,190.18621222394762,16.550567975753815,27.44723982890479
286.8473330498693,190.6024593733496,16.574219176060456,27.30229144260123
289.8387857305889,192.57851831176876,16.0775993492148,27.464887716708144
289.93602528673864,192.69280046448904,15.883120236915222,27.236323411267584
290.33375644298576,191.9250774921403,15.76079419200159,27.425496820803893
292.5241406794033,194.74617584433537,16.097104837327155,27.174247680025765
292.74255842130214,194.36948636331752,16.336102904763926,27.25179309082688
295.20808815134734,196.9195410957937,16.85321287191798,26.918831874713412
298.5154727511828,200.70605591450737,17.08596362305325,26.878074183172842
298.7257031220922,200.62677652008531,17.353543237611614,26.348592615639742
299.01880189942847,200.1858571843767,17.45191407018766,26.54586289980847
301.9744681821524,202.93709510383476,17.05392846118086,26.55673401733339
301.7162491742129,203.3415735794526,16.887672682303634,26.430470860853937
