181.0,9.0,25.0,17.0
182.2414096894688,7.734626054054763,22.517180621062355,19.530747891890474
182.66190456613896,6.923403331326044,21.01443643598528,21.15319333734791
177.57541703074364,6.949978155661846,21.22656756211337,21.10004368867631
177.5039288568426,7.029458983002158,21.369543909915436,20.941082033995684
174.90809926495035,8.984755375500384,21.897099391545282,21.028292422274625
174.81272170366628,8.889922636983096,22.087854514113435,21.2179578993092
174.48786297853596,9.31891198979146,22.737571964374073,21.04192609329298
172.27533365998016,9.817710345930628,22.33744925562669,21.42295262268864
172.01469122215727,9.670477418995471,22.169631565275335,21.717418476558954
166.99754628889082,10.36901245095256,21.837039324803648,21.702599360245387
167.3185126733237,10.302447480914413,21.880769340114544,21.83572930032168
164.4424041415964,10.987020401394492,22.125396754437936,21.15503216550293
164.37994938526703,11.467231092611858,22.250306267096647,20.876149512817
161.58744719380076,12.81110738454969,22.402745955310706,20.904679276300598
161.64710820036288,12.779788294511327,22.283423942186438,20.967317456377323
161.72075892255495,13.086846556183422,22.136122497802344,21.034236130204835
158.15137611476803,13.647788207867993,22.476960098128473,20.592145628360463
158.03389612622053,15.163470586866293,22.711920075223496,20.273145843778416
155.18377287439984,15.19583155806449,22.99890461490767,20.20842390138202
154.88921953157015,15.475179737920431,22.9079357846226,20.329803057614548
154.98846348579139,15.428009902040628,22.709447876180153,20.424142729374154
152.10489889908965,15.815408059745376,23.04433101035867,20.328377168867775
150.6607835358503,16.067080759882682,23.201762102731262,20.507731677119693
148.08619750582898,16.550329695366813,22.8468418085861,20.917256894698397
147.95970834959985,16.652162016594946,23.09982012104434,20.71359225224213
145.46331121891754,17.311845486249908,23.2645805449549,20.773663552204795
145.3275476264612,18.031032922666434,23.53610772986756,20.7217651828577
142.30438517611032,19.869265978590228,23.31283464830538,21.225031059186097
141.9013146680699,19.785456610056634,23.41778463653327,21.39264979625328
141.83145202419036,19.456982029441228,23.557509924292354,21.344103010447405
139.13859084023713,19.48427108910892,23.2880546874673,21.289524891112023
139.1008754907752,20.16926183847538,23.36348538639116,21.323208849222468
139.0055330683904,20.342476201798213,23.55417023116078,20.976780122576795
136.33750831586966,20.675938390296096,23.282370983570893,21.01083683965995
136.3403596546194,21.035447037927955,23.276668306071443,20.98912102079033
134.16872168473736,21.478084085242607,22.741880150644327,21.497579524787085
133.9102694676547,22.233955286294403,22.562169077198604,21.379068137905552
130.75921926298113,23.4928753272943,22.63694197542312,21.628929171960277
130.69057953246835,23.457038360580285,22.774221436448688,21.70060310538831
128.13787077248537,24.314484847568835,22.97725953048153,22.086729885382525
127.97571830365479,24.2109114648607,23.30156446814273,22.293876650798797
127.96319334675968,24.210971622212114,23.326614381932934,22.293756336095967
125.22736526853609,26.331976617788587,23.05119052581495,22.362056354366906
125.33953115923374,25.63559136016718,22.826858744419646,22.32452955677619
122.71083510424056,27.42919282640502,22.395974984615606,22.292499042919513
122.85841569232818,27.464750549502867,22.100813808440375,22.221383596723825
120.18146692172768,27.585048315508445,21.870817629092503,22.67877477978128
120.18035400124963,27.43580368774129,21.8730434700486,22.97726403531559
120.1504876513853,27.767795853364394,21.93277616977724,23.019530241382377
116.69392963931357,29.372240444398436,22.475164643779785,22.642075526043598
116.5138609454635,29.515736708331488,22.83530203147989,22.355082998177497
113.96163714259541,29.802703986395223,22.95820270843187,22.492798003304916
114.29586857208936,30.17608244764246,23.005494259005303,22.461795490371763
112.06165368123023,31.584466451902816,22.46187145286448,23.22506504460754
112.1765931580174,30.94248170809408,22.231992499290122,23.789580314272072
112.04483002437894,31.225624076180427,22.495518766567038,23.94794097690093
110.65062280382122,32.56796410209541,21.627414962607084,24.1884755211313
110.71720185022075,32.598363463504185,21.49425686980802,24.127676798313743
110.73865734815854,32.64221902413741,21.45134587393244,24.03996567704729
110.42587049240419,32.98354559717542,21.360811001235668,24.073421115176732
110.06510999343641,33.3757625520002,21.36715115886006,24.00416804583834
107.12808746182375,35.494558631967195,21.527538651023452,24.766026260583516
106.9913202715586,34.88514910381711,21.80107303155375,25.256258899425625
106.77855941335676,34.794911455049686,22.22659474795744,25.43673419696048
103.77109556742919,36.297118248777835,22.99027723380747,25.43303215579283
103.53874919358583,36.13897843156517,23.45496998149416,25.749311790218158
103.35016827200275,36.64689759813764,23.057471869967,26.28279336645989
102.93761284746084,36.59061391732801,23.105985810265,26.395360728079158
101.65749426604322,37.665369748323265,23.32886786113107,26.583204178057798
101.02049949010588,38.39356854753025,23.817258332958495,26.698004739738323
98.63096432316087,37.51084802133352,23.02998116493837,27.668253291858903
98.73910210134848,37.43527242072945,22.813705608563136,27.81940449306706
97.34192626072426,39.701754449557214,22.422469069998158,28.064822765131648
97.38702490032328,39.60050526343771,22.33227179080012,28.26732113737065
97.3276075749508,39.473246175651354,22.451106441545065,28.521839312943367
97.12269888350411,41.51991437724669,22.059624775372427,28.434998155082816
96.79404891942988,41.57250979832557,21.923319910167017,27.536202519571155
96.61912228471566,42.07081522829464,21.495537960173163,28.872497317899914
96.63865532193398,41.20040954982098,21.45647188573652,29.03117327325442
96.6552610963729,41.1584303989201,21.42326033685866,29.115131575056182
96.21253362201598,44.17233921330421,21.515142955595227,27.84874792615171
95.5465142490576,44.355342774800675,21.295616111845927,27.482740803158777
93.08172880446403,46.5975996603006,21.625486845769807,27.597927187422158
93.43049292162614,46.720963470817544,21.701702682794146,28.124943637736816
93.21668524378745,47.95559539662014,22.12931803847153,27.221759618468525
93.17538942988664,47.97450179230732,22.21190966627317,27.183946827094154
93.1859205271582,47.82550896762919,22.190847471730017,27.481932476450428
92.70466256199916,49.183882886909444,21.591086869329494,27.108599436967843
92.73216894283887,49.86133943641413,21.536074107650073,26.51937899998081
92.66812974878128,50.456242964185506,21.664152495765247,26.84109364951913
92.24731469465111,51.01024344775611,21.74300889766054,26.495866388742996
92.2198684750552,51.53397198902502,21.797901336852355,26.207154248109752
90.75699250611744,53.66171992768406,21.702903337046642,26.48278327731353
90.92423627906594,53.30401778275609,22.126311560374063,26.440291797945065
91.13109613512125,53.73703541706279,21.71259184826344,26.338330237657246
91.27148967292302,54.61098449433157,21.431804772659895,26.102092754578802
91.52938363253784,55.10872394245836,20.916016853430243,26.601936847020237
91.57364173883894,55.93063139566217,20.827500640828063,26.452069388843015
91.61869872444606,55.99993996838882,20.73738666961382,26.31345224338971
91.9280357216695,56.91752308363738,20.85836878205058,25.957598226659904
91.89827091328252,57.88786598514316,20.917898398824537,26.225407965894945
91.80788495696682,60.24654590676167,21.098670311455955,25.955470693290884
91.79330952662855,59.979174137753034,21.127821172132474,25.750191616989955
92.06965897632249,60.793028988229956,20.575122272744615,25.59715923776578
92.65025619206392,60.791111836209694,20.13997432535998,25.600993541806304
92.75015788320563,60.822236346967884,19.94017094307656,25.538744520289924
92.72643880816273,63.42962830460009,19.987609093162376,25.327878507434484
92.77846384348537,63.49520528802008,19.88355902251708,25.196724540594502
94.86790196343128,64.7057724813728,20.665526476921016,25.610357979200913
94.8817954271816,64.47724125096258,20.637739549420388,26.067420440021376
94.87735908824386,66.33703282939291,20.64661222729585,26.01919084088959
94.51968834180659,66.31182095434174,20.628277789701833,26.06961459099194
94.8433401494267,66.46159918375672,20.715124891130316,25.770058132161978
95.70546990502504,69.04390932597546,21.183767166963612,25.722208684127715
95.77022614954399,69.0801763021345,21.05425467792572,25.64967473180964
96.22698162634549,70.54001004531128,20.875348047697244,25.668424538954188
96.22883823601408,70.74623951287414,20.871634828360033,25.255965603828468
97.95799508814665,70.8339870915963,21.766909862736505,25.80606856949107
97.76134363139215,70.7102709271189,22.1602127762455,26.05350089844586
97.6556450831007,70.69672020333456,22.371609872828387,26.080602346014544
100.2273438003913,73.65799488620993,22.56548744864571,26.257795849290684
99.60830309591223,74.20275441102545,23.035248125171755,25.936597532091724
100.39634824971007,74.20173217753097,23.000901267780897,26.709513724183104
100.73788625044335,74.35710034569779,23.100121614850067,27.18107373638518
101.152711458503,73.88585183719556,23.061648768967494,28.123570753389632
101.56029750754799,75.41131855719138,23.856637517430364,27.487878583227207
102.12462485604158,75.9595439389563,24.34412154488932,27.199497181920446
105.08879368807247,77.85987203019471,24.095577534738148,28.267235559938413
105.21805996535738,77.39429503052219,23.837044980168326,29.198389559283477
