144.0,53.0,24.0,45.0
144.37292359573362,52.64120022863682,24.3281119822338,44.64364036902532
145.30964291849904,52.786571188379654,24.603324146584225,44.352898449539644
146.31218086743974,53.33149368489869,24.74771303327809,44.33778584878923
150.00887970373086,53.43377366731978,24.89310557642959,44.13322588394705
151.07763047565314,54.177500728424214,24.90844435084802,43.72219192086966
151.60567706204228,57.16370984367042,24.92294805953236,43.102758097690334
155.42668796550876,59.42421042182568,24.71257308539051,42.82841227440329
156.11470303132572,59.98057119959812,24.390572101057895,42.769719866159726
158.27254940299176,60.246269705177696,24.265658224667376,42.23832285500057
159.37762320800107,60.17613001759044,24.13091364608964,42.37860223017509
161.47872977763768,60.1811561532552,24.078668029197985,42.368549958845556
164.08641895729156,60.06695732498904,24.045566319897034,42.596947615377886
164.16205719726008,60.72771725668284,23.894289839959974,42.314700740371414
164.67443430583367,60.72117733450174,23.90205930991141,42.32778058473362
168.83146578211552,62.697861456671056,23.850791338648186,42.50580983104523
172.53873447077578,65.43760339492361,23.67852707046945,42.199378175355655
175.0844451395072,67.27765937244027,23.722837311282873,41.600705167288105
175.72592351240505,67.97186371260258,23.458920663376468,41.23133658485276
176.9077921435147,67.96628733591879,23.1133573082933,41.242489338220324
180.01789308702453,68.6800377990831,22.91340173098233,40.818362796843175
180.9759239319879,68.86517607380189,22.984736849549797,40.44808624740559
182.04303286667982,68.77674312180629,22.829384535881,40.624952151396805
185.55483695059826,68.93390731792834,22.731631571228064,40.31062375915269
186.55864244920613,69.52223948244935,22.690210260089017,40.11705427314906
187.66796353679976,70.64557427847753,22.430620355979595,39.82943695217054
191.10333466179773,71.90523991917499,22.355862896350633,39.25181561088044
192.06791133789488,72.11336452260846,22.3487792705839,38.835566404013484
195.91058333100477,74.97132390202904,22.301417578697606,38.848134365922434
196.31842998256738,74.999509466315,22.439854766240124,38.79176323735051
199.71618712744925,75.5276543674395,22.333839855271172,38.6911162035008
200.24747014633041,75.80155415051769,22.223626844789887,38.1433166373444
200.83669585751443,76.0305928836165,21.98753540791894,37.685239171146776
204.25666010173157,76.58650681534613,21.66855742155573,37.50497566512625
208.00990984072908,77.38408388807323,21.549945688259402,36.83330748775938
209.94152697622027,79.8804528629346,21.332758010261713,36.398127779267526
215.878803508585,80.78750286975364,21.176086902788178,36.3867788359765
220.03499350101362,81.31207431269141,20.950700908931267,36.23619083798987
220.56056811046605,81.31799844445412,20.79205378768,36.224342574464465
224.1376330471037,81.9244127137313,20.755008999611306,35.9011496715609
225.03945516740652,80.83286021579264,20.719797574919312,35.43160544356781
227.83531906900492,81.88002648431512,20.38799118602843,35.090580044624815
230.40231255081116,81.87649552907894,20.449849796863454,35.09764195509716
235.52094191430072,81.9833531664519,20.61811228451658,34.88392668035124
240.34483531625736,83.73452876823428,20.505122674741013,34.84877445647291
242.60114270522985,83.30655929217612,20.314344794548372,34.84034602903875
243.08307197124725,83.53481193327654,20.21150025233973,35.244854736663996
246.98127722592923,83.36026127878522,20.202510531057285,35.59395604564666
250.1053749252519,84.49879113403364,20.04632169039145,35.9277562885696
252.19031139737532,84.86981323146267,20.23928051435447,36.05827844735351
252.5531922065209,84.06776845962798,20.39130108649969,36.78458580058644
253.73406407915448,83.44556748936321,20.70287898484748,37.13788052657767
257.1959273728373,83.66398945045762,20.992260949467756,37.60267517338711
258.9069949151237,83.81981138344243,21.223880989935324,38.20447008867756
261.9683600357048,83.66543442990061,21.585105997476163,38.513223995761194
262.81510302295106,83.06652445355267,21.765614325311702,38.774046797292975
265.8921785987459,82.92549220375022,22.21895351480331,39.056111296897896
268.17185221338696,82.56477416639726,22.438661054087504,38.821736417890534
269.07863801531545,82.39228408500544,22.53722345214368,39.16671658067417
270.0093356350503,82.41117056283703,22.60153397737167,39.128943625011004
273.76682326196357,81.57690789726485,22.793627238185916,39.83408539182528
276.2397562203146,81.59940099158247,22.733228695973885,39.78909920319004
277.70417165302564,81.42470311426386,22.73060254056059,40.13849495782725
279.6123592900132,82.51884640894862,22.836348281674155,39.91126887600217
282.02148291038884,82.70405180769347,22.912912002371797,39.54085807851246
284.46472235394737,82.87233892869887,22.90028428826028,39.20428383650169
285.2954473136109,83.07080160531298,23.17795933236495,38.80735848327345
287.5614688323088,82.59462736776044,23.487706199169416,38.79134897753847
288.01192439784904,82.65595212007133,23.560136847673583,38.66869947291667
290.5094316618425,83.04524705087611,23.428792221447157,38.86284359165919
291.5894333498901,82.97620970642204,23.21561637337495,39.000918280567326
292.1024210204448,82.96188942621382,23.161513191501456,39.02955884098379
294.4738639561177,82.97383176179298,23.27554894378153,39.00567416982547
296.056153278399,82.9916838769096,23.029834010093413,38.969969939592204
296.08982485337793,82.91079895112438,22.96249086013552,39.13173979116265
299.9309835700183,82.8117581146756,23.036478927638683,39.32982146406022
299.8483280878718,82.92863015326881,23.201789891931785,39.09607738687377
300.32741200834226,83.06286111421467,23.21667546820613,38.82761546498207
302.77675880517864,83.04648613522619,23.164544859421273,38.86036542295905
302.7339452859749,83.14094414720684,23.250171897828793,38.67144939899774
303.17751728609187,83.16765376722518,23.33058177949198,38.61803015896105
303.6485532107803,83.68202336956873,23.356623800942717,38.55740482510156
304.1611298276242,83.72946420962374,23.29912027757114,38.462523144991536
304.66484174533474,83.88347910653292,23.25696450185583,38.15449335117317
305.1599972864227,84.00803445005376,23.226622608247077,37.90538266413151
305.6323354086784,84.6089258153844,23.23769173155948,37.65934530129394
308.9140841107016,86.2135863998051,23.34002562561753,37.30680897449727
308.87112031115544,86.72142102408242,23.42595322470977,37.23985514980807
308.8710856204441,87.81070567781236,23.42602260613249,36.95959573976286
310.68719618183644,87.92218849325366,23.573661575058082,36.73663010888027
311.14251523820315,88.9506992721437,23.607119637987363,36.56780090242566
314.41373344948073,91.54288106560875,23.659561071954528,37.03618976394321
314.9003412438499,91.35445685340173,23.6363631035849,37.41303818835726
315.43901467444203,91.45595921275299,23.514284642207205,37.21003346965476
316.4596955842633,91.9148518396879,23.373299694035207,37.24243665152014
317.47310595744744,91.34363303409293,23.243101475493486,37.43656299879672
318.4244937221557,90.75025917022353,23.23838074868081,37.6742833252336
318.3901407013508,90.68416605424295,23.30708679029071,37.806469557194774
318.3891546266893,91.1995406933429,23.309058939613738,37.73134279600181
318.8119251719499,91.20626495632814,23.418052542623748,37.71789427003134
319.7321355939798,91.11160959098966,23.489959619534595,37.9072050007083
319.6096193347971,90.98830536296873,23.734992137899972,38.15381345675017
320.04428699101135,91.41930029570801,23.833648323715334,38.25981508951545
321.5791162703856,91.53237316957367,23.677678901800142,38.03366934178412
322.04233296619907,91.42321756971046,23.71648125922757,38.251980541510555
322.0178227590784,91.38337291437577,23.765501673468844,38.33166985217994
321.99280203061267,91.44020406446,23.815543130400304,38.218007552011464
322.4932215911343,91.29796907328534,23.785005607763,38.50247753436081
322.4033528068796,91.36250073582738,23.964743176272314,38.37341420927671
322.383384162212,91.23636435930847,24.004680465607482,38.625686962314546
322.8547111249265,91.11615872686643,24.041589476776934,38.86609822719862
322.83171324922665,91.19313219984106,24.0875852281766,38.71215128124936
322.89188658668576,90.79521510965405,23.967238553258476,38.52574027308116
322.8705790865119,90.82221803204447,24.009853553606106,38.47173442830032
322.82866662055716,91.0843919440559,24.093678485515657,38.9247371913429
322.7658544142185,90.98565539020647,24.219302898192993,39.12221029904173
323.31535093781736,90.55611846889036,24.11088771224169,38.99070628042743
323.28333830752723,90.59745006968454,24.174912972821943,38.908043078839086
322.80449558391155,90.07881831928775,24.145962810186887,38.95867096976624
322.8417146772496,90.15129253726502,24.071524623510722,38.81372253381171
322.8810193108846,89.95676334573768,23.992915356240832,39.20278091686638
322.9067202062067,90.09630729416372,23.94151356559651,38.92369302001431
322.9427051026062,90.10893578449522,23.8695437727976,38.8984360393513
