285.0,363.0,32.0,36.0
285.6500304029377,363.01605778411516,31.77034205824836,35.967884431769626
289.5534016489744,362.3780032180638,31.427220588145865,36.17776198930511
290.7031105552978,361.5664493326729,31.255778922191915,35.672893613393995
293.9077535497603,359.1234310574735,31.167017929801883,35.29182600001367
295.08348110038906,356.5477374932484,30.907746612331238,35.21275366899664
296.20324144964036,355.10676545693536,30.749657549131793,34.97255028866792
297.77665787186476,351.59484510550203,30.706208108124528,34.75516305017098
300.3716227729344,349.0530136960135,30.668251446054324,34.68685272907885
301.35665208060635,348.11371301011854,30.755648249449592,34.50799868212977
304.40701319487715,345.1027527843128,30.819021160575673,34.36582399407351
304.9919409177247,345.3567667530337,30.6753187439762,33.85779605663177
307.0855549372045,344.2896536430121,30.55193282591163,33.96010121622734
309.76441620963215,344.37856982883494,30.272125512425177,33.78226884458175
310.3574096891641,344.07981339831935,30.09449045284861,33.37142980612552
311.87135557131063,342.08641064066063,30.06398925241406,33.36171456963155
314.38966942626246,340.55803983802053,30.01982356283007,33.42297896271995
315.0497110874306,339.07663987096595,29.698480078348553,33.389559383265166
318.1595222716689,336.8786355303313,29.437381129952264,32.820131881134124
319.29024697082673,336.5076542415381,29.13607452301142,32.58202306303306
322.72449570258885,332.98026535059336,29.068495174410593,32.83588272999903
323.33162948288094,332.066934607561,28.82864827091411,32.713702901888496
326.9498387813819,331.1565040194966,28.373045508047735,32.597188125407115
326.967528225273,330.6692830275276,28.337666620265622,32.612045219643086
330.524812280557,330.094583840011,27.937832554123286,32.8021958740441
331.1933154406934,328.70725899558056,27.556594951874246,32.709539408833464
333.7804372086025,327.8966541769168,27.123377797845365,32.43433849344528
336.25919578348515,326.0353504205933,26.850780909886552,32.40900979664708
336.34287068497963,323.12189533234965,26.683431106897658,32.6427305007392
336.8489559459621,322.6364189174465,26.604351735750992,32.680592179727164
340.19780281784324,317.9271216235077,26.43341906567961,32.77524237661797
340.28122948704953,316.6376637045139,26.266565727266986,32.56091294190497
340.8150953577567,314.634627325408,26.12392428561186,32.866624501079556
343.628370922555,311.9048539010612,26.062173078621658,32.76137142716682
343.6950561433705,311.50570648934576,25.92880263699071,32.63481430301147
344.51582691152646,311.52874186966915,26.12875878641131,32.58874354236468
347.7078682836421,311.64533294389594,26.207670839255442,32.355561393911145
348.9685752220333,311.13596173869485,26.44920980876607,32.45331952221552
351.6753473827532,310.5942845535662,26.594025565579617,32.61028054609733
354.37080163679593,307.7928311169382,26.789999232085684,32.62630524476177
354.84668576707304,307.46792343031655,26.772791610947195,32.341559978589416
358.1640450037695,304.20125728285313,26.647383126936653,32.365582284133794
358.5751139841616,302.4350256189951,26.753491858074042,32.18505884416349
361.8250887591858,302.49605025441184,26.743804316618615,32.06300957333
362.72986116375597,302.15771691375056,26.784547425043215,31.81453229586997
365.93117138700194,301.6781770759411,26.83571585691772,31.851642131722226
366.716188969648,301.27535234991086,27.112412832613767,31.73392551328857
369.1126653414883,300.24570291025054,26.94945629986437,31.94122590823677
369.93534548813506,298.4332396572525,27.157254071682807,31.85983628400889
371.7912194674258,295.6974369224548,27.16016646175414,31.759451230625096
372.20943124613297,294.41821538732796,27.250903894538798,31.536411330281354
374.13659303423384,291.14271782865046,27.097257569354955,31.61122125835521
374.96148278978393,289.66424817821996,27.29519708862566,31.7965820136597
374.834665644239,287.8719200243891,27.548831379715455,31.66162249344028
376.7638065946831,287.45152461007865,27.41809174674757,31.57052775508108
379.1144108784924,286.06802493785875,27.3587784495411,31.55238993727367
379.7342016870809,285.78749637902126,27.04634393636855,31.186299950944203
381.1492480135849,284.96772943154764,26.96566113313129,30.992893946044205
381.6410112406119,285.14540284905434,26.894316815056413,30.637547111030855
382.99335987126096,285.07277469556914,26.90622171256122,30.782803418001173
383.90731240051366,283.6295242448287,26.894267950553175,30.945377374736022
386.1403305081589,280.82404811801547,26.97974093212757,31.09451859212461
387.53099478786766,280.9152473447382,26.940355900255415,30.912120138679104
389.34199477155465,280.00710580308606,26.960458713667297,30.90735183159039
392.2284302151224,277.3106335308053,26.652232002511447,30.83565220017222
392.7228825583758,276.97107719060523,26.568048858041397,30.610043338535718
395.00014631509623,276.68870331113385,26.512920108105334,30.274911344777557
396.3296138660493,275.89338405946785,26.535402514447608,30.077938175943963
397.2283418787555,275.859960981025,26.52017089786002,30.14478433282966
399.4673788342207,275.33466657963396,26.501621904205336,30.30346815215661
401.775854657135,273.6552988813201,26.355006867947033,30.08593426112806
402.14441402712913,271.9531190236957,26.50623622906918,29.936901571935543
405.32342352005077,270.75282596645883,26.36742146944898,29.672114446599334
405.7695444230499,268.12880932242996,26.357308334235466,29.627375709948872
407.20183952359184,267.2147421142237,26.136535614587107,29.692965138737563
407.25448694853407,263.72787578968826,26.031240764702705,29.636628524415283
408.195995264975,263.40292529348915,25.900623290701013,29.410329937373533
411.70317174128303,263.0445703533852,25.85107135356151,29.256439690646726
411.65371016978287,260.3372671897846,25.949994496561885,29.466523143172825
412.14669877594827,260.9881789039859,25.836278975057972,29.03696140559712
414.72422038370075,261.0198955307574,25.86390337949657,28.973528152054033
415.2947531133186,261.5217517710107,25.58607233297372,28.833050084260364
418.34022135526925,260.9941357587249,25.49142406087086,29.03166950714654
420.066844662501,258.90841680074453,25.4708925317915,28.912213566376938
420.5250617879069,258.8340710063201,25.410456371760397,29.06090515522588
423.5610986293105,256.2625563074148,25.33972776197726,29.059924490444317
423.48170531194705,254.64156012696967,25.49851439670425,28.87717092434495
426.55886891296507,252.4428506135607,25.33546373659727,28.995106706927842
427.49304808946755,251.91846172115618,25.17733366856147,29.18877034925233
429.2047677037437,251.89620881519377,25.176199518882616,29.233276161177102
430.51365399042805,251.91784125293168,25.127166207993774,29.190011285701303
431.7836151290529,251.60633794270845,25.15161451401604,28.958227711723723
434.5171374954303,251.18440145848353,24.794146875928234,28.950504497729057
437.17935682234963,250.77518502411348,24.544145123720856,28.92319788286394
437.6313347238246,247.8433676350817,24.481488420787095,28.897738960815406
439.44625032554677,247.42134677362606,24.211250057727792,28.901882473630376
439.909886720398,244.23145834099756,24.119588704405327,28.596767847846735
441.95887344016364,242.53426547231484,24.168765223571146,28.673433618254496
441.9903903622696,242.19601062405908,24.105731379359334,28.518538975828694
443.684790718486,241.06720630387267,24.028930384598336,28.292147827947662
445.7876877524608,239.80318638744933,23.93948579161671,28.350377975813565
445.8815963865921,239.34438002653337,23.75166852335409,28.445261041479327
448.4391544815048,238.80407951661775,23.563558292157936,28.704694401539037
448.71963574764567,238.88019779928388,23.824721803634414,28.55245783620676
451.1189588107227,238.82225118421675,23.97005770857091,28.668351066341017
452.34017217043083,237.96578777209928,24.012007231432225,28.725027062390946
454.2738201769357,235.52506864474336,24.293085915844028,28.628415680196966
455.8128997270031,235.58450638074535,24.545767079009565,28.509540208192945
456.2120535497402,234.7375205534148,24.582392938648322,28.533644852628242
457.96897376277997,231.40697514237144,24.412129447226597,28.507581805399315
460.48496035935557,230.9629671473539,24.376699063720665,28.56284066049347
462.0740067376083,230.14058588016036,24.530773026420896,28.54151983527774
462.4578687062731,229.84658684046065,24.59823636650754,28.294330637260867
464.93963926881173,229.79285537061375,24.62936662055333,28.401793576954663
465.3382574530198,229.73282920422795,24.66673820710273,28.521845909726277
466.6025361751461,228.19774706793163,24.64937660727262,28.24374905642238
469.5819309095723,226.15134287522923,24.517958683264848,28.174149195509607
470.42103093443876,225.69532888652745,24.49835348216527,28.256879748596454
470.85616759588135,223.71454359646683,24.458343950792376,28.067131371156293
470.72652033969894,221.26619192088256,24.717638463157147,28.00372701425707
470.6426747096875,220.51241143635627,24.885329723180064,27.851579108141443
471.08854068923495,218.83923578516408,24.823771774848392,27.877234367472838
473.75516367394664,218.77926295621668,24.46805843929512,27.99718002536766
474.21816181984286,218.58674948268884,24.367818940810594,27.556450179115366
474.75470906100617,218.58615706287506,24.112043937388002,27.557635018742932
476.43240264315796,218.55399568927947,24.009629990484417,27.6219577659341
476.8771744206148,219.05046193250294,23.932684651138615,27.441623495055023
478.9391380977828,218.33541163828207,23.85161880959921,27.254579478378105
479.3989453028675,216.76207099172157,23.73638025320415,27.18375735640164
481.06694048019205,215.52844870281552,23.60611935427232,27.246704842425785
483.12901712365175,214.81895861776263,23.4835593571258,27.0650476966224
485.2041414054002,212.390710000604,23.311017681867405,27.148296665053557
486.1112500681665,212.27450015234663,23.08492081187367,27.38071636156831
487.3961973394072,211.8327130305745,22.89706914254685,27.470276314061117
489.8076790538556,211.84760191577774,22.82831810367007,27.440498543654606
490.60562472646114,212.3207145961717,22.81402967668954,27.285074641981915
491.7060797725711,211.9946998045235,22.97764884676342,27.14892780451372
494.47141150033445,210.53814683660727,22.967964626491025,26.90718846305793
496.45376648283127,210.62641626057396,22.92736860605145,26.730649615124534
496.4760192950615,207.98206140472732,22.88286298159101,26.549262410482154
496.85104223981773,207.73468577310882,22.910740264008705,26.26609050178893
498.04653817091105,205.92472371175865,22.841710859897304,26.01607719436409
498.43928974244653,205.57680856499726,22.825215603604576,25.942899601108593
499.1250561636895,202.97347260647902,22.98890150561672,25.776305912401707
500.6488981143335,203.2536831149593,23.01178689258722,25.983527217505745
501.0679317275172,202.1073582891178,22.944944518152287,25.962502313391735
501.1727322783019,200.54019664763393,22.735343416582808,26.017507887916455
503.94017955227986,200.82519351531076,22.57173329723384,26.214840499506707
503.88321008696147,200.84569205674399,22.685672227870683,26.173843416640246
505.743289392791,201.0141259004089,22.810267738115005,25.83697572931036
506.3714859414738,200.713788286745,23.085329711889045,25.67192342106847
508.6270811651811,199.57337039424576,23.179502819420655,25.65007742859382
508.1569244468642,196.94690951274464,23.35109259241107,25.521933546092367
510.81662132020153,196.5060032110814,23.417947684239376,25.63428202963277
510.777987091337,193.76735523530502,23.495216141968413,25.70562564316929
511.04676473043037,193.38934614696873,23.732281762074358,25.68702292154918
513.351565518031,193.40432619703495,23.79130749018512,25.65706282141676
514.1799048800909,193.43243107766074,23.691780571976203,25.60085306016515
516.6500653181099,193.42109503809684,23.408158022187294,25.623525139292973
517.0936208735446,192.64412541859969,23.293002338492457,25.633553523938136
519.8408643196179,192.33051219821294,23.190450966572538,25.490503461822072
521.105071084318,190.87522935114777,22.961283196463302,25.33540814356482
519.1226504083718,189.85247867337503,23.12438431205055,25.09986535732724
507.74632622938105,191.00158283436724,23.098702099778727,25.07949009236812
480.54241518260386,187.16438346061173,23.64937758390791,25.168375232917843
464.7851372354984,185.17774275680347,23.647624509393985,25.298204327275236
439.3966408515044,186.1616545296256,23.55901947278299,25.642453409112733
418.14967216203746,187.83561973983385,23.447060662265546,26.167786278646364
396.7513884369312,187.34102483398803,23.2862948077311,26.375933666615317
388.44705664290666,185.5293231704174,23.479177148599998,26.09081764918981
393.8396699894131,182.92526323730146,23.618975514030254,25.83642498620014
393.44874275327714,183.7983473061007,23.622200523838792,25.64751577352834
394.70017487202415,182.35445641974803,23.44654770898082,25.43234898271907
394.93083132309374,180.15543594193065,22.985234806841575,25.212864488017665
397.36952131345083,180.53620482902406,22.66078975009036,25.21014920115803
397.51007791843875,177.93296808895496,22.379676540114442,25.14138242036939
398.01758615387996,175.33345973544587,22.112707195448102,25.104069243875053
400.36776948055183,178.06009929324392,21.871529319355226,24.85317703507164
400.6795611903407,178.10868793829724,21.983393408130677,24.755999744964953
402.5325412465844,177.4163436243778,21.956081292821125,24.66922917393276
402.5902332166654,177.39587163494537,21.840697352659056,24.710173152797616
402.230382668538,176.6450941929545,21.827662144603458,24.74625542815848
404.1164253493892,176.21554565934187,21.721013786785985,24.87226509460673
404.93435704027604,174.06004496691497,21.551815920597807,24.783269932704
405.0521054801657,173.69584635214596,21.31631904081853,24.782424537189335
405.09375490036155,172.52486870801152,21.233020200426875,24.948026019697142
405.5926451330015,169.96950623534235,20.961911777343545,24.97204666965946
406.4030444073184,169.22865814480897,20.786473099237547,25.008382980198306
408.5393586984152,169.00215414598796,20.836317936907538,24.7409787411964
408.1608010471802,168.62442896198814,20.876339335964833,24.779335205783397
408.50502257687066,167.9216913627862,20.90622617006347,24.748150617228166
409.1854150210107,168.23713901505735,20.982100982534366,24.83558516306135
409.4816753286222,167.1562146095538,21.110480464759068,24.834733681725375
410.0804649724032,167.26206684581058,21.35880553338374,24.623029209211825
412.528797617684,166.85239660073702,21.52780984320118,24.71870261359049
413.5584815675917,166.5361650753288,21.652015982072236,24.623307651511467
414.69877821020117,164.00625365574166,21.556531493629024,24.58454329820904
416.59892114288,163.28395103737088,21.38744475520892,24.576668884175582
416.3290615893622,160.69016921051008,21.203755283718973,24.700372488218058
417.8358790151386,160.37764496899047,21.079621066692624,24.60304581262568
418.22831236187136,160.15173552330887,21.013631298996074,24.335987778219888
419.73162177906386,160.54020735470263,20.86176421186346,24.27273205224542
419.67654993300295,160.56198432708362,20.971907903985326,24.22917810748342
419.50332154003223,161.2804803697124,21.318364689926785,24.214917861631584
420.25482024803665,160.45362350234748,21.248760787774522,24.43523808250486
423.18197704004194,160.85238621256408,21.146410436303224,24.356708066139074
422.4842542788805,159.91435124466977,21.109578843246954,24.084362328858873
423.20830091109644,157.50102562575353,21.084145690197637,23.931703176852455
423.4695239751012,157.49035650255732,21.270255897933847,23.95304142324487
423.6027492250644,156.0130556528646,21.003805398007465,24.060184914489817
423.4786839975009,154.2837814333618,21.25193585313438,23.972428533259112
424.2791363140424,154.9921171889595,21.074776202565825,23.979502004578098
425.4728209874099,154.6084144458386,20.814849204514687,24.03776004125857
425.9526507788457,154.6036129758702,20.561073903170264,24.047362981195416
426.3825716406707,154.04560538253395,20.403190696393203,23.759461134122148
426.824348466622,154.10317921076938,20.21460958951564,23.644313477651263
428.91786294245406,153.82181795840367,20.168561946229513,23.516872430986393
429.0689249028034,151.71898620628565,19.866438025530815,23.5978105843846
429.86576993572083,151.00896648335242,19.64043892702481,23.65015906292215
430.9966185668267,149.3291227196516,19.42177231951198,23.604795499158882
433.09837186301286,148.71916797420496,19.278962149647555,23.471139515882854
433.1150715128501,148.4640854953709,19.245562849973126,23.308884255049122
432.9844240531171,147.23694681381295,19.50685776943904,23.08562328512551
434.26819942490545,147.2293649636744,19.61992919557088,23.100786985402593
434.27405554215864,147.2205143857795,19.608216961064507,23.118488141192433
434.582102460546,147.21608813709588,19.66441668315391,23.127340638559637
436.627444485571,147.17720089404605,19.61373704148249,23.2051151246593
438.2315809412604,147.159912368043,19.774061200900626,23.239692176665415
438.2124921157502,146.11710898796898,19.81223885192103,23.29480275542396
438.22992841740637,144.04638469692358,19.777366248608743,23.36646945541242
440.6541731832638,143.78397804536323,19.680774100938848,23.212440275098135
440.02063812893755,142.47205590136917,19.59802213254848,23.136640409000478
440.36409810647643,141.24126362215043,19.58351194416276,22.908585900670126
440.2860481240143,140.99726494774413,19.73961190908697,22.727928740030862
440.70536142700337,140.5887458287694,19.569351407337088,22.876600873752153
442.00889180174767,140.65476579615753,19.63402160556088,22.744560938975848
442.37027525981136,141.40270336096188,19.578184361503787,22.582545153507866
443.0763329025433,140.83386882029347,19.49312292758526,22.39316038329936
444.034499337103,140.45446176419898,19.55448348005239,22.492743354959487
444.28501944916366,140.4161697543932,19.715200000812438,22.569327374571035
446.6559148546677,138.11213495315454,19.632040312997468,22.518765853855232
447.10089985648307,137.76813308712974,19.405473246491034,22.543366648780506
448.1270370467841,135.79710315587423,19.333647174561133,22.52452989394713
448.4284146835959,134.8463183938091,19.389596791815972,22.44998474544216
448.4222338583977,134.4941181757815,19.401958442212354,22.495934939386597
450.6640687659373,134.79814668969775,19.533804665155547,22.547237345557278
450.65474677870696,134.7227334091358,19.55244863961629,22.698063906681156
452.71265832061806,134.84875210988196,19.42603291775449,22.44602650518887
452.68599326420656,133.80992182287108,19.479363030577417,22.54676627475866
452.9717519637906,133.82381177894644,19.569233576711746,22.518986362607937
455.0047060260992,133.489751807698,19.47772264807743,22.524706772440997
454.99962756861964,132.4912831597587,19.48787956303658,22.538583093263313
455.2653449948753,132.5494038364862,19.617842697755556,22.422341739808303
455.22526342540067,131.8552807705265,19.698005836704855,22.487224346472228
456.87339827012823,129.93799302581726,19.72159217557654,22.33797260189852
456.85208874946807,129.57826848226617,19.764211216896918,22.395386801525465
456.8934834706571,127.93649010970955,19.681421774518903,22.360906806559296
458.5098769220454,128.18637474629898,19.757373194284717,22.52288519788891
459.2522154104305,128.11404033444018,19.603645545068513,22.667554021606538
459.5573897175229,128.77996258869177,19.65854780650417,22.66621126434424
461.18510657653087,128.8706614386281,19.733667984239577,22.484813564471597
461.5310421815454,128.95413640442257,19.706301750196907,22.317863632882666
461.471616179799,126.62414436025158,19.825153753689612,22.347499430842134
464.2469391182292,126.25454104495071,19.585221739498465,22.422866828610225
465.6247634656469,125.67348402731946,19.474242107732042,22.26264633233825
466.40066848179,123.06569322609604,19.236246109807738,22.22297179733716
466.75748032691615,123.03379244347151,19.17509980034488,22.286773362586217
468.4679184392595,122.99331546085014,19.01663868334446,22.36772732782896
469.1357676499358,123.03642858254177,18.983316101496552,22.281501084445686
470.47520180194704,123.38429057626729,18.901729822384084,22.235097603222115
471.53559246426283,122.30213186586042,18.722824884987133,22.457538636801075
472.21290929485906,121.6064539431792,18.663876368087088,22.55320933787115
472.82254437503656,121.89471374008271,18.741336425611912,22.62505485300406
474.7656377106251,120.96956854057814,18.759476167362255,22.52318204554949
475.08826612664353,119.68031346478604,18.763664125295822,22.503913037252023
477.1518347638519,137.757014389057,19.18103500718894,22.057360988288053
476.6363599235016,156.43755367551964,19.562956170514575,21.690907905744496
478.6381605787396,167.8035086706239,19.456061127047356,21.68978447308779
479.36944496290033,178.68084116479466,19.288946997344325,21.95784834125766
480.7944359328133,180.91144511912287,19.035828242224746,22.04115100583755
