249.0,132.0,16.0,45.0
248.7367792573614,132.59737679726263,16.526441485277168,44.738342189055096
248.60669386325205,134.05787074534837,16.786612273495912,44.633988361848544
248.4343117690448,134.08182986087587,17.131376461910428,44.58607013079352
250.68534955274913,134.98330387624125,17.367210191332244,44.67828581879494
250.5100817596355,134.2149004243961,17.717745777559443,44.308821028574165
250.50644457477404,134.48357839919066,17.725020147282407,43.771465078985074
251.44018102097277,134.7569655094863,17.75051392956801,43.2246908583938
251.37067565173496,134.23508364319844,17.889524668043627,43.32939877612418
251.7267549911343,134.47335060263154,18.120403531611426,43.79590239962446
253.14805618366682,133.83410032433548,18.139413478607963,44.120532178862746
253.17647748383678,134.1854244782262,18.082570878268008,44.37677557341532
253.67231820460705,134.78712275543768,18.052464247489837,44.13495382975469
254.9100848211221,134.10743636513982,18.449589872780525,44.536773657576816
254.513225810803,134.31256518484994,18.272898564673064,44.12651601815658
254.4086858133876,133.38874843199036,18.48197855950387,44.051448487955405
254.91379316413867,133.03813390349623,18.43574150865242,43.788699894292954
254.9575365983627,133.54221915844684,18.348254640204374,43.739891912627115
254.96150163938663,135.0468848853824,18.340324558156528,43.60187996562194
255.00473617459116,136.1603913286541,18.253855487747465,43.284811855870714
254.63391824317597,135.63938388290833,18.046632216690213,43.37796761347458
251.7197174946804,136.33642739231755,18.195859394027636,42.93040964793178
251.7263514612074,136.2684748638838,18.182591460973647,43.06631470479931
251.69743694968827,136.0290444073205,18.240420484011928,42.60073627459531
251.6969709554334,136.46511996153095,18.241352472521687,41.72858516617444
251.32333435148618,136.98734112932456,18.062502050714855,41.61026646028836
250.13407730000773,137.3340860464558,17.677250759160852,41.83803175752943
249.3516231732333,137.74382791453706,17.406683408888632,41.936285823277515
248.85175748477042,137.7088686373075,17.492057082854426,42.00620437773666
245.59603597087596,137.37675371096051,17.585321222583335,42.67043423043059
245.53826181302523,137.6982994684916,17.700869538284795,42.955467129192655
245.36713950730302,137.51692344542482,18.04311414972919,43.31821917532616
244.38998042522445,137.61266506707406,18.106224074875946,43.12673593202769
240.98533700202796,137.7523759012377,18.30779987671346,42.84731426370041
240.45786905573345,137.70848337069083,18.419245843949007,42.93509932479419
240.3714192553001,139.62502756807297,18.592145444815714,42.88893225600084
237.06392443593887,138.82010305053169,18.56332011678907,42.60054844344079
237.15829534082712,138.22616915972804,18.374578307012527,42.84398434653431
236.82509631662876,138.03919121897667,18.096353759046572,43.21794022803712
235.98853527728534,137.79661553655112,17.879274019615323,42.75799068382914
236.05142611222178,138.55733998196555,17.753492349742416,42.1711500132002
236.1358807611149,138.79620762277733,17.58458305195623,41.69341473157661
234.79733750914772,138.25153593369302,17.519650606309156,41.868751793218124
234.805955590448,140.08812519597674,17.502414443708584,41.85712444793777
234.83122229847496,139.6435663804057,17.451881027654704,41.83132795140674
234.85029023129658,139.28093516980022,17.41374516201143,41.6429453498264
234.87309294934462,138.79108723531965,17.368139725915338,41.712392852416826
234.93013880464298,138.73830543419226,17.254048015318602,41.81795645467162
234.96488781294377,138.78941403246085,17.18454999871704,41.71573925813445
233.98977390525553,138.60739750070564,17.320320470057048,42.079772321644825
233.9697781244107,138.11725931304454,17.360312031746652,42.145155370039504
233.9726113167729,138.60249245812963,17.354645647022284,42.09123649109056
233.93510191566352,137.96490979253133,17.429664449241045,42.45073291736633
233.87459710916306,138.50288125072407,17.550674062241995,42.296977907162386
233.85939947219052,139.08518750176324,17.581069336187035,42.054485813130185
233.89087996365876,138.3588463231166,17.518108353250554,42.588008789656236
233.92973777900596,139.4439011507629,17.44039272255619,42.26938022642488
233.80517036319148,138.98124834846985,17.68952755418514,42.27492295401932
233.72283057607254,139.11140836206414,17.85420712842302,42.014602926830705
233.6787898816044,138.5753569637659,17.9422885173593,42.16328229509847
228.10181134526,138.98592124549424,17.97066275715351,42.269285634382996
224.05676100130836,139.43861321582085,17.69826371396753,42.29306833051745
217.1408313427921,139.66577730468217,17.659869545460595,41.838740152794806
211.233878048992,139.99041597431992,17.547054736702073,42.10690292093153
204.29454527331464,139.89510805245624,17.636031535879525,42.2975187646589
199.8520126768592,138.87703492644187,17.284660493998075,42.48637776972921
196.6638226145977,138.80256507435186,17.220192507685194,42.63531747390921
187.5447276428351,139.2563715387245,17.036012573473066,42.648823039050804
182.46159076587855,138.77533102869273,17.10398658093182,42.69287680943666
175.1876109447022,140.51904306162754,16.933950536835198,41.96507693477627
171.00498266448915,140.02275865991817,17.141955628911173,42.051284463933854
167.0283479938041,139.51195478373035,16.893442107645765,42.161583009350025
156.9135921062266,139.38059711595514,17.136647530838488,42.4242983449004
150.37407605839803,139.48888880956633,17.383426038221238,42.20771495767803
146.61016808340668,139.37159321478848,17.56835628536532,42.44230614723377
143.02053358395028,142.7298379838285,17.35137186714215,42.197538349147635
132.36492879538355,139.9146467337995,17.568269270830882,42.32505680395926
128.78636616857287,138.7572037676906,17.342689543653826,42.794266490977364
124.95865879701502,141.16502645737023,17.593372199482342,42.60657866617258
118.50589348135905,141.16977225374362,17.51605416394778,42.59708707342584
112.38131618481074,140.27261568612306,17.72935434789866,42.53973029956754
104.85115759155444,141.7603938225842,17.928924881127596,42.35056402413596
100.45514472879893,142.83584120880326,18.354527806523226,42.05887431839018
97.13830863322947,143.13650329667328,18.457873710451043,41.457550142650135
89.77382733742424,142.5897651986107,18.37072031434337,41.62501908954288
86.209504180265,143.34282202711833,18.084149159949188,41.04580761611673
77.197017398614,143.29213186416294,17.839933674331228,41.14718794202754
73.57757568078804,142.12413336029329,17.7938399793229,41.66194066710179
73.58580762346485,142.43637698450777,17.777376093969302,41.954709446068776
74.00345784077956,142.64969562476466,17.863273070369083,41.52807216555502
73.873264467051,143.38706430567862,18.123659817826205,40.969881900262294
74.7558340194929,144.0922752079372,18.18462952750379,40.47251450302584
74.82501433078843,145.006158150646,18.046268904912715,40.45856996680729
75.3873420680816,146.1181477618667,17.82589035092709,40.0431445855673
76.8615917530268,143.76148480221767,17.560516004490932,39.390220457956914
77.3745772378359,144.46002477480965,17.414781446857752,39.753613336742966
78.41667691952959,145.64756298485742,17.096460898724047,40.02735513952794
78.87868613703442,145.6853834291241,17.053723733132095,39.95171425099461
79.30894866186776,145.84273852218905,17.07263008084403,39.63700406486471
80.23391164164609,146.21544969259625,16.973130192479008,39.76679475964612
80.63549292692504,145.88394255649462,17.045299155789156,39.55447749798134
83.1698991203647,144.2035320518878,17.21770235650319,40.29469071339824
83.52693617017368,144.03779432453442,17.390920274620665,40.62616616810506
84.28871075251774,144.78665833345806,17.657670375826946,40.91873741615218
84.64143760119806,144.10166391122203,17.8563136546061,40.48053230834463
84.50520723082938,142.45072582361465,18.128774395343463,40.17739614665782
84.89644015418548,138.01475911809752,18.247953712201436,40.03287792199038
87.21701365825238,142.35442890609212,18.114988177794327,40.369901293454525
87.71767767142413,141.02332155037084,18.01785803515112,40.31952235379626
88.08969731117692,144.23476419005448,18.175578719137103,40.20895681886989
88.94139110953209,143.43672524579688,18.27804105587538,39.99918477393654
90.37815841575028,146.2305480513872,18.10952813572042,39.821582547318705
90.98640814461017,143.48950270953017,17.78916781350557,39.926838418003186
91.48551583079535,145.5897442473915,17.682994435689775,40.18656531505345
91.9823426868564,145.74494800941704,17.583280234528257,40.770097301962934
92.98046058970054,145.0468172415122,17.388307974576513,41.26572706490434
93.88699209348593,144.38393478461538,17.383942697213158,41.68714311359431
94.78331874438982,144.9721688729762,17.412004795166464,41.4210326367532
95.24129053135152,145.90581391357202,17.403073731748382,41.3677675765722
97.96288526830028,144.96119526573318,17.396392708436967,41.44483538872115
98.29643539341356,144.0781182886744,17.636371994647277,41.396830269965
98.25514334073878,143.7107757903555,17.718956099996838,42.13151526660275
99.23728584227456,144.16491666379844,17.60010540556421,42.1459506740364
99.75936222302025,144.337986285749,17.476770437888163,41.799811430135286
100.1790160868073,143.06329001961302,17.551094305972697,41.6083091754313
102.50692040354402,143.25732529911176,17.456201903844185,41.220238616433825
102.55312931574748,141.39340286383754,17.363784079437238,41.32850620553902
102.4860055357466,143.57244869119918,17.498031639439006,41.494520020520724
102.48378315900067,144.04257379169024,17.502476392930863,41.46386871470568
102.86985393600635,143.69426510263995,17.639569605951294,41.251251325774476
103.38367047845689,143.5805547712846,17.520524368834526,41.47867198848522
103.33304838537376,143.10848612513126,17.62176855500078,41.51304085871882
103.82545077533189,143.1334099924793,17.549021927895303,41.463193124022695
105.70730681010815,145.0064119160349,17.425507928679444,41.3573873472482
106.76460153290988,144.96805176083328,17.123583282450273,41.43410765765143
107.31084210738199,144.35864687198648,16.9331843439019,41.75083522494917
107.87386509758151,145.05902893076004,16.710399545188185,42.156593470772734
110.13342069343526,145.57690235280072,16.716926885156774,42.0259743330266
112.0023045005964,144.16102894432015,16.592619257945646,42.14762615965435
112.44118876644214,144.60686156609316,16.617743458574466,41.25596091610833
112.44432857616016,145.69236082625616,16.611463839138427,40.86598196908667
112.35948468191319,146.20647467778633,16.781151627632376,40.722533890562104
111.91787928582296,146.26844039611237,16.77863169507961,40.59860245391001
112.55435261743209,146.0449194381068,16.389583089201892,41.04564436992113
112.9157292990341,145.50822464423007,16.55024025584999,40.35221289797037
112.98037390026184,147.18359206509916,16.420951053394504,40.50661245987279
113.01070140306896,146.53172091595448,16.360296047780245,40.05793981974241
113.76939324522938,144.0519067432739,16.58023438681226,39.80560209504503
113.73724992504238,150.94552616613714,16.64452102718628,39.92124491836798
113.76906086790083,147.23550389466092,16.580899141469366,39.495624167576025
113.81857308478362,149.7250427738119,16.481874707703792,39.703341529518184
113.90054626018336,149.82045510408577,16.317928356904314,40.378224618984476
113.86539420812113,148.73910680110527,16.388232461028753,40.79587751369351
114.23186116403383,145.87062970201646,16.535089238572912,40.374296886284235
114.23891409368615,148.74265660339327,16.520983379268284,40.76457058856728
115.08945651033181,146.98894780807052,16.58331155997943,40.745162151207815
115.48187153630573,145.66414221407837,16.68101855143155,39.86462516559223
115.56094800083736,148.89057764354087,16.52286562236831,40.38431960467937
115.86953430026523,145.70106454700942,16.781952537398485,39.753269686654704
116.31265424002893,148.20559466395565,16.767464140611864,39.974718349207016
116.42325142993292,148.6330746365212,16.546269760803916,39.994452205293335
115.95638678090519,148.08744999889956,16.608946562749644,40.214648984426894
115.45511383503067,144.40924961322244,16.73614924548062,39.69296087461858
117.24507981859094,147.12633748905492,16.636491290391188,40.34926464400801
118.45018765860017,142.75128845914432,16.85959993366088,39.443840185105934
118.65242753562498,145.78143141244735,17.323773002319705,38.59547121475059
118.62545804084837,146.4873446262728,17.37771199187292,38.048187417970055
121.08528763819619,148.07463035190105,17.60329101117147,38.30377477604297
121.85590596958882,145.7577502531715,17.792467797995624,37.74629462467385
121.98438505282056,150.30495568366845,17.535509631532143,38.11626536932192
122.50170472339073,146.49170003923382,17.36216354666356,37.99113735174493
123.36511529800686,146.31546898916528,17.348218444882956,37.487161428156234
123.33963762835046,146.28725104312335,17.399173784195725,36.694732460967074
124.38260963248197,146.89975165159407,16.989658151721255,36.3079454319199
125.12910917265627,147.31647220383218,17.147526194640957,35.47450432744371
126.07481642860786,147.57692892135395,16.888175720436056,34.95359089240014
126.35455032091208,148.07404661760793,17.13262588838948,34.76327345245403
127.12167241196336,147.94584326485398,17.209144205429617,35.01968015796193
127.16364410243374,148.4055296605814,17.125200824488882,34.91076451852161
129.92184626524065,146.46244819315024,17.26065828661884,34.75988331928127
129.9036787904239,146.2976202660056,17.296993236252327,34.281988927665324
130.35424025936783,146.85385877239997,17.19705190472642,33.97069352123856
133.21085700477053,146.50947340156742,17.04807221262961,33.864570863088154
131.6703273851407,151.59156980913266,16.966074460838342,33.98031326887322
131.71308253706076,151.9571207438943,16.88056415699822,34.040252334033596
132.18097358894101,151.82563317976556,16.73521963762411,33.51278987790471
132.56846955186705,150.40035196004456,16.740429558771282,33.24254492934963
136.01671412754132,148.71149065849812,16.83095067769251,32.73859516007044
135.95147344881514,149.42163965293074,16.961432035144846,32.08880517296244
136.60237960572792,149.73960182514475,17.186030984444738,31.45288082853442
136.6260774277125,150.35772359493222,17.138635340475595,30.974321873729068
138.13299403489157,150.5060566703643,17.124047760206082,30.677655722864916
138.60630982992126,150.66930603421295,16.92259561225307,31.096336437273973
139.78611179306267,150.87829895313456,16.806759968734667,31.426273360352262
141.9072875671715,148.31600870191613,17.069219375928466,31.295241081475773
141.57264101939674,149.918733369001,16.985149603483112,31.103243219285254
140.923656120811,150.11911663248657,16.784931640554348,31.451570572364265
142.90271930554192,149.99841739811848,16.58080582082567,31.69296904110046
143.30441780344688,150.70862539194204,16.528255243486715,31.774245890395264
144.10343927749886,155.41265108468664,16.432485872090552,32.13097275350658
147.12283817594516,149.9751176619302,16.43147449979824,31.68519005289388
146.82081785481893,152.98495031600066,16.287351962902513,31.650830177938687
147.57632089045978,152.09739143892656,16.266698920948684,31.190418388095086
147.47022835188466,152.80140699242767,16.478883998098894,30.520447407607342
148.79095514622873,153.19350320668627,16.76479980555384,29.73625497909012
148.7589855520598,153.446317740088,16.82873899389163,29.230625912286676
149.4049209609458,155.57041911888592,16.974349800808167,28.576127216411976
149.72822788834532,160.3346926478533,17.0392256035697,29.008435364325365
150.14721717165045,163.81907126464384,16.920256624544688,29.948783594181783
150.40708908661708,165.79788851660592,17.131443948335793,30.376736012604066
155.8699558669605,157.0382195725664,17.31854107647772,30.115544798557057
152.19710090030264,164.10144436675645,17.262589631954246,30.792417965855325
152.53219414573317,167.15450344482443,17.34163875570969,31.429420341267924
152.92539705111415,166.49996521712174,17.315228410431178,31.978501331189868
156.78688252111644,169.14514202146592,17.26870629408993,32.061661899065875
157.14536830586212,168.5988561039055,17.31980891420458,32.38615954458074
157.45976493761302,168.1122292678639,17.46474491258831,32.58568395477839
158.98495902183942,170.93856317531095,17.530961633560853,32.387074696378704
157.82717956554802,167.89329353984851,17.51444449775345,33.03610318772647
158.58352562129247,168.57685328411412,17.575020109930577,33.24225142286124
161.7749298563256,170.5959342782999,17.517862679373362,33.15762133418288
162.52642087188383,170.70997115661078,17.591841113069826,32.92954757756111
163.69909720179396,171.09512063215507,17.60566733670699,32.945641587624955
166.1668627422158,170.46504879282867,17.391337810674322,33.4189183404759
167.43061494833174,173.1725537002172,17.23427319941856,33.534934727976484
167.8500955679532,171.5976587345092,17.184457207793848,33.52814366891963
167.87316288060268,169.88855869793537,17.138322582494887,33.005409584982374
170.89767729142838,171.59763039775,17.327044643697295,32.706141626780024
171.2049735079271,172.63267755809625,17.491015293737693,32.19317347216317
173.52062766494595,183.57785952322712,17.502607235038887,31.969677400149756
170.90205234071618,175.578054444367,17.34473044863989,32.55492345827412
171.28531002351468,177.04095811015398,17.35485619849073,32.73568058849143
171.76565885244406,177.7218965608726,17.173633514739862,32.93275363526996
173.34714626098588,176.87413211793233,17.127695061838878,33.06976433905915
175.3636752586499,175.71333403876883,16.997042118208928,33.0499174663673
176.21993139386933,178.97633777556646,16.84040809099576,33.525362087287775
176.88350423804724,175.34063355590024,17.07767343139333,32.974715382853184
184.04048235860648,187.99309108494674,16.771750946811853,33.35119554507799
178.20558961091137,177.84598625831865,16.764524421639116,33.405251029358425
178.19264394679473,178.97539901036257,16.790415749872412,33.4838281974043
178.561462523697,178.65873075140667,16.833511315895098,33.33643199548882
179.0863324978783,181.70198031564004,16.56308997694648,33.48448174233317
179.94823432170477,182.4448612824933,16.392900013298156,33.55233349263137
180.73433848440644,181.16580995995267,16.37038594653059,33.78589474975907
181.0408487556142,183.20403457204185,16.5352332796474,33.598784903242645
181.73770348811016,183.23413383695123,16.697514943881863,33.53858637342388
184.66724079716036,184.26267666066917,17.0778547040636,33.82128111784378
183.8869828481518,185.27300532361386,17.05708114256104,34.17255798123399
185.80190732895875,183.03733870368336,17.204382677274303,33.87131062550244
185.4167066170517,183.52863403950835,17.181220835825922,33.68228321911494
186.1860365978503,183.7841080179964,17.223344723880352,33.1713352621388
187.81967978335578,181.6543580047445,17.09053487659706,32.7291205030511
188.21860849587165,182.11334272054114,17.0675152848022,32.58598890469465
187.92906890494885,181.90169787055623,16.87425591123654,32.23694004925325
188.01761255017746,182.24200706299322,16.697168620779326,32.32020777638206
187.5977669367024,185.03315574476397,16.77479775546766,32.07234505867316
187.92201674526115,185.07304878610276,16.88605532383733,31.992558975995586
188.59723150139226,184.9819735524492,17.056617399642832,31.414213649268834
188.88171772893554,185.96480684099944,17.242546889929113,30.95835096291392
190.38896066791298,186.8792908641982,17.233449428661824,30.632077124860242
190.626780044252,186.85849677647565,17.50417895976295,29.927297016526175
189.57672151979162,186.93950027764419,17.38273749674456,29.765290014189105
188.8099434854998,187.77847172524224,17.444175331641645,29.559465352679528
189.1928730943751,186.7231952649641,17.412358058818548,29.467892438453298
188.0967949627087,188.6759828750899,17.408083623408626,29.22303504943955
168.23718395699836,199.5014302892833,17.063564642073814,29.42508985346483
168.7514373245084,184.90561000352724,16.760663419209088,29.59250993876141
168.4749308788424,197.58994342202325,16.59073143549867,29.526913728254335
168.4898214774818,196.16559807563067,16.56095023821991,29.49926986394555
183.42948026368973,194.2014773117137,16.1265157962159,29.836671985631718
184.2835966030526,197.95235338486577,15.849751473167396,30.207995795551923
183.93643140017258,195.8306293533529,15.827628428834405,30.152723158019786
182.9491068487696,194.99539119065173,15.656495358739983,30.39267803482181
181.51724727448078,199.65100675219296,15.656851590126598,30.387376392609994
162.9020306234263,189.00433536067519,15.667294143160724,30.207647589640807
160.06205576544704,195.0999725742782,15.640762433348195,30.14264619219824
148.81731479138122,217.38363588875967,15.349480303086057,30.424948842573116
146.76643422158608,221.15502933691178,15.185143213176014,30.703342033686173
144.03536260872468,221.35135399105678,14.949302069197856,31.022940771608795
141.9421755279681,217.73307254702547,14.85873471548325,31.131267800958433
139.1088976165528,215.18873381634617,14.82266726657481,31.230149899545403
135.57812442082002,214.48394752967906,14.74779966563164,31.212439674397835
122.01073802778971,241.7737121167437,14.823610642443983,31.462912061113784
123.61932999026331,244.7706749966703,15.191677671562719,31.92243801857939
123.9031560135559,250.84705811750197,15.354191101848256,32.91265036058852
121.63788694857504,244.393767942695,15.400159008749762,33.8603767820419
123.76850705126343,250.85613197348442,15.711020060011178,34.65195249037754
121.75817065535115,250.26810270534168,15.836848331568856,35.828011026663006
120.45482142860335,245.32542808640153,16.048804242676308,36.9326376091201
121.32330844195552,246.40520973369942,15.947807267481062,37.22703989178793
122.18791748295173,247.26332500931795,15.859519841234809,37.972205324170105
120.60916459820147,243.3830780873052,16.528014121286883,37.43599420336736
122.07351666118053,246.03484560672902,16.934223020410023,37.13482870214163
120.28804032184237,243.19168673363322,17.159204829777593,37.802190144370094
124.67924030960788,258.3103388047138,16.878148475760902,38.169723039660475
120.68612867800003,250.8401057396251,17.209601008625473,38.651177790285665
119.5253265744239,248.2180062065368,16.941172395959143,39.57865549009797
122.9428705755818,249.9225970171521,17.082446885936164,40.52970042655048
122.85142937020461,248.67874955708072,17.265329296690528,41.2408062897931
91.40369548397143,255.29332962082344,17.936009094694047,41.53877398284308
94.58159047873687,256.70174396285,18.006127714264043,41.475906131261674
96.04425880901387,253.69021452933447,18.754050224678338,40.152446656356126
100.00348709524849,257.6604922514578,19.045677067160184,39.50974313651041
103.81041893303683,254.34602157585545,18.695373938024165,39.78306900957958
106.15855990217071,254.31570126103216,18.52822939579832,39.843709639226134
108.56230258807143,256.6052037657047,18.239699109366843,39.78365971525099
117.76358364678778,246.86183068215303,18.69238803106011,39.51728574612706
117.40943268453005,246.80897264235503,18.498787250010356,40.52490453128831
119.74711901946289,248.05604392646714,18.389331336568915,40.7703120169186
122.08227296270123,253.95607481514392,18.293166766283342,40.8630228616618
124.18938913675403,253.93614234060493,18.651361986742838,40.902887810739806
132.7993806319583,264.173389953372,18.937044878080705,40.69811097459614
130.09138605438147,250.9948596159084,18.812797560190013,41.20073477531662
133.35562117073627,248.2020349958001,18.78388997113519,41.215330320972036
140.01642195910074,254.91265030087604,18.457290272215708,41.717316008473105
141.97011508944357,255.45104708778257,18.268961499165094,41.57028680656881
143.71897989567728,260.8336973884881,18.46849820160321,41.896785149874404
115.7921107144703,250.67951594853005,18.36842223862635,41.688749443813826
116.44379516257243,255.79719583807358,17.99283889225312,42.586816262699095
118.27282285195356,252.31871563247725,18.0713788833628,43.00473477661576
119.74899448122434,258.7613208610002,17.943771689520485,43.301625954833014
116.04255129874345,249.2660594161395,17.80785288903028,43.42013593092427
116.92688474971986,247.56806742677256,17.924974286925227,43.04454330996263
117.36916933943837,248.14131948497942,17.979961476212107,42.837595562272774
116.78860050679585,249.467203507202,18.203555491188474,42.99845846875368
117.73908314233469,248.37112921702808,18.19025039031709,43.30294687889518
119.67272448532792,249.62133016932134,18.114942708078594,43.646526227119644
117.6465658653174,246.2487889693244,18.36078717580389,43.73028127559591
120.91568584465783,253.25173121492043,18.522876609431382,44.08224548220757
119.56904905506902,254.6405334840089,18.32070730199169,44.20008383064788
122.92614394502873,251.7987189809385,18.34934714512254,44.10414458845984
124.36133258021553,257.56245776470183,18.366125731451813,44.125290447744696
122.46752624917224,253.09711030293724,18.301784849945527,44.389089898189845
121.01693643974231,251.06643801998027,18.30600802076791,44.58782586672051
121.50760077542688,249.62093527900103,18.29327301450099,44.573050353372366
121.51765542535688,246.77946850631056,18.27316371464098,44.447059415555074
122.02719297528972,251.3722923521243,18.22006806394949,44.92120621566972
122.05032393590434,251.6247628899414,18.173806142720267,45.38813469361049
123.40642841310307,249.03323473888472,18.394905898411377,45.68234314557624
123.91644362265707,245.85212581839102,18.360825861124585,46.128858695636296
123.92766542492632,251.1124527585264,18.338382256586115,46.51767649514183
125.37083944628282,244.8950509649406,18.442921309558084,45.99196933434533
125.82524922958471,242.62940524631492,18.525367164072264,45.56693366600685
125.32305004487965,243.99106347204452,18.543152749553915,44.81684278240461
125.44523641681695,244.37467733601397,18.298780005679305,45.025727837459925
125.35374112941632,245.63615747061445,18.481770580480568,44.452323203049026
125.40370248730613,245.46910606528556,18.381847864700934,44.78642601370684
125.36948139041996,245.66374283205042,18.4502900584733,44.39715248017712
124.90008459681214,246.4697595486801,18.420676875546665,43.753525817059995
125.25710152735365,260.64858402760444,18.665230383634142,43.194910565157
124.8822429727602,245.8798098757481,18.460111378144532,43.13253931389683
124.98133979752174,245.1632604112604,18.261917728621416,43.61532936027755
124.09177701680511,245.940173396684,18.13349057629324,43.96905610319181
123.679198103547,245.85147644319653,18.002046911107605,44.14645001016676
124.98700167161101,247.91261175733976,18.256903719664187,43.851464641459835
124.94003051781311,247.2300651826592,18.350846027260005,43.30236424540974
125.06334668671059,244.6192212109717,18.104213689465055,43.769897943521926
124.6215396558608,247.80888551753856,18.034619834268945,44.063024748657746
125.02386373566773,245.7067583522479,18.18617004943093,44.44248558013558
125.01515756753983,245.2944493498766,18.20358238568673,45.26710358487814
125.0283209242282,246.08148710452684,18.17725567230999,45.64614448442674
124.97552419132647,248.4900978171861,18.28284913811346,45.73664708628596
124.9324330273706,252.7669733738662,18.369031466025184,45.06075898655154
125.19990566097403,249.92477660983994,17.83408619881834,45.862484150638316
125.06661438792976,247.24771030641432,18.100668744906866,45.34551932430074
125.09800623596877,248.09602494615922,18.037885048828866,45.6005911339986
124.08774957125603,243.80492008644134,18.10160043834568,45.37721012384537
123.63404013331132,244.17567970747461,18.032696015096533,45.61201418091743
123.08933104683625,246.20394370045221,18.143643679799,45.46936822795271
122.94698547853557,246.73983078694735,18.42833481640035,45.375994484843616
121.98831738130998,246.25509405316387,19.363538067064987,44.38120206483745
119.54440202418229,243.25573909173588,19.32968626938778,43.48955647098778
119.14065916579858,244.10944825092517,19.16635566638895,43.723770792141714
122.13499405210179,252.76705636101485,19.00570126383539,43.89260068212096
120.37161079197267,253.74289003457068,18.6486791011955,43.88282767645829
119.94400554328786,252.88343876211982,18.539395141856048,43.67274130794188
116.59217797210849,250.0943217408312,18.526390163812536,43.49383810446006
117.15610294717855,252.50718873913618,18.3552464577429,43.45163532820247
120.63709477731648,257.7911145091235,18.06472521074753,43.367510437668685
119.17885843002132,255.46393381761888,18.141100061426158,43.28837541415836
117.36066850826887,250.97177098461412,17.98983293448549,43.75049539666529
119.20590838868887,251.38281296987418,18.102932920014272,43.87930636273731
117.21250068725942,249.339388124713,18.270693790090476,44.14710152027696
117.15880982195885,247.5639761180276,18.3780755206916,43.85149197656633
117.1545446499304,248.32803742824962,18.386605864748514,44.241863644093286
119.07522162853176,248.86557774593797,18.40539047594521,44.13181765081652
118.2075458465503,253.56627794650032,18.213182949667292,44.36821270089597
119.2598406628649,246.99835641625378,18.036144571782835,44.01119697817566
121.25263842148136,250.7873305022216,17.872461919069526,44.077074535279266
121.2150081569454,246.55990959194855,17.947722448141448,43.95029328190459
120.6027339084533,243.6195367893423,18.219244247247516,44.11287869984803
119.77500984216272,247.86529145579019,17.954291519882688,44.263173236709065
121.18023124446697,248.60790953053834,18.01680774689335,44.69324310829224
121.22949719730917,245.2703556778127,17.918275841208914,45.57857407931592
124.15199963389995,252.27503934405345,17.928929715379,45.23241049065488
120.27958854083232,245.08509266302036,17.904511478306965,46.01613311210828
121.92856341210748,244.95499029919202,17.552519132701203,47.25832363874651
120.94684212685965,246.72613625522735,17.529002760909474,46.696470140106925
124.3857238208874,253.8944468631443,17.546271382903647,46.149912944372446
121.41249536540946,248.66174911653565,17.627863971123467,45.863057179240315
121.41648478102036,251.3016056919531,17.61988513990168,45.45747460001573
122.02673269288312,252.82826060268061,17.368247898580886,45.31074052577485
122.00494547948783,254.53518964341845,17.41182232537144,44.78359321745972
121.51356796051665,252.85078701476195,17.439129061844522,44.330605268895674
119.478615993261,247.86015940821667,17.71132752079511,43.86817042419424
119.57593033770026,247.9635312411785,17.516698831916617,43.66142675827062
119.53927437210815,250.57749828049077,17.590010763100818,43.13941210824247
120.48613045318355,253.82160731199917,17.566239204222846,43.195986156680526
122.2846059776821,255.22187474447824,17.710737837598344,42.266176132908704
121.78075345345323,255.66679738506176,17.79392642362468,41.376330851741656
124.55509257949737,256.52858518848024,17.72400458558019,41.47900738291933
123.98437987024613,256.6021736276995,17.952054822680296,41.331830504480855
124.04393520731816,257.573166507223,17.83294414853622,41.22039353716668
124.551928627885,258.70778772037414,17.728515823646813,40.774268143352984
121.97666432817792,256.33844204756167,17.459507106765376,40.9966783920649
118.85566872161554,246.89544763525595,17.389450869283007,41.84824592922732
119.36847121727111,247.25132039702603,17.27662691016624,42.04928143788158
119.35530646995869,247.0981387336215,17.30295640479106,42.35564476469061
119.44954870370617,246.76327151876387,17.114471937296127,43.02537919440591
119.87075834631214,250.65114358053108,17.196900355066152,42.648416694727636
121.66016267425161,246.36485727009915,17.301659371818964,42.93296205217006
121.56795017030385,246.2770253422932,17.486084379714484,43.10862590778199
120.65349332622358,246.6804558261059,17.449646494240877,43.23444072697363
120.18945819988699,245.39533893737843,17.443877794176544,43.93699659895357
120.5344785124748,252.68355330477908,17.697687052303706,43.51831611369439
120.51282675579613,255.15809479006072,17.740990565661054,44.223325227219235
120.95765602343656,255.36949102558708,17.80460811918202,43.80053275616646
120.94629410210028,254.42335833328616,17.82733196185459,43.796158063826184
120.8409164215609,253.5838624192914,18.038087322933347,43.57782654983818
120.1979684547883,249.7988124512404,18.374721586674777,43.553833127510096
120.62848322847807,248.92964604039855,18.468579870035214,43.38239028771372
121.60987408965471,249.32736498512892,18.41394184245992,43.541024245641935
121.64337721808684,252.0109876920315,18.346935585595652,43.90616416441654
121.6291528016267,252.23881849415085,18.375384418515925,44.40998682436383
120.16919099838422,246.66104149730234,18.393523316795626,44.9256635546416
121.61917852638948,246.1998711271965,18.418614324856765,44.872982273496056
122.1798329931203,246.4492397732838,18.272014125082066,45.348953715008406
122.64117794064633,246.50721942414347,18.32828162852919,45.23299441328907
122.54062441703546,245.65167137452806,18.529388675750926,44.98751058401959
122.49710921952203,245.6904015420388,18.616419070777802,43.93171991273807
121.56677896301966,243.30737807194612,18.54781946871207,43.87461656524725
121.74715107863429,242.5201442811359,18.187075237482812,44.486494322566394
122.16347600107818,251.57652575813418,18.31944202700079,44.70904742227909
121.68472930677898,245.89260231229952,18.30635475190726,45.40050701333709
90.29349307833411,280.95592159459443,18.34884406838689,45.856349481708676
89.88765817304851,283.62081138249965,18.172879857757085,45.46474001190326
90.41370545483844,285.235740525508,18.099641085169484,45.17144909886322
90.5055214977994,285.3363286906819,17.916008999247538,44.97027276851546
90.05168141538128,284.38446666832584,17.856536770259538,44.939692025579134
63.34936586579517,309.3589723527417,18.1504188664416,44.23882973224733
64.739602268527,313.05859087339445,18.252326442089554,43.5651469135356
63.644883639021714,311.4680949681764,18.536000643018642,42.93461260780883
64.54752403964225,310.4179231663029,18.628292481422385,43.13738357191093
64.51760284031751,317.01292160680305,18.688134880071885,42.34095140771986
66.9145757392452,317.564911263961,18.60853889767662,41.23697209340402
66.4840802658509,318.30126148811524,18.544076880944456,40.68972460861623
66.59258536978156,318.35040265488567,18.327066673083163,40.59144227507538
66.70570447482042,316.96890006387713,18.100828463005435,39.7098942542484
66.76278915108648,316.84459351493126,17.986659110473312,39.06414369634216
68.65017060676499,320.139749525922,17.74379960485198,38.654662634398036
65.62200066906021,316.7146843487494,17.69075456016683,38.52263879434928
69.16377149922901,320.9944932272536,17.566578579431162,37.79230742689309
70.1887413612166,320.5084803762426,17.230886043125018,37.0500859412461
68.47644237502482,319.4746517109201,17.29367283144871,36.59638488384605
68.90391394626134,321.25700165940566,17.273670900566124,36.37144983323681
70.65080212317766,323.6266990986179,17.105149589978446,35.78862375886858
86.3209722054063,321.1796411066347,16.920202275850105,35.76346718751993
85.943292804572,320.748778174515,16.859271792758324,35.80890376699898
86.07866585158546,321.5006732505155,16.588525698731416,35.93689074057807
86.50622211363418,321.6585622804425,16.54643411781159,35.62111268072409
84.5866130349654,321.3792540822931,16.347201628144084,35.37203894762179
86.60998621511506,320.4095992416532,16.30336336269236,34.909603771993076
85.78684353876385,320.6213899591279,16.36347872784328,34.48602233704361
86.18790933048307,322.403887932791,16.349309954126777,34.07287762860514
86.72466201697851,323.15224399671354,16.05749501696499,34.1395463724184
86.76061167512671,323.6072634649928,15.98559570066861,34.007084382759324
84.48251245614624,324.170248390948,15.895439358283618,33.65550699423988
85.27603050669231,325.9202500759029,15.843797170303212,33.226291450553674
85.31800140244489,325.55477799957913,15.759855378798061,33.19669603138257
87.98234730921105,324.96616532576536,15.74168187388733,32.85663043368953
92.12982247999554,324.71179667742337,15.733794562631353,32.611998363981414
95.5937928841481,322.973518459113,15.552812525314204,32.340244372275464
100.39277988317237,323.6359357090357,15.60795900466079,31.75795760146053
108.3524305060773,323.6590199145749,15.858665872415461,30.97678882158367
116.21305251081793,325.4580358312275,16.151144948266314,30.290343003793396
113.74368147687105,324.3343420550518,16.030017390460195,30.36921500227332
114.26129643594598,323.02624835275617,15.716708157703872,30.09771966529045
121.88451949425395,323.82914404171817,15.433717761576895,29.917019308365404
116.07871009818726,314.57599219378125,15.765002259304953,29.38775888243026
107.73031299377367,311.8606971222413,15.591478338349429,29.897839570990158
96.33053433986872,303.5351685536875,15.752482055850216,29.569981515365885
99.9813556438381,292.67791318362003,15.504823611099834,29.417141349616866
104.28324540193405,301.35532116630776,15.287837868872476,29.534812413334222
123.14907752528298,292.6365470206052,15.188625870307561,29.54992910838152
128.7040779485392,291.54129138863004,15.20518596688515,29.654210195502365
135.09637868506232,291.0097296968662,14.97064598372779,30.020107940702893
146.84880195419402,282.8413750665128,15.216021753623991,29.59195439564995
142.60315714174664,275.8260657358397,15.349324203983244,29.692594432770413
134.56156128245937,290.4653549574202,15.326244425312396,29.825468288927148
139.15384382341534,288.0899383648843,15.265408843444726,29.663524050898147
147.63610891523922,291.55744236751735,15.06248717397818,29.712519593207503
153.64009980953384,286.88585303624745,14.880018927677595,30.01265848811472
159.4764803451105,283.05171669657466,15.053837942044144,30.015496994476937
168.64075880041008,284.7746771788995,14.922884244966728,30.069115109350726
174.40370829746124,285.52791896055186,15.270229981892545,29.959483867343355
179.4581409590855,281.64218489734174,15.000917724775984,29.99987458465988
186.16929991129533,286.8688388797086,15.553872285917084,29.329257345818665
194.08575524006787,291.3207062669487,15.086833554131225,30.203804705912464
197.91570312037769,288.1584305751099,15.16253142700418,30.199234025823397
202.49814408508226,286.90099963392316,15.155867663093375,29.896182626505123
208.8512844179824,287.1301543529317,15.748124558198809,29.437873188488044
209.97960888177317,289.84727673687854,15.601611883494497,29.630658428267004
211.86980315580394,289.7326730105518,16.043433891544804,29.156164121568487
223.88116788733194,288.09084136671777,15.96610548499408,28.918444900927113
219.31977402471097,290.95693526348924,15.99608192419826,28.781833283407344
200.33439911085756,293.3466039012792,15.580109974570739,29.586019175439674
203.33203824516255,288.6854983847464,15.206239780803534,29.773442086885893
208.80803848427698,292.03286711058917,14.739131674362474,30.068632883058882
218.2809836814935,291.07033137593186,14.564549918928444,30.60323704578089
225.60166124472607,289.53737012897807,14.62325657459311,30.869147771663695
231.37441254670108,288.8144748510084,14.35619916915216,30.90513267778938
239.48535624330893,287.61720544565003,14.251898477384362,31.197377570926026
243.47324300395366,287.26868468989977,14.01121072128009,31.191229467409748
247.21627643693864,279.37809979402476,14.212799162246935,30.898210890109926
258.0797005789715,286.0599240146119,14.128764482230824,30.799512722385447
264.6375210306286,286.45570962334614,14.222848555640947,30.703190187902432
272.827546933794,288.4077378637578,14.53465795707869,30.27660479203094
277.93489726277846,284.31629758034506,14.74072657910446,30.122869934860628
282.5549085640723,282.22596459835813,14.549406404237837,30.12721170142485
281.0238543169033,268.13364104718124,14.84033870425585,29.90730281199769
291.79575433601127,269.562306751603,14.830034064359815,29.8284869384213
307.1162947172538,275.5685518737619,14.694028161200333,30.295345500191125
320.46759223410777,283.80561920765706,14.506420301913508,30.567518521508863
309.9284581541047,302.5427814243926,14.630613054669562,30.112060640846337
316.10283867779117,302.1745187329636,14.773566679196762,29.460617726826676
319.941981917465,303.90131623782804,14.651562828817658,29.44169663935616
328.01688319612754,303.81319370255954,14.930877998399653,28.933395137938632
332.18872664840137,304.02737818652,14.770232316976962,28.50502617001768
335.40508278678294,305.6410430411902,15.066163632515373,27.969153897597902
342.61099545017305,305.20265188193554,15.395721545104204,27.5058104670737
357.9705430843374,319.2388695776594,15.443804949705605,27.525146907431925
362.8027238545434,318.63987520519356,15.158832142103366,27.383222976247882
363.17376816719974,309.3438728930041,15.079746400889247,27.41114684586764
370.5101238891375,307.98925195760773,14.972480401284605,27.472125908611126
375.58718631126493,307.91860063335514,14.735352167353042,27.613428557116315
387.1499088302716,310.32042889836475,14.680362472586278,27.423863095746334
389.8054736952513,307.91063622513354,14.612609841302099,27.65549348086799
398.9995993198051,305.7365947913313,14.639091944944568,27.399893010285076
403.6315041614742,303.2864915846745,15.190709764384868,26.410842921931618
413.5370170349876,303.47637894051473,14.854432934169633,26.680226507478103
421.2902369652366,303.63835112451227,14.886244473951463,26.356282139483053
428.1588854530806,302.6109792027894,14.65569638167626,26.481490428155553
436.2564253671906,314.41808311353464,14.488183767973029,26.588082084150013
441.0066488348115,306.0183601461244,14.584970060784078,26.752323757012483
443.5632905236914,304.38760858697515,14.62282631161428,26.794364607442184
451.92190679936783,305.09988660285387,14.679743524094217,26.660127788287234
456.7130207751825,305.38061997240004,14.759777702745742,26.74281185788031
462.92831267622444,314.41126761051777,15.263943516310235,26.143428562770296
465.7776393771651,308.3476112834659,15.383188290043407,25.98851173502124
474.25224536117076,305.8878846579895,15.233853169668864,26.384921219302612
476.31358448035485,305.16823082775795,15.657715199207416,25.87571162209143
482.31306918496983,306.9852942501304,15.991691240978188,25.48709673813633
491.8880862851657,307.1556188698984,15.660226883650687,26.44427990157026
493.5321313363827,306.2761415130831,15.660154114046092,26.88802768206901
502.8674071814269,306.2405601036932,15.586980077490825,26.959190500848727
507.49514264817367,302.29253594651635,15.627618800213629,26.88714482416007
511.7525144924645,307.35171504040585,15.740037742804754,26.723205056964936
516.8111327909623,303.036603191389,16.23234932726569,26.070074096223955
524.5769649414548,301.56737188191283,15.9188871940062,26.361892859919713
529.6530307480801,303.3852944888792,15.677887278726645,26.69050032517555
537.2785189661155,309.32809993006396,15.64278969826334,27.374528497438128
540.4073768395455,302.1711344963407,15.425066743698043,27.595142849530212
546.8166805691819,302.5080680821419,15.349230582899802,27.591947851531774
554.3100432642533,307.0307716257621,15.087826706662291,27.917199909503918
563.871562340879,320.37204177064297,15.38516328124427,27.35171528820778
565.1938630424181,317.36881340701007,15.406134703042856,27.360633159500562
571.2990545699365,316.9623054840575,15.866509376732514,26.839885033960847
579.4959962418901,316.7306625769216,16.146829911699626,26.636202693077582
590.2322144087632,323.9445234340647,16.07173425040091,26.91915269109906
587.8513321171997,317.8590797776194,16.80382433796553,26.32940410137609
595.8370579143051,315.1464496337197,16.359896339310254,27.028896338354176
601.1770311729997,314.9012199082136,15.851512408914166,27.519355789366532
607.8351905774604,308.17020900771377,15.394366544010536,28.122204646348433
615.7631954804943,305.4657342134098,15.130807380283365,28.10769314196835
615.2109850711408,300.9201099637455,14.888806304557908,28.447199327484892
596.8191402251781,304.330941862262,14.599486025731796,28.366082797861253
602.2280218286438,302.43892947061124,14.467862159089528,28.142805328554346
611.6077248954947,298.6408777566216,14.25393919107847,27.7908445426663
603.7899811599268,304.4204106429914,14.205744849749927,27.341053387088895
597.7095233705584,306.3094472342777,14.09163958368165,27.43930257655995
574.0813373083934,332.49860938995965,14.224260826902205,27.994506652195568
579.3398727046635,338.2630748966324,14.20257628756957,27.616923532883252
586.1002665664,336.9545088129938,14.332825168105732,27.63385825177777
576.4580919580434,339.5590562117815,14.04093437640971,27.645094123111395
587.1654136510956,338.4765973870955,13.999545363636319,27.866988647635086
590.4270963575825,339.9903606643028,13.978286753663234,28.090515494721046
571.1830660045283,337.9022792079429,13.932539771808356,28.34798610019031
565.347156898161,340.02797944607977,13.79476146482219,28.68920649269687
555.6568498177696,321.22151661049514,13.414992134593373,29.41608298064458
565.0919340043571,323.0152618375286,13.098557650410942,29.80439264564738
569.7597662428157,315.88996398502366,13.040807070763151,29.475409369233947
569.4547579931652,316.0534592603713,12.993901345292935,29.148418818538623
567.81393080945,315.847624880372,13.018783374701233,28.90873311093287
567.7273786048193,315.61992508786784,13.19188778396282,28.715819688325936
