172.0,55.0,120.0,119.0
171.1790333417062,54.0493782221988,117.87816202545571,120.9012435556024
169.92550552425877,53.4773143368336,116.62498740375,122.0453713263328
170.537088658712,53.16649983188784,115.40182113484347,122.66700033622432
170.40755841046484,52.966443721115255,115.66088163133779,123.06711255776949
170.84570849305095,52.834512485536614,114.78458146616558,123.33097502892677
171.12741245261975,52.628588127720576,114.22117354702797,123.74282374455885
171.31101074982152,52.4828390798679,113.85397695262446,124.0343218402642
171.52316286800186,52.249719249944555,113.42967271626378,124.50056150011089
171.62395554276867,51.98058604638361,113.22808736673014,125.03882790723279
171.37766057131665,51.94766209819425,113.7206773096342,125.1046758036115
171.46929997328758,51.91914039810532,113.53739850569235,125.16171920378936
171.67191205356522,53.63434766951749,113.13217434513703,125.48923137202421
171.50599066496022,53.55651727143807,113.46401712234706,125.64489216818305
171.50309984536693,53.5211361264473,113.46979876153367,125.71565445816458
171.38093179597738,53.46029354388854,113.71413486031274,125.8373396232821
171.2363588101661,53.511140178631834,114.00328083193529,125.73564635379552
171.42887985547048,55.20989896621771,113.61823874132651,126.11241455016324
171.5793881745363,57.14434019110003,113.31722210319492,126.01753593866363
171.66441863255164,57.03393964262199,113.14716118716423,126.23833703561971
169.83693410140458,56.80653440967399,113.03368942230706,126.6931475015157
169.8430589788993,56.68114652831359,113.02143966731761,126.9439232642365
169.95033576932855,56.73077961312512,112.80688608645917,126.84465709461344
169.66847473047397,58.421393409013206,113.37060816416832,127.23585055785858
169.48077452850018,58.43096155287799,113.74600856811587,127.21671427012902
169.3313596151698,58.293504062695035,114.04483839477666,127.49162925049492
168.97421522590324,58.314169382123936,114.75912717330976,127.45029861163712
168.84368933050249,58.22354239406616,115.02017896411127,127.63155258775268
168.88389243666452,60.06498908338325,114.93977275178717,127.76865584095049
168.4677396882786,59.96784917300515,115.77207824855901,127.9629356617067
168.24037312887174,61.988990727696255,116.22681136737279,127.7577987484646
166.13352349747984,61.67320300599792,116.5993062258634,128.38937419186126
165.6672290385373,61.531440530996036,117.53189514374847,128.67289914186503
163.09929853473554,61.37555477669852,118.79150782735321,128.98467065046006
162.9882698891377,61.34761007795434,119.01356511854885,129.04056004794842
162.75421293141665,63.24990563291418,119.48167903399096,129.1415351636875
162.28897697762466,63.25113645412269,120.41215094157496,129.1390735212705
162.0323513295961,62.83038646301958,120.92540223763206,129.9805735034767
169.60906795338218,64.78110600424968,121.57449638460318,130.02976626965236
181.2160587404842,64.73389912211682,122.13078967079605,130.12418003391807
183.15977326059044,64.75714350851142,122.21538119997209,130.07769126112888
186.92286122098335,64.6087436098191,122.63447909216998,130.3744910585135
200.44050565610647,64.60665784734978,123.48667991206224,130.37866258345215
201.8310113118685,67.02728826539662,124.70317967640543,129.5349128232257
215.43325595924827,66.88273742632464,125.52367145265197,129.82401450136967
259.4350417079154,68.87077900231614,130.0049591395297,129.86901218348282
259.24810018788554,70.58804393936998,134.47134552499605,130.52698565478192
263.2196408651303,70.6852232839797,139.04752365229822,130.3326269655625
261.3437363637016,70.7345871110605,142.79933265515558,130.23389931140088
259.46911107465695,72.47901562976625,146.54858323324493,131.04363970998548
257.76423643603005,72.4539309024975,149.95833251049868,131.09380916452298
251.54315600273173,72.37294918447758,153.55344389095703,131.25577260056284
238.85097977934592,74.54605090112105,156.5290622697632,131.39131598086897
240.05966269419352,74.1091413678224,158.64155323845483,132.26513504746626
233.60425812493082,74.00234013609234,162.39936735865274,132.47873751092638
231.57126549520848,73.25495666013832,166.46535261809743,133.97350446283443
231.70271542791585,75.15335459421394,170.92685109374474,134.9011069357452
238.8893653563222,75.11485696118217,175.7848601952697,134.97810220180872
243.96643278155983,77.19003500370086,180.2807618480936,135.71109161787106
253.68359120465797,79.7589650676815,185.66574203053307,135.5370908956369
253.58558077279844,79.56576882066307,190.90465141656094,135.92348338967378
253.7115108674493,82.17501761543097,195.78145140163295,135.83364597451177
265.7343056497475,84.73129599941188,202.9413123113054,135.92199761892812
272.3107242540502,84.83228334803495,211.0295699622423,135.720022921682
266.0617921827314,87.6672655443166,218.0991034511494,135.4783891828492
260.1312731368399,87.56594308615496,224.43012666144725,135.6810340991725
257.1459512111858,87.43103030856601,230.40077051275557,135.9508596543504
260.1620376656672,87.33085599348988,235.81096256048556,136.15120828450267
251.20342948077928,87.29489052982778,242.1184361795666,136.22313921182686
244.77419559128387,90.0453648738092,249.07740267732453,136.62169180509693
241.67837411664476,89.85522007226467,255.26904562660278,137.001981408186
239.03684063384395,89.3383418945784,260.55211259220437,138.03573776355853
235.91082510344793,89.07465161093724,266.8041436529964,138.56311833084087
230.01470595201909,92.20698290994642,272.2930137017298,138.60182398694684
227.63650393894198,92.1191196309092,277.049417727884,138.77755054502128
221.44683824551626,91.97937340331873,282.97143609996743,139.0570430002022
221.675636123848,91.83379653560615,289.06263986188355,139.34819673562737
218.6101842575696,91.78444702648471,295.1935435944403,139.44689575387025
215.41835346852358,91.68961126700042,301.5772051725324,139.63656727283885
212.9371974286336,94.98700985745836,306.53951725231235,139.87201288516997
199.98017529809505,94.95249170213611,311.7339831814794,139.94104919581446
198.08118191686796,98.59171168562587,315.5319699439336,139.64579376197347
193.05097761396706,98.45103496030706,318.559285647856,139.9271472126111
195.71884856536354,98.51933916581497,320.30547481178905,139.79053880159526
195.49544988497453,98.45497670152066,320.7522721725671,139.91926373018387
195.82865840626326,98.53783046878573,320.0858551299896,139.75355619565374
195.26813513988463,98.8585924028989,321.2069016627469,139.11203232742739
154.2741421073725,92.30232043632742,325.0299491714789,138.0127692503354
105.66782815269977,84.75739528115176,322.2577289179561,138.8190698231341
106.90431613386423,81.34681022930977,319.7847529556272,138.5243009693437
108.77450753115716,85.0999233898709,316.04437016104134,138.0930143065478
97.07676503986482,84.74482736364106,311.38719798302395,138.80320635900745
101.5653113298392,85.30119453032111,309.3682602988578,137.69047202564735
102.02496446488033,85.58098689969566,308.4489540287756,137.13088728689826
106.20479214375072,85.96788913766852,306.9754200927477,136.35708281095253
106.72855862560402,85.7690114676476,305.9278871290411,136.75483815099437
106.85674211340995,86.13173361385769,305.67152015342924,136.0293938585742
113.89314398515484,86.69340998270309,305.2516361274405,134.9060411208834
107.085019017149,87.28973725618883,305.26667764696964,133.71338657391192
113.4966803540035,87.66823098742155,306.0029812468674,132.95639911144647
118.09789332304496,87.94828027824732,303.5776828839703,132.39630052979493
115.34251276513916,84.82612958001337,302.356320820818,131.9084787472989
118.13609302333563,81.88921625140416,303.47498942498856,131.07647628395372
118.59145013471266,82.10142182846587,302.5642752022345,130.6520651298303
125.87022350317196,82.45616006099397,301.380060124458,129.94258866477412
129.12110168467115,82.773125025119,301.5352991051283,129.30865873652405
156.6170458980894,63.45784893424643,299.7277207811913,128.05097834109452
160.68663193736384,63.534178254030884,298.18820260979743,127.89831970152561
167.19605355820633,63.53905013919848,298.31873230923117,127.88857593119042
167.4411952185322,63.87967258702027,297.82844898857945,127.20733103554683
174.74476082493146,63.861003906174325,296.3358458506642,127.24466839723873
184.9414260011411,60.57785008599245,295.5515179953494,127.27464187190097
185.02957699272517,60.92002719546669,295.3752160121813,126.5902876529525
186.90871188506455,57.629586460904875,291.6169462275025,126.66029984412583
183.70016609990574,57.33958222574332,285.11860946752256,127.24030831444894
189.2892920963774,57.238292579609166,280.31409940292514,127.44288760671725
197.76041509916823,54.081036061419546,275.9869352447951,127.4498597193707
199.89794773052716,54.31507375999001,271.71186998207725,126.98178432222979
199.50912025462918,51.38072017203696,266.3151732250857,126.67613978934838
219.55511972877147,51.796890783851765,262.76548512428457,125.84379856571877
221.30848595006734,52.254414558849845,259.25875268169284,124.92875101572261
223.9052723388969,46.32349949454275,254.06517990403367,124.87653593105931
228.9341132863283,46.48353686368358,249.88774628210064,124.55646119277765
233.45957652068046,46.38539184437019,246.65041380259333,124.75275123140443
240.52795871211606,46.95757214867506,244.05280072553828,123.60839062279469
244.61490325423267,44.68288028708278,241.59065205761235,122.4460339296719
251.59569461280438,45.052435962690176,238.94022815962276,121.70692257845711
258.5956307958909,42.38062698283281,236.1482843685095,121.44657625064198
259.58029856019857,42.991480691359484,234.1789488398941,120.22486883358863
258.15341021456686,40.55032733428503,231.52416219338454,119.59861220996456
251.3148882368746,40.94730784397851,228.82478030626194,118.8046511905776
245.03575573563498,38.76272748902506,225.16654071063266,117.76831036778164
236.2474221349492,37.063155875541234,221.40749334853797,115.83352495388273
230.232009349895,37.702484117425016,217.70206073272894,114.55486847011517
226.6812729703327,38.42297380206314,214.46558561607867,113.11388910083892
219.4854002931617,54.36775952543218,213.5674404648351,111.80409866527216
205.45568466335268,55.083780454013905,211.26134692180534,110.37205680810871
203.95234645982012,55.797638545453815,209.2656149764053,108.94434062522889
202.35577398765395,61.164871774288045,207.5102310904928,108.10693182805008
198.63170417061576,61.420979831260524,205.14170220769313,107.59471571410512
192.82466743691728,66.36344770128312,202.16161580198417,107.43921988946393
177.3969034335384,69.32770655603363,199.28961697816706,106.32892029861647
175.39456541874793,84.90634557203873,198.53738985469573,103.71306118491941
172.07138613002093,85.934053476806,200.48282460694267,101.65764537538487
160.3609477131859,86.69166044367849,200.4334199945463,100.1424314416399
147.36278565599272,96.75391374066129,198.42690204644038,98.68648622266913
143.37183232541622,97.25993927429056,197.18367004006484,97.67443515541062
133.16485075088764,102.00759324054897,194.71338347710176,97.33282710770186
127.49515645275463,113.9117265717216,192.44842133302302,96.1984783459311
123.97064406986316,114.33991411102816,190.53345299523554,95.34210326731798
123.41964569901756,116.69378272746569,187.19630659980606,95.07350917156359
86.29138393166019,141.38839291233933,186.8974537130315,93.92600295689763
84.60015365967017,146.14083707596814,185.91850862929877,93.14392588506544
72.27748221755343,148.17117105773713,180.22904252397825,93.4168020628924
67.85251237119124,149.7378099274635,176.3145094169073,94.53834859003807
51.57584129696059,150.50268454215228,175.1357155954791,93.00859936066053
49.320042387012904,150.76441149236967,171.3014416285278,92.48514546022575
46.50442473078422,151.2614945890872,168.71767520794356,91.49097926679067
46.659782959658926,151.82040203046904,164.3545537799275,90.37316438402698
44.767112134251065,150.6082674665742,160.2020190311457,88.82849531201792
37.29495981137987,151.03380432884165,155.74000521503686,87.97742158748306
43.12327269642762,149.2611526297244,151.68498163286495,87.72192389175572
43.4808269115359,146.35882279006867,150.9698732026484,86.05379178195523
51.33725830667535,146.6804247406356,150.0469785233168,85.41058788082134
51.019905142853545,145.25088895240202,150.6816848509604,84.59676069231439
56.449660088221805,145.6755742458435,150.82752859386022,83.74739010543144
57.46406453128108,144.068481912164,148.79871970774167,83.30543748301695
60.400719942313046,144.57893119020443,150.16265297844163,82.28453892693607
62.53552503116627,142.89150974916203,149.5143997165625,82.03802489319357
69.25086686910598,143.00527730382004,150.51403663164496,81.81048978387754
67.69976082373788,140.9929197899138,149.99781021759372,82.21676630690256
72.72679120905423,141.13052437177868,150.79704984329504,81.94155714317282
69.96838513513913,138.8512530210287,152.68900893672327,82.87524679027078
72.40048995059298,138.44344042301947,155.1622348033196,83.69087198628924
83.51064727177413,135.78354952746153,155.2566953984549,85.29152457115555
81.37936045962206,135.6815298146783,155.77138095403092,85.49556399672203
91.5097742952085,131.1756789810292,154.30539609668995,86.9893285384875
97.3725847581221,130.90873874866946,153.86807716088092,87.52320900320693
123.06530713072986,113.89547420811027,151.43246675098325,91.42676310874508
126.31658937842138,114.09943942999199,148.7251593670219,94.81408977640334
136.75483510585983,115.24125817473416,146.90716390630575,96.34215148575117
137.95975981720946,106.07358744055247,144.4973144836065,99.43769082289661
143.8499041041772,107.40145756611413,144.1922551120198,100.60702697255627
160.6147313522951,109.37680670872427,145.22080592167453,100.49612927687942
158.10591230851674,104.05886957093195,146.3849442051809,99.57150414031284
159.77379861608705,104.98865151880412,150.76067243455967,97.7119402445685
166.29850603081383,107.36550944441808,153.27364014386754,96.84882002803096
167.8410693266033,106.33765783120242,154.10231302031735,94.99072378643352
175.89196476018802,100.63426697307399,153.58057696579903,94.71246439320205
176.41376690815193,101.48014561028823,152.5369726698712,93.02070711877357
180.6363989251802,101.32500849066545,151.76880713013412,89.49243211085938
190.35341979848306,91.71621798158876,151.17282745331673,89.87195105922449
199.22446243652695,97.07660596460467,148.4914120443079,86.68151002673218
200.77264343186872,100.20362705910762,145.3950500536244,84.09886013538794
206.06981552484837,101.73450315184324,145.54581916078848,81.0371079499167
215.75997087926396,98.37476807433305,143.82499304269493,80.69278426864207
209.0537116007809,86.50883924001886,139.73454454603996,83.42108147292517
220.28619317850908,91.79610443183999,138.18663559493706,83.30507819145961
228.41819552446546,88.42729311651308,135.76737490430122,83.12032882147497
241.1283332087117,79.00931999294207,134.30133106135148,84.84610969322942
254.468358645923,74.43899284547273,131.62498521899386,87.12856255043525
267.2509797059829,69.31190425703535,130.0492651464391,90.52859057086283
278.41889869642216,65.93831463811193,128.47162845395883,93.81606959397664
281.90463199625106,63.92014891651809,128.48004535267802,94.36245928797584
289.9167782932923,64.21060715353032,129.95091908479668,93.78154281395138
300.6663791569953,57.02110236502574,126.01080046924999,97.62510252384502
314.84302105826146,58.71943630571006,125.7753220805925,97.74316031921072
315.6621523701122,59.25320550067592,127.65010826424987,96.675621929279
296.655526679737,60.405988044566456,130.420764514617,94.37005684149793
317.1289574030918,51.24289659553889,131.81726450019886,95.05317247609825
332.0316222675623,53.792330537436975,134.06107840207716,93.51532055128199
329.46778337683696,50.3102258106084,135.61912421871307,93.34026607530967
327.3979654166041,56.96479686378539,139.7587601391788,90.80189962136363
335.2210646519859,53.2838777686884,142.16433726742807,90.94302757195243
343.4207479781064,52.0750027676066,144.00876738713526,89.71201821972637
349.49672116210843,52.40130501966984,146.47973062369857,89.05941371559989
362.18084897476785,53.10135078995119,146.88281146476095,87.65932217503719
367.7584929702847,53.73804952668088,146.7195864350177,86.3859247015778
380.020314235081,55.28826166773676,147.67652623200527,86.92558360897749
382.3260531603138,53.30743991636666,146.72847110504216,87.22380438821523
393.4603074935236,51.15523683020408,146.38620390384963,87.87383698300253
411.06495380534494,51.20313554013825,147.77942995218643,87.7780395631342
415.5187814216267,46.43494556421721,146.23048994687738,89.95570428772176
422.081580624088,50.471391192415766,147.87680772541006,89.26877112305232
413.90391544859773,50.681512669211706,149.4083227037011,88.84852816946044
398.7480771629432,50.92718020214254,149.946784473366,88.35719310359877
399.0593817879432,51.81797340785479,153.04552757651436,86.57560669217428
409.63223215503535,55.98280054180432,154.32235894388376,85.72012979145975
343.26787690039475,42.660775470074356,152.36055465910505,86.17435761385252
408.36754162180125,48.77336415616691,152.36573175109356,85.10956651607897
406.6904800908867,47.71595388457271,152.01777196555418,87.22438705926737
350.24806974660703,35.73787211529594,149.18299505489594,88.78320912700462
340.005344618177,35.82854939818559,147.3652531943327,88.60185456122534
340.29333430764154,39.01362615436033,143.1021759420139,89.60589679565517
346.45947392481594,38.79904728395675,138.05070638062455,90.03505453646233
352.0911260853569,38.558822308929315,133.9312992304944,90.5155044865172
344.870767522562,38.444097003863895,130.78189256044755,90.74495509664804
344.8346182591207,39.69960842333773,130.8541910873301,88.23393225770037
344.7212908428664,41.0722940979072,131.08084591983877,85.48856090856142
342.9524566402142,42.43235532536181,131.2269190245018,82.76843845365221
341.88784547007185,34.267691861684455,133.35614136478654,79.00775495905611
333.3772033961292,36.72145935974767,133.79332247042757,77.41704057137852
338.8522035844797,38.139315090677485,132.7324992604224,77.87772149841751
334.33915443456806,37.21434759094233,131.89324287325718,79.72765649788782
343.1990946269776,38.702455127337174,130.70937540481458,80.05864400837342
333.58328733928874,37.93706416565226,130.17018959002885,81.58942593174325
338.3447466302624,39.82763063220187,130.58562659569776,81.12107819451613
325.55352015128943,37.04626857757222,129.67899747752688,83.37266704426082
317.5247300335536,34.82402581785883,129.0602111747707,84.48187925604203
314.7599560936933,34.04798392352261,127.90076214822619,86.03396304471448
306.1949451626849,31.264641089104465,124.91348313830315,88.24776523489415
307.5184002691176,29.198354347252582,122.2665729254378,89.03590675712253
296.5598985911258,16.8368036342329,117.64521904121841,90.5379455979842
295.6876771174234,18.875254086515426,112.84662275889436,93.00408392314796
