287.0,228.0,112.0,93.0
286.87832286180344,226.16967249572173,112.24335427639306,93.43577690238294
288.33687856561494,226.1440711846988,112.56189711970478,93.48697952442882
288.4130960262522,224.53756390848258,112.40946219843025,93.45860783456058
289.7732108225046,224.671638513352,112.92781359988611,93.1904586248217
289.81955979864665,224.82361656593758,112.83511564760204,92.88650251965052
291.511177926417,223.21851428094905,112.68777980690778,92.86080667478116
292.97436713883,223.43738257322283,112.99462006726378,92.42307009023357
294.4228637931649,223.4220444400546,113.32849307927364,92.45374635657001
294.008390029539,223.51842958672285,114.15744060652543,92.26097606323354
293.76455129716913,221.85635905408898,114.64511807126505,92.33900893341907
295.331916829608,222.16543395331433,114.7652440943708,91.72085913496835
296.70364929809926,220.81178693902672,115.26846224307928,91.1814700778526
298.1163651215869,220.99741575129656,115.68867386058042,90.81021245331294
299.388845883819,221.1317707820948,116.38975775470487,90.54150239171648
300.76310463484117,219.63505444114617,116.89363820906911,90.28253711720517
302.20732666422424,218.10547758266176,117.2610755714401,90.08580941303684
301.55765894728324,218.31345369026772,118.56041100532212,89.6698571978249
302.7175326720486,218.30908284170803,119.51198036843235,89.67859889494429
303.8228327074248,216.7912715294254,120.5873341791135,89.42826763807592
304.9286372166975,216.8953529553465,121.67394466230418,89.22010478623366
305.7766134161582,217.07706503633884,123.28931265650286,88.856680624249
305.2328443801665,215.37173470227864,124.37685072848632,88.93747892793323
307.89675494805977,215.4356773425447,125.74437077114641,88.80959364740114
308.79564342280764,215.47285517334558,127.31285699420496,88.73523798579933
307.98381261202485,215.44489618157735,128.93651861577055,88.79115596933585
308.76477133115833,215.62834994540344,130.78878122459318,88.42424844168364
309.7566815719464,215.6389043407348,132.24097999151115,88.40313965102094
310.6613388587974,214.06788559591558,133.889188266589,88.08765429187943
311.73953943953813,214.0349161670641,135.2098324037175,88.15359314958239
314.4533616637019,214.08519748946532,136.7781184987927,88.05303050477995
315.5091792949024,214.13431899571918,138.18628319619393,87.95478749227217
316.7597424732014,214.25753220505595,139.22440151210347,87.70836107359864
317.926400652336,214.37797901050817,140.4417338255905,87.46746746269426
319.22254307003163,212.6914848836117,141.4142494468744,87.2756552598119
322.14231836022117,212.80671948429926,142.7268941499069,87.0451860584368
323.2902620593552,212.87889970174075,144.02280428671227,86.9008256235538
324.442320011784,212.9464518458883,145.32735908508658,86.76572133525873
325.7910010198363,211.1292683672253,146.25580243275058,86.77428292881604
327.08566164959757,211.1640736082625,147.30623617227616,86.70467244674165
328.4190240647242,211.364128948932,148.29369836009184,86.30456176540264
329.5916404702855,211.41755174401783,149.61054085653805,86.19771617523102
334.43987327059165,209.66042478220885,150.95345811176657,86.03217581356867
333.9454222174576,209.67569687210175,151.9423602180347,86.00163163378284
335.30513172785845,209.69121828646786,152.93394396341552,85.9705888050506
336.5931515330157,209.7415182904231,154.0830496265471,85.86998879714014
337.8599770771557,209.82818664062862,155.2898197550548,85.69665209672911
339.1110515562055,207.91278965703708,156.5429630881157,85.77215377275171
344.3183601229741,207.81995814648704,157.45358308066983,85.9578167938518
345.7059017194392,207.76946381465547,158.47018631554494,86.05880545751492
347.3058137529707,207.64689902845492,159.07876818874632,86.30393502991603
348.38608838500284,207.43771819855323,160.7397904199316,86.7222966897194
351.53676849824666,205.46356478901984,162.14485694599728,86.81739013250956
354.19667923177224,205.38713479804346,164.57611634973472,86.97025011446232
354.9649414195579,205.2587250346454,166.9535372394822,87.22706964125841
353.8794076371809,205.1302926466858,169.12460480423613,87.48393441717762
354.9210934719582,204.85242356952136,171.0308545713464,88.03967257150653
357.95825902815534,204.66558681106525,173.0108774662693,88.41334608841873
361.144985017707,204.45478239953403,174.76276508696085,88.83495491148119
360.54675089051983,204.3100070781147,175.95923334133508,89.12450555431985
361.87410226716906,204.08744747826006,177.4227031877794,89.5696247540291
367.85458265175373,203.9960715750405,177.90366663990554,89.75237656046826
369.20822894081124,204.03109705174663,179.35388703517734,89.68232560705597
372.6835345521767,203.9719543857608,180.75835894809632,89.80061093902762
371.6160404363738,203.91773704381194,182.89334717970212,89.90904562292536
374.9357336575349,203.96144205127712,184.72046484443268,89.82163560799498
378.58764470594235,201.88372679690198,185.93351351707366,89.7186307320174
379.90774454155286,202.03300809840687,187.56767247151868,89.42006812900763
383.5769440111967,202.42907257302193,188.81528576490254,88.62793917977753
360.6103416710888,202.7115219074073,191.77472176943786,88.06304051100673
345.00661395660654,202.83404185435523,192.6681896711329,87.81800061711088
314.59959631913154,202.9038296740485,192.73252011637933,87.67842497772438
274.025548208681,202.651039976672,191.46331814371024,88.18400437247738
237.614539703091,202.9550079478671,190.7066362755438,87.57606843008713
209.6528642834994,203.0703875102532,190.6453337960105,87.34530930531496
175.49350827567991,202.9537062800266,190.1387791374915,87.57867176576818
187.8584325473431,203.24413448653576,191.19872643510539,86.99781535274983
187.99531945052414,203.29608993459692,190.92495262874337,86.89390445662755
187.84980940910154,203.5496002972937,191.21597271158856,86.38688373123395
197.74712889474029,203.18367655976465,192.88666631154862,87.11873120629204
196.9191733360512,201.0147714297345,194.54257742892682,87.12636802440709
196.22596923341752,200.88724887261878,195.92898563419422,87.38141313863852
203.06894832474228,200.77488346012188,199.75881900947277,87.60614396363235
200.2037083521152,200.90611641795556,201.0508659153104,87.34367804796499
202.32058319644653,198.47863622086194,201.2696359567924,87.74611871200754
206.22480310419573,198.53201822633014,202.38677191336814,87.6393547010712
213.9733295914916,198.662941141248,204.7980393223616,87.37750887123543
210.81541863828733,198.8426535455938,206.6065210762373,87.01808406254383
210.1359330596379,199.0348609254571,207.96549223353617,86.63366930281725
216.26362519854962,198.94838849474706,209.32987762991422,86.80661416423735
215.6433631415784,198.9894995342601,210.57040174385668,86.72439208521128
216.93847347821787,198.99734862838952,212.55930505258831,86.70869389695241
218.50293161544195,198.62573696890485,214.0379124356619,87.45191721592172
222.5795794920601,198.56084504569836,215.16875182343546,87.58170106233473
226.43586812625935,196.10730396714317,216.77753126072656,87.82810486660031
230.60975495789762,193.63471355050453,217.8062580062838,88.08503549546073
230.09203847829093,193.7329796811678,218.84169096549718,87.88850323413419
232.3474504370644,193.83850333686857,219.04992511137897,87.67745592273265
231.6663263374233,193.96913397278064,220.4121733106612,87.41619465090847
242.8223786610506,194.124300717257,221.76621143534604,87.10586116195577
242.78203610984127,194.20909593791475,221.84689653776468,86.93627072064028
207.43780635212846,194.20442419057784,221.35619494616628,86.9456142153141
171.6870749130824,194.018580236662,217.04341474572738,87.31730212314581
145.38342832903425,194.2772508204982,218.13799462938067,86.79996095547337
102.89651670706291,193.89980753758715,218.70087831838862,87.55484752129544
65.25582620623138,194.01253658842018,218.60502782044756,87.32938941962941
62.37532774334697,194.09409669419125,219.66035207552565,87.16626920808727
67.07103952184218,193.98432112140554,219.70482020196738,87.38582035365869
63.9899255208871,193.84256665754972,221.14453987019945,87.66932928137032
78.33637208863357,193.7760269961169,220.9413787914669,87.80240860423595
75.33699628244639,193.640082135196,222.19238671870255,88.07429832607781
77.728268267522,193.49856988063868,222.18044371975247,88.35732283519238
77.91672806229835,193.5198088945866,221.80352413019978,88.31484480729658
82.58131457812304,191.06126813524148,222.01295839095232,88.46262267978584
89.3803550205141,190.95546119630987,222.7397484344048,88.67423655764905
93.46482441371907,190.6811685661646,224.1492010021659,89.22282181793962
95.65264152885004,190.5163577048591,224.5928437560059,89.55244354055063
98.09675954224498,190.4888205086114,224.5361562539147,89.60751793304598
107.86450783660426,190.21210492932306,224.32752406958113,90.16094909162265
107.26984984386212,190.10392061993414,225.51684005506542,90.37731771040053
108.73950227989553,189.86833157359126,227.4371094348976,90.84849580308625
112.92484482985832,189.7914948654957,228.85767925874583,91.00216921927739
116.70495981100323,189.76420954620988,231.13508145649766,91.05673985784901
125.70813728922201,189.69853577274583,232.9389323368021,91.18808740477715
129.62348880227907,189.79252882395622,235.0699017551786,91.00010130235636
139.1329803129605,189.52023232254498,236.0832685441085,91.54469430517887
139.23360659678607,189.04244795498408,235.88201597645735,92.50026304030065
139.65070437606266,188.67587262669684,235.0478204179042,93.23341369687509
149.97184450048053,188.46136585467193,234.5965297559188,93.66242724092497
150.07704731758867,188.76600093925128,234.38612412170258,93.05315707176621
157.9548589667121,188.92436975537288,233.73551958738767,92.73641943952302
158.78099044261063,189.0269922156532,232.0832566355906,92.53117451896239
161.85753701922016,189.08588178955392,230.9227075670024,92.41339537116097
167.51629168633778,189.01685128226976,229.55267156783435,92.5514563857293
173.55232624233753,189.23671066023496,227.3935466526551,92.11173762979891
174.50772673405095,189.467560221184,225.4827456692283,91.65003850790083
178.03042762484438,189.43450034787674,223.31911692214646,91.71615825451532
181.82501609825272,189.59611577571766,220.58169839677373,91.39292739883349
187.70705950289403,189.80645551786614,218.43065852712712,90.97224791453652
195.688195296176,187.57044013645486,216.77240918269328,90.67627126331571
198.21486988731795,187.83929651750776,216.4578735307778,90.13855850120993
198.3025925451015,188.2293740594142,216.28242821521064,89.35840341739704
205.25224059086344,188.49111177166677,216.50815968537214,88.8349279928919
209.68959331507824,188.5595419446347,217.03803770784725,88.69806764695599
209.76512689217668,188.64866232430282,216.8869705536504,88.51982688761979
221.54182479981165,188.7548253235147,216.8443073491616,88.30750088919606
219.56057341647198,188.76234374161726,216.10905859567126,88.29246405299094
231.88757373572955,188.81670954135674,214.8894856402713,88.18373245351194
243.48562058587095,186.3900785676373,215.0302250208623,88.36962778477607
255.7807625132879,186.3484600895864,213.80345340746788,88.45286474087784
265.4575377793345,186.17033983326436,213.07584363432025,88.8091052535219
273.09710214784155,186.09554930343742,211.75364448389664,88.95868631317582
280.82237830657806,186.21489028484353,210.2107020624343,88.72000435036355
293.28014956102555,186.46867233744763,208.34190325505668,88.21244024515542
293.3762333909499,186.85151403845686,208.14973559520797,87.44675684313697
305.1463772891827,187.10001908232329,207.39448542350726,86.94974675540408
303.638687241636,186.95042596381438,210.40986551860067,87.24893299242191
263.7035400244673,186.73537226420302,212.31597200541802,87.6790403916446
221.59666034802618,186.58970159554082,213.34680604344516,87.97038172896899
204.9858634916474,186.6431526457589,214.0791400020284,87.86347962853287
181.63866106637084,185.18353062284098,214.2736990682159,86.13273909593212
181.9108191842011,187.78409524210275,213.7293828325554,85.55356995490664
191.41404335655474,187.63665972630642,213.13809035771072,85.84844098649931
191.03778768307595,187.87021498867796,213.8906017046683,85.38133046175622
207.4497449066024,185.29902958241414,213.28793141985145,85.92066639396442
191.84232143442262,184.87196523075966,212.27490682275393,86.77479509727337
239.30304145476265,184.16453162306632,209.44547462682488,88.18966231266005
247.86143014207641,183.3295740030968,206.09538090069807,89.85957755259909
259.5770681185579,183.3361323132059,205.51390265455785,89.8464609323809
257.17243417536116,180.1318714768393,201.2005597571489,91.69367721321288
260.8594583032959,179.4829117489855,198.35770743103856,92.99159666892055
264.50803089753737,177.3903832805466,195.57310598966367,92.66410985869032
272.7590571318664,177.44091794746146,192.46982581659165,92.56304052486061
285.72374355301514,177.98002662301008,193.05586477436023,91.48482317376336
299.07079915354535,174.92472961366565,192.81578616874324,93.18641175987828
318.03715378831816,179.09276223665088,190.36408826882536,93.72059935631471
327.48469554545596,182.7781211280534,184.69474567532018,95.16704218735663
338.7472705703491,178.51754875818787,183.92224183762056,94.9871284422531
350.7888254684116,178.5330325765789,185.8556743084759,94.95616080547101
351.31680124052286,178.47355108106748,189.16364994774773,95.07512379649386
324.1719893696593,176.51979821782203,194.894146036074,94.56816337267558
294.38868082096263,174.01581814815734,196.09739116090375,95.0866333602693
286.4797500720936,173.45156296406725,193.85096664950322,96.21514372844949
300.5990045489052,172.55222480327373,188.12652008387784,98.01382005003654
304.27257911997594,172.03996566555364,185.22930375678308,99.03833832547672
334.13948637966155,172.26828895036903,187.44427168804805,98.58169175584597
333.5546468630914,177.61276441013078,179.7146149631431,101.24174447339028
330.7773178007648,173.09612991648163,176.5069699779649,101.51271035085723
350.7159850737548,172.89037892837234,175.67396192037893,101.92421232707581
341.7174557315914,172.85565114420592,176.3394849282941,101.9936678954086
332.4999496793755,167.93894550066898,173.05483865021387,103.13921582947765
303.06602165165054,171.44398561287997,171.51923790419468,104.75820086240839
257.8258845386995,171.32128726646053,171.30151517357268,105.00359755524728
234.25011969659062,171.11720328599404,170.93487636671625,105.41176551618024
186.76672229256639,166.75373642761667,170.8347204290841,105.49624916514583
139.35916611647428,166.627898995819,170.5845368018215,105.74792402874121
173.8951249719139,164.37102350917314,170.65889292784297,105.94003288722661
109.78225639840733,56.635566990039194,169.10532347215502,109.43807847441605
178.89204090372039,33.45044173516133,166.085354403154,112.19555480945401
153.03141171194198,33.246795415176116,165.4651922470946,112.60284744942443
105.52940551312146,30.666887719416515,164.56687059096848,113.40346583849968
67.05728945057268,30.01145845548539,163.05075048109552,114.71432436636194
46.19742928524016,31.58822862582592,161.19383385965358,115.91844772089158
35.77807502008959,158.5260813861708,168.98438107284977,109.95780722519612
7.135017260141893,165.0580910324917,173.8528945328472,105.63005494253734
-2.506907563298981,166.5747317600723,175.6631405777544,102.59677348737615
26.796113858042617,168.84270154310894,177.8746938220898,98.06083392130287
39.81071029770709,170.22812297980948,177.64403883683565,95.28999104790174
37.23374488214131,171.37417104848322,178.54899325288372,92.99789491055427
39.645102944862,171.42475121125602,177.9492157905987,92.89673458500872
40.09293825181493,172.11578713217355,181.26593159258272,91.51466274317364
35.74084423760904,172.1641089133936,181.495663280124,91.41801918073355
39.84584976185822,176.23635010398002,181.76349979276156,91.75138436069666
48.96989260705402,173.89322871893594,184.75845888395475,92.18901817446782
54.28935697313436,173.6784630347563,187.0196449706717,92.61854954282714
68.93197464192136,178.01413854732522,188.1183653887269,92.62832873358334
60.68740024482446,175.78772803686314,187.18029887082463,92.72434592648347
73.57357687551894,173.48086374668682,187.47643527882985,92.99332622860375
78.98008254456845,175.69338570046864,185.3709047535356,92.92202272744251
81.7654821965671,175.52573415163988,184.1217926755675,93.25732582510003
99.71655751981297,175.33685246314204,182.69310669935305,93.63508920209568
117.50360453871033,170.7834077927672,181.4770315276935,94.15247382631155
138.08682392987578,170.17267439263844,178.88293138852728,95.37394062656908
155.40465229813793,167.87479601749482,178.3965358639908,95.70103972535784
174.86028930052947,161.21525291935262,177.88917818975858,96.21882047812525
221.9281503326209,161.13251284365714,177.66027470135083,96.38430062951628
268.9510611871438,160.98871502708025,177.50931969602928,96.67189626267005
258.38867584866733,162.96624473499284,177.28088811031034,96.98747729937922
286.17712490956853,162.94569371991025,177.24862301568749,97.02857932954439
237.4962951597395,162.51392250031128,176.33380796191733,97.89212176874236
