125.0,125.0,18.0,34.0
124.4770013091483,124.52130709851349,18.23684887281108,33.339088785188444
124.97731933580488,123.86205772540754,18.039680092279568,33.05065298583708
127.15324306967716,123.80643758385577,17.667047179333952,33.16189326894063
127.22212895815169,124.311196487597,17.5292754023849,32.94347835631813
127.71100862815666,124.27763875656521,17.33704130059759,33.010593818381736
127.59245375127739,124.35847153703483,17.574151054356147,32.848928257442495
127.27418671590974,124.35297382726009,17.42578244108701,32.859923676991976
127.18281545296853,124.46194664285991,17.608524966969398,32.6419780457923
127.26229059343906,124.43506896697112,17.449574686028342,32.6957333975699
128.1026644591944,124.42878644328471,17.32985031528173,32.70829844494272
127.72104232676975,124.08999749208482,17.314451613554994,32.60723338076649
128.22590839528837,124.1025101649999,17.08161112097327,32.58220803493634
128.63371325475185,124.12645814809763,17.03852667006104,32.53431206874089
128.77147689251532,124.13040313521569,16.762999394534145,32.52642209450476
128.83598136700547,124.15543067209072,16.633990445553806,32.47636702075471
129.351907416826,124.87295121409441,16.365403370539948,32.56785598600161
129.41602944003438,124.90113021254285,16.237159324123205,32.51149798910474
129.53335781695247,124.86012508696018,16.002502570287017,32.593508240270076
129.584966204333,124.481474726109,15.899285795525948,32.59675004632695
129.95561961327564,124.45387512228966,15.910293967983993,32.651949253965626
129.95600380620186,124.51002899581307,15.909525582131547,32.5396415069188
132.24936072443697,124.95271423178536,15.832761415917124,32.40592931335016
132.24407072609333,125.36715097741572,15.843341412604408,32.32542769818793
133.62979373006152,125.45524475042888,16.06141139891585,32.149240152161624
133.60135258937748,125.84631057724688,16.11829368028389,32.11568887973826
133.6018247989203,127.14289019324463,16.117349261198278,31.769748977447417
135.80655551371268,126.86858017334502,16.171817068409517,31.57438081111398
135.80209673664578,126.02559580485925,16.18073462254329,31.77622322010849
136.58054863671816,126.03380139535054,16.11418544857697,31.759812039125894
137.0023225844399,125.6305587116382,16.01442547108169,31.82250948860242
140.06611389458962,125.48439222884532,15.830707848875086,32.114842454188164
140.01800603856182,125.50324224253075,15.926923560930655,32.07714242681733
141.93047192033998,125.413844132216,15.82797651443067,32.25593864744681
142.29233773993332,125.35787075219491,15.850341571108045,32.367885407489
144.0320316006465,125.66425297785837,16.11155896119809,32.503241978465354
143.89214005235303,126.08426528668437,16.391342057785046,32.417846705537144
145.40477467316416,126.21189818029191,16.398948874650255,32.16258091832207
146.19916958189592,125.8692920310934,16.31937571303348,32.09318488879571
148.94137926342532,125.79732254881915,16.10047889114297,32.23712385334419
150.13169947306352,125.76452220417119,15.971467437119554,32.302724542640135
150.94111598865976,125.70925391948771,15.851171976992159,32.41326111200708
153.07751724412392,125.68627034664611,16.071160941866765,32.45922825769029
152.9292614966899,125.74247657632239,16.36767243673484,32.346815798337744
154.7905372429958,126.40768429882961,16.428966991047766,32.52993877209324
155.59870066758816,125.93967986330476,16.333663298961625,32.70543606459367
157.4720693368591,125.96563367553618,16.394095654337093,32.653528440130835
158.71447036667723,125.52973810124828,16.194451493380576,32.76360028914671
160.24516403121757,125.12906355227084,16.172560982765756,32.80507518248518
162.49757062694636,124.77665599204761,16.22835578813002,32.74978897012802
162.81683003685376,125.09039123544831,16.35009661072676,32.882578125738156
165.03373229652755,125.0459306270525,16.5021588525843,32.971499342529775
165.7080138833206,126.20558495163277,16.690084897402407,32.956924520975576
166.07709514334616,126.320914229524,16.72320189884785,32.72626596519311
169.17279027634046,125.98013946178287,16.67956605692294,32.63934619766741
169.65819490064135,125.2764930113263,16.47519854586893,32.5137556234851
172.35527362933757,124.53950925694728,16.408552226953066,32.46557709267838
172.34100801162157,124.53571472552011,16.437083462385104,32.473166155532724
175.2712920411831,124.5281091110775,16.655074128507298,32.48837738441795
175.5756625998081,124.62946281007274,16.810137776422714,32.28566998642748
178.12240673484519,124.94297031651857,17.061145812114297,32.42215444578806
178.44387440087144,124.9269599938026,17.18803103447357,32.45417509122001
179.16358431934282,124.95997606058728,17.293551628548734,32.38814295765066
181.54283775287888,125.79685169096766,17.174895055055913,32.26100846141633
182.91380461829658,125.69720575814263,16.7411681774816,32.4603003270664
183.84881126165405,125.68661260211292,16.400907913517592,32.48148663912581
186.54800751030285,125.34332329482311,16.317733140278325,32.408748435982844
186.60524554981015,125.74106467049921,16.20325706126377,32.37007941288853
187.2640620065983,125.71599931476425,16.394159799077084,32.42021012435845
189.15491944750502,125.73954010215249,16.40395654344434,32.37312854958196
190.50596353674132,125.82879723648531,16.732994496997605,32.194614280916305
190.5081034071427,126.17972732213856,16.728714756194854,32.25358867544194
190.94899183629292,126.50509169676894,16.608564968308116,32.36448699659484
192.90775120565624,125.77790906140419,16.496972368388004,32.2964818118017
195.31800086563177,125.31052358472448,16.226052410263765,32.47298953818995
195.41130838471094,125.2801040355433,16.039437372105475,32.53382863655229
197.06420695070278,126.19575879691102,15.748947662930544,32.963999680923486
199.60608748890422,126.88323007664121,15.950621637165511,33.09918142164537
199.49748524935686,126.82548332259852,16.167826116260265,33.21467492973076
199.45195655521704,126.84154846064713,16.258883504539885,33.18254465363352
200.9637121433665,126.46902311073319,16.303840435595216,33.16047832662288
201.38659422948137,126.1189142644474,16.22565061246188,33.09312167009802
203.012427815564,126.17738562466215,16.03491688087309,32.97617894966851
203.43718273908348,126.28081551000489,15.945620467744357,32.769319178983054
204.5367121611528,126.75451747382493,16.013483795107096,32.577555975176736
204.85798713566572,126.76480397071565,16.12495002566401,32.556982981395294
207.07706114719645,126.77098683320304,16.220687244921457,32.544617256420494
207.82313867450836,127.5817457571657,16.24278129076008,32.43734850895763
208.57591986419953,127.56690996128356,16.24909195323928,32.46702010072194
209.42555535731123,127.94187715859861,16.062781250433805,32.47356584780075
209.88944019206687,127.57988071326467,15.888361678642873,32.44420864074832
212.57227774590294,127.51669408535372,15.771960537449731,32.57058189657021
212.6102924850802,127.82185966893749,15.695931059095184,32.70997165445282
212.95000135706837,127.78509786324156,15.766946595328388,32.783495265844685
214.78509670119422,127.78002021649706,15.860465154889503,32.793650559333685
215.11256224449272,128.1603998542572,15.960050473024012,32.78740768854493
215.50310868892538,128.58051057208806,15.935113167711656,32.70334183643623
216.24335082487215,128.98527803068723,15.963617709115695,32.64830132588669
217.31598359463942,128.80454107775532,16.080907322147347,33.0097752317505
218.46963376178485,128.61779700386626,16.058115912373832,33.383263379528586
218.3699399139584,128.62083610894942,16.257503608026678,33.37718516936229
220.19143231225223,128.73924348609788,16.46420511896642,33.14037041506536
220.2004628146598,128.74366866363164,16.446144114151302,33.131520059997825
220.61743979488818,128.87694142365348,16.381807319254314,32.86497453995419
222.64507476263125,130.07617465552772,16.149549878380007,32.760315572972786
222.62673071463482,130.4156042515137,16.186237974372897,32.84050423835639
223.37323542278105,129.5822878547457,16.214941637005165,32.98542395296769
226.0035327116916,129.42379567185648,16.29865963101342,33.302408318746146
225.96048112169302,129.0769956486734,16.384762811010614,33.226449247894436
226.71265105057466,129.11566233183842,16.420307237808895,33.14911588156441
228.6845816139467,129.59277407438174,16.323581302737946,32.964319434812424
228.74858717552112,129.86560011598513,16.195570179589076,32.4186673516056
230.34986967730688,129.8867760704403,16.012389917090584,32.37631544269528
230.8053846038115,129.95449268934252,15.852414427305423,32.24088220489086
235.85954952714727,127.20745071483165,16.19229126347905,31.764562335143914
236.39272457691692,125.10283825803315,16.616352669513393,31.50255273201995
234.42719646779562,127.48592629030718,16.804120253144447,31.22832302900568
236.8389070443057,126.68513497620097,17.21558635825633,30.586382546590073
238.58375779773,125.59318206699578,17.45282684423625,29.788734770737683
238.16215773278745,125.82623156154729,17.55843357864878,29.322635781634652
238.33253495737964,125.93606262210606,17.2176791294644,29.102973660517108
238.69764932621945,126.5084891148215,17.21088140139109,28.681551684692543
239.03335980371205,126.62436107348447,17.25650990214273,28.44980776736662
238.95927853628865,128.46209057985016,17.404672436989507,28.346189245055037
239.0061458906045,127.11010954492663,17.31093772835785,28.18888548078021
239.00134130039564,128.58665583472958,17.320546908775533,28.08137214772176
239.4016185400411,127.22534443101443,17.22994495659559,27.964184846708058
239.422385917602,127.20517773310348,17.188410201473822,28.004518242529954
239.4543991628058,127.14975194847,17.124383711066212,28.115369811796935
239.56117084937776,127.286480846565,16.910840337922323,28.549073131746333
246.52094884820352,134.02507761142246,16.481564376825993,29.27217437735264
249.1541367440883,135.10391718350172,16.209393907568018,29.968326846057884
249.24410630060441,134.34459061774132,16.029454794535816,30.767887053615688
249.99103821408625,133.808819483375,15.991133686985307,31.11165796264172
251.5073018052653,133.53668310101625,15.887242762485096,31.655930727359234
251.92564634259242,132.80929860641464,15.788898001641677,32.37235540275165
252.6513255114692,132.52950178747943,15.831779270385525,32.9319490406221
252.90374148644162,133.92717173275804,16.082983602968874,33.160754280177485
254.04607787182547,133.43927726725587,16.089543798942202,33.372798888934796
254.3594614841341,133.07578743339894,16.229730868653743,33.33282426231995
256.68435787582115,133.3543460092647,16.192779394947596,33.544513995533094
256.62727552189784,132.94966875751365,16.30694410279423,33.5826123454708
257.04312274698367,132.44488636891717,16.24904639742597,33.81838037786029
258.21132690594254,132.39451634302853,16.24133436162377,33.91912042963758
259.7952059617052,133.5274451602906,16.183847280175463,33.985966067671185
259.8738491674546,133.48509667663217,16.02656086867676,34.070663034988044
260.337462179664,133.3703828130601,15.87536844202204,34.300090762132186
260.69391866892187,133.4249428239949,15.939187763247272,34.1909707402626
262.17912569286256,133.97656355956644,16.07381330261331,33.86398916593133
262.9251585265172,134.5402173104958,16.12943914996867,33.510527421404944
264.8500106626256,134.62907308202318,16.128027240146853,33.332815878350175
265.24749801522705,134.7112292387871,16.10009222268158,33.16850356482235
265.5933717275068,134.77363901685484,16.172499566637875,33.04368400868684
265.52020470009796,134.7753060341082,16.318833621455504,33.040349974180124
268.15571265920073,135.29784208733452,16.410361419782845,32.76135554151789
268.79389405700044,136.28578572736268,16.66115791816263,32.31262755544083
269.04604923439615,138.81838125735115,16.918178086017452,31.815419631341072
269.34985693876337,139.14172537613703,17.069003568876184,31.168731393769306
270.8211452080566,141.08295727391078,17.13239814334355,30.29223871127558
270.670559428159,141.54339730478605,17.433569703138744,29.371358649525
270.9183123136949,144.2011838289989,17.66913118335189,28.44218910880925
271.5093838154596,143.8277529579984,17.929370033712825,27.74666899691989
271.84498700599937,144.09911676417863,17.973305622385674,27.203941384559435
272.1630939598509,146.1556571907561,18.044822072081605,26.62951231840015
272.5366828180543,146.77096597563278,17.997922313752515,26.09917270672438
272.4737126333919,147.00330657965657,18.123862683077302,25.634491498676816
272.4255997038224,147.2379314632551,18.220088542216306,25.165241731479732
272.375681978212,146.76922576730286,18.319923993437143,24.74057016683055
272.4419761401682,146.53204733458853,18.187335669524742,24.538696220803867
272.8252489878822,146.59806910912502,18.09177973311903,24.406652671730853
272.91987924532157,146.31351624362728,17.902519218240265,24.308341416022998
272.970802819303,146.30466044746916,17.80067207027738,24.32605300833919
275.00546384023227,144.47313877113248,17.699871757009646,24.681994920520225
272.95234960641943,144.42461981464703,17.81512323439077,24.779032833491158
272.92627150169426,144.41130681573458,17.867279443841092,24.805658831316048
272.8662568241221,144.31808959515138,17.987308798985424,24.992093272482443
273.50186656778277,144.31345067749547,18.065269134224792,25.00137110779427
273.5087955180791,144.25373074540028,18.051411233632045,25.120810971984675
273.84563687702087,143.82551641346987,18.055323447612214,25.299644703981894
273.89626039102137,143.31554939791857,17.954076419611177,25.63921033243551
273.91454904964615,142.72988976447564,17.917499102361635,26.126693325887533
275.37797135863326,141.11038725663792,17.753017703935694,26.603335122014627
275.7512264326879,141.11731883408765,17.70154795735317,27.284512368641924
275.8574865543358,140.67519480336267,17.489027714057304,28.16876043009185
276.0442625748311,140.0193413767809,17.115475673066772,28.76638140444259
276.7411658556668,139.96086297745066,17.155071827248467,28.883338203103072
278.2462368756497,139.84666284813173,17.021365150642414,29.111738461740906
280.1132050261133,138.8812111304005,16.888634694161183,29.602159559424997
280.111510556286,139.02282435064478,16.892023633815704,30.04419545864089
280.4803032041946,138.81585566630957,16.886300676777616,30.458132827311296
283.45498496126964,138.2296735410385,16.840004174007717,30.892613701430925
283.748352723689,138.08505411749823,16.99677487009407,31.181852548511458
284.78463211854205,138.38921455593237,17.175572436525407,31.32398379035564
286.96318927969395,138.30781389998623,17.352082328554854,31.48678510224792
286.8352635237577,138.6443626292849,17.607933840427357,31.574708315082663
289.955962933113,137.95105923534032,17.499994701564223,32.1946326429909
290.4058229787356,137.80629171032396,17.3742663900293,32.48416769302363
292.4470887789857,137.66664690304412,17.172263667167787,32.76345730758329
295.2268661100269,137.64448353728028,17.04994214939232,32.807784039111
295.65614765446577,137.92485383722996,16.966674254355326,33.02233863305229
296.7754908871181,137.94899820634248,17.059020852140243,32.97404989482728
299.476468143513,138.10280019712772,17.10231846993359,32.66644591325676
299.8720367024847,139.02635083890985,17.0853007277018,32.36758338111566
301.03847279975025,138.68172964748874,17.06072717764159,32.28739288246757
302.6060789649428,139.0885585293107,16.996840710746607,32.24156658469621
302.6319606994163,138.69770228799516,16.9450772417996,32.25721861469514
305.6685390071592,138.76619701314735,16.995131786370138,32.12022916439075
306.1777731108961,137.48315054941938,16.740909972234483,32.39358291183247
307.0216464099237,136.88867240043027,16.58094868040015,32.81864655670029
309.65744125076077,136.74624252310915,16.680934073094164,33.10350631134251
310.3846034441175,137.09696557113682,16.773148255556205,33.17532949987492
312.6691476395453,136.56908186224172,16.85955012549289,33.45518187419976
312.5563154327606,136.50707356502858,17.08521453906235,33.57919846862606
314.0733447508278,136.38512965048005,17.200050228091996,33.82308629772307
314.06653521824904,136.55521226097383,17.213669293249474,34.27570256048085
316.9177499481979,136.18091282919454,17.10878411846196,34.22465224045224
317.36751916425607,135.93052645851117,17.006333113825338,33.92833755433921
317.4265797424776,137.54622301479824,16.888211957382232,33.86085032261131
320.1219677662323,137.95478722399224,17.013048451385423,33.83166655301087
320.121730325105,138.13363576674496,17.013523333639988,33.47396946750543
321.2935263344535,138.27408742309598,17.023261269394485,33.193066154803404
322.1456726757066,138.86505274822397,16.879951692070104,32.79162705713827
325.66219430295143,138.94987499560142,16.79608490820638,32.62198256238341
327.25435911611083,138.68824738906375,16.684538456352577,32.377041981842446
329.8273324035452,140.27642757164045,16.87734354327145,32.25139685199626
330.21008239004715,139.6027291788139,16.875995237711624,32.07049030276115
334.38942595917536,138.36700379658623,16.89346789635015,32.2575338498815
337.3512971430877,138.94082900276294,17.085877991217618,31.87440249536463
340.3164462692056,137.74171838201872,17.253053480605775,31.223886866041152
343.69018752869323,137.9450332739677,17.30461159920934,30.81725708214318
338.1072447837272,138.62297139090708,17.215722298833715,30.211699167618228
312.53343020038216,138.8653663420527,17.31403195728424,30.466754475591284
281.40412270227324,141.5119493600883,17.713400274054603,30.390633340196413
260.3272869177771,140.560327716243,17.814521262448388,30.041061418212127
255.46843186094853,145.41954650465794,17.815292447927085,30.039562769560533
258.6773817395441,171.16934184907427,18.1244210159757,30.113855907566382
262.02786287220334,174.21748388330712,18.20738048110094,29.293955407223542
260.19332070390726,174.9670258479731,18.161757477293285,28.537812945971535
258.6641720019485,175.3393097251142,18.296558997586658,27.793245191689355
260.670013816817,175.7123979953712,18.61664441109911,27.047068651175376
259.60815946874544,174.89829772361867,18.592223471276085,26.527139558714236
260.601783740656,175.52709148550204,18.728341398146927,25.977340858511468
257.9775136494948,175.6273238516564,18.36321072630639,25.77687612620275
258.4378185207073,176.87274101970806,18.13526497956747,25.364033777157807
258.3908115097844,175.64308380770055,18.22927900141337,25.09271022136334
258.52846545638295,177.4624410726214,17.953971108216216,24.854456720713483
260.1303220123342,177.30486985678183,18.110034468986285,24.49764385785811
259.503513998216,176.16982285768844,18.02545180696129,24.09134047552212
259.58583813048256,176.59236266928298,17.860803542428194,23.907795420274955
259.68452596680504,177.60117684959366,17.663427869783305,23.858309954703756
237.93824670892667,152.32712349213637,17.467718325607162,24.849575288202022
240.82237045903952,147.22505907066693,17.010466014219176,25.09558815207022
243.51792392357578,147.6093992011051,16.899553570255,24.986932201832442
244.59575965949205,147.78890236541153,16.71352815471602,25.941023244081933
247.2052168479913,149.76325541247553,16.836886946926207,25.999022026860445
248.20331303538705,151.18837358417994,16.852832102706437,26.502348234404423
249.48927491303357,150.32779160737658,16.994979759729496,26.866476481853127
251.89110490377624,149.37742140982942,16.99572960015942,27.39452835640019
251.8606144695881,148.5877079216105,17.05671046853563,27.58546067551628
252.18344480295787,148.43347740024154,17.109170855019542,27.893921718254227
252.52252048614278,147.07183059497768,17.13462360031444,27.802798882122893
252.80713946455356,142.46304425089025,17.26805840566766,27.182952899851482
254.82903225076632,142.81071242300968,17.39816612222364,27.183265437109558
253.6903758507252,142.94027549006032,17.58199132876455,26.924139303008317
254.0619975810593,143.62340891136904,17.535760924714413,26.951898573626856
253.9952632647486,142.7183254594999,17.669229557335825,26.672089079357892
254.34790239699342,142.93221433014972,17.65863222893343,26.93899227414546
256.90110505798987,143.80129159167632,17.441817612110295,27.296376624736393
256.27928164796987,145.6320146448452,17.284959509079112,27.8364452876122
257.4065459876842,146.3835126228817,17.14752916652713,28.450547668415695
258.164694191168,146.5805026663392,17.056319127307084,28.769110765374506
259.13521576399626,145.43796914580477,17.26250456341925,28.906949224674758
259.79409801482,146.82117800195815,17.387287319433447,29.025626027691274
262.2645020126016,145.47086915526756,17.522490160454023,28.825666100167407
261.9550625627662,147.10367487220398,17.416923470102397,29.182282616406727
261.95419538862376,142.48995380384488,17.418657818387253,28.94605224138102
264.5602028658013,143.1782321043606,17.278067505248654,29.018474109268546
264.4991517262534,142.67345146395166,17.400169784344413,28.581645615884717
264.9631004732353,143.75730080359511,17.191023040276267,28.570199186284974
265.26414382649153,144.27008538846462,17.30399374287629,28.25968742565856
271.283826013812,144.544234676771,17.374304524865877,28.423722681788764
274.4946820711472,143.98632236958485,17.39624907390399,28.823585444637903
275.2429310308156,144.39665819048136,17.344327997661026,28.7252022243918
277.7088459206333,145.6887497719298,17.45213911814613,29.020813861563745
279.7919942377459,145.68345595642182,17.642841133875653,29.031401492579697
279.6668540540345,145.67114153970243,17.89312150129848,29.056030326018472
281.5700288307477,144.75951164503593,17.75733897962583,29.411063302649964
281.91762964354086,145.2557042748188,17.799257247810065,29.89291783062536
282.65469399084475,143.9334677785091,17.815121845818645,29.557404238011856
285.68960343535457,144.21590866904336,17.66748204928239,29.73279484350381
287.9295995018984,144.25935839976768,17.629835119752485,29.645895382055176
288.0439350860735,144.3795817041103,17.40116395140225,29.40544877336992
289.1282894787951,147.00968023089172,17.425534622552814,29.262437118526137
291.5506256841372,146.03763936022008,17.686047426979236,29.018582339107773
293.7222325054528,143.62246259402173,17.723271836331918,28.73842481085652
293.741721752304,144.15211808503045,17.684293342629502,28.405635203677136
296.6701546091542,146.41640959790263,17.59462385639718,28.20244934853394
297.4421128024928,144.84163447073752,17.483428868217157,28.48655680587007
297.40624914822274,146.48873209199363,17.555156176757272,28.78603024103248
298.1807244140376,148.0674301028856,17.4550151026614,29.25065786308343
301.14035180486,148.46989556799477,17.372837348930652,29.175361561354308
302.56188961899784,148.65417960129392,17.438272595755244,29.533921213531073
302.8984684513748,147.93697965182994,17.49867757842837,29.501195817605073
305.08692140827264,147.5842648956773,17.526353556201506,29.472528347982248
307.38157807741936,148.48861501836492,17.341869535455334,29.866242761380672
307.4128770384458,146.06195532881915,17.27927161340243,29.561507153259207
308.80818500146995,145.7731255292241,17.413787304479555,29.407883848167927
309.5754138029791,146.57938241896923,17.341881630541405,29.25792199775771
312.4229763761597,146.29101983576598,17.469415096267873,29.106814837653236
313.06871750076937,147.9210328087948,17.63340811653112,28.75773943056081
314.11800154112325,149.1593079481976,17.71073751548863,28.457086631420434
316.30088517913543,147.42624147913565,17.67763955479813,28.312661806766204
315.9839596872585,148.14942366171297,17.592091244022594,28.30509603067027
316.4008427434255,148.09230387140073,17.47617625254613,28.41933561129473
319.00052679654533,148.65725737287485,17.300073046793386,28.724647151342772
319.08958196947805,146.95974004436798,17.121962700927902,29.242903313783902
321.6394897978344,149.90272765108037,17.08938307824018,29.871945858391303
323.14353972672274,150.7723598334654,17.01195282899882,30.3306837000227
323.17177963907926,148.7301866126047,16.955473004285768,30.72432677073501
