240.0,242.0,15.0,58.0
239.86655501724542,241.90807483139957,15.266889965509142,58.18385033720084
242.63661052629564,243.62626370414912,15.25798491347833,58.06619617134349
247.11532820935105,242.88554292718345,15.135899594590025,58.44321896937209
247.09165989694122,242.41490783553314,15.18323621940963,59.384489152672714
249.86427598807893,243.14903690773372,15.245667752877807,59.03776375142026
252.6687187753629,243.42709238409935,15.225997543875422,58.48165279868895
257.2198933294729,243.42176738564717,15.000895038966888,58.49230279559331
260.0734672228253,244.40065386406866,14.821493895772623,58.745628496154616
260.72390934643295,244.816125260774,14.62631763044913,59.02039368463572
264.0694474118228,245.46975775793226,14.570391312076087,58.81898699238697
266.37373261282363,244.29034657668214,14.369701978052394,57.87189855390382
270.1172016484772,245.2857731213279,14.476862302977558,56.96591666407401
271.6843745418772,246.43161154834456,14.565083518178131,56.82261781137446
273.80315565261975,246.81178573545358,14.622909564294726,57.13611650405683
274.330195899476,247.3521434578333,14.64817422321412,57.13474621192931
277.10816393449073,247.93763677128823,14.491258730130006,57.04356370040853
278.7041835783928,250.32502871999375,14.525875631310644,57.64654011797228
280.8790693133342,249.62892403155044,14.51479843663543,57.95407592605708
284.01001644002855,249.70873968439278,14.785582126198815,57.79444462037243
285.6269620004169,249.08035272290317,14.826705244299962,57.959547130392366
289.4300500443736,249.4002244472273,14.883911463422233,58.41457258274923
292.8592934322491,249.85807984162906,14.638881217409615,58.601104548902
293.48759826692435,251.12573933007386,14.482486131538636,58.26621473897167
296.97947535101207,252.6715823074013,14.054006108791658,58.45216585703096
299.9132939015456,253.67148505408213,13.62134860276094,58.6263522016839
303.4136646161772,255.45992739729274,13.107596525071887,58.292962191049824
304.1277239008772,254.85528085603505,12.746122072221649,58.43561115701549
306.37371185947535,257.7966322495129,12.500841884735449,58.922951964625135
309.59738421594903,258.04510715621456,12.435896497890438,58.42600215122182
314.0005643660002,259.4573404599128,12.073899097861762,58.768171631352956
314.06021968818754,257.7489685620298,11.954588453487023,59.025027016751324
315.18872099493774,256.7633050955484,11.806693368827275,58.887246420873524
318.41019994163406,258.3302282541203,11.66227059936701,58.90266766569595
322.1820776620761,260.5124418938391,11.448599453158767,58.7268599832159
323.7857772941727,260.5778870280081,11.362811189924903,58.59596971487794
328.05259870848204,260.67449733012694,11.125485527430655,58.40274911064018
331.2221002126743,260.8570460340034,10.96473168169507,58.03765170288729
336.39678134717406,260.9711011988025,10.830203477238552,58.83102477974337
340.0010488406029,263.2844519809524,10.830701813655388,58.32377082874341
342.4573538850636,263.3189571548594,11.032228998786087,58.25476048092936
345.5251476912668,263.3847550660685,11.05158420456005,58.12316465851112
348.03154065984256,262.8018747205452,11.1606699673671,58.26455100956605
351.72935062176504,261.5304285808385,10.96438459409653,58.75049056024394
352.2808663905713,261.7582374083381,10.892733207082863,59.32625305584364
353.8210468916905,261.728382384035,10.926275799093471,60.42393096919954
356.0155485246726,262.44434693234007,10.75273437913874,61.0997327955941
358.2348140084352,261.42297610543034,10.553471455317586,61.022840427561576
358.75087195024184,267.39203324723167,10.576165624469974,60.68763672438109
360.3867995817662,264.3672500217585,10.45614645288427,60.43353099240146
361.33283185081046,263.09314670263683,10.653510799767469,59.84759430318694
363.4314074466617,264.22391412484774,10.618319188788439,59.66703924912679
369.5224079419128,264.7605953246918,10.883805585164211,59.630967465011835
373.17653017971855,264.6328790841167,10.869719281980291,59.88639994616201
373.16083346612146,263.43062430055335,10.901112709174544,60.20032771719492
376.9298212411475,264.7797767353461,10.715001932260938,60.652822036097376
377.96285583558677,267.12136460265776,10.754679484685,60.181139784078994
382.1304784834649,265.3088798693052,10.796341789024865,59.61765545073621
383.66557926260964,269.2698763507497,10.846486901992597,58.97647138744752
387.86508725205516,267.94928423087373,10.705084334200592,58.52105059803738
387.82402051735977,266.855958325934,10.787217803591373,57.638411679298464
393.97378920169035,268.2815010957584,10.637124738235546,57.82468721547588
396.3835591706208,270.9624363503416,10.87804337150722,57.52327527744201
406.0765730161782,268.2362464739155,11.744733556403318,56.899839667490944
412.4022551739135,271.5951389648976,12.36470946673588,56.30728863589742
415.8835603409833,271.1919832595201,12.574323616361049,56.08899654897175
421.48154558491257,272.45971264916477,12.659854805313909,55.60471989273899
423.88979438507215,272.81698054200336,12.945687086880412,55.91065008343906
425.35684605150584,272.12905575322833,13.10226416315535,56.256272857941624
428.43481841485544,271.6251735872734,13.174689255928826,56.225975553272725
429.8508339441056,271.6345742450749,13.45972995112268,56.2071742376699
431.32302137599135,271.9905351209839,13.647977558403532,56.53945997620262
434.45642863120946,270.2163784339301,13.695884833077049,55.87795882690371
437.62120026317655,271.9205772621541,13.630906987618715,55.60184387969364
440.2233670587762,270.20754135223535,13.62150498369881,54.87197042970764
440.61276217448204,272.06819056167234,13.87128618459117,54.236386307745626
444.7240020337632,267.3518619783112,13.8439050621291,54.44955755385509
448.89758197526265,271.4984363248385,13.711645183219208,54.37130886488947
449.3077380372618,272.0190218978235,13.914589998254801,54.35339465795337
451.86554127427115,270.4200785101545,13.933236382389483,55.49758029003001
455.9834925601506,263.429679346944,14.043483507727057,55.915885358669414
456.49975132540465,264.9242741161294,14.062197363906504,56.08038998036126
460.6688774102643,268.44998049217753,14.155106930287456,56.40624374735288
461.6370619975645,266.7730708778194,14.339200593145833,56.579368719880854
464.36101103786035,266.9184340172957,14.2220667236203,56.2886424409284
465.38089920838996,267.1277767564403,14.301992014334509,55.869956962639066
466.0128509895453,268.6613212200529,14.093574167248793,54.913839465863816
466.49430369465387,272.7605974403357,14.168779378062247,53.982061372512284
469.6304213781459,270.18071418040796,14.055161192951667,54.0096469074731
469.65544792837716,275.4888432118053,14.00510809248925,53.64017669056692
473.31459768510933,269.6538114023757,13.816586913773522,54.106302926249555
476.8982444617796,273.3359716058992,13.799965856227738,53.89265501499727
478.4563231289412,272.2702249154817,13.738436086417732,53.98773001948996
480.9992130266452,272.97432538366604,13.744552916635993,53.59790840824655
485.17032203282645,274.42924873338166,13.506496150543219,52.71410202038287
485.8101674967605,275.5867028877859,13.222905067326963,52.39139340087826
486.9894440814727,286.3603080043562,12.836743283047767,52.54048840433549
488.1026184849557,289.4775109605592,12.572294726455183,52.19178324304996
490.5431713735191,288.44856208017666,12.54630975893704,51.336608518049836
493.04152845354014,287.0612636846585,12.342313991905131,51.23557427327998
495.3108573158397,289.14982587133255,12.569860148643334,50.87141300500183
497.7121126278321,287.10999031907613,12.529692577133211,51.141209667535044
504.5160057688484,284.45449404922573,12.298737084258542,51.6747626396794
507.33412837852876,287.2028840902827,12.413859023718619,51.92934971638651
507.6558996842827,287.34991203690316,12.734641306774773,51.63529382314554
510.4633640140826,287.9949020921364,12.917603208670931,51.31162880626181
515.8421198877936,287.40310256081614,12.777828921234573,51.52997900890358
519.2625556587153,287.94641695333706,12.696570039158422,51.409009175257
522.4312843529087,287.57885948622175,12.133618263916294,52.14412410948764
525.8735062612191,289.17911833538795,11.982990784932785,51.829527698713925
532.1840531552516,290.1802108809594,11.77282510604957,51.73671616282977
535.8276725742231,291.1588858784345,12.080444977352446,51.67808084519116
538.5674229851321,292.7827769939221,12.327549269987008,51.29360117144216
526.2319134902634,299.8726499302593,13.1542644952558,50.46666540687022
534.3780135932282,294.1577776735517,13.145676694276501,50.4020952814969
539.6074970185575,294.57567251750527,13.211396359573243,50.5230952768585
549.7323135629465,292.9774289668278,13.116128894839493,50.840387289064225
544.4492401965446,293.9145774156913,13.095973972961273,50.89087251037032
562.4312341240992,290.12528663754995,12.752595042882238,51.730419945701335
565.3636958386725,290.35643602721564,12.695615113525939,52.236111749668325
559.4628285076133,293.8876992878321,12.809399222243293,51.99155638458599
557.03949077587,295.6733324382643,12.792409510832988,51.33848918865962
567.7475616774592,296.49993755177644,12.56775828454718,51.61177810498931
572.0726788792002,292.02421361142564,12.582808996566817,51.89794087018927
573.4825343812539,293.9990221835045,12.66441903579187,51.8167517838082
568.4707969241272,305.31711389813,13.012660324478183,51.433605693362026
585.3164669594698,290.9718229094265,13.228048821736369,51.06127746967449
584.782959621562,291.40156019188635,13.327452465903677,51.169413936403245
581.83167753139,292.840180917095,13.40396175323093,51.20519993249423
585.7346544989255,292.3410770883471,13.381663578224245,51.23045061998199
588.1599136305002,293.23235039184806,13.395600231940888,51.39368597972654
593.0086253064945,289.6666632307798,13.452665700331485,51.69691812759778
607.752291333387,294.182766549461,13.389009408571154,52.47260341091037
610.3245883326634,286.6139255267969,13.196833443101786,53.7435149636053
611.3315176520555,267.58105317288596,13.192315481986615,54.63645713454699
610.8488804849011,273.11877962764635,13.140489065891991,55.76621322986723
610.3534157462943,273.75249032128147,13.099484329358619,57.59459448383831
612.6075754124987,266.82385018372855,12.818072335951245,58.77115274194011
612.0887853833234,268.7058386982139,12.787906157803084,59.2781606589644
609.3077983401422,304.18226999312304,12.9786805288375,59.22513431147624
