591.0,203.0,28.0,70.0
587.2987328755164,202.6716843591857,27.86524603493244,70.65663128162862
587.0849693370776,202.70279077052197,28.292773111810035,70.59441845895607
583.0704685438402,202.7115658329252,28.715573562244806,70.57686833414961
582.5054933789843,202.45265671821224,28.316999396511076,71.09468656357554
580.3840249253109,202.25801776872805,27.97331554538142,71.4839644625439
579.0080404639796,202.23300743633447,27.668631488182406,71.53398512733106
575.4112955122828,201.59579298426704,27.244192511807146,71.2848282555122
575.5537582832837,202.21454500366818,26.95926696980523,71.5597153073781
571.0219750201378,202.40121311684806,26.955565572484616,71.18637908101832
570.9232551899388,202.67354160400586,27.153005232882656,70.64172210670273
569.3551283430072,202.84104981632015,27.28621352655925,70.30670568207418
568.342199825047,202.0984119494355,27.81296985920681,70.29288071257047
564.6660694736469,201.27975176662727,27.623574811813477,70.4218699281482
564.0637269529026,201.06985961959182,27.32146159243364,70.84165422221913
563.6396502391191,200.9073331336434,26.662198875640122,71.16670719411597
562.2027964732525,200.7871078704366,26.535448542854436,71.40715772052957
559.9399829930973,200.5373532710186,26.556905062796158,70.40527677257597
557.1542762809693,199.8094096361683,26.17864806864481,70.37374643767467
556.3464078712431,200.0985620007956,26.314232174175736,69.7954417084201
554.2691532057725,200.28216336392387,26.045822269928127,69.4282389821636
553.5777755611103,200.47299323163153,25.964367302791686,69.04657924674824
550.1430638890145,200.49836610102204,25.547427862152066,68.99583350796722
550.4200446860333,200.38729317577184,24.99346626811442,69.21797935846766
549.8422452570754,200.32101141767905,24.70686485558525,69.35054287465323
546.5409036445745,197.26471610627559,24.11503638587011,69.70752414168663
545.9720257249612,197.82087751526848,23.81954795688153,70.02844559191604
544.5416811436785,197.9946409895165,23.815371030048446,69.68091864342001
543.9057774233928,198.85808741911077,23.65977390151906,69.3814303533324
542.6451816696942,198.35108892286573,23.340368293127643,68.9751287879282
540.800102292497,198.43506808048076,22.804485844233067,68.80717047269816
540.0898852674069,198.5126306876344,22.828429619137786,68.65204525839083
538.0361051649352,197.88405044328366,22.75182536515917,68.51448426078507
536.5885830876468,197.06282886259703,22.864145737133832,68.76556553085734
535.1976040448378,196.37256543821388,22.85212272694475,68.74910183172
534.5191467999465,196.34056145274167,22.812501005142206,68.81310980266443
533.1217972732933,196.54121310981006,22.813756976571177,68.41180648852766
528.9477382394666,196.63039025801686,22.815669664123675,68.23345219211402
529.5574632730951,196.98108935818857,22.98475032048311,67.53205399177064
528.1236376938548,196.86249635910875,23.089139971675458,67.76923998993028
527.5490266038887,196.28102489499616,22.85144710156816,67.54526786811584
523.9632696448471,195.01026623606236,23.126032608266755,67.32801382142966
523.3365281551767,194.88457916028943,22.998216547955735,67.5793879729755
522.4782426035108,194.24025868359,23.332236742361857,67.48547801744866
521.9415426423145,195.0033505546597,23.01833607627694,67.34659486378676
519.9604533861082,195.36192330604356,22.84171292475516,66.62944936101906
519.3703899720915,195.57655565536743,22.6556812364547,66.20018466237136
516.1300149432947,195.4477991788981,22.353189990911215,66.45769761530997
516.2583835990206,195.57702696045078,22.096452679459453,66.19924205220462
512.0339784972184,194.37805099617574,22.466735077851713,65.90435137901738
511.2343737036839,193.59877169684108,22.716958479498295,66.11392379226423
509.21619836662956,192.68670762231105,22.68370233456945,66.58151633497846
507.30920209715225,192.36117872397682,22.40991348845301,67.23257413164691
506.74856838187134,192.36201013747188,22.16431820246587,67.23091130465679
506.17369621044,192.43219803796168,21.95172059191386,67.09053550367719
503.56114919468763,192.70765003165172,21.751021860861268,66.53963151629708
502.91512793246403,193.82572175444892,21.698129518933136,65.64842293707791
502.0903090542455,194.1510742655007,22.016475118615098,64.99771791497434
498.80384552517467,194.44123327630405,21.950143886632453,64.41739989336762
498.59879956518176,194.21308015761596,22.360235806618256,63.555332921066
497.37692859171227,194.27425706983792,22.176891546587164,63.43297909662206
495.5335518840842,191.2328963053455,21.938250946811866,64.28184193889832
494.98265496852787,190.84724789166583,21.723820245756137,65.05313876625762
491.1362051732333,190.90610509002434,21.476966006228952,64.93542436954063
491.02530063845194,190.97224744776776,21.69877507579171,64.80313965405378
489.7822571667408,190.9399294360278,21.5463105346131,64.86777567753373
487.87290171538467,189.22720169628934,21.4128031772143,65.65841898360324
486.47035815867594,189.70432144942305,21.5654843381466,66.03038245357843
483.66922219347504,188.30614798975148,21.830589118134842,66.15814579771485
482.86808894327976,188.2456164843021,22.091886518194826,66.27920880861359
482.2599028843503,188.35736422775443,21.960782793322327,66.05571332170891
479.650488509606,188.58552546989634,21.81202707068094,65.59939083742512
478.94725079845557,188.650664159806,21.885822345572883,65.46911345760574
476.99144433416785,188.65427596892852,21.800906277985174,65.46188983936078
477.09112190868603,188.73259729205375,21.601551128948767,65.30524719311032
475.2313993618433,188.64306590433904,21.347071822049664,65.48430996853969
471.16957360801433,188.73372015820155,21.535591427750102,65.30300146081467
471.0413886285944,188.0357963171375,21.7919613865899,65.37544800162328
471.0481063682583,187.21838308896582,21.778525907262193,65.68114832604599
469.0473660881298,184.98057134076652,21.780316139787043,66.15708149471249
468.3276012422569,185.6158324206594,21.87981312206525,66.22659204439444
467.73157155788203,186.18783089265327,21.72902800786462,66.42543958335703
463.7587472335927,186.31343273141212,21.617228347662326,66.17423590583932
463.7512018422093,186.38998630499884,21.632319130429256,66.02112875866591
463.1513613407408,186.2953142908483,21.496613924692074,66.21047278696702
463.09116189786016,185.6334747720026,21.61701281045331,66.19856455400952
460.2959826653404,185.04956336027874,21.856859644867374,66.02875946980089
459.5344582913306,185.00305682254782,22.040298517105835,66.12177254526273
456.8949725614082,184.75760380839148,21.94210451944442,66.61267857357541
456.94347307522503,184.1285728184036,21.8451034918109,66.5212633905096
456.45551455088656,184.25230861241653,21.47462140922687,66.27379180248374
454.5036614749549,184.39389904515744,21.37007816457269,65.99061093700193
454.5110933946844,184.6981310410486,21.355214325113668,65.3821469452196
452.0418802861367,184.63358870837902,21.00876366985384,65.51123161055874
452.0382282363207,184.02658477066655,21.0160677694857,65.4085503330208
451.43638614338914,184.70588478496774,20.904386702204896,65.36531555756241
450.07794357145224,183.97006130805025,20.995877471727443,65.5242653242218
449.52523594510143,183.34767206452779,20.784655500258335,65.45240658709591
448.2473923535533,183.50043018950743,20.716883437492097,65.14689033713668
447.72461471693936,184.3250629984924,20.456293402329592,64.80377002755712
447.2218945328019,184.39509444607376,20.165258128513408,64.66370713239438
445.99032620801194,185.09612244842788,20.050152887170313,64.55077207314767
444.76773955941,183.88279192427402,19.92453729314812,64.40664423022933
444.22451884434304,183.77794923456682,19.729947871163603,64.61632960964376
443.48385520746274,183.24290689437717,19.93087227450993,64.40601141960877
442.7333780218962,183.37596121632978,20.150687701414846,64.13990277570353
438.95499884957127,181.81285684984994,20.0189049605129,64.70326448014598
438.96680204005634,181.99757419035345,19.99529857954279,64.33382979913894
438.07233848694307,182.15394666535275,20.50291978114069,64.02108484914035
437.4890523783472,182.93347084885295,20.383267278121956,63.74826120235042
436.1792158157668,183.15431573749146,20.442641074506128,63.30657142507343
435.54893545170324,182.04151506999816,20.428233405409465,62.982235965612674
434.9004925345407,182.6043161565935,20.455023597919876,63.126729434236665
433.57937380457304,182.05905864230814,20.551979491792647,62.944603679776094
431.5362065803861,181.98782087395185,20.822817060196595,63.08707921648869
431.3384631643509,180.77540243636864,21.21830389226697,62.95426826942652
430.69934734738246,180.78767216364201,21.212365947970987,62.92972881487975
429.48344363248486,181.27311320632546,21.076750108590772,63.24255836410053
428.91613885933657,181.62817297280483,20.925674224536117,63.81812426149312
428.2491329665052,180.06118492206122,20.968580710135477,64.36988976285372
428.3147405431471,179.5422063696451,20.83736555685176,65.40784686768592
427.66184427011797,180.34005215193122,20.831090493225396,65.12422291279837
425.6204990176696,175.4020166601755,20.99000450530937,65.84481541308
425.4926380332514,176.85458760007316,21.24572647414573,65.5818342054265
425.387299863408,177.51650784902213,21.456402813832604,65.58004096863492
422.8400278345684,177.52499931911782,21.24739191293539,65.56305802844356
422.9246073138131,177.64598884770282,21.07823295444597,65.32107897127358
421.6129154310322,178.6500025735741,21.071085649150554,64.62831705495964
421.04021123919364,179.07010943470075,20.91120359426661,63.78810333270632
420.4215657134,180.02028611215155,20.85808154738944,63.1781630762691
417.94916751827924,180.07567543222993,20.679815781656284,63.06738443611231
417.93992506867676,179.70210057270987,20.69830068086123,62.53861147551686
416.52819502185014,179.94403419016817,20.98427822758586,62.05474424060025
416.61313182287404,180.07722620594248,20.814404625537996,61.788360209051646
415.44421265380936,178.97953209920385,20.63186894383328,61.46337440269481
416.1417561591661,179.1475392697212,20.489005551025514,61.12736006166011
414.3392075813105,179.21775433721857,20.3596185041309,60.986929926665354
413.72846785489895,179.74982127069626,20.340635169063468,61.163258847600616
412.4516764885775,180.07109181420228,20.408968349428044,60.52071776058858
411.82588726783047,180.63478252238468,20.425819171950145,60.62806396319576
409.87006499693035,181.2698011715368,20.62777123967428,60.59459082291684
408.37616612444805,180.6601954790203,21.1360194600273,60.574027445644035
408.31706250269946,178.9579691711927,21.25422670352453,60.232260893110535
404.5267933180092,179.03856728028757,21.35870940286339,60.07106467492085
405.2436158031605,178.81802221808195,21.170667673359432,60.51215479933207
404.8046875666379,178.60318615141117,20.800037398191073,60.94182693267363
403.6178332225825,178.4834092171634,20.67801515282098,61.181380801169134
403.1068506734663,178.45040928159239,20.450929022181768,61.2473806723112
402.4787912431377,179.01715696165274,20.461207764931878,61.35972543009752
400.0652086814784,179.15680628226352,20.297864524841504,61.08042678887595
400.12500061602606,179.8407053919047,20.17828065574618,60.953291828629936
398.3492801404675,180.04348847354132,20.01972686090945,60.547725665356644
398.4804975305904,180.77439574237314,19.757292080663657,60.31390267088726
397.2805143561336,180.80345201785923,19.71754595160232,60.255790119915076
394.7399924730138,180.7050497565637,19.92538548693748,60.45259464250614
394.1560892209741,180.1529814005106,19.868281996947193,60.33182136054267
393.10162719842145,180.06044472005007,19.532914290516608,60.51689472146374
392.63380585072014,180.18616331547094,19.249935045149595,60.26545753062205
392.123578522358,180.2909270559841,19.06054218461641,60.05593004959568
390.98477867324414,180.36204079822545,18.93136847814338,59.913702565113
391.0709356364679,180.47468851640278,18.759054551695893,59.68840712875833
387.34365651463713,179.75982642460949,19.0579172083977,59.92551538118497
386.69288154184414,178.98280863361185,19.157979816630878,60.27806362582746
385.97121289622083,178.38773186091203,19.392983296606804,60.25988335995636
384.74966372314753,178.31750258002208,19.411282966694458,60.400341921736256
384.10926477462755,177.78417844347598,19.477350175931452,60.2522595070255
383.4937063172207,178.47083102278043,19.494625581225918,60.09279585793575
382.9732683336976,178.6133194404597,19.323608431593783,59.807819022577235
381.7586592473557,179.1932452395568,19.343421018922996,59.85267021706031
381.8059191255626,178.75018493865917,19.248901262509243,59.533086822139275
381.250562610024,178.27492322409825,19.16018713113931,59.2841830888141
379.47759915294887,178.06276660501476,19.123330656478615,59.708496326981134
378.83556152152954,177.5449635944039,19.207795753917605,59.544492182803054
378.0937147895805,177.0634738034313,19.492655326224916,59.3086378731576
376.91084117124706,176.54584321079068,19.45698200383822,59.14318877891201
376.34575600080825,176.37409548505138,19.38944874342092,59.48668423039059
375.12746462798253,176.27913943632785,19.423334494620498,59.67659632783765
375.819025877737,176.38571225843833,19.244881623227776,59.46345068361671
375.21872511546957,176.45232469538246,19.247119180428722,59.330225809728454
372.7150730036769,176.61001533651608,19.46837498918319,59.014844527461236
372.71052353153937,175.92640877335003,19.477473933458246,59.185970564782124
372.68485767984066,175.88863105046795,19.528805636855605,59.26152601054625
372.00884737366755,175.23133659075563,19.680123363931983,59.37541204470105
371.9544068873158,175.91964308980297,19.789004336635426,59.20389380650778
371.386773751487,175.9717039002141,19.71962395555339,59.09977218568555
370.75724425898886,176.01208648665266,19.776787420930724,59.0190070128084
369.6414897729907,175.4258906987257,19.604713544121026,58.98960716425934
369.7449536441809,175.58221855290822,19.39778580174075,58.676951455894326
369.1201567323191,175.66501705350078,19.45739190475878,58.511354454709206
369.0384680110675,175.48928102994844,19.620769347262033,58.86282650181388
369.02757769427086,175.19747982632552,19.64254998085529,59.44642890905969
368.484691390094,174.72119172141478,19.52290573428333,59.193588263955526
367.84581526489234,174.6258438020488,19.601029457617003,59.38428410268749
367.14533696264994,174.66507148767536,19.798213815177895,59.30582873143434
366.4572786590927,174.59973679824196,19.968064449793005,59.43649811030119
366.4256982864845,174.18777326341007,20.03122519500951,59.04919318152408
366.3626142708085,174.4868207448635,20.15739322636153,58.45109821861715
366.2862658168337,173.9628427622564,20.31009013431105,58.298408216506004
366.2196120627182,173.51696182690057,20.44339764254198,57.98892267975195
366.26797684790995,172.77441801037256,20.346668072158536,58.27475741348371
366.9116394080562,172.265244447669,20.260918121897618,58.09152936885924
366.8747231793212,172.67619110855293,20.33475057936751,58.46703720931638
366.19662961608805,173.1876626799826,20.48683576816682,58.6481960041242
366.2356053091972,173.0214452553089,20.408884381948493,58.98063085347164
366.23211006041214,172.41447339454353,20.41587487951855,58.98179718532002
366.1819668184979,172.50006211951944,20.51616136334703,58.810619735368206
366.18837351949253,172.07834533027483,20.50334796135784,58.44174924753176
366.2936409010934,171.54818250709488,20.292813198156068,58.29526821209252
366.9947993868038,170.30082851507444,20.091384555316644,58.388199538970895
367.0418110056963,170.93146728386063,19.997361317531656,58.32546862474811
366.93787787466454,170.94321890664142,20.205227579595082,58.30196537918653
366.85253133223966,170.99323624528907,20.375920664444784,58.20193070189125
366.8556669891299,171.03246840396676,20.369649350664375,58.123466384535845
366.8144523767387,171.16184234070175,20.45207857544679,57.86471851106583
367.4315683462396,171.1922730854429,20.415483582626177,57.803857021583575
367.4928051708235,170.44043054072648,20.293009933458343,58.11143867362664
367.689579532178,170.43183834184606,19.899461210749358,58.12862307138748
368.89491225923626,169.20646911525526,19.871492121934452,58.19666515926746
369.5553688034429,169.2541116178533,19.74238694199185,58.101380154071336
370.23735719638523,169.30112694419594,19.566504837341732,58.00734950138609
370.26696517265304,169.39639590149542,19.50728888480618,57.81681158678714
369.7050172815812,169.45811920243986,19.451436190289492,57.693364984898245
370.98104080274135,169.06353060474356,19.253329350776884,57.30557207888706
370.33123515357875,169.23903366199863,19.385112662219665,56.95456596437692
370.73995687722385,168.26303277259433,19.732904426702223,56.57609731963974
370.76388728853755,167.8431622098143,19.685043604074842,56.24966417184584
371.4769057122504,168.29263862536564,19.41965238050239,56.5113569645964
371.5538648744861,168.09885633758702,19.265734056030936,56.89892154015366
371.66399369943935,167.4416241204733,19.04547640612451,57.05112250980149
371.6011283140191,167.36411841615643,19.17120717696502,57.20613391843524
372.17473845801555,167.29334580878225,19.18889788356873,57.3476791331836
372.18680470006854,168.0282162284754,19.16476539946276,57.04518770788991
372.76962830624547,168.10569342123767,19.161620054044043,56.89023332236533
372.219607674396,167.56462056961053,19.10142331115565,56.81214101903227
372.162871991928,167.7401885113884,19.214894676091557,56.46100513547653
372.20045227181015,167.08491877138965,19.13973411632728,56.61644785424784
372.1858042527823,167.2478992009085,19.169030154383037,56.290486995210145
372.18079351341976,167.3070073849554,19.17905163310813,56.17227062711632
372.2372539305274,167.24206045371415,19.066130798892853,56.30216448959882
371.63714398021466,167.3554792043514,19.116232230560417,56.075326988324335
371.643518407446,167.47804632791005,19.10348337609772,55.83019274120705
371.66252883747484,167.5621811420721,19.065462516040068,55.66192311288296
371.6505513970459,167.0161602848221,19.089417396897957,55.61298142586287
371.69012585879096,167.05433875150243,19.01026847340784,55.53662449250221
371.1510288102262,166.98690489652984,18.950271420174495,55.671492202447354
370.6713576602735,166.79208605338965,18.77059488722551,56.061129888727734
370.16038931272226,166.2553077158185,18.65124564918319,55.99340063072532
370.0687684580334,166.26690299459025,18.83448735856098,55.97021007318182
369.439880663269,166.29270277706397,18.95110346294211,55.918610508234394
368.8773870255992,166.91143147190132,18.933536060171825,55.823707796669495
368.31143124080137,166.96579588859785,18.924565587798707,55.714978963276465
367.7081121351582,167.05710781544875,18.992034481170904,55.53235510957465
367.10230626693425,166.85909001038812,19.065848393360326,55.928390719695926
367.1786234471917,165.6653891418642,18.913214032845453,56.026216243854776
366.06708167218727,165.6533881639468,18.849506744161893,56.050218199689596
364.9946805114232,165.66360591137988,18.709162671529285,56.02978270482343
365.04361906935185,165.67263462704676,18.61128555567204,56.01172527348965
363.95842998145474,165.25930891357177,18.5063275557402,55.70070861257662
363.5271365489085,165.36813673167143,18.237593032955957,55.48305297637735
363.01269301684545,165.53053624188712,18.14317757212592,55.15825395594596
360.7192008609442,165.0707080267537,18.262349753742477,54.96095735366636
360.65740785800017,165.20014871164418,18.385935759630556,54.702075983885386
360.7170528873342,165.14274745658201,18.266645700962467,54.81687849400967
360.1144766451537,164.66433270038644,18.357440321937393,54.65935014301467
358.91761581450055,164.6752799992181,18.52360985289743,54.63745554535131
357.20043338371056,164.82953910257612,18.608475356701142,54.32893733863531
357.08745009495857,164.9159745061386,18.834441934205092,54.15606653151029
356.4599277822793,165.2109293997616,18.97418454822946,53.56615674426435
356.40138197736934,165.29436766895378,19.091276158049332,53.39928020587996
355.74279621165175,165.34241015435188,19.29928743837176,53.303195235083784
351.78315845258885,164.9321319783021,19.437686274005983,53.01219777539879
351.88933569799536,163.2480675585129,19.225331783192935,53.05064885756877
351.6258606941625,162.80351667031377,19.752281790858685,52.83314694243022
350.6248629503136,162.83592562761044,19.528270091600238,52.76832902783689
349.60419709667013,163.1655003601081,19.35352912323911,53.217215900665636
347.5571477853149,163.1715382746152,19.00240694734967,53.205140071651435
347.60839583671896,162.57898760756706,18.899910844541573,53.28546641875208
345.99305060681036,162.34376844621744,18.818410502246763,53.75590474145132
345.404336451184,161.30876197132454,18.886538475596844,54.71661735333446
343.5925417106599,159.60583337792755,19.13739064378331,55.8739829982206
343.0066394210832,160.11349980259186,19.16387781384729,56.0039675579813
342.45473012653486,157.9424205274986,19.12004334057979,56.90316692107494
339.0409551060112,157.56760808003787,18.989619290044836,57.65279181599638
338.94887145694463,156.1909897479817,19.17378658817802,58.07014383531207
338.94786599863426,156.95054172669722,19.175797504798805,57.72829272644471
337.70218495031173,157.20078408631687,19.322306717778744,57.2278080072054
337.6423343163205,158.8075946659722,19.44200798576122,56.35014885837035
336.9137427585569,159.6170530016663,19.741534215787937,55.888889072482556
335.62047031287494,160.01306562565992,20.0150362224596,55.096863824495315
333.76320843132464,159.26749989417658,20.279086688584538,54.287679756144875
333.7481854215764,158.62570314033186,20.309132708081066,54.427934013791706
331.5557862694802,159.48588580544165,20.110369232110827,53.85345912861275
331.1160048161944,160.44437206310346,19.855855292205277,53.07056345976622
330.54774875242214,160.85182308584348,19.874095462683627,52.25566141428619
328.4611007740042,160.75833824933562,19.61973032460148,52.44263108730189
328.38189720308736,159.52355004192088,19.77813746643519,52.70216930984853
326.3628349267724,159.2975364343303,19.369893787775503,53.15419652502972
325.2531222619984,159.33618258513818,19.367920104114955,53.07690422341399
325.3481384807114,159.25297854514523,19.177887666689003,53.243312303399875
322.4831063337441,158.83243879491906,19.36545195440106,52.97589180260771
323.13490027323104,158.88802440360354,19.16993194175889,52.86472058523876
321.10187596308856,159.0056110718691,18.824212232065953,52.62954724870761
320.1372630957084,159.60113326300285,18.566799080037132,52.53182230983464
320.1829454333456,159.225252234307,18.475434404762822,52.19633038888722
317.51094270688844,159.4324258644063,18.415418676303407,51.78198312868861
316.9619951108118,159.61684709144586,18.439517124173364,51.41314067460944
315.4560501746603,159.46886051872656,18.2445180777554,51.709113820048074
315.3866944654212,158.5918004529022,18.38322949623358,51.32392526655134
314.31874225550956,158.559316791624,18.3857981132862,51.3888925891077
313.2789174929114,158.51950882604115,18.330161739814553,51.46850852027339
312.2854542853041,158.46471632378504,18.181544325127657,51.57809352478564
310.23167929833085,158.4985786952546,18.022534465897344,51.51036878184653
309.1906082140893,158.6827338280785,17.97910866760846,51.14205851619867
309.2654789934885,158.71400097895656,17.829367108810025,51.07952421444258
307.7349691240491,158.6704268717134,17.731016996643966,51.166672428928926
307.8387462400131,158.70901760373968,17.52346276471589,51.089490964876354
306.21475967501766,158.08583411263066,17.62834772933306,51.288161891969814
304.5267072514288,157.95512359079657,17.84713305523908,51.54958293563799
305.2033890037179,157.49087845618638,17.553922119451457,51.417920636067656
303.60354648512373,157.67302062185678,17.594809448162877,51.053636304726886
301.59514184196564,157.79896074326408,17.41767894542464,50.80175606191228
302.09673508571785,158.37082093231703,17.45615863582293,50.69970186170909
298.9645761370627,158.48813123977095,17.47500163275057,50.46508124680125
299.0270677122545,158.46585902928655,17.350018482367005,50.509625667770024
297.8546937347336,157.95404348197235,17.622229422903615,50.49698825514585
297.3318267539427,157.39154500588933,17.62691959071667,50.58094141354316
296.85539173067116,156.8701379527501,17.537462608149745,50.58142849071165
293.2427721475619,156.8899329361052,17.477757675956724,50.54183852400145
293.81492364366903,157.07291233012586,17.37250940882295,50.17587973596008
293.78305183162905,157.22345463178948,17.436253032902883,49.874795132632855
291.77879098493844,157.6920680440712,17.329642058046872,49.96635147512876
291.8103351903119,157.23249811077227,17.266553647299972,49.85734120609422
291.30006296958834,157.31866037620236,17.261651211164054,49.685016675234074
290.3290572877547,156.70139144219493,17.15786352477707,49.896655018221864
287.2534506713497,155.65982753325093,17.164909095128436,49.93172694862362
287.2221852724841,155.25220939722647,17.227439892859646,49.7223068709815
287.279501212376,155.67961963193852,17.112808013075917,49.89029522410071
285.8533958820227,156.20990770474222,16.89567019607182,49.852835237730176
283.7365070458901,156.33410571104372,17.05496284954089,49.60443922512718
283.7934992410613,156.31042484956282,16.940978459198465,49.651800948088955
281.77641016615104,156.22873572411402,16.908821517359474,49.8151791989866
281.25074923252515,154.61355765026255,16.941818486544463,49.990560652489144
280.2476410779451,154.60868338111254,16.905183412048096,50.00030919078913
279.71390533021633,154.70231030548103,16.951759313449905,49.81305534205215
278.2714492608221,154.65642418786283,16.779436673818875,49.904827577288565
276.6383905052472,155.24177158600378,16.99383865289493,49.751371291697915
275.61681937285357,155.36023013186647,16.999047136070242,49.51445419997253
275.57694112471574,155.50003483255708,17.078803632345874,49.234844798591325
274.58405138320836,155.52142184778216,17.038282679502558,49.19207076814115
274.0795748328451,155.51041211727875,17.035433250078512,49.21409022914796
271.61263961261085,155.5276767648506,16.90898008354044,49.17956093400424
271.68391854742936,154.33620558078064,16.76642221390344,49.5439649635285
271.2750255022668,153.76126032235751,16.5723466528165,49.68199382896269
268.8569605670535,153.81145191149974,16.35707881420982,49.58161065067822
268.8790160253466,154.40245627927078,16.312967897623544,49.40451185152917
267.98329290698115,154.0683115160781,16.101248538848683,49.071218580161656
267.6378378129188,154.07015054209182,15.799196232574783,49.06754052813421
267.033859596758,154.1053241763959,16.019787779049015,48.99719325952604
264.99255296981994,154.08962313651395,16.14073688327113,49.02859533928997
264.40596378308595,152.05803582076572,16.32083496905907,49.11944882006587
262.90379485361217,152.08202267022364,16.332158402390778,49.071475121150065
262.53724043479644,152.6639143834823,16.068071150733253,48.904887783921694
261.06375967837226,152.88267530085866,16.045065341180695,48.46736594916901
260.53412912168335,152.98339261262277,16.120981688800605,48.265931325640764
259.0891887247255,153.05628510522047,16.065258500057027,48.120146340445366
258.5965572094052,153.58066224164108,16.07174783340843,48.05016576489332
257.1974647712654,152.9929712577657,15.936243719114035,48.24765140245277
257.244723043689,152.96019241625757,15.84172717426674,48.313209085469055
256.8234584101834,152.92826142930926,15.706830465499255,48.377071059365676
255.94766755202562,150.76503789767588,15.506695343824607,48.800084446652164
254.43469143486186,150.0607726831521,15.598089676281116,49.2304289084094
253.99632473079103,151.20289150412287,15.48884623220447,48.9181449709045
252.50116849461398,151.34291937639557,15.540560451961621,48.6380892263591
252.04727541136475,151.45518655365288,15.47183691541236,48.41355487184451
251.0886897537328,151.25549574526678,15.444893724072589,48.81293648861669
250.0437644176661,150.75156770622073,15.58028433864703,48.84356253792929
248.121293175619,150.2683621402282,15.504595369572733,48.82981580662229
248.14454032472187,149.66502881226702,15.458101071366976,49.057913181423025
247.15611985564536,149.59706208929924,15.47304335880223,49.193846627358575
246.14752630518248,149.75701193988215,15.523924028421423,48.873946926192815
245.6237597820707,150.40410176938315,15.591905491697009,48.559318850138794
244.12568130230184,150.61834197164325,15.659055469475337,48.13083844561861
244.0951535181809,150.63029327829204,15.720111037717238,48.106935832321035
244.07447990627682,150.7374641358353,15.761458261525352,47.89259411723451
242.1600879432629,150.80888354274822,15.710348606079918,47.74975530340866
241.25985393259356,150.8919058372457,15.576806042526421,47.583710714413684
241.24435008204415,150.35959448636086,15.607813743625211,47.686137662480256
239.87838086653215,149.66579699091517,15.44709014612015,48.1095119771953
239.42787020008913,149.20748208497483,15.38082676874463,48.05885707881436
238.98214049121037,149.69912243557854,15.30693955380601,48.04092301030309
237.09372115826207,149.75209866501567,15.228848846931562,47.934970551428805
237.08400106913902,149.71805694918166,15.248289025177662,48.00305398309685
235.16278020782644,149.67359909318722,15.24227078000972,48.09196969508571
234.60226495320367,148.55207786670417,15.400035210073113,48.408479989687486
234.02694546546027,148.53837901042172,15.580010534395546,48.435877702252355
233.5638737381638,148.46248573729662,15.531790185729081,48.587664248502584
232.66496927340043,148.3509966719886,15.378334321481532,48.810642379118576
231.66743931883605,148.88761345022832,15.421452585705737,48.71337964509143
231.15526238413014,148.49550519156904,15.470421056207652,48.52221076350008
231.14134569639435,148.52329985988908,15.498254431679229,48.466621426860016
230.17715231282574,148.47915524183762,15.480047661334922,48.55491066296291
229.74327929259755,148.40623139737795,15.37357851435364,48.70075835188227
228.71164369604506,148.40199602420662,15.488201394652904,48.70922909822493
228.2323620194895,146.34469896196845,15.470208895102932,48.91759981205696
226.83795840278933,146.30816270301568,15.321471211995796,48.99067232996245
226.3097450315495,146.35379516697338,15.400422316620165,48.89940740204707
225.84515335224518,147.02047377256977,15.351968361753475,48.54368750432967
223.9867862710148,147.15992224001585,15.181913629024859,48.264790569437515
223.89875063910634,147.5954441037231,15.357984892841806,48.358352669550875
223.3756004297282,147.6973059440857,15.435107439168426,48.15462898882564
222.27394203507737,146.30808670088973,15.703014143876711,48.029952348327654
221.24177648299323,145.8192051378742,15.825635754152168,48.03686072741227
220.75139846541555,146.3655477430657,15.833190492217872,47.917376814118974
219.7560259468017,146.34622011364107,15.880654967369448,47.95603207296823
219.72455219748997,146.3233862258694,15.943602465992912,48.00169984851155
218.28022016200552,146.4068645538404,15.907681059141117,47.83474319256959
217.6945317263046,146.90409110352982,16.10722926992787,47.81211875380579
217.2056286720046,146.96004935440254,16.10987954604081,47.70020225206037
216.34902170573338,146.99843924141058,15.875872616709678,47.62342247804427
216.37601926817484,146.51354512850565,15.821877491826715,47.62497135109772
215.43702824084815,146.4685113132586,15.765313147239633,47.71503898159184
214.9927639096735,146.4563559681556,15.686323091549287,47.7393496717978
213.4840816079758,146.0457293358886,15.804436965525163,47.59418602652525
213.52698304551618,146.1242770989347,15.718634090444425,47.4370905004331
213.04296051610032,146.70751975333502,15.723969327940083,47.23331501296846
212.10328431614116,146.71742408473384,15.6835055837671,47.21350635017084
212.13728348674303,146.70000108878708,15.615507242563327,47.2483523420644
210.71097654660838,146.330983708328,15.593712754593671,47.028250980236194
209.74532603234337,146.35186347338413,15.61580209725151,46.986491450123935
209.32102733016882,145.88647186252837,15.509983414391357,46.962858584626204
208.86915951496326,145.93656118652413,15.461576970355964,46.86267993663468
207.4538423453152,145.9435941637839,15.442720386395807,46.848613982115126
207.40839754728145,146.01975918851386,15.533609982463291,46.696283932655206
207.40486340836424,146.52320625819323,15.540678260297764,46.63817198420997
206.89776634562907,146.1702164888768,15.606787801915319,46.39606693899006
205.04663843874116,145.66917945981325,15.525655000683365,46.45229384336521
205.02283381037614,145.7430370080931,15.57326425741337,46.304578746805554
205.0108822524267,145.79275985346698,15.597167373312214,46.20513305605777
204.5479042306476,144.13586916244748,15.580170997439001,46.69005717980231
204.55703091789692,143.43457319273156,15.561917622940324,47.14310353380014
203.52147100560884,143.5258309723472,15.721722836100767,46.96058797456885
203.40539175855417,143.72457410754816,15.953881330210093,46.563101704166925
202.36195226855907,143.80710489237185,16.131635843943698,46.39804013451954
201.86774258935162,143.98705181768565,16.164609455436302,46.03814628389192
201.36731665974585,142.791332444781,16.214551960586153,46.52776632157793
200.9078827917676,143.29328011038592,16.17461469674407,46.48267599016666
200.96707692740176,143.2627074642163,16.056226425475742,46.54382128250591
201.05062400131416,143.20372659606585,15.889132277650951,46.66178301880683
201.124513951678,143.38955195380515,15.74135237692328,46.2901323033282
199.65319254563073,143.45522497915948,15.843608049692492,46.158786252619564
199.2785838762144,143.39113580255696,15.646036709887415,46.286964605824636
198.78788122724475,143.34249153658376,15.682431513115397,46.38425313777098
198.78489482137152,143.45394940726862,15.688404324861809,46.16133739640128
198.85894279963964,142.48339142452713,15.540308368325608,46.21446452653936
198.88829024536633,142.52228133949285,15.481613476872234,46.13668469660791
198.78707367020064,142.5675219692689,15.684046627203585,46.04620343705577
198.29218666854788,142.0811694697741,15.731546192585514,46.076633998121864
197.32417832034142,141.69600760848394,15.780413766043697,45.903383159224724
196.73884275729512,141.61826532684336,16.009088973773604,46.05886772250594
196.7893870726087,141.14232571314392,15.908000343146469,46.06236969486426
196.29309308322712,141.68826994685514,15.954001243110785,45.91706830624067
196.29083967856303,141.78889649327525,15.958508052438956,45.71581521340047
196.36065620226827,142.2643305907016,15.818875005028463,45.70750950225642
195.97177330165687,141.89194463472984,15.656737469083374,45.51237807703208
196.10674519338986,141.48793029867812,15.386793685617414,45.386239032395096
196.153550998972,140.83444050007245,15.293182074453135,45.76577189958337
195.7000621977101,141.27525197009078,15.269019286850614,45.81528934967304
195.6508850869759,142.2822628007348,15.36737350831902,45.66407386594206
195.72631061274478,141.94687501877115,15.216522456781243,45.403800415339006
194.71768770913363,142.5478539245587,15.384596448974964,45.126428511278206
194.28048886955582,141.55325601676847,15.335289182815712,45.26821443622901
194.3415781252837,140.9670300097425,15.213110671359992,45.51584130835134
193.89293081127394,140.89890185249416,15.184286912616512,45.65209762284801
192.46259032262552,140.82477835276396,15.262377429259372,45.800344622308444
192.4853810576079,140.33420397445494,15.216795959294608,45.85042450579247
192.46544450446086,140.35833180816167,15.256669065588632,45.80216883837903
192.4560219970718,140.86142735435737,15.275514080366822,45.7269681235773
192.4625674543626,140.46783328481308,15.262423165785142,45.583891360302715
191.88396416132994,141.1482976057677,15.491640849265568,45.15095162097842
191.90496943287064,141.23947119877678,15.449630306184183,44.96860443496023
191.87922501822385,140.72476491062466,15.501119135477762,45.07537579227413
191.36266794695854,140.82216116595438,15.609131580970669,44.88058328161471
191.41844247648746,140.41670067167166,15.497582521912836,44.76721406163813
191.52411477834045,140.3580747527841,15.28623791820684,44.88446589941329
191.52485630780743,140.42901899632528,15.284754859272883,44.74257741233088
191.4308564759067,140.53462905671327,15.472754523074336,44.53135729155492
191.45336921369736,140.36330352847378,15.427729047492996,44.87400834803391
191.53871142995254,139.90002716036395,15.257044614982625,44.87966759874856
191.58241469938773,140.0586859477733,15.169638076112282,44.56235002392978
191.5486539092159,140.19824853746778,15.237159656455976,44.28322484454087
191.2047292320049,139.85077082781632,15.01601090250863,44.069182155474486
191.27008559403097,139.41362622236696,14.885298178456459,44.04155610572582
191.32284556176245,139.36085806584788,14.779778242993505,44.14709241876399
191.2974129139404,139.9687090992977,14.830643538637633,43.83010034840744
191.42758846008203,140.05792177256484,14.570292446354344,43.6516750018732
191.45731278051417,139.9810269763895,14.51084380549009,43.80546459422385
191.41287439768723,139.50469775871971,14.599720571143958,43.86919608372901
191.4064262496008,139.55646243835642,14.61261686731683,43.765666724455635
191.9067806048143,139.25886421888285,14.502131564914622,43.47063975537801
192.38901655832368,139.1816882789514,14.421662833903952,43.624991635240875
192.33593489264715,139.27585382553056,14.527826165257006,43.43666054208256
192.36334365719597,138.87119278455208,14.473008636159355,43.36199306214628
192.78124376855777,138.80082946247865,14.519132494060475,43.50271970629313
192.66090426112493,138.39687726403267,14.759811508926187,43.4258533239172
192.7587813919218,138.34346877765847,14.56405724733245,43.53267029666554
192.81494130704448,138.48759040104983,14.451737417087083,43.24442704988283
192.88140090636526,138.07078988483758,14.318818218445537,43.198166430941356
192.9514182010668,138.4420789335206,14.17878362904247,43.33235909751534
192.99430883306303,138.0236423943758,14.093002365049973,43.29311937666347
192.97034472454368,138.10811762512316,14.140930582088696,43.12416891516875
192.94086493212072,138.1249136933402,14.19989016693459,43.09057677873464
192.98617542548925,137.60044992181224,14.109269180197561,43.266442537000216
192.99097421861646,138.05265594326212,14.099671593943143,43.23593090580173
193.0742838329256,138.15362031345467,13.933052365324842,43.03400216541669
193.15733827103506,137.64780632568016,13.766943489105927,43.17826822561997
192.78912991272605,137.50590306921777,13.637003663779083,43.46207473854479
192.8626134989131,137.8812791640574,13.490036491404972,43.57931213653097
192.87406488501082,137.0747985682771,13.467133719209526,43.45839591522126
193.3001957031028,137.44245899149576,13.479673762518033,43.58787674827636
193.30104565238472,137.41315661857305,13.477973863954169,43.64648149412173
193.24149997110877,138.11666846313918,13.597065226506073,43.10712556399689
192.82374453934543,138.3193149723755,13.570358157810833,42.70183254552422
192.87304822284491,137.43856607244663,13.471750790811896,42.751381333840314
192.45495417539814,137.39837903633355,13.4530780037689,42.83175540606646
192.53934306987725,137.15570408729369,13.284300214810663,43.31710530414618
192.21394292117137,136.96934635579825,13.075681107033551,43.68982076713707
192.68273931299552,137.01612614891474,12.99891897135699,43.596261180904065
192.62814742292088,137.04762109726593,13.108102751506282,43.533271284201696
192.15764632460218,136.9647177746433,13.189888174221126,43.69907792944693
192.13959200531932,136.98332669961584,13.225996812786882,43.66186007950188
192.0271592597931,137.58138588792025,13.450862303839326,43.32896410142001
192.0413675195096,137.14875572544435,13.422445784406294,43.331558035053234
192.01362836762604,137.6618571038115,13.477924088173449,43.167533496821214
192.0482477790083,136.79510349485668,13.408685265408879,43.179286129990345
192.09334255923326,136.9276098720002,13.318495704958977,42.914273375703274
192.14711103140942,136.8720298669033,13.21095876060666,43.02543338589706
192.17589338897616,137.35673656672805,13.153394045473195,42.90995052533142
192.16155809967864,137.04950062620722,13.182064624068216,42.67319280246378
192.16068459193502,137.1000818016437,13.183811639555481,42.572030451590805
192.21469342610217,137.18218168898127,13.07579397122118,42.40783067691571
190.88979887180272,137.18865632921427,13.197542573858442,42.394881396449684
190.90568165991476,136.3124165502298,13.165776997634374,42.45786902148562
190.9023525072308,136.42272060133627,13.172435303002317,42.2372609192727
191.33074729633108,135.98266850659252,13.157693339023316,42.275317494538655
191.31104856209566,135.88255012855637,13.19709080749415,42.475554250611
191.2785841032423,135.9085014712216,13.262019725200819,42.42365156528054
191.22100795972372,136.0949450797816,13.377172012237999,42.050764348160484
191.66577062691493,136.13794109202271,13.330822874320633,41.964772323678304
191.64299218251227,137.12510185489873,13.376379763125948,41.672655222481495
191.57616033684104,137.26790900131152,13.51004345446839,41.38704092965591
191.59021518127477,134.78144349762925,13.481933765600981,42.17901925288095
191.6324876644292,135.48099967570755,13.39738879929214,42.47375714459763
191.6059961754803,135.90719017107736,13.45037177718989,42.47092752292664
191.61070886859494,134.54124958365773,13.44094639096063,42.651346092358224
191.97829284997306,134.31265927809605,13.558652241437974,43.10852670348156
192.32480617502495,135.33184888827105,13.727155244635039,42.793206789733205
192.29578706805523,135.33342273592092,13.785193458574428,42.79005909443343
191.84127030675842,135.48139838991045,13.833047402379513,42.49410778645441
191.8048276921541,135.57467951513064,13.905932631588122,42.30754553601399
191.3521343446235,135.31859276277908,13.954780980269124,41.96318069433686
191.70717355017757,135.31962187232716,14.097237177276014,41.961122475240714
191.68561686487118,134.6177519490995,14.140350547888783,42.50975136611968
191.65208570837905,134.52668722319342,14.207412860873042,42.691880817931875
191.66930314414364,134.22101651693436,14.172977989343842,42.43569457870885
191.69039665797948,134.1654768805657,14.130790961672167,42.54677385144618
191.55498124386287,134.21221224720668,14.401621789905395,42.45330311816425
191.54602955857686,134.7206547308673,14.419525160477402,42.304098713706395
192.06756601491875,134.63701806529457,14.242333689693268,42.47137204485183
191.656055735061,134.70063024372934,14.200326366247811,42.3441476879823
192.14921129781138,134.59891390688034,14.076463899501833,42.547580361680254
192.19351650885378,134.89284261132647,13.987853477417053,41.95972295278802
192.222704253933,134.3452982464982,13.92947798725865,42.20172104239913
192.1297214447526,134.35677589695158,14.115443605619424,42.17876574149238
192.13605006234286,134.47650075935215,14.102786370438864,41.93931601669124
192.01420204921794,135.09761942751243,14.34648239668873,41.55198057503264
191.9722756451158,134.3180752990021,14.430335204893039,41.403411845137015
191.94576364338863,133.98900272528527,14.483359208347316,41.20832164210732
192.0705444305529,134.01014691665893,14.2337976340188,41.166033259360006
191.7065056263794,134.94861098535534,14.115602794507833,40.98165001768313
191.3588473000259,134.99789522977804,13.969428995724465,40.88308152883774
190.99742453061407,134.85861219384833,13.854853545145438,41.16164760069719
190.5563348344706,134.90348777523127,13.89773522771996,41.071896437931315
190.24261847772698,134.97115796046728,13.686365094639436,40.936556067459264
189.84649676352686,135.12268169910232,13.645595666260686,40.63350859018921
190.21263540493447,135.29730780633002,13.741271689428913,40.28425637573379
190.2792210827734,135.17731289458834,13.608100333751072,40.524246199217146
189.85029612334532,135.79993246267588,13.640237963308428,40.104719352340865
189.8636108733229,135.5050190474277,13.613608463353295,39.87422213092672
189.95061319138,135.06716586714953,13.439603827239049,39.93337474957445
189.56271858058952,135.06136866059154,13.401173389817199,39.944969162690455
188.71908065406055,134.95845616496305,13.461084622655754,40.150794153947395
188.7355114957502,134.38621340794913,13.428222939276438,40.47757181072549
188.66617206512922,133.9777079530797,13.566901800518414,40.47282546491304
188.55076954721454,133.85295422027843,13.797706836347745,40.72233293051557
188.01460358061763,133.4434703852794,14.038041654996183,40.709303485968235
188.09198530533928,133.9084599053847,13.883278205552896,40.61551863370846
188.0770611839557,133.9968262506321,13.91312644832004,40.438785943213645
188.09836935483509,133.64244601284406,13.870510106561238,40.31748506293995
187.7496759037229,134.8449911390713,13.74034159484151,40.39506105231767
187.771992745609,134.17199191941387,13.695707911069348,40.914771923950966
187.84901725826427,133.45294100026047,13.541658885758793,41.5200001201857
187.3643588607042,134.04571063400397,13.672315095546823,41.1731214380308
187.35825969647863,133.73859369018862,13.684513423997915,40.951232977045265
187.39790216203346,132.93199461653327,13.605228492888244,41.73124322998108
187.28170316641493,132.22468588058535,13.837626484125357,41.4602012600051
186.79491117585815,132.7842319923734,13.967977549982123,41.184341951685795
186.86951343076413,132.21204572532255,13.818773040170157,41.48702739646761
186.40780134847995,132.72629747649384,13.898927469112696,41.30179362975081
186.32705726276777,132.8326781244726,14.06041564053711,41.089032333793305
185.85856862678372,130.96157229992252,14.155377450495767,41.463182134855884
185.7154182721613,130.45790661881995,14.441678159740647,41.62143385890866
184.79279680011112,130.45423805052965,14.573816753047371,41.628770995489226
183.03460424950578,130.71411387704416,14.653960750735584,41.9680796183408
183.44012102892714,132.8195519500208,14.708286922365236,42.08400212474962
182.92056728339332,131.56099966339758,14.879392595502479,41.997101244204885
182.81222422824703,128.6862295537827,15.096078705795016,41.65755643003242
182.6408474959066,130.21546577679572,15.438832170475933,41.20591237606607
182.66565180866422,131.1779462878978,15.389223544960636,41.018278721959874
180.62734310657854,129.9111654905296,15.140436757009002,41.82167863984706
180.61283726267257,130.012236410291,15.169448444820922,41.6195368003243
180.6076692836088,129.57856877415992,15.179784402948503,41.61714619527777
179.58531575211774,129.59512163034566,15.484734416268687,41.58404048290632
179.2003591937316,129.47117674400403,15.379738204175961,41.83193025558954
179.1505779011424,129.00703474124975,15.479300789354369,41.88364915004456
178.63862012636238,129.1673195177799,15.624113512128073,41.563079596984274
176.48696550714163,129.36811845088167,15.541823889309745,41.16148173078076
176.47984130412328,129.37436589212115,15.556072295346446,41.148986848301774
176.08258833709417,127.5622002769282,15.480620363620346,41.29348661555032
175.72707560342488,126.99458863410533,15.3209743248586,41.55803839509571
175.73425916801972,125.63934253412936,15.30660719566891,41.653781780358386
175.2905415634785,125.5340583300875,15.321348148033604,41.864350188442074
174.88205735821685,125.96301363326067,15.262342112195636,41.88241402845702
174.4224598537408,125.96999766661169,15.30637066616314,41.868445961754986
173.99036403345397,127.6820815647849,15.294799890103599,41.9473278319414
173.1121168076402,127.28780258193069,15.297930304145842,41.85920377885719
173.6100207936628,126.85344373678218,15.177599958143396,41.85244384311144
173.5456284711002,126.95371236142596,15.30638460326864,41.651906593823895
173.61020472659035,127.03351842767017,15.177232092288317,41.492294461335455
173.2564106969461,126.70812913932812,15.016774339988364,41.275027226431135
172.83414130334847,126.62385181103993,14.999276619315891,41.44358188300752
172.4434176591912,126.25478956248813,14.916592962427956,41.317575434908626
172.3527265141715,126.83069364850931,15.097975252467322,41.02659977051671
172.2898444015208,126.00349008441628,15.223739477768754,40.961110015451254
171.82346657727632,126.92450435462833,15.295215393471516,40.84164094059966
171.7722812210753,126.69930593053336,15.397586105873508,40.43118180929864
171.87818019446536,126.57636795216374,15.185788159093407,40.677057766037876
171.49537030247353,126.5783783227713,15.094882028901353,40.67303702482275
171.06894340473266,126.64823465344759,15.092906289349397,40.533324363470186
169.39371256080742,124.8327448025997,15.0321981800867,40.75313426805273
169.32205409896147,126.11194902520735,15.175515103778574,40.75926289979386
169.34218248692142,126.65953210291144,15.135258327858732,40.521615358815104
169.39417210556695,125.78899834059779,15.031279090567635,40.555906955719394
169.36277619473924,126.26280309934985,15.094070912223081,40.46030212337868
169.35181343727416,126.82278909258372,15.115996427153217,40.19209731907371
169.31817545643892,127.0364685316776,15.183272388823696,39.764738440885935
169.7113586894451,126.75707892172011,15.240304063101785,39.48011952051046
169.81607330176283,126.63920501940018,15.030874838466309,39.71586732515033
169.80986143603877,126.61025904984359,15.04329856991443,39.77375926426351
169.78976569127298,126.82345818824874,15.083490059446044,39.347360987453214
169.96490915694665,126.22402087774103,14.73320312809869,39.71061981695374
169.6333511151223,125.27470772836413,14.561798047246686,39.940203786706064
169.5558671105994,125.35247694300838,14.71676605629251,39.78466535741755
169.48130523000034,125.87819224307077,14.865889817490572,39.56851992788616
169.9498626562688,126.41806503583165,14.763650877444785,39.323650254855494
169.53842834303936,126.0507502730857,14.756994616648567,39.22875489309228
169.541006442379,126.18757456090489,14.751838417969253,38.95510631745389
169.5767563372981,125.86732465715998,14.680338628131123,38.77157822647977
169.46049817796302,126.11833682971476,14.912854946801264,38.2695538813702
169.5674125317327,126.09520157003658,14.699026239261848,38.31582440072657
169.59368845493466,126.04901519207621,14.646474392857932,38.408197156647304
169.524750609978,126.11752195629445,14.784350082771251,38.27118362821083
169.63445561572152,125.66186248271103,14.564940071284251,38.36770639281985
169.5587009597533,126.20351473323655,14.716449383220658,38.096643487804315
169.5554232255034,125.14062834521306,14.723004851720471,38.600272880258565
169.5205976028562,125.17854929779729,14.79265609701485,38.524430975090105
169.49316321794927,125.19547771946728,14.84752486682876,38.49057413175013
169.50157584775297,124.71474657764008,14.830699607221316,38.63295642962761
169.1644636083537,124.50985953932266,14.684101747738548,39.04273050626246
168.84789212084226,124.43896141551281,14.493179139277505,39.18452675388215
168.77801883399997,124.5626146004522,14.63292571296208,38.93722038400334
169.17038915778483,125.03053368215953,14.669816762333186,38.82301391752952
169.1523696988028,124.98834574687092,14.705855680297235,38.90738978810673
169.1261083331467,125.0793765189648,14.758378411609451,38.725328243918966
168.9981598329014,125.25151373515745,15.014275412100067,38.3810538115337
169.03842762968495,124.48286030929526,14.933739818532983,38.277370563163736
169.4824195702819,123.66048805902041,14.863318597519516,38.28698974335244
169.8970079280624,123.13264944796583,14.850580981241377,38.526227866178765
169.93037721178803,123.48869621949517,14.783842413790136,38.63378111231876
170.4050507973392,123.7022597927184,14.654488091350057,38.20665396587231
170.36621210556356,124.34647496074626,14.732165474901311,37.72976298273416
170.4101905952796,124.34236907822053,14.644208495469204,37.737974747785614
170.43774111860225,124.3407792140379,14.589107448823919,37.741154476150875
171.2929164400027,123.40288891360504,14.48612158853155,38.00957029450809
171.34104160611582,123.36449506576218,14.38987125630528,38.086357990193804
171.37328736224646,123.37482221954883,14.325379744044048,38.065703682620494
171.38190832199948,122.75281810059874,14.308137824538008,38.5061108620625
171.47993019041553,122.50331025049195,14.112094087705858,39.005126562276075
171.8898297181667,120.49090179510057,14.10549803063347,39.77713147933912
171.86593665259397,122.09166229052492,14.153284161778938,39.87207912550494
172.18238179247774,122.2250585868915,14.346734343207189,39.60528653277177
172.08502931349983,121.88329695526167,14.541439301163013,39.462777589482876
172.01113185296117,121.50861379736048,14.689234222240328,39.38463210063735
172.42037882867734,121.16720751976017,14.699798578454788,39.238386348191206
172.39564956303727,121.31130162070076,14.749257109734886,38.95019814631002
172.4559009349776,120.79795202235393,14.628754365854281,39.15298626500382
172.51117312598876,121.56335039255944,14.518209983831914,39.27148775383806
172.95157851750048,121.61072407421517,14.461752678685025,39.176740390526604
172.95599301727904,121.70360761433854,14.452923679127881,38.99097331027988
173.02380304022086,121.68135197139873,14.317303633244272,39.03548459615951
173.06110593125567,121.38672872130917,14.242697851174636,38.80738354853169
173.02119275367102,121.86994655637055,14.322524206343939,38.65368289571828
173.40052061566183,121.47682702189387,14.37584364438589,38.62794680264804
173.84670999344968,121.41567146879743,14.296032896977616,38.75025790884093
174.26856932076015,121.39148782346001,14.265194418137881,38.798625199515755
174.18416878943825,121.41981959621415,14.433995480781697,38.741961654007454
174.1962120233001,121.54930912009992,14.409909013057996,38.48298260623593
175.37686757004212,120.65209270549107,14.481911766837856,38.65520620394433
175.3517285610513,120.64299746337214,14.532189784819522,38.67339668818218
175.76146790309434,121.15325804271916,14.528747131165389,38.46891155992012
175.73356837450382,120.68141706566168,14.584546188346444,38.599551311079004
175.7046637035963,120.2422198323878,14.64235553016145,38.66202628251842
175.75622524062754,120.1573800025592,14.539232456098974,38.83170594217564
176.17033786160104,119.6898814220744,14.529439243882418,38.948271073414844
176.55840081464154,119.6074654620315,14.573239352256362,39.11310299350064
177.10100844587603,120.49213096725279,14.311101268764329,38.98992634101198
178.01121983215828,120.4883414651041,14.123845318496002,38.997505345309364
177.66733004942404,120.42068878728612,13.998318234836752,39.13281070094532
178.80743333496858,120.54582948794395,14.157015085252898,38.882529299629674
179.58800675036784,120.58556272654565,14.220392166059996,38.8030628224263
180.0322292913544,120.70045219647601,14.144217336864775,38.57328388256556
180.8258477318382,120.36908918660271,14.172191218820966,38.42840452085028
180.80387626989645,118.8213394293771,14.216134142704433,38.299758228934664
180.80615150946514,118.90509038364897,14.211583663567053,38.13225632039091
181.24702339425983,121.04799087526463,14.13234510701072,37.858981402324936
181.19058055957152,120.75043119847247,14.245230776387382,37.656939241418314
181.61139425237496,120.38578457983039,14.199900891110582,37.58993497837234
181.63844409775604,120.27547535593462,14.145801200348455,37.81055342616388
183.2843389345392,119.91784938888871,14.040851389894147,37.7290953944777
182.3426833390524,119.43526183097875,14.336859695530528,37.1069676249604
182.32611541779337,119.57945220698109,14.36999553804856,36.8185868729557
182.67428450567905,119.50777871999824,14.46015860440006,36.96193384692138
182.65019584784832,120.06116822303089,14.508335920061558,36.645330916467316
183.94154171442202,120.02179328437757,14.285100537978074,36.72408079377395
183.96268620824446,120.07760328480106,14.242811550333146,36.61246079292697
183.98212933388743,119.48310748365887,14.203925299047219,37.02019154906907
184.36690766308948,119.86350986702777,14.220787656808609,37.04580579849677
184.40720270573138,119.83000284608431,14.140197571524805,37.11281984038368
184.47162050957752,119.80026142026884,14.01136196383253,37.172302692014625
185.9887321105661,119.46712260932732,14.117699147161403,37.053440217571136
183.9702498371742,119.96085647313308,14.227926342909015,36.85131996016684
184.6939132872527,119.5048669298999,14.349449582643,36.97887397668771
185.05876583354845,118.94310347422326,14.408180674479969,37.31396470361253
185.36425729928786,119.07965683724402,14.591500037730333,37.04085797757101
185.31002859625664,119.2894158272069,14.699957443792771,36.62133999764527
185.18817220359063,118.0600872174831,14.943670229124804,36.711310605763245
185.50059336513112,119.00688414598395,15.11403013282457,36.408121202323045
185.87113442987035,119.63246339739166,15.166806958274904,35.95082165443644
185.8278888067256,119.26688697008436,15.253298204564373,35.893783072418316
186.68051028259706,119.27620426825149,15.125852884330637,35.87514847608408
185.47598427141048,118.6617135901978,15.175787795679524,35.53138509150862
185.87148030604325,118.65473292775471,15.167083022473703,35.54534641639482
185.82070733172958,118.62159401139472,15.268628971101093,35.61162424911479
186.24377439889477,118.5561324520111,15.207584482612296,35.74254736788202
187.14464514811462,118.49424280878131,14.977649506450751,35.86632665434161
187.13165853967237,119.01262857268733,15.003622723335234,35.613172126474076
188.03251980137773,119.24518980428954,14.762742741426605,35.92847093402072
188.02081147081756,118.74025616347129,14.786159402546932,36.157642021505744
187.6520342774125,118.78776409110178,14.7392964782282,36.062626166244776
