556.0,236.0,27.0,64.0
556.0702164277448,234.2055794503923,26.85956714451043,64.78255249137206
552.5802412666874,233.46325740956502,26.779752103691422,64.85524350043976
552.6458727056985,231.81920645494893,26.64848922566916,63.90859374196964
552.085190802521,232.1215185933567,26.374262300610994,63.303969465154054
548.0501420308234,231.79697400889262,26.152390322379418,62.57106371381111
548.0151584705977,229.2280347418615,26.222357442830813,62.23903762628561
548.1737519793762,228.88974551431917,25.90517042527388,61.551694892103264
547.6666778592574,229.16182951781258,25.57094919811883,61.0075268851165
546.9834747037511,227.8612912266462,25.602771880038667,60.93943620926361
544.8280660892517,226.01246913642782,25.91109579548737,60.63458707615011
545.0137915077212,225.57938858847746,25.539644958548486,60.1655300742855
542.3790152105724,224.6109894542157,25.52174526895955,59.45860220086587
541.8536621532141,224.93637435188452,25.261128026061115,58.80783240552824
540.6243780027822,223.81247506894903,25.1250926442426,58.461027288716906
539.3403307946546,221.28708421132723,25.113427173487413,58.352289229939714
539.4114875938797,221.407660307812,24.971113575037407,58.111137036970206
536.7130886533422,221.68034927668384,25.23952634282962,57.56575909922651
536.816588087934,220.60373257814877,25.03252747364605,57.16111871133515
536.1967069259549,219.99297240356313,25.002864248394403,57.113213511296635
536.1334635551516,218.8341952358612,25.129350990000958,56.894350647527645
532.2578579445332,217.723542472436,25.27697263400335,56.58112631529988
532.204250485216,217.12765739769867,25.384187552637748,56.50757757457432
532.1588901172179,216.16318027272868,25.474908288633863,55.90426112214584
530.2532383605776,215.7738747997294,25.50931818165781,55.423907528058834
529.6967215086688,215.33153270379648,25.3697678383257,55.05600767277511
529.7093861600879,214.15081449272412,25.344438535487548,54.92786267298265
528.561669969539,214.34213764292025,25.154903881645325,54.545216372590374
527.3983671464504,212.08815889665476,25.014307786331248,54.11877038213865
527.3675417367305,211.55852441178033,25.075958605771028,53.95310196415653
526.8194832856557,211.71570221172988,24.94847068204742,53.63874636425744
524.312375343928,210.72248586658938,25.095482765943117,53.1915771547586
522.5041767757922,210.91928794536676,25.073312813300763,52.79797299720381
489.9988875443151,210.70091540602382,24.920352397435735,53.23471807588969
452.5946584176892,209.68225645570485,24.682307628599503,52.85118104033127
438.1434866974274,207.93043883310278,24.768212068438086,52.75276141044976
424.5775672387852,208.6085383947838,24.28275998882728,52.597314069561456
425.8588023485179,208.65834370186028,24.100299787107414,52.4977034554085
422.30435473179,207.14777326471375,24.09702003683755,51.96275683783874
424.05461118355925,206.2724024087463,24.129078218623686,51.358451159557134
421.2011074564472,205.77289045312895,23.989658193967188,51.188189575015706
418.3612628819418,204.32604303488375,23.84748903580761,50.58876942720386
418.9575265103824,204.21736025897914,23.80812019524283,50.80613497901312
419.083189368879,204.26923005900474,23.556794478249714,50.702395378961896
416.7641396186896,203.80576815634666,23.59594832102149,50.47958276987636
412.80578246960346,201.6717646399065,23.48242354897611,50.15888176263221
413.4490415489728,201.91383673954027,23.33642970285846,49.67473756336469
410.6104346834178,201.99037877335866,23.35902334791935,49.52165349572792
409.4932548460795,202.05511738751198,23.335207060936263,49.39217626742132
408.4046835755904,202.1864062331236,23.258778039947696,49.12959857619809
407.8911658825494,200.05569535738977,23.164187343411985,48.904515997194466
404.00018411018266,199.51951326167452,23.12927813056563,48.86018408039928
402.8731456345745,199.611820649517,23.152472511915278,48.675569304714294
401.6540530476539,199.74654126430238,23.364349283300356,48.40612807514356
397.27129812563714,199.29592085493394,23.226570002457244,48.19445775327087
396.181234056628,198.81796563423467,23.191847525350745,48.042942887106996
394.5932882196008,198.34804847764838,23.053909921221397,47.878167440884965
390.25826760865476,197.2375992456527,22.925505875122493,47.89945458787856
389.1241376237014,196.74302581678293,22.998002165851133,47.79071960602911
384.7254873637234,196.2566691036454,23.014847963857488,47.6658761920604
381.4462959530732,195.52678271921963,22.997065658932932,48.02962143987445
377.5344934887912,195.16410628397531,23.113484859634564,47.65394777781131
376.9544561061058,195.4659435155945,23.175991766996017,47.05027331457295
373.00654348783615,194.47112631647857,23.44299825226291,46.86024521244121
371.7809359709422,194.02513609455798,23.710862632015502,46.66055032926475
367.4336126216127,194.1334761840148,23.658478223040944,46.44387015035111
363.5853989242872,193.56448994089266,23.729820965838233,46.49254482918773
363.0403710018943,193.10738369571706,23.728634213530462,46.3155147224453
357.6519520673859,192.79992635495145,23.619217721923782,45.84180396791418
354.434272460739,192.83555377528555,23.57584716716068,45.77054912724598
351.67012906153656,191.27677352667183,23.714157965506637,45.65412402443805
347.26089355015444,191.47841187988544,23.90328891374836,45.25084731801082
343.4679604514599,191.63556981997027,23.957217453034907,44.93653143784117
338.8556895214593,191.25515605412005,24.603429027923166,44.625067683902486
334.3205463334068,190.94789909485135,25.043685399897754,44.160827851923614
330.29591252629433,190.60120653794962,25.537228351541568,43.77482372821549
324.19126708640516,190.83219271801278,25.844070148542446,43.31285136808917
317.57394505999804,190.33151971361198,26.114342119216985,43.233833036712454
314.7166064525533,190.33142762704153,26.41028888434786,43.23401720985332
310.91897958130465,189.82673538404694,26.384423959521904,43.15467045765348
305.4998099939803,189.89931809821766,26.3516295547103,43.00950502931202
301.7762884048826,189.4622379234441,26.20788968746136,42.79926780093861
297.98311332128014,189.2758817408287,26.242319057063913,43.17198016616936
294.12627402287217,189.4210061142544,26.36113679616451,42.88173141931797
288.82191317592117,189.44026485670435,26.143339051880606,42.84321393441808
280.7013725746156,189.03635519464018,26.20819297981515,42.572618106901295
276.6227620019428,189.42878799793104,26.837118487059865,41.787752500319584
272.95159233300575,189.49897125407426,26.659527332496694,41.647385988033164
265.296546496543,188.9583562047338,27.00073289234981,41.65940993578035
260.93495740336044,188.49925942609534,27.123240138956042,41.502519625587404
257.1730442225909,188.3719294542725,27.12365323174071,41.75717956923306
252.15483058383998,187.33367877092283,27.452677069069374,41.67648017144949
245.5528104522509,186.9636012531779,27.66225685819555,41.33376350076836
241.46995044163222,187.03667592862004,28.259537137497254,41.187614149884105
237.5331241440092,186.65374716828404,28.5108329293395,40.86456355578414
229.39183416794836,186.7804471140312,28.470609049823715,40.611163664289776
221.74791445077864,186.40180013651195,28.586735450809137,40.28476383123159
217.25800253586044,186.6105178332623,28.921182056157193,39.86732843773095
208.95220096481182,185.69272648669363,29.335044492521945,39.543212370103916
204.96573012722615,185.28572985143745,29.735983359192943,39.27549095368769
200.55264154312368,184.08388076738902,29.888592610915858,39.51079714266407
196.58852373555675,184.17537554636195,30.184907422184615,39.327807584718165
188.29109688163578,183.72087456208408,30.39498163857104,39.14449092051022
183.93483269329133,183.75722934129666,30.363985303882195,39.07178136208504
179.5293220160322,183.76413819247435,30.444407743552034,39.057963659729694
170.57260089697908,183.35994027427407,30.87909562597868,38.77393734890029
165.28412005423525,183.04123276441243,31.59984016463285,38.31621713008653
160.82498456339636,181.93884765355256,31.71995543721434,38.32144842453222
152.54033840556687,181.42046272666255,31.762416479235323,38.256429526736355
148.07181213615905,180.85242997194905,31.88768719177044,38.29102230787828
144.30517727846328,180.9406587768944,31.692776251786242,38.114564697987575
136.29796173854157,180.99155800860137,31.234737201934806,38.01276623457362
132.90730700966185,180.86172287690619,30.39161099683028,38.27243649796403
128.81352273773211,180.87460219719568,29.942846900058537,38.246677857385016
