173.0,66.0,14.0,35.0
173.42382746185416,66.48235270301862,13.90607389769513,34.78902341536623
176.4816704530967,66.64904161325973,13.782509530159807,34.45564559488405
176.58155552148224,66.76908568791151,13.582739393388744,34.215557445580444
176.98510205890665,66.86862218590845,13.51063394021849,34.016484449586585
178.45350211023344,66.54290467845709,13.497173806209961,33.93708447232806
178.90476643755113,66.57367138247402,13.324097195449987,33.87555106429419
180.80145511411988,66.56845966279602,13.158083479001451,33.88597450365021
180.88046148547286,66.4819826929251,13.000070736295454,34.05892844339203
182.10601948982375,66.87966160324419,12.715847511709391,33.985868217459114
183.2839765692001,66.83686925806683,12.508343580125903,34.07145290781385
183.41707381793702,66.61466845650386,12.242149082652048,33.80223484512442
185.6031965251096,66.64142113661246,12.099636569162216,33.748729484907216
186.41981210876742,66.04817682458372,11.8696254797218,33.531998031089515
189.23809003835845,65.19406788903268,11.787807757443229,33.15718910085279
189.23985149577678,66.05382630640987,11.784284842606574,32.8126801890258
190.70392783518164,66.59222891631886,11.586200248265461,32.418391990325006
191.4001716551308,66.79645192650125,11.540296968438916,32.009945969960235
191.81806359439204,66.98288002808421,11.371135285446584,31.6370897667943
192.18483636916508,66.99957510555973,11.295817929413975,31.603699611843258
193.5399417651014,66.932802307731,11.211151963807533,31.737245207500727
193.5416155520976,66.9686101761718,11.207804389815122,31.66562947061913
193.82732848146512,66.71663025978206,11.292053014544313,31.513914819934367
194.83269115725037,66.710603952035,11.246432105669907,31.52596743542849
195.39280727151532,67.12637921895796,11.434960127804242,31.348797026914706
195.73422044818645,67.19735212316101,11.407393762744853,31.20685121850859
197.63580566233068,66.85678943813814,11.520606884149466,31.23524599693884
197.6141658898594,66.77256197887453,11.563886429092001,31.40370091546602
199.21283566736872,66.80354897863636,11.658421338321245,31.341726915942388
199.48811286364318,66.82115238263587,11.767059796839611,31.30652010794335
201.76983769148688,66.83851132265707,11.828128850645701,31.271802227900967
202.05212308959275,66.84385157926114,11.924804742280058,31.261121714692827
204.3986602575858,66.94802595600554,11.871550474602483,31.05277296120402
205.25713177510764,66.99100174918966,12.131262027947768,30.966821374835767
205.55028338518798,66.7029759534076,12.20726608663712,30.880565687549854
207.1541403732695,66.23713046841854,12.311685696092889,31.14982994040419
208.507558824257,65.98276189778197,12.277515266372115,30.990400463613813
208.62137619113668,66.73193325374712,12.04988053261274,30.822582647354675
209.2445315768711,66.43389686562364,12.121123717814594,30.759878445266246
211.21276203158664,66.40086465196244,12.139565882206151,30.825942872588662
211.21933153640154,66.69712560522602,12.126426872576369,30.893851383001458
211.56719306576008,66.35634907520759,12.09187555032399,30.91423270657357
213.23814974769383,66.73170516885938,12.054193298223545,30.824366741623376
214.23229109684277,66.13365122925526,12.042550136202058,30.702714929980655
216.55071734247502,66.29609902313037,12.004156687910505,30.377819342230453
216.600749068389,66.2891885329617,11.904093236082522,30.391640322567795
218.26274632997917,66.44107087372647,11.82996145407738,30.087875641038245
218.24265785550472,65.12983341747868,11.870138403026278,30.133235583490084
219.54302459513437,65.12022347501551,11.852003921312964,30.15245546841643
219.83443466203795,65.32757510276743,11.914785469565585,30.38335389497232
220.46804384711137,65.20663275033962,11.947656744226677,30.62523859982791
221.72547643658467,65.2555542371141,12.049231832243287,30.527395626278988
221.32528882136876,65.36335540785961,12.195085724204024,30.311793284787953
221.89669541139608,65.30929137793655,12.360319242065579,30.41992134463409
221.86628007230757,66.29147118856348,12.421149920242632,30.431139884397535
222.49501233095643,66.29537142456194,12.483227163860233,30.423339412400622
224.49949703619814,65.87683247927862,12.438835731003268,30.599654306696166
224.47895854525333,65.48621833240165,12.479912712892904,30.71836798910935
224.4849593066601,65.80007327842588,12.467911190079354,30.75561509399615
224.5042161415786,65.87723956156748,12.429397520242347,30.60128252771296
226.79567283325196,65.89107284606922,12.483073920099363,30.57361595870947
226.8291217042322,66.56413789560017,12.41617617813889,30.553339787635295
226.77515977453294,66.44978754995894,12.524100037537377,30.782040478917732
229.4334001044448,66.0615785136334,12.540911936677631,30.891796981698324
229.76095806536784,65.8095740173458,12.554338710257756,30.72726327884729
231.49179428269986,65.81129947045937,12.424717971368182,30.72381237262013
232.8864119029905,65.55164106045382,12.291690804666151,30.579077174161412
233.546452727548,65.58086848667459,12.290800096086572,30.52062232171989
235.12226564351425,65.26590238999151,12.432863178242542,30.49181673226834
235.0967036834545,64.89399603129682,12.483987098362043,30.574775416072914
236.47472572979598,64.95285913762181,12.379782734563275,30.45704920342293
236.73856663538336,64.91381877902889,12.511508684195022,30.535129920608803
237.14496232599723,64.89655389379776,12.361595398264003,30.569659691071063
237.43010507774054,64.39876314066227,12.45201616090234,30.904534931217057
238.2134907044895,64.75040737083035,12.219528568289295,30.868388301323325
240.19775531009498,64.72578927647281,12.225824006114063,30.917624490038413
240.58077666442088,65.44412552210858,12.123072848380533,30.807535100603488
241.5640753967228,66.02705996912978,12.136087403354406,30.96140755294622
242.21967895773187,65.89449074511481,12.149511944821732,31.22654600097617
243.62754764803304,65.6710268593382,11.999241619287208,31.007107008762407
244.5901046666094,65.3642609277571,12.055690037055626,30.960118053617542
249.44911915361646,62.05137128565952,12.250524202845195,30.977321911276892
249.73185530093625,66.2937272826402,12.349643735474295,30.467711844538947
252.92321669252178,64.3626060192272,12.557166085535487,30.375807291425602
253.4633991588046,67.51337341507872,12.799584882541435,30.026799282794702
253.45625171043363,64.57686314026098,12.81387977928338,29.953977471972912
253.72498010052945,64.55771058080693,12.936271884978904,29.992282590881025
254.3942898116167,64.79841059218732,12.922785042860854,30.173448858148426
255.16586087390962,63.46221998465594,12.709541204229511,30.18603350130205
256.21987859541207,64.00688497806155,12.585574022442469,30.419415688636008
256.91018719408675,63.33652609024246,12.530008459229162,30.435081830138135
258.5173113846468,64.49274875424176,12.62458139898831,30.76969355884297
258.9348136289973,64.38449734630235,12.457848820401155,30.98619637472177
261.29657315027487,64.1611689688731,12.413282939962627,30.764431249277923
261.3292615092527,63.97807315156312,12.347906222006912,30.466189594812253
262.6060269503784,63.36742489208292,12.430261829304046,30.369542868998387
264.5454307411702,62.9853817317768,12.50572436963655,30.474584169291283
265.5406701114753,62.903335957093404,12.500952037193349,30.638675718658074
266.3250755550699,64.1352078163453,12.260507248306023,30.831664196757856
266.9457929788762,64.01817539532064,12.344421818459786,31.065729038807184
268.98236708548023,62.29752847040527,12.276524576541355,31.16931374589661
269.03684324128756,62.57381536400545,12.16757226492664,31.284557975217595
269.37460167867334,63.4088231790178,12.159579288370647,30.949590141624093
273.01551317767,63.171063451952286,12.165986402744931,30.76254322190353
271.03237722940986,63.596219804087994,12.172311761372319,30.572221607280934
273.596770063723,63.259128273628065,12.302453392734781,29.931672843203582
274.8354525678179,63.76291964363486,12.426917945810768,29.574547493506437
277.46384892730737,63.865658664065386,12.350227544064218,29.369069452645377
278.076149939442,64.36411807728685,12.41199564166617,29.658520748073727
278.36379302460523,64.9828525158942,12.48517044061873,29.717973809417032
279.68347935364443,65.04530526136898,12.448266986179565,29.59306831846747
280.0100341038728,64.63858496255506,12.44331627786554,29.758350123952646
281.2871857778476,64.23988829820364,12.490845521149648,29.905285304847073
281.571078824245,64.89206881240692,12.576482475969705,29.907770371670264
283.9351784810338,65.81852518593433,12.433127182797028,30.01979077621759
284.2619565338211,64.07217145469838,12.433622214546173,30.242242552070948
284.61353625258585,63.62432649009703,12.387731863553245,30.480663394737125
286.6253658480053,64.01475137943335,12.323410534009938,31.019592903163044
286.70260178746196,63.53825638759619,12.168938655096516,31.306080287656354
288.8152913284037,63.53139307202983,11.95070521764873,31.31980691878908
289.23938191044294,63.799070857811515,11.76666294161496,31.44859023527042
289.45754622925347,63.18714028239518,11.993009063286406,32.00977662681055
291.06213308517624,62.15664382833707,12.157809664222828,32.04638494725766
291.6567791274276,62.37506387185859,12.325088502821847,32.2878303217655
292.25423287895507,62.334446772963666,12.499692968994065,32.36906451955535
293.90812396549666,62.340932370433,12.637193037765446,32.35609332461668
293.82500455559534,62.00103896432476,12.803431857568107,32.344545668645196
296.19564326538335,62.09899692602635,12.921154077358782,32.14862974524202
296.86761102808856,62.183405035881314,12.96406908957513,31.97981352553209
298.5814231834358,62.21610647354109,12.995238241784786,31.91441065021254
298.96005468770517,62.537843204575296,12.929346601264598,31.962308556162583
300.6630453243815,62.98709114254777,12.977804078314723,31.754700430298215
303.1034217728959,62.79664918832912,12.918363067451821,31.44682549785468
303.4793696860864,62.79178905565726,12.849729299031003,31.456545763198392
306.2322250598237,62.18956164638218,12.801467607347348,31.296638317800795
306.3411467177254,62.2320292460482,12.583624291543963,31.21170311846877
308.70126805086477,62.03650128432329,12.58076982693126,30.92884644168058
308.77971998481155,61.544220509434076,12.423865959037663,30.573834951995803
311.12163224501643,62.347041423652534,12.37317279301195,30.95382084686632
311.6235594946981,63.88614271498352,12.035763052138577,31.207842056654105
311.72993590227554,63.92541493918202,11.82301023698373,31.129297608257108
313.07057155553446,63.70495570323948,11.778181458647854,31.570216080142192
313.5047453955897,63.66352443525733,11.574458997193604,31.65307861610649
314.13255897135446,63.57942660014776,11.643102632139357,31.821274286325618
316.4413823472587,63.67938389071831,11.685935622072002,31.62135970518452
318.7281905977726,63.15747727296016,11.75817953925926,31.33778424978225
319.05867511896264,62.71649531025155,11.758144303039225,30.897880562879198
319.362600015015,62.624839218791266,11.804919189081298,31.08119274579976
320.34998269501995,62.94752677273511,11.804439778184346,31.09391295428306
323.23165706866956,62.963514520297224,11.965513573491577,31.061937459158834
323.56260782316446,61.82983123981424,11.964315314411195,31.347194270396447
323.61976422114384,59.92077746056646,11.850002518452513,31.176643374867112
324.2766805407666,61.64624254842201,11.856720023228323,31.027088559209798
324.26074131405045,60.70176682830353,11.888598476660666,30.941290378190608
324.2385581046547,60.457528639129265,11.932964895452217,30.772176004883363
325.2347654452352,62.76159403347613,11.908424180549336,30.75575113745867
326.4959410843679,63.37718649754483,12.007201244040436,30.835130380199534
326.7808612471243,64.02918368314435,12.09555378058533,30.847521733115624
327.4475892752237,61.92837894410434,12.082003991545177,31.08941240971942
328.77652254596296,61.968815392798085,12.076884488536786,31.008539512331925
330.0522436494966,61.582133060051056,12.173174413786278,31.119971144746803
329.114416577524,62.25764881990008,12.053051468337017,31.09945768464499
327.1979611462723,63.07900722144703,11.909089660116235,30.782365105125855
327.5108850890751,62.114949597349735,11.938918054455712,30.743451513485326
336.3887553114262,61.11830028190523,11.885782919721755,30.769793998822294
348.14418507096656,58.48736234916669,11.957722388897043,30.791047866909175
348.42518119478,58.03190542693119,12.052403005112478,30.388615983695505
350.67843396217955,59.37458842823523,12.11396981960333,30.313577037824473
350.6452051013254,59.018834946165825,12.18042754131159,30.372482402349732
350.94924585162875,58.71557671377213,12.226981771207582,30.324363136634485
340.50043702855737,61.53252972194635,12.171857620539592,29.928642569488723
342.15476889928345,56.931896911545394,12.103641970569635,30.056653534140622
343.3905182041009,61.746041084351425,12.227015939531189,30.15913735826528
343.39968825565825,61.71530143349313,12.208675836416397,30.22061665998187
344.7494343938375,60.46836011775858,12.12099340810816,30.102689443400894
346.76588877697856,59.454020796178014,11.986228111349163,30.182296351800368
346.7208822489178,58.20024021268718,12.076241167470716,30.096134085258168
348.9997803263439,60.413259392162466,12.060030266498405,30.211680980187523
348.9438926607856,59.30335942159586,12.171805597615025,29.830793218518266
350.81346397713753,59.061401740675635,12.312733148064241,29.668030216499865
353.03312401622185,59.08150842211322,12.401268247361873,29.6278168536247
353.01466917468224,59.10477645861997,12.438177930441086,29.58128078061118
354.95632437526695,59.72123638355615,12.44172554033561,29.64398026776014
355.271757929041,61.64219971068894,12.459636667397136,29.694723021152463
355.5064073016194,62.00529320547368,12.640166658262826,29.618364767605527
358.13465894526485,60.293516271999536,12.599044202522592,29.78230561483462
360.5243911773722,59.70798425396579,12.394532559889905,29.646240273307292
360.56257373542894,59.751161961183136,12.318167443776389,29.559884858872596
361.9767984709467,60.14036155649993,12.071205741736904,29.426857610488003
363.64829926980815,60.365183022031374,11.923526496172734,29.616279149856865
364.6034245513245,59.963882659354994,11.930767636867282,29.779715973967207
366.8854733877213,59.35366548233651,11.85819495687477,29.71685747291817
367.20654385347416,59.326264506391965,11.855500129965113,29.771659424807268
367.20754203365243,60.79449522752687,11.853503769608594,30.036131356734483
368.5117832190486,60.79786712144692,11.82084448715229,30.029387568894393
370.8358487943676,60.36076840245068,11.675635803050397,30.260310368810266
372.51839640927597,59.71311119856672,11.530498995480198,30.267641407679555
372.5017225451943,59.92518220844817,11.563846723643552,30.48499046179982
374.7312986672611,60.066421326366694,11.621155019289576,30.202512225962785
375.70349183594413,58.67554366496033,11.603321472145911,29.773346231738255
376.02728908846393,58.190563561412645,11.591427070105217,29.471906232835973
378.5417876227454,58.57232670096569,11.611663589889336,29.339534152273274
378.87408901784977,58.51072129408868,11.576673174312788,29.462744966027294
380.0795681831417,58.970741405074484,11.68874879951401,29.173463233001954
380.37468847007597,59.22843222184339,11.727107539811831,29.286680913630562
380.6824157279248,57.82611260041027,11.742566846268524,28.936751045724897
382.57827436235004,59.74325251096688,11.707746682103986,28.85936832929756
386.6381408091436,58.15963798476678,11.705398037842286,28.280112343547604
386.5678319461148,59.13283919507887,11.846015763899963,28.181769886466356
388.4448781269627,61.38123062468165,11.7944975629953,28.00465688151712
388.4604113988838,57.94618096000269,11.763431019153048,28.12489334480295
389.10419548054483,60.13493069013788,11.705482248028352,28.051061757223344
391.5826909020092,58.57276526184128,11.650215176737152,28.111815256543174
391.2677904512467,58.54948861473917,11.667404901972194,28.1583685507474
391.2543199825453,58.775068733365075,11.694345839374979,28.32079661977904
393.4396031032458,57.373886470202336,11.638653830463372,28.657518727539102
393.7596970453437,59.85181750519193,11.61874072237414,28.663854866413146
394.11767319525114,59.01090734335715,11.522799748143225,29.105652538914704
395.6531631374771,59.63199469956481,11.57511742307758,29.112796850253904
395.96707152208893,55.54887274398186,11.572997872847175,29.144976914507623
397.855952258963,59.86301463495566,11.551970651954,29.282406389221585
398.4709749524805,60.0893056551346,11.577372029497992,29.457547731153213
398.76838032079013,59.53641420497442,11.613257561983882,29.932634362368358
398.7460282590269,59.34885121121834,11.657961685510346,30.307760349880528
400.9341390491948,60.014028827550334,11.792231339811226,30.26611689854129
403.52632499598366,59.06390219123675,11.777181593685619,30.22787436587393
403.5824350418866,58.40000354162605,11.664961501879802,30.264979408857023
405.8500321007895,57.26136926455223,11.636838017265578,29.96677902975225
406.12689895754386,57.15330246104206,11.722184232299456,30.18291263677258
406.4513322476068,57.04405802808332,11.71703228908315,30.401401502690064
406.7668271581879,58.79628420778704,11.732802838889443,30.77751136909387
407.4560461139286,58.819720157424584,11.659249357574808,30.730639469818787
410.0921346962158,58.93235648327508,11.59065371913605,30.505366818117793
413.97978909179085,57.103668411390665,11.567139717148816,30.28684556730515
415.96956382386804,57.25825155369016,11.442140045995552,29.97767928270617
415.38989227672107,58.842264395624454,11.329997617824512,29.988367405000048
416.075646469824,58.47719573102667,11.226249233761116,30.084624733124336
417.007184800213,58.95433710613071,11.263347864478561,30.397125510579848
416.9502592251081,58.97320249146423,11.377199014688346,30.997932206409768
419.22440924816516,58.503050841917485,11.373263921625698,31.2890405122102
419.527165991076,57.721596464947666,11.421039956835687,31.54537022408659
421.85875361288146,57.4739060865156,11.362606265491204,31.382930759198388
421.80526557071533,59.48422076503898,11.469582349823431,31.288939498102582
423.8025199719671,58.6212288476937,11.405247793065952,31.04983620992011
423.8313902015259,57.428598326525815,11.347507333948396,30.833319071660842
426.1116061891092,57.894636691972266,11.31119174037207,30.54754468099512
428.3544234713898,58.03432019277274,11.31644130409267,30.268177679394164
428.6505110661832,59.03593641501763,11.36191331382122,30.177886832850476
430.2289619773141,59.391892164355866,11.390870550560038,30.103147145974138
430.2663727323758,59.0814455386365,11.316049040436585,30.08741929864221
430.5919595154347,58.79233528529265,11.299924701273204,30.03059057837556
432.7794021217995,58.06292697748489,11.36264921456019,29.587574454269735
434.71330022722697,59.93132356299207,11.267149839251584,29.623078118801786
435.03502629266075,59.57384842681584,11.25120799936144,29.710518100176838
437.27553030908535,58.058589237187554,11.169545736599709,29.598646643656664
437.2677960569421,57.908489077987475,11.185014240886252,29.898846962056822
438.5353485158067,57.59331696313782,11.169855583288616,29.89920462672324
438.5273997243284,57.5967697583729,11.185753166245131,29.892299036253092
440.71241518555604,58.5405724909555,11.225064487990412,29.894411675745257
440.95354493611296,57.95417796780208,11.37344929412565,29.805912107553922
441.20149901132925,57.61771264918099,11.509584985699057,29.846798902790162
443.4325272421957,57.52790029698278,11.493052203703742,30.026423607186594
444.6613786310068,57.67091158847899,11.584776572908055,30.377757810900796
446.61324748724275,58.444764882659264,11.545317296380214,30.118144034521563
447.5947324935704,58.63514894771127,11.501182647694169,29.737375904417547
448.9077656047856,58.031910575649974,11.40852709249791,29.677147314923072
449.56012788581927,57.68952333961043,11.365453602505992,29.731096250964413
449.8681081927471,57.123758027515095,11.380319543319779,29.600973765816352
452.000773199403,58.59559818044633,11.51956920156506,29.80342179678044
452.56579136622054,59.1005664166735,11.658794808004348,30.06274726440043
452.87508324871766,58.106354243115206,11.681063191768963,30.128615165240205
454.42279600918897,56.7495567957359,11.796625341035451,30.273419923831565
454.65341343133156,57.93517518779297,11.9817394234951,30.48757884669702
455.6172087516677,57.947394294188484,12.012373170599336,30.463140633906
456.8871723530846,59.14869507693446,12.084198242420701,30.672291343069332
457.5724440287151,59.428843971752386,12.028115864793643,30.76922404025043
458.2482387318151,58.07038442309822,11.991767135656453,30.85566178343316
458.89618359430506,57.61800787342439,12.012300016193306,31.102203580022426
460.22447525384985,56.803118854864,12.004199876989112,31.407740027200518
460.9556519793908,56.75746164582558,11.874569937551575,31.499054445277363
462.36900082097634,56.82675071680229,11.709236420315973,31.36047630332395
462.37801205674975,57.18423576617848,11.691213948769182,31.305883592296468
462.3571205082523,55.5309102898058,11.732997045763984,31.316182844768086
463.66897349895464,55.936815329645114,11.749973727276881,31.16454343081886
464.2998585752596,56.54407278014876,11.804808479483258,31.266633434627852
465.6134196504991,56.94064074011628,11.82069845615286,31.13425054647997
466.91603885363486,57.29370522228423,11.852020537635047,31.0872617040825
468.83742124496666,57.31483736949771,11.963429356965541,31.044997409655533
470.14085344055593,57.16535792844695,11.998255422037971,31.343956291757046
471.4996019875305,56.557004667181076,11.942116594746249,31.229983680960068
471.7484014551603,56.809336864911984,12.107213234968135,31.388014860979716
473.79747791186304,57.54872032167111,12.016626834036163,31.24510345161929
474.17809191317457,56.90800472289903,11.919649181252382,31.198033949484927
475.19828105700634,56.14597668156725,11.864771383103243,31.398423039138798
476.31226648435575,56.17058999038501,11.6279657097817,31.349196421503287
477.27137659880077,56.788968276737336,11.68599748095411,32.088691848861025
479.3043538170249,56.42748472811656,11.642350914885458,32.1412743010393
479.2992674947605,56.33637821443597,11.652523559414247,32.32348732840048
478.88055389842,56.035195082877195,11.816813612660326,32.252716452083064
480.873820404055,55.63786920224836,11.880857070761579,32.3722721351122
481.1858971416838,55.873156317667174,11.934667768485545,32.57966207725623
481.1224023435226,56.569707062817585,12.061657364807967,32.55036979690797
481.45301486859057,56.85870642336981,12.0842099803913,32.6561487415228
483.1596396871825,56.512716685027634,12.099457741556801,32.66242873853729
483.1596331678876,55.865605706461956,12.099470780146625,32.58452170669587
484.91516195228587,55.85023606929968,12.013157372491877,32.615260981020405
485.26876950202205,55.49938890231436,11.989773963754924,32.63312362425559
485.59746192416816,55.821906916982115,12.016054320582972,32.67175279604024
485.9209471164592,55.77644577887585,12.053776695632562,32.76267507225276
487.39050491556293,54.20728702568592,11.86136319660336,32.46761495465982
487.6876414864631,54.346292029572396,11.946066556222743,32.18960494688687
488.05421340290854,53.91533148136556,11.889448201525683,32.37500056510673
490.4247611133976,54.61120871719561,11.89546153183543,32.33956287952885
490.71601088361786,56.546698429103095,11.990721676505236,32.535141566375685
490.6504582923652,54.988670514089705,12.121826859010516,32.23979954250586
490.95624394493484,55.0028121733729,12.190667236038523,32.21151622393947
491.6280969338794,55.068882704803045,12.209450982089095,32.07937516107918
493.66718456254796,55.61867000933849,12.209398055946338,31.65948760720736
495.0509697170957,56.58691482967514,12.136464674457482,31.74397566223908
495.3529532011508,55.59061637753257,12.206060624060951,31.71588381338335
496.04058028234135,54.99500705392386,12.179624726066887,31.558284196213712
496.39068093990323,55.2152475306125,12.151095243535805,31.78947507542913
499.12171654815216,54.830524839684145,12.084853543822408,31.884441767687782
499.13382182261796,55.519311875469086,12.060642994890824,31.85616910940808
499.8325948562692,55.64162354412827,12.01071650990691,31.611545772089713
501.2603165027032,55.32304383198224,11.832885881593429,31.579302030243174
502.70687312742285,54.733097294040014,11.602736593404249,31.427713125502535
503.0951573565655,54.935568685573195,11.485588100055853,31.682190307373006
503.7471795765053,55.51979463935853,11.5034336143628,31.83562835398884
506.1257176446101,55.96588723883247,11.390593559536665,31.606905452381472
506.4432540777287,57.239612475555475,11.413669743493891,31.692051179712912
506.42823594456246,54.64489967965302,11.443706009826315,32.26298696274373
507.1194366796452,55.22249183038233,11.398279728506429,32.444777850130706
508.15208479159406,54.8620025608935,11.34375950496554,32.49549772232276
508.88598676085974,55.00658119247879,11.215938702974245,32.20634045915218
510.9057045706954,54.899140585737634,11.157748193803041,31.75768082088449
510.8425792510073,54.94846833430664,11.283998833179277,31.659025323746484
511.1309549118539,54.50849297036901,11.364209992765662,31.882013570342153
511.73084991629827,53.996429058176716,11.487626075918023,32.244538348706214
512.4599398988778,54.02994596706064,11.367487633048093,32.177504530938364
513.1448341009664,54.446458269473084,11.329465902057311,32.01036326270671
514.4610722912383,56.51010401646219,11.348214219883488,31.859908816283458
514.7519121376874,55.08913044784677,11.427531673707986,32.057867366623405
517.4307717836565,54.15724158460711,11.39192348871789,31.92585342799729
517.4097734560241,53.48513042029725,11.43392014398261,31.9446118426574
519.3937752652504,54.887932026490105,11.448484314905961,31.79405382318898
519.2894098898015,55.76390173993007,11.657215065803719,32.02773347258234
521.234812446936,54.12595901758975,11.780362554813767,31.95865841453039
522.2642762120947,55.368684036852756,11.732120068948326,32.15412176860715
522.8766594054779,54.686247413586756,11.85166294612759,32.1746857511936
524.474304420833,55.3086830256023,12.029415127095017,32.27903141183363
525.7540966931206,55.32668966768911,12.187067835984912,32.24301812766001
525.7066869709606,55.28601026454085,12.281887280304883,32.324376933956536
526.0137626901865,55.25990981949812,12.352239833800125,32.376577824041995
526.347677514738,54.29110947339902,12.370927479220619,32.254626632668874
527.0981371936427,54.477862001214426,12.240213457869274,32.566224245267065
527.8108483675545,54.042131373376094,12.18923620453422,32.75046295369952
530.5982814788671,54.75611477788723,12.125926222157364,32.70038520473936
530.6773540317688,53.844368970722755,11.967781116354027,32.46262011377619
531.6585207169289,54.192357340336955,12.047929094139649,32.44747049058305
532.2805026361729,53.51419456328425,12.168077619578524,32.43968368076176
536.0421878013005,53.427594195058006,12.169914672180287,32.61288441721424
535.0104351118694,53.45819089927617,12.173544839309432,32.55169100877792
536.3440407234798,53.42639969699782,12.249587915618612,32.61527341333463
536.6755652848227,53.71564424836306,12.274633255823787,32.72487877349516
537.3180444239104,52.65766679647878,12.369908122429289,32.770483960092754
537.6449756831764,54.73526678860187,12.408530998514824,32.770196343552456
539.7078708571173,54.33993449207304,12.441796955729298,32.867684885760724
539.7103724399956,57.335112192730506,12.436793789972745,32.43871007141305
541.0945114611363,53.19863477253409,12.42422628879423,31.75560565322133
541.1238418719371,57.71961443184286,12.365565467192706,31.539220394604424
541.4187239990457,55.86295537194725,12.450530940189665,31.204160151109505
545.8170078120639,52.542063619673144,12.38254259226807,31.131651903261883
546.5410940682206,54.33316805774726,12.27271293854813,30.895300173597462
546.9204550517237,52.272755380168796,12.177799391760775,31.033275007441247
546.903001503349,52.20113840871042,12.212706488510372,31.176508950357995
548.284827101874,51.82525913919328,12.116173122889888,31.26148803153483
548.647165777816,53.04873628049498,12.057766996202252,31.47961864971574
549.3178626891475,52.24343678947272,12.053083997581648,31.753506807717727
550.2907758572345,53.36181175267929,12.123861601207473,32.205562134370865
551.2822493420844,53.561740955162385,12.180787017394417,32.4856611913669
551.8717530801339,51.755084028574885,12.371774874725654,32.673986710966034
552.1886951238612,51.338728491040214,12.429025886461371,32.81556268684492
554.2609316362685,51.931396347206274,12.449724781550705,33.018617614480746
554.6311215627005,52.52884181300011,12.406824572008947,33.21868596953738
554.9709844162991,52.53839584984013,12.426673825620501,33.19957789585734
556.7660826595101,52.45877112427663,12.33477099894417,33.35882734698434
556.7851989367723,52.002190717313866,12.296538444419589,33.57170484340656
558.9164333578034,51.98695815339819,12.249913590907662,33.60216997123792
558.6236812237753,51.78711058899323,12.133183865182646,34.00186510004784
559.3604720805793,51.44473483601955,12.07127345198851,33.980780955788354
559.7046823133794,50.04668720980071,12.087264580254613,33.959229832759945
560.8182265231396,49.89403599227447,11.973357522256011,33.56013848063847
561.5477802831642,49.89105126722195,11.907502113876049,33.56610793074351
562.6047243705764,51.68767954840144,11.880164446538052,33.45043554752816
563.2707838023207,51.41903999491426,11.93478263090027,33.29434613057693
563.973329150734,51.7136802503395,11.913948865365963,33.397194085372504
566.6756958703256,50.792311725396345,12.05498040626112,33.1602692677294
567.3161621056903,50.95043128439955,12.158822231151973,32.844030149723
568.717056910416,50.724375335170386,12.115977908232871,32.60640572654826
570.7766261815633,52.419487066565594,12.1101992324188,32.643982152491645
571.105695857082,52.12025377414653,12.138053910939146,32.55645470777225
572.5430941019432,51.50487269456556,12.004226675860659,32.416732239612124
572.6091175748683,50.855846957578365,11.872179730010565,32.35312837122847
574.6593323830796,50.955436995627345,11.83695064397614,32.15394829513052
575.3372710610985,51.35811408877892,11.829165159086969,32.02264004440152
575.3938379218405,52.48072193596215,11.716031437602767,31.793500259243128
577.1347721851147,51.62514436841764,11.567674845341017,31.50454823376009
577.4641582139336,51.31819529350957,11.568789782023057,31.458559389256482
577.7710194001612,50.983417021122705,11.614316206206505,31.468867137391527
580.1184992172912,52.540399932902325,11.540884250790487,31.65599251300655
580.3881625868561,52.496631526712974,11.663127754021914,31.743529325385254
581.0959209717666,52.45237204739252,11.57767456431805,31.832048284026158
581.4719082781004,52.173029425834216,11.490454211935695,31.725979266857657
582.7539834149229,50.60019312774553,11.572941184591304,31.563355305158975
584.0485240157661,50.98738041303615,11.627155438879399,31.44980459857135
586.3579828719073,51.97811843489833,11.629476476685621,31.44885944774215
586.3537231521491,51.590972047912516,11.637995916202106,31.562946912866128
586.3670376242334,50.365030449971286,11.611366972033567,31.36685919894282
587.3657062104097,49.20364174378886,11.590142496922562,31.05481968165226
587.9826850194817,49.67343627667677,11.663887753988167,30.769082053481213
588.8841968535,50.33199350546664,11.814111631972937,30.75413262658258
589.2045402822607,50.73429359008318,11.82699166909043,30.60309935198824
591.5079202745817,50.97314432577275,11.781636879875263,30.777027194241523
591.8379889704532,51.19752914514162,11.774811974546028,30.98157004191755
592.4569473085179,51.37327754843467,11.849145157154899,31.28619816470052
593.060476454444,50.75866105858885,11.965749180836534,31.191768828858116
593.6072699275326,52.217014800301975,12.197305103811626,30.925347083736156
595.7055743389727,50.72433217624371,11.978052260541933,30.59624901551045
596.3069303174279,50.53307914810786,12.083815731840446,30.324517357677827
598.9300709368417,49.658378635245114,12.055299581298053,30.117256475296323
599.296189669095,48.625934245404096,11.971790402000634,30.235960399350425
601.3135041555903,49.033962191835,11.83083070577227,30.068849385948987
601.3742266530817,49.72250241094127,11.709385710789501,29.979810392590604
601.717229702872,50.112494884916146,11.663946538645737,29.840392372077552
602.3780469662653,49.25819528468151,11.617810930559653,29.635743194496047
604.6224778701336,48.038986724142575,11.566822037036111,29.538232936023526
604.9375120918387,48.71751385755394,11.568420984902385,29.44451345175346
605.5583060289388,49.64694847008131,11.587530505950372,29.476690319570885
606.530551398293,49.8348492199508,11.536499571554792,29.732042087936232
608.4417143944886,49.52449182556262,11.517629043562332,29.718847632646145
608.427015928765,50.0822716820025,11.547025975009568,29.870050770957853
608.4270839471769,49.3823015672753,11.546889938185672,29.997830379242753
608.992904201385,49.150771637079515,11.691075007597941,29.822977450720035
609.2954648972301,49.18252354455909,11.7239384385168,29.759473635760877
609.8236784222595,48.776011923132984,11.942831023288234,29.297177243783047
609.7327826863944,48.70827840671698,12.124622495018333,29.432644276615065
611.295951867772,48.77004708312831,12.198773234236581,29.309106923792402
611.3336372051268,48.49799121901575,12.12340255952692,29.21358617890793
611.5051989677288,49.20961080968094,12.417194543803205,29.064178016537674
612.0521351127744,49.41812559303658,12.603250236528453,28.647148449826403
612.2582122299677,49.07009553096164,12.828306529129888,28.705998046988327
612.8370335075839,47.630349813037405,12.954712219377702,28.37536886913668
613.191735118836,49.701520093346154,12.884750139486634,28.709116306812103
