185.0,157.0,27.0,45.0
175.6753423194604,156.00219071246838,26.5249082464548,44.74568832628395
176.52201694084224,158.16620770222977,25.944723036122483,43.75714644405505
171.418192698637,160.1958952618724,25.265674083163123,42.963780555980684
182.46658525806365,160.60497289470632,24.47697709058054,42.14562529031284
184.84033729975337,161.51075085543403,23.889112563737754,41.3739792579916
187.0843127676344,163.89692717819045,23.475170260253858,40.67563524475688
188.58752173154213,163.70170296753986,23.472140033927836,40.06495443222827
192.4358817761308,166.8209390997955,22.71954238860456,39.77858711959192
190.00894174487664,158.98264811926424,22.698355183674543,39.854953824851755
197.10563941032524,165.27223449502847,23.141728640542244,38.985196103535216
196.114990705244,165.5293260860092,23.182244651678637,38.47101292157372
199.63001228345465,166.6058200955569,22.896178823122835,38.24487556758276
204.4546930455324,165.10485680728812,22.799180286217428,38.38109324794535
208.3457843803913,161.55625659450217,22.661996564983284,38.78891959359401
212.78677567970578,149.47934581177125,22.414285679956173,38.95865306571749
216.2388524582651,145.80970974327346,22.213916176152356,39.5941411493983
216.26046644860264,138.39090193067,22.1706881954772,39.976457522404395
219.68994692035622,134.52267265421023,22.091932654206616,39.9641099013393
220.1489883463407,128.92511343595552,22.140924958280404,40.521401621378786
222.87000551477922,125.79598062342207,22.55571545650404,40.92284241134499
226.29447551651702,116.05354515692501,22.630794396799494,41.61394763981762
228.18161795750845,111.79489448606247,22.85901197591859,42.126244059338845
228.599190093959,104.9745344590034,23.035950076500846,42.60989325817259
228.4409845897782,101.30410032034364,23.352361084862455,42.79508745181911
230.49879526282606,97.44458790556698,23.358264067887262,43.3014447054115
230.1066127067429,90.57913200364983,24.14262918005355,43.53903892371928
234.37421676710235,88.08264968765684,24.046253108524834,44.31258753111021
235.90285754191962,80.90227753387303,24.18284357214364,44.833219781246584
238.91519626926194,77.72811326382752,24.605977748688037,44.73373669010863
242.64409716664022,73.4511726233426,24.710986735087737,44.64440564975704
246.0526259529672,65.23359128785914,24.379175525116395,44.8664524140174
248.22540376322286,60.816678983965346,24.347557301578515,45.072402227858184
249.13736906436074,51.86221848133668,24.68558560780269,44.604672510865385
252.88037984217195,45.86882385080806,24.7585440527101,43.633210342443036
256.6180426738419,42.18778481455615,24.750344297223492,43.528162507093526
262.3817542080116,44.92865559341382,24.93833634070627,44.43664737400851
265.50166520091744,43.23542646358855,25.188582196081683,44.57807171306556
265.9210050175643,43.81609621758358,25.437930619504826,44.504760261792434
266.56149685594005,45.27174675925154,25.24812689845247,44.866999045553705
224.7988170158896,59.050260069157446,25.681499578197418,45.73617850481105
181.24335788188378,65.10362723324275,25.93575234120402,46.992008100487354
166.51162008091066,64.09276438018817,25.85183750425667,47.87729571279291
153.3456126583377,65.2161606696451,25.77839538581002,47.926629826365335
134.90989576435987,66.577513938962,25.92877700019315,48.64652192900395
133.20912683617092,67.56463858131475,25.8481811158107,48.99369513813872
120.25467847237607,62.92862841340618,26.139474579718588,48.950223378071556
102.01113404402743,63.097084631701215,26.393928205645487,48.61331094148149
84.2322229192541,66.99793980808194,26.90611847835244,47.82072698408797
72.5907702968074,68.5530328532232,26.884605445407658,47.04098272158928
62.71821935952703,70.67717475752453,27.023381796236105,46.25263871129233
53.036428761521115,73.10638949419499,26.939362181136616,45.97011531115409
43.46491092825805,85.4663427632598,26.73027051256401,47.43249869698154
44.37705615036222,85.25053422760001,26.062465877538266,47.86411576830112
43.924944945286896,84.80006077816864,25.81521622935037,48.765062667163875
50.2997721118754,86.35787203143505,25.83114431122005,50.29147012973894
52.113098342652556,86.64399677234734,25.754116310799716,49.71922064791436
52.75319917387577,87.30651573866034,25.64739589100222,49.5676639579373
55.03085000572812,88.96451180898121,25.769767699834812,49.7599269216985
57.92940642101719,90.01158234517462,25.84439707495338,51.188831172729735
62.819717151973705,91.1628091226749,25.63653392707596,51.27956719623804
70.06689580204315,96.70724543742644,25.474132327122025,52.13399098355575
69.36757361655658,101.22029557920361,25.66876437311958,52.73998929980592
82.5163621876423,100.62207511611707,26.128591527451615,52.72018457613793
86.9421087079619,100.30439253175437,27.068556365265984,53.35554974486334
105.95386272828189,110.96522764206573,27.779345334080354,52.02577475492675
113.21187001081879,111.49589002125667,28.169584370231817,52.206637796646966
121.93727411800207,111.27352102287239,28.240291429076002,53.90291259864489
126.90479098041003,115.07962920524744,28.526970742338023,55.23469514221301
142.54557162433403,115.84858073093461,28.4984483888038,54.9990020464351
149.3397248331793,117.12647505627407,29.190982622640504,55.03972987785204
156.24698700533813,117.98658453696203,29.794816118461355,55.941030523774046
196.82344251776175,122.42923210565272,30.039232180929435,56.39641226526494
186.8893844468381,123.57965513285238,31.073470994779655,58.13139706686499
199.4136041421475,125.46765774030935,31.018949192727924,58.52104478337887
203.41753447388245,120.34193733733116,31.37119460824281,59.019028497186284
216.2855528138271,126.05330530739222,32.362886242557046,58.850072899886726
217.93802315291336,125.50957540731793,33.32155460442912,61.358735713383496
268.09036226044185,137.405144879104,34.76387021344347,62.63569669748114
273.1969439987168,134.40369053895262,35.1771959101106,62.566325850231294
282.1184636225999,140.6133384585675,35.62317974356108,63.86379732191401
278.81696804790187,142.18284238508764,36.022717492516726,63.826516169094006
273.16183505323573,153.8639321603598,36.43318707483901,65.37815697742957
273.01505050373174,154.63753961970832,36.72675617384697,67.00503536724511
271.5455371203061,154.69477358072967,36.433622178283514,68.50664782640978
271.1715556537584,155.2007278260649,37.181585111378894,70.76112411702884
269.1182100891486,154.42988643766088,37.9298842419958,72.30280689383686
273.44645789686774,160.07242060728788,37.8469848273576,73.0207732357031
272.59429528472936,162.74465187619433,37.827467989858576,72.84783688321782
272.92695456534756,163.61310404529263,37.16214942862208,72.8318989095094
273.0183749986757,164.59783106723188,36.979308561965766,72.57171272221994
274.8719226089652,167.98670992877743,36.676808305081906,72.60314492651895
277.17752994283273,171.06872789552395,37.158198648070055,73.22924900732369
277.1699817267927,174.1320455280169,37.17329508015023,73.96271610146293
265.0309948880986,176.43876263124875,37.28679764177848,74.52738284837638
265.65181916700544,176.6178025993154,36.04514908396472,75.90556860430348
266.6650925517465,179.97358734283716,35.75344294172835,76.13336162624344
275.01116706201066,189.4826403322659,34.658944645719046,76.17905097735358
304.15295876948085,198.77015719160403,34.67141344932892,76.46450474114945
305.0145200144497,202.4427095741446,34.6672466101455,75.99522257908554
312.5488452775049,205.75158048450444,35.00717150779228,74.51367256628488
293.6006325506256,200.21635545903072,33.88517917501543,75.4054049337883
322.63534940217977,210.97368478942042,34.95788738496424,74.16805207177134
329.6392516024435,215.88614148564884,34.47454460402798,72.79592719155903
327.912608120836,221.63379822212707,34.60356840774171,71.2734031971061
363.5564615646517,231.0231114562366,33.92886432833161,68.9164052889385
367.71274246250834,236.14148841666366,33.596343617707305,66.65969245317322
374.0165246850126,239.52791626914228,33.44656202330854,64.55850531719469
378.1924530857584,245.1098888024609,32.713809297678935,64.0613059567643
419.7941103574185,274.5303650828767,32.2247924542059,62.36841362491791
413.52983418747533,275.9757060299241,31.51770818157746,60.9483580211027
426.56226466344714,284.4463540334174,31.32965762848748,61.25826894668516
429.7346680796441,287.24614209027857,30.740481610398515,61.41432364726779
432.7703474037913,287.7482617933923,30.39319321756291,60.41008424104025
452.0953775367806,289.552754404497,29.821360882455544,61.03201323337208
454.4765939836791,296.40341556751656,29.28742208273035,60.01617318954858
458.13366424581596,307.2535141072527,28.9002085926884,59.09675721277153
476.8931584489061,313.1348183326134,28.242398390681608,58.2559793410645
471.5653129378091,321.22937534537004,28.165912848848805,56.823608091088126
490.7040273193875,325.93210524995095,28.146984809940463,55.33370015590869
498.5816885028567,335.85754633448727,27.956991090679946,54.93947879643354
509.62968050164193,346.5475273630541,27.757881234644664,54.16833946074477
522.3711834359138,354.5709325315267,27.741010352568722,53.401210115680286
532.4298227806812,359.12928492940955,27.811816272204084,53.11679233642657
539.2146102807113,365.8305077192643,28.088978268127526,52.30228948033859
555.5678047180571,380.3545416030208,27.92330036507031,52.04023526465623
