482.0,1.0,29.0,23.0
478.6453695456981,1.8442491280027653,29.168991376676903,22.94656912697619
476.03331895969893,2.126208869143987,29.477570288795096,23.201903354673764
473.89157166514883,2.7994987819048607,29.620439786756798,23.51157356560738
473.11706450212836,2.7141218800192988,29.498772391657052,23.682327369378505
471.8799681473638,3.3100360396832507,29.46423178951615,24.162987924497315
471.41032722632514,4.781635679072906,29.560022705996044,24.59375234810752
470.1349686899939,7.242649577029718,29.554984739659897,24.783234630191128
469.7110947629109,7.534827004462853,29.547837873144886,25.053774496005868
470.2222731052342,10.957226511767313,29.384620660803385,25.082091259838528
470.62014678421417,14.037243434458713,29.445947495387898,24.921576762266945
473.6393343492158,17.448788677759566,29.395652375004218,24.94200628665909
475.03037365575443,16.84195587777953,29.17855063760889,25.300679594725224
475.07494703217145,19.56711102332961,29.089403884774814,24.99475187912354
478.1706543370672,18.586599255285435,28.855748986808134,25.253558354690472
478.55156431006117,17.962356474546585,28.945571925694992,25.650401031293455
481.0912622929292,17.729047111816108,29.022501036113916,26.117019756754413
480.9867221394682,16.60951461524983,29.231581343035792,26.620009787383815
480.8421106756254,18.621453560762294,29.52080427072146,26.992692895864018
480.2490612501219,18.353823043433017,29.817149442569573,27.52795393052257
479.650497431445,21.9345196307701,30.111384493239726,27.58970144931734
479.04909935360615,24.115287411214993,30.40571909287259,27.770473668651434
477.4928421627738,26.870875386306807,30.770456960791837,27.754850745958738
472.8401972864087,30.158084334024196,30.86222206534005,27.62990010425141
471.77680195337,29.530159776215775,31.14744453249083,27.96496512040497
469.8891360258718,30.974582599094752,31.20050939042422,27.867819722444285
467.532150006012,30.45326421395066,31.265282984778224,27.98061680365933
466.97494885531967,29.224017741661612,31.4470375354892,28.57381424689032
466.28722890263174,28.94192320374706,31.877537968122876,29.13800332271943
466.02953596941853,28.945639736918704,32.39292383454929,29.13057025637614
465.9336822399114,30.19158558330225,32.584631293563625,29.544278557446162
466.31524520682433,35.49303900446263,32.79962046450974,29.70063786761869
466.771163295391,37.42830582621836,32.87173780033683,29.7659182759489
468.7077307679139,37.07522580469063,32.94306920397182,29.485961731834138
471.1314161019461,40.62629963169826,33.00948562176208,29.26311599801543
471.17330029251275,42.883088631383956,32.92571724062881,29.65067360250444
474.57739120938356,42.90028864026859,33.01335793883263,29.616273584735172
475.56062078103275,40.875027331957305,33.01876004575704,29.72307370091214
475.6299621318402,41.68455900769402,32.88007734414208,30.079449424929187
475.60598536772875,41.539088366910285,32.92803087236508,30.37039070649665
476.5826997431898,41.0219747087239,32.96784628643311,30.4079959403744
476.0481530369676,43.04604409675966,33.039098496374535,30.351221974314154
475.4338891515922,47.55097531608246,33.269577882068674,30.32379500117888
473.38728799175493,49.62336962562392,33.35797303865092,30.183813545188254
470.4493721196428,55.982128557578356,33.23172951143299,30.470792102737494
469.3651094056727,57.051451419926146,33.39434747167675,30.33805384573837
467.8569494816868,59.6223660353098,33.400553394824996,30.21308115634353
464.38740258500957,61.480251061126644,33.32932167176142,30.50321139980584
462.35132264223364,60.872091222264814,33.381519931062165,30.714540670966702
461.8231336572771,60.71851539038434,33.428729589548674,31.02169233472764
461.2100234113304,61.471860679393046,33.64015978289608,31.544582353802276
461.09963133032875,62.41795068542448,33.860943944899276,31.70519983594646
461.0080239788913,67.70400384731289,34.04415864777428,31.457075144363973
462.56634601421473,69.25768504972868,34.021457563791245,31.443655726196326
461.47141391986185,72.6437097982517,34.149828086810786,30.856087226209198
461.962791724487,77.74017136657947,34.190459106269756,30.897030376645656
464.70641160255093,78.08539760445575,33.82657802735176,31.231249636335086
464.179404058569,79.65404105138084,33.85626422454272,31.166949414803348
466.31347041530194,80.07361271241797,33.683206070399024,31.351574732559634
466.911526633737,81.34602280601023,33.5110988420001,31.87877017078887
466.32538416623754,82.24827856307513,33.65370227569933,32.133621659258814
465.3775211171925,85.2772737764473,33.47752495900718,32.291341476861334
463.7357000089254,87.95470631182596,33.65410297784949,32.11491673559054
463.014663015089,91.24483043266716,34.06051528236841,31.748638592830915
459.4002434050688,98.03800159358215,34.035921314844025,31.632957905049842
458.3634661830983,100.81877441237242,34.041510810448145,31.241324638311635
454.32418697068124,104.42600246270678,33.89735173949838,31.221746346453855
451.2589343764631,103.24165365485936,33.876169863237486,31.539881607249605
448.2287179449724,102.30793412084748,33.75654407008041,32.37731089925029
446.12336837876626,104.39821528301138,33.80155757396936,32.36243420344579
444.6090738727342,101.41740403192013,33.70447356754689,33.114601674817315
443.5299782133056,104.41073769861148,33.75814758488676,33.441486245986894
442.94288481474894,106.8807322556851,33.87407536928713,33.792792195404246
442.80778437157016,104.35378379408128,34.144276255644634,34.584210040831636
441.54190117077883,109.11584658917076,34.511377010255416,34.80107986202639
437.5929582552828,120.0084993049195,34.76853624909715,34.84642183667283
440.2324031913047,117.60707978178938,34.97113828204683,35.264067358938256
440.6042806879358,119.05434148410106,35.33344711439673,35.68773543115147
442.2303909972819,120.95171698021295,35.43654751734999,36.36674580112152
442.14480140832546,122.26561190086815,35.60772669526282,37.131166368527374
442.579877939683,122.14231739993102,35.88300520103712,37.377755370401644
441.97925757710857,121.99517699125819,35.9305931975079,37.6720361877473
442.00869260556817,125.17712235983824,35.87172314058876,38.262237942549554
438.4688541421342,124.99130358881338,35.94752684617474,38.633875484599265
437.82893622335746,125.35632086408718,36.0530428979651,39.07816071981463
434.15996320701095,135.85684072719144,36.29341634983729,39.36983873606898
432.8986546211246,136.73908649436197,36.43343138665457,39.98794933668329
431.02021363955754,136.4412455861471,36.58083089677814,40.58363115311304
426.1917200381896,141.68152605683457,36.51958153710535,41.036086344447796
423.6855398818401,142.2814318203114,36.64861692318598,41.057106049148736
420.61410883894837,143.22923077520568,36.67538032742437,41.60794761197818
419.79962388952356,142.8978977033301,37.072153869184305,42.27061375572936
419.62604301233245,144.6392258576587,37.41931562356654,42.53442271245041
418.793320863881,145.8889875894154,37.826290275405675,42.55183853906463
418.7177106396914,149.57051668936376,37.977510723784754,42.78028209368046
418.6534274918279,152.60690209542082,38.10607701951177,43.063580693867465
418.5109531868041,153.21881348177197,38.39102562955943,43.11742407759077
419.09064715776583,161.31052021041057,38.514695703830924,43.61376483084847
420.3074256969809,163.26745493311495,38.66661510014525,43.578110097556305
420.8843735149113,166.9494002330703,38.80733448643156,43.98190963052831
423.65137485762045,171.8689362070075,38.48585500982505,44.56788410027748
424.37671086195525,173.03294564612835,38.34223885988719,44.853976939499105
424.87337740004824,173.55575551433657,38.658078735843475,45.11753015522488
425.4549574237247,174.7503617902026,38.813238836303555,45.364957899118735
425.3362125670143,178.07833746224338,39.050728549724376,45.332190120578744
424.61234298283335,179.30389466387052,39.17052363240813,45.53696388868049
424.63418628434,179.92803154321751,39.12683702939491,45.62172407208748
423.3577964051286,182.64057172804442,39.01233113262096,45.5312150128271
421.8096665497098,189.94698025047305,39.44778166295866,45.55284846071964
418.3448463066657,193.14349681023947,39.6887763761084,45.84846111412508
418.33746403222125,196.50021594719118,39.70354092499737,45.86587113244914
414.2151965667363,205.15572059915354,39.86802031920036,46.06164882485254
411.8846077039896,211.57932435830244,40.4721658528669,45.38553788203556
405.7145957605908,214.20233696452976,40.64836384132676,45.54565751328663
405.06269577157764,219.61537170987373,40.595325503039504,45.574294553107066
403.0296570195944,220.22200616619207,40.59209664606051,45.71746109411885
401.6959199106786,224.7129755525292,40.5423581367991,46.2457668662706
400.8141429500199,224.61040141178654,40.9399079420802,46.450915147755936
399.96967906500595,225.1571333858719,41.25328656794633,46.73300034374686
398.6193318731647,230.71421211002905,41.18410323334675,46.69835376856109
398.55440174077256,233.35323817764788,41.313963498130995,46.953479389697264
398.4854819717466,236.37083490217148,41.45180303618291,46.475601968176704
398.339916703481,248.74894711814795,41.74293357271415,45.24939019186808
398.340396461913,256.2442767306926,41.74197405585012,43.95552700450098
398.51240505564505,260.04909209157626,41.39795686838606,44.4426226257406
398.56900387517027,262.2839630305831,41.28475922933555,44.02770340539717
398.68263013767256,265.1167059717946,41.057506704330976,43.73553645958364
398.80350823661064,262.22019023479976,40.815750506454876,44.18793990621787
396.7078477860197,261.25776540795704,40.991939133834855,44.774412135302654
392.64814520118773,266.8985674576836,41.00940759080193,44.295390319445296
390.4334745576349,269.6477044437614,41.40934852039658,42.82651670480078
389.4293754025554,267.966337202191,42.09104470612318,42.20974481464443
387.5210344562354,270.04957723299265,41.925013120240195,42.02597823156419
382.1616212146804,274.7023477680416,42.067338668121984,41.974875479791024
379.64309824408735,273.81361680302547,41.81038766871467,42.42883817467485
376.4034477418564,278.2125011512712,41.65672345352108,41.59062774177021
377.0938839178865,280.31394591812125,41.586832906745215,40.00970181863886
378.7430246895929,281.5190364823766,40.85840094466568,38.88444548079485
378.08315920537683,286.31099630974177,40.92243524732468,36.834705820703974
386.77554187370356,290.19001905571355,40.67505330791859,35.19715439920597
384.82461801566444,287.72240450843924,39.80066453739316,34.16208788549989
356.08195863713553,252.89473756193013,39.089919885205475,33.98214568742369
357.6010369121568,250.35217605634656,38.351839632379274,33.31707795554978
358.48191045628835,246.63514712843693,37.71804045378852,32.855500443663246
358.3860303025931,244.9737666750675,36.79906612117601,32.84605743039299
359.16097255670144,244.7802486831487,36.34551344996319,32.136761577226785
362.01395375325586,242.04018121910354,36.02930971442602,32.2271378477453
361.58810952456594,239.52659926011765,35.806510489905506,31.881863356214946
364.7640827032874,238.70027878261956,35.84762776475927,31.403483100445484
370.129160483558,232.65703062094386,35.70241560980562,30.788047337091882
371.78961706724806,229.149591236057,35.52063839253425,30.47827555661165
374.6944877830496,225.86858285884102,35.94246307425353,29.770131845500742
382.99384462427656,218.69208816569628,35.882983319414784,29.651291545127098
390.42281644768144,214.3384072539113,35.45720116686866,30.11170394340352
400.71484090403567,210.93523562074176,35.507611650953024,29.695986420865182
412.08724000559414,203.43160193031278,35.330592497860955,29.316131722160648
420.22223168187054,200.0954836268499,35.33191404144839,28.869672437025066
430.39803178095593,195.42928363380187,35.17566106296581,29.114166174261427
435.56454989899174,194.68627714073622,34.955750785885996,29.588866564493536
455.35803742197714,189.00123615369048,34.97607709425505,29.787658413001957
462.9310956889807,186.48228973058636,35.116202409096275,29.7301373095941
470.4605075248274,183.9634882022841,35.36219657487668,29.66613442037403
477.9606177741793,183.37923392338786,35.708259644621805,29.811557406936544
488.5099232627297,175.20952320813183,36.25567032806667,29.658771857985208
492.04635235750925,168.23340001047055,36.43986768065844,30.133629389313448
495.56177913056473,164.47663772047204,36.73958881362036,30.316579290237485
499.05888287640954,156.32046712961937,37.12891738996729,30.807057469007127
500.2306491417267,153.29764814948356,37.99148245120306,31.509199442828667
501.53470099371765,150.98261055474782,38.66330312394246,31.766042130005033
503.65735933004237,148.85719672856774,38.84915886557566,32.69349047165322
500.8855573422712,141.95637229336057,38.76469882784912,32.987785710222184
499.91273523328476,141.11373107185733,38.452254153157256,33.54402370689625
498.833525095139,137.2293447924951,38.344392874680196,33.380810823930595
496.4548802688768,137.340420370693,38.586264943441066,33.15865966753479
493.17507414417264,135.7502184987587,38.37168061164377,32.951965120800594
493.6179801530417,135.38869283878006,38.60826462883033,32.55262040583332
494.2423489029532,131.44927890440312,38.47915611330443,32.59404538450744
493.22415037586575,127.33133655358822,38.278946493702676,33.001806727918975
491.4710587776625,125.52272305298119,38.419843025793156,33.253747064816956
490.9303575293499,117.09987466107368,38.37326080317708,33.179673060013876
488.5199688829324,115.96040994371518,38.68973592216112,33.20645140780539
489.1996500042348,112.96622930946755,38.46177359002607,33.53781312395247
491.2186056156052,110.34050642234918,38.956617105907625,33.12331547491115
490.70806552199673,107.57770276907937,38.843509914283146,32.97798588724355
491.8436855190214,106.57042291471922,38.83247755978575,32.732337956411946
492.4121279472069,103.796198619243,38.82157363993011,32.65088186478746
493.4466438865263,103.34194565866565,39.001544276265335,32.43488652845515
495.6510472851419,102.90443689719099,39.08791464295179,32.18610976042509
497.2729875477005,102.97289086687782,39.20736168644793,32.04920182105143
498.0139363832717,98.97384924925413,38.84619821370593,32.202145667495856
501.99629484420507,96.87356284219749,38.705016074205545,31.93212717739984
502.11693828579166,94.15009148488163,38.463729191032314,31.823485554299108
504.35191138132814,87.08093013545503,38.41638177112349,31.588362246869274
504.4035449899261,83.67895220363094,38.31311455392758,31.785567231937044
503.9228104856737,80.31106525168434,38.171864501002304,31.905026767250764
503.2999916619868,77.09582479298346,38.31503281994483,31.720691714064063
502.2182530913859,77.20273871689824,38.27510622231307,31.506863866234518
503.91711020112695,76.62997600529675,38.17029897419515,31.55475363231608
500.99686572368546,74.70027893555545,38.52680779837986,31.026963667240114
504.28260193443265,75.18330044186874,38.51778683368063,31.15466256407938
502.9312739436168,75.48099093785754,37.93342961752754,31.654952638029997
504.1823888698439,74.30909668303306,37.62072852937613,31.80921238337616
504.74480803957476,73.89033696112702,37.588317101224845,31.554304915877843
504.79732536318227,69.67080218234979,37.48328245400991,31.290789550152887
506.5738410440554,69.59926803013744,37.17612538965825,31.433857854577568
509.25995605485593,69.07531451358105,37.20152391188094,31.402239178925633
512.527668556253,69.23539434557756,37.14255152023851,31.08207951493261
513.6068729575187,66.6573303632728,37.1308294257727,30.87149070937908
515.2666758819702,66.81785962038568,37.02052736924127,30.55043219515334
519.6838689908476,63.067329834702136,36.68925599637429,30.61126627724368
519.8136599669896,59.75500501912565,36.429674044090234,30.88329794395066
519.9090666683054,57.64873822668723,36.23886064145868,30.859244300772247
520.5555777935119,53.80148936273746,36.001652078662175,31.16304621535498
519.5838140439005,51.15178024750176,35.8311288076077,31.177337520132824
518.491270574358,47.97874067221275,35.90698573243827,31.19572662794771
516.2718479495281,45.84521817133109,36.12149380903925,31.23843445665237
514.3459298164317,44.80223525906458,36.79306239728983,31.20422182922378
512.1474336009128,43.918382780470765,36.91037985924571,30.83208930187042
510.5636923424983,43.86034216479757,36.880653152344486,30.948170533216818
507.9424122833662,43.91695394117846,36.78747044531466,30.834946980455022
507.3296590037538,43.64153030276688,36.94908899424057,30.321906246979427
506.33984626065046,40.540575445749994,36.81251491182187,30.175217255136914
506.35787037127375,40.50676203871805,36.77646669057522,30.242844069200796
506.40720015231955,38.00076351878874,36.67780712848369,29.984002987219696
509.01856373335,36.644601284556174,36.697421527764156,29.55092251888002
509.1139445948764,35.64924422103257,36.506659804711354,29.458111973830356
508.9974400173412,34.85230597642073,36.739668959781795,28.97732517163871
510.0187077890369,34.86604615476588,36.763347123221436,28.94984481494841
510.96507135576263,34.97123238608047,36.93666590893357,28.739472352319225
510.52100563099344,35.05593964134005,36.792543427428974,28.570057841800065
511.05378736130825,35.02428232391538,36.754274086249225,28.633372476649413
512.1260911440379,31.526784939306026,36.66514531070325,28.434191481171016
512.2241370017094,28.02905495314372,36.46905359536032,28.26770126229708
515.907963359844,24.453750472123932,36.22340459335922,28.29630651006871
515.9034949249059,22.863338146080103,36.232341463235265,28.434712936284985
516.5440498665696,20.652691773174553,35.967757824192645,28.78990070495746
519.5802165396778,17.576349812204736,36.0048541974388,28.833154907434505
517.6378196934315,18.394194526302588,35.81161476141073,29.23648204349916
516.6607691331101,15.861453979339004,35.71957522112223,29.18661148509795
516.2097555267695,16.991289683076687,35.60075298840689,28.968638968415693
514.1996275558887,19.136316970140903,35.559013010753105,28.740580313702747
512.7320588398672,18.75005306568688,35.46064729250659,28.501940405847655
509.8473395118897,17.35003391684097,35.19532516822601,28.28459831342157
511.46267003381394,17.407619185622803,34.959269410469304,28.169427775857905
510.49953340998155,14.61136573312122,34.9001144550583,27.805650071633654
510.17661006775876,11.203281872915582,34.56005009072335,27.720440450580824
511.1186519177828,8.969827001353153,34.634597237474004,27.290773076709044
510.09193198238654,9.558619303776501,34.74106356370248,27.08667524414444
510.050310700006,7.775922657272925,34.82430612846362,26.764876619523875
511.03257496295487,7.839086969322446,34.79543780349965,26.638547995424833
511.6080812913155,7.898758243554385,34.609755186974226,26.519205446960957
514.140513180236,8.367653650554047,34.34764444517666,26.5419652401703
514.706293936089,8.451595348938714,34.173002631897276,26.374081843400965
517.540403847435,5.745843741905681,34.21388996085801,26.07647790581437
520.3549620980726,5.109763042119429,34.26851417096885,25.454059068258147
523.8040244276948,3.451149292918764,33.936029651871735,25.019492200861222
524.3667922713269,3.1820962531264367,33.73626894188295,24.63182330317028
524.465067922412,0.7879125323366516,33.53971763971282,23.921894319947313
526.8886353328791,1.4588744025076021,33.20124672347704,23.481703360545097
525.7493948406293,3.06336698489617,32.811653517034415,22.940792386710086
525.8543354205481,4.686585734606755,32.60177235719682,22.317987840186525
526.4774471528324,5.71717704622173,32.21662801323282,21.97896345816582
526.3321648931006,6.2869492562471585,31.65753410296179,21.68907746784958
523.1132595246768,3.5990959570575143,31.403910454144437,21.209778978771787
521.9231828390728,2.9825873040655324,31.31006952273023,20.79346674967429
521.5610377136444,2.6551149005373986,31.218020833589584,20.6320726167333
518.0045701989322,3.1331848578526635,31.02051429870309,20.488203987026207
519.4217942281839,3.5158543174427503,30.60679743010629,20.529775464481535
520.77317662476,4.121664852447214,30.308178025134275,20.1195361905327
520.3000482213293,4.557515196049739,29.67428571526407,20.037910061693463
519.5989826923004,1.9613377668272065,29.51804979720647,19.775980503734267
518.8124014490344,1.438891824903541,29.54624308563713,19.275903189480303
519.9760021242179,2.744000637963657,29.512805528454308,18.95944935654419
520.7906802639475,3.277375314388177,29.401061531170985,18.65150614478315
520.8918665537543,3.647988632176986,29.198688951557497,18.662264259823754
521.34713908386,4.440106430888587,29.037279716208282,18.576300312125298
522.2446897383752,4.427699789370157,28.732742684326183,18.601113595162158
522.7274099448285,4.089542806331703,28.508436067662807,18.53629376499589
522.3877285687051,4.186071870911718,28.451109727484678,18.34323563583586
522.125423882041,4.556279302315712,28.243110845295174,18.33542902854559
524.7513732912533,3.447881220691789,28.096731901701858,18.364145245437168
525.5878629930191,3.486989745215052,27.87903840543531,18.285928196390643
527.7284509247853,3.5710348234501,27.936298002976883,18.117838039920546
528.3318166648934,4.189434748315119,27.45069619289813,18.323297530465
528.1709752693515,4.416473537844293,27.05512034578296,18.586478589605235
528.6720663566612,3.9734957625979064,26.768603660211426,18.756768651050173
528.4342373879302,4.277111724389467,26.530107529568898,18.863690795571674
528.1243874075994,3.448670843106825,26.43749781888675,19.095953215449494
525.0396479581863,4.012269205655347,26.17442210512866,19.398213070926698
523.8778874736722,3.360477883553534,26.350863573866796,19.270409381603507
523.5714530213932,4.928830886866388,26.24745367378195,19.715097398192142
519.5048919037454,4.181827630548744,26.438687802644296,19.7651242551123
535.1052079423429,1.8743319016386817,26.443978772639014,19.30008172850622
526.3980242711601,3.7546423368024033,26.622041781689887,19.13035759428596
513.7664111350598,3.4406348988005853,26.752070271372794,19.040281105074804
512.5996556647847,4.410037213218846,26.929846318556,19.257211369605344
511.73952534615887,3.94764221506961,27.200423213206726,19.457159494603342
508.33143062205585,4.168079638843766,27.426533190030245,19.748515699430854
505.7092616238985,4.3196800382207545,27.487720184592824,20.185765043784308
476.56171771290786,4.054667271295349,28.143787110251882,20.71579057763512
475.6095333114277,3.804934391024151,28.51372392016396,21.215256338177515
476.82217964319284,3.0172583035066083,29.21251974044815,21.2285642713054
477.5151534307253,2.5516004576768427,29.41028462343152,21.368023733940785
478.8065666732975,2.4917867679027044,29.21889946656021,21.48765111348906
481.6433961870521,2.3950671216141437,29.118672136791343,21.681090406066183
483.901073673342,2.5148825581571543,29.39041601707246,21.44145953298016
485.6555591394875,1.9233228776043312,29.87170159671899,21.028476289310827
488.2310515638938,2.0879705745995025,30.310549130844937,20.699180895320485
488.5010077903978,2.1988466200305403,30.570366615126083,20.47742880445841
491.5288964997535,2.305775658321041,30.914304694818412,20.263570727877408
495.1477450584503,2.798210279480017,30.890788322969676,20.08027712395333
496.1576863679829,2.8394279812844214,30.46724124490937,19.99784172034452
499.793892238284,2.075124307966412,29.518338574812567,19.94557179935415
500.04113987690585,1.7283310184349645,29.023843297568906,19.863854628163644
501.37930513516073,1.7371412617897626,28.6470099020235,19.846234141454048
503.56998900549604,0.9396472175301849,28.068254816722657,19.920177167825283
504.18705202935007,1.1380525721449573,27.58712379116087,20.27636148074206
505.389164488445,1.064897848549375,27.43756180040076,20.422670927933225
504.34089464510913,1.0401809775230682,27.279068203911102,20.47210466998584
504.48377221895123,1.0801449254036743,26.993313056226988,20.392176774224627
502.2862485849008,1.0841800727761175,26.92186565598057,20.38410647947974
501.9222665932751,0.9678869494283866,26.906634427792937,20.616692726175202
501.8704435352708,1.1716957969540331,27.01028054380148,20.955833298077962
497.76811026691485,1.735605007108063,26.922420925546245,21.33574690594574
497.35203021785554,2.0407596220831294,26.99588407304416,21.484134626616246
494.346779818237,1.5549554928210014,26.908542268016895,21.69351255960745
492.0191026545035,1.8755506600664908,26.97819038029813,21.8166065943141
490.8103754982465,2.1731656852868753,27.093605360183965,21.988722988082728
490.379163770806,2.153430656973965,27.184124629500754,22.028193044708548
487.9273074656115,2.4148421392522383,27.44423895823992,22.279303127093645
486.62264403032543,2.339753077985801,27.70759254072149,22.42948124962652
485.42005891955756,2.240196428942273,27.74736576011406,22.628594547713575
484.49781879244546,2.541946526734865,28.007250656285745,22.81739203115463
483.24819144385657,5.592291417532763,28.108472813365424,23.111455689820147
483.19381113283396,6.565198732110273,28.217233435410687,23.58259949725584
482.67453151461,7.179686006304223,28.440863959498383,23.983482373588302
482.570482612817,7.912883479034093,28.64896176308446,24.166755185103227
483.28175070194374,10.267893751855341,28.88841448909932,24.442701352265683
483.156410660745,11.405387274038702,29.13909457149679,24.685105066038304
485.5244248276604,13.840822918391389,29.48446232269162,24.89562986235856
485.4714588454673,14.47596601605443,29.59039428707784,25.336577285278846
485.37203991453305,12.986356517204028,29.789232148946333,25.722767470091885
486.08627475492136,13.257119008932634,30.107998739852427,26.054860622476006
485.4465140140902,13.871169829483888,30.503641728562208,26.594515967278443
485.28013728396866,15.04248500733727,30.836395188805305,26.947855404732415
485.46389643138724,15.883034953891746,31.378349836518183,27.085701396723397
485.3903978475756,17.508375554871613,31.525347004141405,27.515312488911118
484.7838025249408,16.75160984276104,31.809299782661757,28.099606046383123
484.7267464842501,15.507009898743124,31.923411864043256,28.70281585959873
484.8020523760202,17.60023070189022,31.77280008050313,29.2884087670474
483.7797361621523,16.364942083991416,31.89464283052893,29.83619632513507
483.6699762597286,19.28696712560924,32.11416263537632,29.82417067323329
482.7848425406371,19.78619445093484,31.93394978474314,30.776196311398273
481.2217280670771,19.87799391567138,32.09762089391759,30.592597381925195
477.3015648660941,23.055222028188233,32.04053606219973,30.16119958215434
477.1514489286593,23.209318701208634,32.34076793706936,29.853006236113536
476.2180693193679,24.74910541417791,32.249059940947824,29.71113363223145
474.8292285513809,21.513025236206087,32.100102208924454,30.33001545218027
474.9016325941342,21.246153268164548,31.9552941234178,30.86375938826335
477.4006975816669,26.95807260332736,31.903359634442744,30.32155078733638
477.8535324016893,23.878903432109546,31.977530685060977,30.600844985793884
478.3132017519981,22.61958951849452,32.04361859510011,31.14861959171012
480.6768403869337,28.11093762067915,32.291983346496714,31.11233583412986
481.16860343306126,30.607818081809324,32.306907264948904,31.11082496540576
484.78045055107265,33.794354744202664,32.07383328769096,30.72971186241746
487.7708121797119,31.664122864979067,32.02696349684827,31.034273309907412
487.37621465418545,33.11161880269183,31.823098966021583,31.118460180120636
492.7286630825597,30.921549037953035,32.021293507793615,31.533839201045268
495.17055639164954,35.55454748136925,32.14181124971677,31.275590162397865
498.6283145044444,31.85990618220056,32.217026630126966,31.674141154735313
499.2117973563139,36.850901444125626,32.05621196839848,31.753661050989734
502.82217189944197,31.03440901730246,31.869602345478377,32.33299817653648
503.337872130617,32.279767912703406,31.84925987428567,32.87545435920662
503.7119251996638,34.808075987757675,32.12040854633008,32.91511225978905
504.15821531417885,36.14723228449971,32.25199063117774,33.30928660793777
505.70604614885355,36.50543909682235,32.25361144291158,33.625300476986894
505.820023187485,37.50388428585836,32.025657365648726,33.70322401286699
505.81967618472214,37.56353428894126,32.02635137117447,33.583924006701196
505.7087196515645,39.63906995313549,32.24826443748977,33.56549224767787
502.6071399836282,41.01720676131486,32.233112483625135,33.91837427618766
501.6220615876628,40.85586948597269,32.119926917481415,34.24104882687201
499.01746564276453,41.18738672968457,32.10451247486514,34.622935605930806
498.5347352012902,38.541110121873885,32.01933452707373,34.66229466785191
497.9385114348995,39.97459867968,32.161883894090565,34.94501204953304
497.8220046200713,38.21265506146851,32.394897523746955,35.29917646920028
497.11433481462564,38.09522066029766,32.74443403360986,35.534045271541984
497.58592577557334,40.21261846280507,32.87627937380479,35.599358714888716
497.6848499215817,42.37504963120235,32.678431081788034,35.5870696455308
497.7605263783142,42.24707879301138,32.527078168323115,35.84301132191273
501.42208631837326,44.574545107879416,32.73860217027674,35.49358948193197
500.91839896372403,52.75078748392009,32.67167316949029,35.255660381123654
504.14991030845204,50.901080896433754,32.62582012700517,34.67696045811578
505.2099627311156,53.03571889285993,32.62524177721127,34.6467374563297
505.6602674429133,49.74825138143632,32.783914017621285,34.86598249514358
506.13725864024485,49.64386208262465,32.89515817463591,35.07476109276691
506.0576285237411,50.18420647829065,33.0544184076434,35.064327135983255
505.47237512549634,52.82203342683607,33.15230580089931,35.15177025506057
505.8719542480994,56.68261102021542,33.42868707343339,34.959391692483734
501.799805617212,57.9900605433002,34.03461312441045,34.49831299225638
501.675283720163,59.73282855084905,34.28365691850847,34.250534485957026
500.69872743712165,60.39868529873869,34.078212338025445,33.998099563460656
497.45607865217437,65.33992131479401,34.13110359767001,33.76423699672495
494.26437144995333,77.29031895629157,34.099233642825695,32.316936971232685
493.81069596527556,76.3927779987187,33.96075482020153,32.02035930241893
489.2849885685005,74.22286725504155,33.66152667155038,32.2043394821283
486.669250951806,66.0311582840962,33.707030545878844,33.029843346837495
485.04656467196975,63.46796364597862,33.799520509509684,33.9523891616836
485.00976564090723,64.27017533020205,33.87311857163469,34.481882850133815
482.35222499170766,64.95900191064071,33.805969656053634,35.25712177484855
482.3166698943394,66.97070808730041,33.87707985079015,35.58390028003477
481.0888036368273,69.11200390048879,34.145230086868146,35.676473211550174
480.00789627159514,70.70459808234023,34.10806826595455,35.789749674914376
479.4842187195479,69.92375700036422,34.05474997978485,36.25075844860235
478.82797327721335,71.7483475801607,34.26020253685089,37.02973059942198
479.39016027903233,78.17646570341103,34.25829282870287,36.52060160331135
479.9454806431185,80.46567393360398,34.26213800716053,36.400128769445104
479.42338286763027,81.69967550817644,34.1936693013306,36.157454133913006
481.08337242374853,85.414056034517,34.19704157269191,35.375395848427445
481.1503316219031,85.13804923535776,34.0631231763828,34.83181979886254
481.61137418853946,82.95579005863576,34.225980891511945,34.856566758698634
481.5500276434491,86.39152814569988,34.34867398169279,34.51250741741113
481.4412192688346,87.39058839800171,34.56629073092173,34.683241485259316
481.46969435024084,84.43428024925699,34.50934056810927,35.14314065460548
479.2514196867006,81.00858953820162,34.558377434463345,35.413253385626646
479.2029147321703,88.89525338780949,34.65538734352392,35.06645408926061
478.67493033491377,86.71498029976499,34.613379154010474,35.035092329243426
476.03929238645907,94.86804998789734,34.40054857023792,34.08445109888795
474.6304354693824,94.85820372787329,33.98275922497983,34.104143618936064
470.2620910055732,97.17182180372718,34.14157403686832,33.765844525093286
468.71936375245343,98.56704033114634,34.018816321103664,33.1142156182577
465.70849166888655,99.73686568784291,33.69742584914482,32.88894311789547
461.45105553135704,101.06909708374127,33.82361883038735,32.321650149552895
458.7357800104685,101.59783738121666,34.04621666985573,32.305760195063826
456.0949859353049,100.93757915153108,34.10368907583945,32.58145350556636
452.78422877162535,101.04834134284081,34.424655476434936,32.35992912294687
453.0628185281051,99.83210743499774,34.91907604116109,32.68919678326171
450.7862159017958,98.97141335652432,35.21407160124973,33.34603251707605
449.72507040697155,103.37291878585663,35.1771896278421,33.17971351063612
449.5937994627765,102.95139243667477,35.43973151623216,32.94639445075933
448.91989877818537,106.3374710354868,35.710764984072945,32.63484466118382
447.33616874013103,104.82539852367618,35.650116241314564,33.50691713889367
447.8247310176449,104.5994756466508,35.76194807331958,33.958762892944435
447.847398937951,108.48433989000517,35.71661223270732,33.8741394265066
447.88356954336894,109.33547331972521,35.644271021871546,34.363515205422324
447.9564648121213,113.19289036535179,35.49848048436682,34.365751999986166
448.64522208283313,120.7723044355431,35.22115392390191,34.60955559302586
449.2469657989736,117.8912190223102,35.11735216002215,34.87329807748539
450.91771348004954,117.75435244646194,35.08249666535673,35.14703122918192
453.1796237107605,120.50686481049746,34.98258300594193,35.1718900036197
453.09750309425146,122.07598619231675,35.14682423896004,35.348028774889045
453.63687048249653,124.68773155186493,35.17824349758371,35.675308231362145
452.4321421056177,123.29679460957641,35.356106051649185,36.22558791624691
451.83702620812466,123.78887369760892,35.41908786572118,36.36867972109587
451.17614596849154,123.5367410369737,35.61035704660658,36.87294504236631
451.0395270189844,124.65185527516554,35.88359494562082,36.92556862602502
448.5675378292899,124.89059492247863,36.24128673704101,37.594660978391026
447.68216074688473,128.342020461221,36.849318904682676,37.66814188391835
445.30440673288217,130.99465112684058,36.910884501680094,38.230308591438884
441.6878648496811,133.61810139375496,37.04428665963585,38.899809397982175
440.37366868332293,135.65171248133748,37.28091745197699,39.61611030356767
435.4282476281948,137.14429236281293,37.48506187233478,40.26346217432863
431.7279032970232,139.26719871027598,37.54060609039144,40.91441244226027
428.6214346923583,140.23806552776495,37.5774109427237,41.44313175008136
427.3249573899016,139.98608438285706,37.68227420735694,41.94709403989714
425.26877614839816,139.89962985313826,38.0339684530904,42.120003099334724
423.74091728257594,141.26223774492107,38.56597184031591,41.91850166018806
421.2177266771221,142.37319980378476,38.543564662652635,42.23097173674611
420.5314490307654,145.9728802739484,38.64441141821578,42.66186201932055
419.8585043822392,149.66989108326266,38.71027778289031,42.94797799495884
419.7528888239961,150.83419312405326,38.92150889937643,43.190421517330705
419.68467954303674,151.84788804904565,39.05792746129521,43.74836028768941
419.65100741573127,153.76004629535157,39.12527171590614,43.834582573338864
420.78255896320263,158.81820729249867,39.47402472743585,44.16568500493447
420.65815639795403,162.0789186941788,39.722829857933135,44.227475326854
420.64569780029336,165.27643936972134,39.74774705325446,44.44031473909029
421.87251253222337,165.47462201575382,39.9446801247517,45.36923071470398
423.1694657545715,165.97810528177322,40.036467727371345,45.70511120632313
423.68886094887455,167.01161682025582,40.34720048308277,46.337134417993084
424.3187482904723,166.79067524310682,40.451718414004674,46.77901757229111
424.9022473155068,167.2346861700235,40.65752899571048,47.26380435023267
424.8575537959955,167.64567648347943,40.74691603473312,47.82543416820094
423.9051125155582,168.52128032407091,41.258072463383016,47.467952619242695
423.785389766914,169.90227737024873,41.49751796067132,47.498767352898014
422.9953121015169,171.98135118674125,41.67695382751501,46.14205864781398
422.7719864483302,175.36917826593495,42.12360513388847,44.8965228952793
422.7436915492498,183.69232175918717,42.180194932049304,43.32267537356364
420.0700687091851,186.0236095011095,42.141553237611994,42.699515420644
417.3603650997529,190.0461033837185,42.21667006446345,41.33489064544207
417.47511238841895,193.02110355485578,41.98717548713136,40.647907465097894
417.7827318508596,193.3501294392823,41.3719365622501,41.29115285712019
413.448044638488,199.19439964909282,40.928845524679545,41.31863946047397
409.6224665091871,201.84294474620935,40.80860769821423,42.497711003796745
408.35979958760026,201.30117204552388,40.71025531778953,43.58125640516764
403.6413132138045,206.45020715415447,40.85659795693505,43.901049168987676
402.22224970580623,208.1899462850685,41.02562334670412,44.425223346500715
401.50447942615676,209.24579290600474,41.11574754863793,45.004362819358576
399.9988954904417,210.46383592958364,41.41516236342671,45.28002982884202
399.9226423575218,211.0571780580949,41.56766862926654,45.458284982306886
399.86624388730263,215.75862816040694,41.680465569704886,45.64639993948091
400.6603978298356,216.2782576155418,41.467029315804325,45.98201266037648
401.34908017765395,219.60495709282773,41.46635593694323,46.212070289682956
402.03078698615025,220.93841795132187,41.483199198893374,46.30566233058034
404.6909207307109,222.00464307590423,41.69085243589069,45.55519226294523
405.9773421152891,227.44663977252216,41.86524264144077,44.28651428118195
410.70221467697957,229.03064935666688,41.91160385643322,42.47508173266016
411.417144797423,234.50312464619697,41.81066039147868,40.83254858512694
415.12773548263664,239.7052143626306,40.89670436957484,39.53848464019242
417.98752882071653,245.50535573933374,40.24372066129596,38.071407822548
419.45214444915104,228.84465740444483,39.78087038530457,38.096661250478824
422.3958411231387,236.26688197279066,38.798861515075984,37.96836554702754
423.50527883965015,237.0026453108459,37.78890110532403,37.705753894188035
421.90440023683436,243.07896293524834,37.42398223760549,37.44203888988354
421.3893779168892,242.23132416896019,37.275034427368055,36.77933152220436
417.57820126332695,238.6106464330601,36.73396004500079,37.0234632601544
417.7920313765458,244.67995085130372,36.306299818563076,36.50017430790171
415.5346524511324,253.34454044145846,36.23482714381442,35.222801967106605
412.7302376801675,254.57151581081334,36.21721278998634,33.89414000754839
411.66965947732234,254.17633321973724,36.130440674819376,32.47657666884341
409.6597542139824,256.88831064329554,35.83008185343165,31.37279116979441
407.5939319259876,255.81885550713724,35.73080305095536,30.338508908261502
406.1564581285794,257.1831111875459,35.486965903502615,29.689187375623597
401.3842703839961,261.21035541515386,34.77753772115247,29.837741857621047
401.54777931751244,260.7101133718462,34.450519854119904,29.821406152071134
396.5991709588281,268.8769937115497,34.232738675059835,29.671642106950024
392.88541799856057,274.44226020956495,33.61442727458454,29.60410792730882
393.53996097160655,274.7360892200763,33.30040790274699,29.01644990628621
395.47022640792414,271.93911056558835,33.363028807536224,27.74489160476932
392.09541480525735,275.3394490431146,33.383466991849666,26.712087524876978
392.30446728098656,274.7113003279864,32.96536204039128,26.078529617016834
395.81749189668693,270.8235345827739,32.43701009451852,25.499878883191396
400.1498258258633,264.9571469324895,31.969140812801044,25.39283401750948
403.31990547231965,268.0013925116191,31.94195126083688,24.715459780063235
404.3904502213146,265.84794106169045,31.581714640122964,24.57023048673043
407.6518084614663,263.65236992332325,31.23690063636758,24.548585280216273
411.2145928539323,259.1785058241708,31.126785084474413,24.726996937222687
411.67197010895427,256.09959304074573,31.090173012757646,24.737825435781815
413.216208697839,249.16260338654143,31.512724217584264,24.567691213805773
413.42455341680034,244.29094862504527,31.977496236973135,24.614924706371387
415.0950210375944,238.49943298009117,32.19388772689729,24.636644118864826
412.55427421011115,237.48421286024902,31.91745000299813,24.881107232260526
412.93425663847245,236.09133453980323,32.05023306163409,24.988620127076537
412.01507867930667,234.522213240699,32.09553491066671,24.54075458668719
410.7751306959674,234.190737269551,31.905658523671164,24.313782411091807
409.9794570688841,234.3875442324501,31.730355584887953,23.92016848529355
407.68037671149085,225.98136410548037,31.9573870553954,24.122237610972675
403.5319174244155,212.15646551683994,32.32543012777192,23.580477448611887
406.98287611858257,210.9116265002072,32.44520176700685,23.437022096538925
426.9786860054054,209.47031775254075,31.92631631720083,23.688123970282575
426.34919879509044,204.58453835119792,31.43846586799512,23.852145988871914
411.50957542315507,196.57340246800106,31.583039520550486,24.23841435398112
411.6827051801958,192.33019548869564,31.236780006469118,24.83026527182187
414.82986361652996,187.7920002638979,31.112986860692445,25.09162182585773
418.89984493744237,189.0166672765627,30.92759484053144,25.29381134108266
421.1465765051501,187.57424836098377,30.855454044237543,25.525855768767705
425.63659503636865,189.7338761605689,30.74444064145105,25.641111999422765
430.1901614008838,187.68542032975753,30.507825504773713,26.189816624104374
428.6148890832987,157.49952971081004,30.981684128887075,26.78227694839517
438.32458123365933,156.67124140421762,30.652717459903773,27.52978605530679
432.0711535469005,150.29730240136644,31.2524844875407,27.454645842368365
439.88797105247056,145.4089267523764,32.251533028164545,27.066979414270428
445.5508723833281,143.3578072792625,33.05807614911585,27.436188888908514
440.98051696182216,139.46334219898102,33.634057790885386,27.612026426144865
447.09095147853026,137.08344871437987,33.93659540667384,27.555118530268558
441.2123066927858,128.26614599798123,34.08905798746976,27.78248347702625
444.2732594422479,130.57912131332247,33.80568497390523,28.021976584143506
443.1804867193719,129.1884876232552,34.04603374442657,27.8854489514322
436.4027015342876,125.40614576903707,33.96431813056695,27.657397811852327
436.08785289401203,126.76028669752307,33.624866203540236,27.856563577613937
442.63194851428665,128.225190679243,34.07671287927613,27.82819231052088
444.3873881352974,129.59492757573489,34.46038584141251,28.00963267065555
453.61548955539604,138.75890269132793,34.67106918827352,28.34856862652782
458.6197153525026,141.00622663925915,34.5744757152569,28.80984979126361
457.5026194020978,126.7468159118878,34.81437605604613,28.4114436257125
458.1517714305718,122.51866453619817,34.51047694178064,28.912506835632424
461.48417875036625,126.48399625047284,34.83036054786025,28.96435568784706
465.37210813417994,127.1099692473027,35.083132614613916,28.715988548484972
469.24677505129927,126.93334330218707,35.36147016766071,28.06578151530555
469.65298967694423,129.5315944674109,35.54624197022144,27.855284454111032
472.8109894705874,131.34662450826013,35.209908476155256,28.211668434559364
477.99999449444215,128.69785226823439,34.80433558325723,28.522994337205134
481.31121022740297,127.15808517370954,34.15822560315476,28.614367783345305
484.4664241398242,128.00802654251436,33.77328077684018,28.88964604524496
489.6380308895163,127.98935579072692,33.290749638605774,28.926987548819834
492.04839771232037,128.1579200474478,33.36603707957277,28.589859035378083
491.9991426474187,128.67379219425612,33.46454720937612,28.533073081618255
494.9013008041807,127.07934187561804,33.51363888458604,28.795269724527373
492.029041570615,123.71674377447728,33.37492301897282,28.656692538606784
489.78795436768536,123.17953967034258,32.9762517757766,28.754931617065118
492.79985344014443,122.68696462467543,32.78191094373972,28.7685054895859
487.5016041613131,120.70843323093742,32.721800765021676,28.850437827468944
487.9830053395964,120.91679345490653,32.728160684228115,29.40287965530372
484.96818108624825,117.34007937537018,32.88926210056159,29.70966954228647
483.4432741583282,115.80831255549555,32.98260001667933,29.81672724231344
480.3395859688063,116.47524395062447,33.258067028791636,29.47151601321087
474.87558789365875,114.48992080855061,33.32447166718742,29.492492656667928
473.4963798593198,113.53243547815212,33.11653792868579,29.429896779345285
467.080927155403,115.69362916830977,33.14822345547513,30.030286276354715
466.0755126372208,112.10789207203075,33.16978406511116,30.2393209753634
466.4515128803932,109.70808735691507,33.41608552830609,30.04742065789589
464.8415324701778,108.7908929369541,33.63882661589894,29.883663009259244
460.7976370131467,105.2876306610821,33.727280835033845,29.890767952941864
462.1624731952908,105.54681040897358,34.001818954137036,29.372408457158915
458.11657168807284,105.12271843420314,34.11479466768682,29.223238994089044
457.5080343315104,101.52028790007721,34.33516395431205,29.45116207684317
458.4753733444613,100.0862633728087,34.40803125150625,29.30789314673612
458.98717640317307,99.60829748900548,34.38702157358241,29.261228474842916
462.156035810492,96.55013867060018,34.05843311412539,29.368415756472686
464.68164790810044,95.50811689553649,33.99803446051673,29.45612908995677
465.65275764573505,94.00085852066587,34.05309098892057,29.474731834188518
466.67317284880244,92.04332359644057,34.01183743169301,29.39064798482451
473.1412318194487,89.01596776288605,34.04713353431385,29.458553170127416
472.2390611894064,87.43419234328184,33.852601411829696,29.62379393548276
474.6360400568035,88.30232063940798,34.054011401111886,29.88568443286097
473.58836897984315,88.00902619939315,34.13657499276096,30.47227331289065
475.53490986494626,87.83121389975082,34.31170521596679,30.827897912175313
474.40385508174506,86.08238643196714,34.52290741964822,31.249191803661425
472.63868859994295,83.84594138747791,34.946859533659456,31.580240759849193
470.88923861943715,83.98140778400048,35.30375315662555,31.309307966804063
471.34468786454704,82.4922631082674,35.441407636185346,31.141938408931694
468.21646602239696,81.88027600576265,35.40979146865145,31.317902638635534
468.72594318459613,81.81266765224154,35.44117291244699,31.453119345677756
464.84308421285283,81.88888260187734,35.8359938103529,31.300689446406164
464.15987769757186,81.97741388065928,36.14573951049238,31.123626888842267
462.8354927762913,81.05115110039004,36.677265786668976,30.858908882996225
461.15257711868935,82.70160778836768,36.855373263953126,30.74571934496067
460.96560966888813,82.74841432662298,37.22930816355554,30.652106268450076
460.40329926836193,81.53281483186194,37.28618554066734,30.947818410091102
460.41461616779304,80.7154376010281,37.2635517418051,31.509181272263024
457.65608600515554,79.99668128046413,37.37017730303636,31.864606960582226
458.2439757093907,78.96254363170902,37.28384729688176,31.753983453461032
457.36967079443804,78.13336723957406,36.859781806034334,32.32599857735461
456.3591999683924,77.63270119342438,36.70281376556004,32.238375823371136
457.38164136076955,77.20230425299226,36.82816852579941,32.014050931738474
456.4320034170355,76.67633735865238,36.56051133146657,31.98251817951779
459.2015104804838,77.4056788106951,36.415575810349175,31.602650996588217
458.63105931211487,77.03251671477693,36.485995571426244,31.278492612763607
461.2753877012717,77.65706568136109,36.529185016249656,31.095763924222748
460.73074852264415,74.46193973872292,36.55436325652117,31.101415107596786
462.86447249339824,71.93077789587807,36.54523460146209,30.84083968522509
464.03639916607636,70.53094666025086,36.321875299153696,30.459761091907765
465.7852610907517,68.51994575854025,35.97614907624816,30.279099393402184
465.9472361876952,66.35660066735224,35.65219888236115,30.436089635325075
467.54084055961243,65.4019775366661,35.58483930656301,30.265436451339767
467.23745948815656,62.82925545377466,35.155435449696895,30.230050618233737
467.24005260116326,62.37732118009318,35.150249223683595,30.10495708793864
468.82080084931613,62.94533002361736,35.06937135677031,29.99581227735444
468.69936341074884,63.34036886590243,35.312246233904865,30.2296040808554
468.5655724462457,63.76338113587828,35.57982816291111,30.414958488377643
469.62195056091633,64.76430067895198,35.54405589595894,30.4901033646193
468.7114128671617,64.1399920033716,35.28683866158771,30.699574404839808
466.91983694955934,64.19214371866674,35.75440599324273,30.595270974249537
464.80613218848305,64.27821487706115,35.80546822027172,30.423128657460737
465.0323604194774,63.8707701006117,36.395120373102806,30.19590959553976
466.7297615091785,61.347336955908105,36.142941139638936,30.005070975049875
466.66538642987314,60.90187063014041,36.271691298249614,29.855424379546214
468.1120744603596,57.16881351378292,36.49875220295195,30.04051902568526
468.5714601916698,56.65237384858521,36.62660863573683,30.026770460675493
468.10281880916114,56.47806350632292,36.51551909047626,30.375391145200087
468.60615142165113,54.2338431271001,36.56114395017366,30.654671564936002
470.5771001523429,52.72651496689122,36.84922485455026,30.496844111033695
471.5807587609145,49.58707432150473,36.96068335930456,30.419398236114407
471.5406222159961,49.42279705798172,37.04095644914128,30.747952763160427
471.507567886265,49.391998489289435,37.10706510860344,30.809549900545
473.14602969775575,49.25270762192586,37.03535018894151,31.088131635272152
474.2496100287664,46.332629151819916,36.97176595013733,31.569347517441024
475.4203679651055,44.63335315869533,36.787348199626045,31.732252320439677
475.11782952810506,42.55417420254442,36.31411063876999,32.65566692817052
475.3779354721948,41.59327912454107,35.793898750590515,33.49170092800672
479.38628853872285,43.572825937914146,35.41392109911479,33.89645214787792
479.4124006831412,42.37057153441377,35.36169681027807,34.11808787698119
480.045224365253,43.88159359504638,35.190175465484074,34.378421814004945
479.0324778472747,41.15376805468196,35.02456887035541,34.35632381702078
476.8805725716253,43.46927833395898,34.957980167869266,34.09570251225183
479.5020735386859,43.12551562026575,35.152170104033374,33.695789565581194
479.4901062550702,44.33897404296914,35.17610467126485,33.43719110143052
482.0396646285549,46.712931202814445,35.479175856767974,33.01102712771781
478.10824847498776,50.30588649049662,35.79313274635854,32.29558119596234
478.0840213828291,51.40466408232528,35.84158693067584,32.241844993359614
477.04614516606546,49.51800222801995,35.77372875500949,32.79975278817986
475.72564467647425,50.71877358331977,36.255442890618596,32.55749692115362
471.82550797321073,48.02035631174587,36.47277671431472,32.537946047993614
472.3543895746155,50.62714278907679,36.50135481389562,32.75607960528417
468.5530029576711,47.289357479615276,36.47224159103911,32.890033261282674
468.4889299574251,43.60020448429316,36.60038759153112,32.62465390540803
468.54315648742295,39.19205644161152,36.49193453153549,32.72328147921168
466.51979881469344,39.023412104638496,36.180252292907255,33.06057015315773
466.5228802187612,36.89463234624995,36.17408948477171,32.95760996292761
467.1478248169031,35.22623503374142,36.012593837110764,33.029223942076136
469.22604251513457,36.50982260378948,36.20423413057173,32.63608664694193
469.9396046668293,34.36258658796119,35.860845240778254,32.59561702421412
471.7533794174632,32.032126885228536,35.46653942946965,32.94554484306742
474.02017524416596,33.689537968579025,35.24163885718245,32.86224098720521
476.1993791312074,32.60646053123988,35.172584638613195,32.88371908412667
479.05095322863843,34.70960386263089,34.8274427956128,32.963837502833925
481.29008711067337,34.70417086599092,34.61908848686476,32.974703496113875
479.7745102974614,27.13017665761853,34.45707086911099,33.22122610669643
477.04885918968694,25.933084799538335,34.57959544590491,33.4838987673548
478.05352795045405,24.016973600002537,34.71392058077008,33.02879585362774
482.2174015092272,25.38942442742928,34.92002876657813,32.41735802461286
484.22689789412567,25.51166054504318,35.14202868722923,32.172885789385056
486.25522497758175,25.146141998726634,35.32465275807303,31.84410332257913
485.4986724130407,25.292791568230626,35.78033729007274,31.55080418357115
487.4758150801602,25.26280302049711,36.06529116925256,31.61078127903818
485.7898106874769,25.28513724116967,36.241737161407315,31.566112837693055
487.27274504464623,25.475462621394264,36.4774843978702,31.18546207724387
486.33241325403577,25.901988554815173,36.228661694455226,31.39715335271999
486.1988376860469,26.01885106981936,36.49581283043295,31.163428322711617
485.112329353123,25.186874777217138,36.539484976048584,30.698036387683906
484.55016741997485,24.27913128437099,36.60594971040979,30.39780510950612
483.88541395725133,23.08703258471979,36.881412300921724,30.673913838938184
482.5330932241748,20.485415591188847,37.460573784750835,30.563447870190274
482.05906559974625,18.83888944481191,37.33876209175519,30.646899337385477
480.97847639269895,17.625601620121643,37.36125464488134,30.934789125797664
477.921527799389,13.653501943602858,37.0291285697133,31.35862800674939
478.1494639620526,12.733665123368858,36.57325624438608,32.12225505255132
477.8407396189494,11.140103163810998,36.109453709908536,33.14687653029887
480.14231671589727,9.796393781148353,35.86790500654304,33.65349255035902
480.8703231408399,11.166248169097386,35.50657845976451,34.19784268378085
483.7992084369469,14.126722256440353,35.13710310800873,33.76518974955324
485.4141660014236,15.458623725661013,35.16225309335042,33.2714302206419
486.33751800238855,15.213566874459772,35.470734999205554,32.68395096915186
487.32307147240454,13.382894769428553,35.64578367624348,32.052983945074516
489.0265957219092,10.908893461179929,35.43597594175998,31.672251954028667
490.24311875138545,9.462458424846586,35.1157436445809,31.395901384035223
491.3758630525791,8.51496991818825,34.944290779909295,31.196842659636154
493.1140913856939,8.634016196466096,34.591357936335825,30.95875010308046
493.65892040092353,6.322832386079094,34.53358871781144,30.421673664180215
494.8216978521172,6.504148272878968,34.252843791695504,30.059041890580467
494.80057104621164,6.7246025503773,34.295097403506645,29.618133335583803
495.248449500054,6.477347019823444,34.40517412997475,29.106810762538586
495.3258584679113,6.540105635698556,34.25035619426015,28.981293530788363
495.8366744954589,5.667392034288898,34.22363346721915,28.736902077499288
495.78685487672635,3.7189850367458526,34.32327270468431,28.671464789986715
496.3566273663244,3.41534463715041,34.17477215769697,28.28770115696882
497.4636365015114,2.597249987897971,33.92589019951457,27.958754143282064
497.59694230722124,2.767675848217765,33.659278588094885,27.617902422642477
499.512491676731,2.493638287138767,33.6834669413163,27.202155771740255
497.09830815569705,2.1898975694453764,33.7244860217738,26.852167614804998
499.5336085551596,2.461431142346667,33.61602053858879,26.309100469002416
499.56721554527815,2.1887544276379973,33.54880655835176,25.912506702871568
499.6413779899035,2.3427961238457353,33.40048166910109,25.60442331045609
503.5620322900985,2.348903674909888,32.97662274799288,25.592208208327786
502.7415513906988,2.409440020558103,32.776566095161684,25.471135517031357
504.67770414220377,2.4754492901121345,32.56618549561677,25.339116977923293
507.4184293032957,2.084611195474599,32.54543841371165,25.210675960485233
508.35364732666824,2.1797939646426467,32.49042163026025,25.020310422149137
508.4927944005889,0.926083744052395,32.212127482418936,24.81642456684532
510.98747466932406,0.5259322672532516,31.70375415177808,24.720530079077704
511.14862554896735,0.7348507888062645,31.381452392491468,24.30269303597168
511.8300334688846,0.9272414437986498,30.893779026177313,23.917911725986908
512.6203542459284,1.0340884234529266,30.174564261247838,23.704217766678354
513.6648141438997,1.632233995624711,29.779552045742793,23.354880412553538
514.7760910650785,1.1683375837623213,29.22746245073619,23.447441112602785
515.440344658596,1.2389505183478633,28.727231854829554,23.3062152434317
516.0112597192207,1.3898000289200798,28.403713571548156,23.00451622228727
516.8723486283103,1.1989609215342085,28.29845855311843,22.577733037184203
516.4909267573876,1.1273162706977953,28.261369692615713,21.921089736508815
517.2374829054331,1.037768332232611,28.34565036837325,21.311489127514868
517.0250757725988,1.229383762495175,27.9904263623324,20.92825826698974
515.5346647398959,1.3801244856021313,27.897794786532913,20.626776820775827
516.4753408677911,1.1532523297434025,27.540480073749848,20.31850236098955
514.315448946032,1.0287825561168802,27.35104542560551,19.81590549296548
514.7022575165902,1.2685026422271868,27.317841488010203,19.336465320744868
514.300481094425,1.0840929546151479,27.38937359335164,18.973263956979928
513.2852322735072,1.228449502826738,27.23855125869634,18.684550860556747
512.7359136292589,1.2919307334725438,26.89707826781593,18.557588399265136
512.1214795605899,0.9916844385969039,26.700339834561955,18.445277703720475
510.14257673217645,1.0305785635021767,26.410283673820338,18.36748945390993
510.1525834296161,1.1024500709079597,26.390270278941138,18.223746439098363
508.1018911346773,1.4576900731985045,26.29385028971802,18.212900531034034
507.79086489449617,1.3432490650419915,26.21790328484669,18.44178254734706
506.9791569933284,1.1827849268509354,26.44005555448171,18.762710823729172
504.8429483994122,1.4190072029987473,26.456773924350244,18.99954940776086
502.5194607359155,1.3240330753241025,26.823137297835583,19.18949766311015
502.0639853121797,2.197942309076165,27.011977025328772,19.608012555541592
499.0270863811747,2.299881641068067,27.2309371735911,20.13598860577625
498.2101918013854,4.259065632780942,27.377044518494344,20.68066606637634
497.7775441644069,3.6209811111615586,27.487364450128375,21.201859767292042
497.70896012131357,3.672696666135799,27.62453253631496,21.86358913676574
497.3348564701935,3.4432195029718944,27.594720607515256,22.32254346309355
497.08550649719734,3.26290489667997,28.09342055350749,22.683172675677397
496.98344449277624,3.4603496606297437,28.297544562349678,23.086778962952582
496.92674620257384,3.330766643033037,28.410941142754474,23.345944998145995
496.88247665134566,3.268650529768422,28.499480245210826,23.470177224675226
497.12236795847247,2.518546092817653,28.83715879160321,23.335463777284822
498.21485919713524,2.4707986326601254,29.1135960780747,23.430958697599877
498.5324418678381,2.0923150824488204,29.304693368826097,23.361663165865423
500.33956573239334,2.115180031371853,29.002726649880344,23.315933268019357
500.29081347756374,1.7511554680387817,29.100231159539522,23.22128417733074
502.85056828982954,1.8517925375830533,28.91667859101015,23.020010038242198
503.39958149374763,1.1095954319878878,28.635233849268406,22.871240917243917
503.934282874112,0.8112040682635531,28.375685920878148,22.65816881235408
506.8657055326861,0.9724411915035045,28.12978638231992,22.335694565874178
507.79641151731175,1.0856167426826335,27.85521717570764,22.10934346351592
509.12879570835753,1.141613829257242,27.54707380392255,21.997349290366703
509.5861080034724,1.205553829744435,27.411451661372944,21.869469289392317
510.0309267047181,1.2643162082885002,27.2966639434201,21.751944532304186
510.1881230592262,0.8971995095380318,26.982271234403957,21.71499375388675
510.140659551647,1.278933474079924,27.077198249562322,21.71728955386104
508.0950593610287,1.2031527030642923,27.332112312068826,21.868851095892303
506.4464295242252,1.7498003836614853,27.53487907181767,22.322802191627048
505.98438734173027,1.9255959760210963,27.67487640601972,22.755298037695677
503.116907665292,2.1665247894126267,27.85722088518297,23.06667110715738
502.2491521419923,2.327057761492169,27.99060505665543,23.546668600561738
501.91594788269157,2.6070632088174133,27.846157628487504,23.79751365268072
499.70254616355606,2.443060261480131,28.209655438947333,24.125519547355285
499.1051552852987,2.2077077233143534,28.580888848184934,24.59622462368684
498.88102371204906,2.808400148924447,29.029151994684216,25.06853356894707
497.90619497664176,3.910886450314873,29.27608733502108,25.417644161882606
496.94017470009845,3.87281946646703,29.486562659094858,25.493778129578292
496.8581155348029,4.575376788264304,29.65068098968595,25.819185795071228
495.43620171351625,6.078812158537122,29.87544839183669,26.304395375088966
495.8001606412074,6.7055362437085115,30.031805536436856,26.819497204711176
496.1296136950545,6.544520508489629,30.267838165800555,27.14152867514894
496.44112659401753,7.938414777816966,30.548561689705032,27.06498810198604
496.8965846217783,7.807258233967392,30.544530905249268,27.327301189685187
496.663532006835,8.59114880163861,31.01063613513587,27.58155064063608
496.53930270691484,9.414986968070165,31.25909473497616,27.778507242023426
497.37701641139506,12.620894605539384,31.442311308974034,27.871945907438523
498.2431881615323,12.561694588015264,31.577287077535836,27.990345942486762
498.6204847433973,12.92434430453885,31.76034159676865,28.202694192402316
499.46445299683637,12.381607247985535,31.960173445131627,28.344284127888308
500.3045286285108,12.350062389001721,32.17852139863058,28.407373845855936
500.1557309999441,12.407663105661983,32.4761166557639,28.29217241253541
499.56553728662857,13.32643717489246,32.70009038295889,28.367451672946775
499.47158138821055,13.289894131087951,32.88800217979491,28.44053776055579
498.9015369271053,13.230985034672088,33.06292242243826,28.55835595338752
497.9388215173401,14.633741181651622,33.048822417488026,28.662139896149547
496.42014957719044,16.65704232916671,33.17252982786644,28.500386227680544
494.2621300942835,18.079772904215957,33.606448678062655,28.56651516429534
493.8996764466432,20.899967240439793,33.35305874864531,28.795909840035595
492.36095861675074,21.299717972651365,33.49629670464825,28.974474276873142
489.40633617690463,21.270129212270476,33.50665862189093,29.033651797634917
488.49213063182293,22.19834154366341,33.366556079358034,29.14574076754535
486.04804867297355,22.613941019044248,33.33529770288857,29.298426275617317
483.98341318585796,25.54818705820268,33.521186475281496,29.345007500057847
481.07849853027795,25.569002134099186,33.39418051293126,29.303377348264835
480.15693658054187,26.13714212749551,33.26362929117427,29.153934922086776
477.72263410959306,25.674960512865745,33.22012940980032,29.09587718669197
475.2704854796488,25.796804410876973,33.220341796125965,28.852189390669505
472.71105130205046,25.26384751889585,33.45463574402693,28.941188293172615
473.08651299383314,24.836485373913206,33.6856808682258,28.81394407537366
470.9727353119518,25.872654919566244,33.97924322533972,28.708601487391974
470.40177982104746,25.592682672208603,34.13481676820204,29.268545982107256
470.32049759348826,25.980640324930526,34.29738122332049,29.49037334063645
469.33085884945694,27.89328522842916,34.269022276190114,29.680356404025325
470.4158218884178,29.880818428168354,34.11195314812613,29.731003904262366
470.39884679829584,29.802779427322527,34.14590332837001,29.887081905954016
471.5156200133243,32.89827431439982,33.92802835553037,29.743106503451443
475.0378407266879,35.78694432356057,33.898660927260934,29.978687055236634
476.02201394689774,35.12353103071101,33.94125216164286,30.300044803534938
476.9968030127154,35.51420854559839,34.01420926633973,30.529957391926295
478.0276469286289,36.03488819166197,33.984667932798004,30.50467134894177
482.51320253385137,38.554455095338,34.15045046506966,30.54158962087671
483.5835597682648,38.298205625969416,34.04648780866345,31.054088559613877
486.6423045107629,39.3832088892457,34.07860908890607,30.933952288140944
489.56612069378775,40.98481108829175,34.37209910580597,30.801309081523645
489.4510956079081,40.967472677870155,34.602149277565324,30.83598590236683
489.7710857570461,40.96799561672279,34.992264023403884,30.83494002466157
492.33354948499965,40.931911590576334,35.04799612129398,30.907108076954465
492.86561186289975,42.3568439063921,35.02202252755608,31.171696931509665
493.7625981852516,43.39889830436239,35.312009506225564,31.171547758942292
493.78102951083724,46.63226908939395,35.27514685505419,30.983670787109702
493.6307829455915,46.44367130556551,35.575639985545784,31.360866354766586
492.5099791259331,45.263924031438506,35.71005630845271,31.61316958661085
492.6192187409454,49.00016730467776,35.491577078428165,31.558704817239036
491.4221040361112,48.17847322078483,35.774894989317524,32.14663723563537
489.2440285609098,46.79228308953834,35.854050604329686,32.78051983043301
488.6585024936975,46.308456393568974,35.9445143329085,33.74817322237173
486.88644781032497,45.524520416749525,36.196464570463775,34.218658799614026
485.5613678627959,44.16063431592181,36.62904402452985,34.7288505602775
485.51107098403446,42.58625906451707,36.72963778205278,35.63030754310651
483.72209384964145,46.08260309117364,36.88911058966485,35.47458241214133
483.7700879423095,46.51441454780228,36.79312240432874,35.7504907840932
483.0027201260423,47.10472945211896,37.18546843034362,35.71225058197938
482.9239338939827,49.406800301196974,37.34304089446276,35.6998567461567
481.7148863795746,51.53976890842015,37.460717755425236,34.88454678349096
482.3466407068106,52.290654615683195,37.33632400873836,34.52189027674996
481.3453606536129,57.50127899809471,37.07606729531309,34.28331720111983
482.0410660450253,58.07724622078339,36.80821117251812,34.25493741577226
482.68797109414066,61.61798080716529,36.633325174841815,33.88701284633551
483.8510306422169,61.79100573526039,36.52789797978244,33.5409629901453
485.57149364776035,61.32008786523032,36.39655983016806,33.37960277638131
486.7831599984748,61.19153547472624,36.170387914110975,33.63670755738949
487.3375879629993,62.17944682671509,36.16067528253322,33.85917144835444
487.3313841347501,62.78604331661549,36.17308293903158,33.748504295132996
487.28790751932013,63.41594958843935,36.26003616989152,33.589653597231205
487.31003535552446,63.43444914102882,36.21578049748287,33.55265449205225
486.77152037238744,63.95819184081978,36.19429507662533,33.603684479602045
486.5761289547637,67.83753742589461,36.58507791187279,33.53793371965071
485.86060762034293,70.24322397300602,36.91208186811778,33.142715475814285
485.7812404599077,72.51155010923247,37.070816188988275,33.01736657046139
484.3041828437293,75.81179046873599,36.71506338434171,33.03662192546097
483.2527546521485,75.767899153949,36.621780154965236,33.12440455503493
481.00672606332773,76.3212776501374,36.72175798961687,33.11566739840559
478.3263764860661,80.0770229367428,36.5852802763886,33.30022444004698
478.42504754153856,80.10110525788825,36.387938165443785,33.25205979775606
476.7986689577655,80.09406084792798,36.3514507009833,33.266148617676606
475.8117351961973,80.640693157541,36.13317631933157,33.26895495084463
474.85386415156023,80.71220489984385,35.86348993872723,33.12593146623892
474.89588016511425,80.22816202068461,35.779457911619104,33.007783500312215
474.3358789505057,80.72844791529145,35.81641656195636,33.09025548997854
473.10510471650406,80.6619185912146,36.108100815399354,33.22331413813227
472.47322466404376,83.88255491610363,36.28026392316627,33.33162347127656
471.96607375853904,86.08450345917902,36.19856143145607,33.311743596004206
471.45868009844736,86.67418702325817,36.118934311739636,33.2267909077457
471.3838551630774,90.02382032965549,36.268584182479614,33.07845148155377
471.3754568926672,90.66672322730815,36.28538072329991,32.88443606423162
471.372412760102,94.55768954254596,36.291468988430324,32.725218076652
472.408939315885,94.62380711483281,36.391444181488026,32.59298293207829
475.7424596316283,97.85448091309428,36.240146354860954,32.647378140414915
476.25923124102115,98.00275755568819,36.29107712511502,32.35082485522707
476.857900211885,99.17411312198618,36.174268685108636,32.169172726073455
477.2996098558663,98.50027818879919,36.36666194101807,32.44103004857536
477.8869726333413,97.48352754804779,36.27508111894922,33.39138659719705
477.8715101212053,100.29573957262103,36.30600614322119,33.25133621511048
477.19508597506206,101.9972140626551,36.56372732081988,33.13376857910584
476.66737222580514,105.51397541250486,36.521888783431805,32.68384209481801
476.16661907609927,106.57892577407299,36.43396013452648,32.73281126831587
475.78376119324673,108.13980721847366,36.11082533837739,32.877600065077004
471.9813221165947,110.66687038149149,36.11276850331649,33.25414158787348
470.96624722829006,114.99653033070689,35.95859755738431,33.33210457960824
467.02302719712037,115.56301346742748,36.20806449198537,33.290134467272544
462.7465112428269,118.35832782349217,36.00734731616165,33.17059893289984
460.01320284367915,117.2293334897302,36.028026786486066,33.25021266923542
456.7354789198596,114.52357307370619,36.0388149034901,33.207850392420866
452.7881010881374,114.5360092908337,36.30167486399549,33.18297795816586
453.8396447506562,113.3954968191178,36.38652938030467,33.27606106025088
452.7543651335909,112.7404525301659,36.36353813293383,33.489374397404006
453.22110815784333,112.35537116166455,36.529865130804275,33.15972408803145
453.10810724573224,112.85796766328522,36.75586695502651,33.25168406155804
452.4397308796299,114.02064231395654,36.990483897783044,33.13060633911149
450.24228902187764,114.54096327883896,36.96996437500776,33.193815218916626
449.7252020458912,118.44286760697294,36.89959704524263,33.121795534814716
449.2899316298174,118.23050511980657,36.66784007580848,33.54652050914744
451.5373680526191,120.32373496660391,36.594826379308145,33.781919964655934
451.42130648701124,120.18135306611029,36.82694951052398,34.06668376564316
451.8458645286895,119.55741382341533,37.09405701814425,34.19833866005634
454.0377624417189,121.6013298663691,37.200194550166756,34.60043993223013
455.50338789070673,124.4715119627685,37.660543669884625,34.512742435587334
457.73832596208103,123.08030607511726,37.73593510796144,35.02252042047715
460.08248365309464,123.62607208829303,37.630032661387695,35.076591627988975
465.1065547564079,122.25461109323577,37.8851774624421,35.52989428306332
466.2788854788035,122.71128990559565,37.85250423624236,35.77253076763926
469.67996419221,125.30792033861349,38.00634896665102,35.21660467308463
474.1303069823808,122.34929141673679,38.32892845922318,35.3693218462669
475.3261228280581,121.78019711609255,38.25803352882648,35.34714206707645
478.663081160008,124.36845638920951,38.53757681055819,34.80626348459697
483.1368458612107,124.5556302426333,38.82722636648494,34.431915777749396
486.54505276692794,127.63007606998656,38.92982090277195,34.04886441281066
488.1721816298167,129.54413974574453,39.12144670064795,33.666620584948305
492.3284983421485,129.75086691019607,38.827059779569694,33.253166256045205
493.0354684315636,128.57627264574967,38.54739248130979,33.33380902379774
493.64046148036823,127.66047509804443,38.468649185915005,34.03416131699363
495.0250184620838,129.95803116841114,37.982020238590266,34.00401920847299
493.8823611839177,129.88173101284414,38.00092358875379,34.156619519606956
494.4557797961637,130.55470487630987,37.99002238258795,33.94660781100186
492.21534173480285,128.97288596078232,37.941247132223936,34.84541995551404
491.1198924523548,132.15879997837584,37.84017070759488,34.203529394139906
489.23415042805186,128.9968463221758,38.20909963685223,34.85651150762569
485.2668629985467,129.9137359398373,38.091317691481706,35.323405644982955
481.7933095456928,132.46552564046036,38.10283301692729,34.8435539639115
479.57425847288306,131.48990267900274,37.94703396929181,35.646324588512975
473.771055703495,133.70961906700285,37.9653501727355,35.84212754664574
470.3144780902342,131.69822796633855,37.9052919374478,36.37830301706974
467.4394252987596,126.54261050385165,37.8066045114651,37.3314691277525
462.771986631172,127.2422385114798,37.67531516019845,38.29875478410661
458.6915633471964,126.92900678571706,37.46113789878365,38.925218235632094
455.5317494509095,127.99501427915595,37.76636818419134,39.198962251620756
452.5005192603085,126.67888778112297,37.76882878860747,39.40721533697241
451.7613040815985,125.26480432633342,38.0319568421484,39.80477763879306
450.34303214281306,128.1063432800142,38.41710900116113,39.02448316854756
447.83978420352724,125.30285193739492,38.54543185842848,39.75329283248183
448.5267712830493,127.62083104758042,38.40447180254076,40.04939102473652
449.1425968440489,129.1185183728222,38.40824669063964,39.52486839444906
449.8900008665897,132.435518240469,38.140700302204905,39.02717694238898
450.3511752343807,132.32931413375007,38.433573681485015,38.02436304096459
446.6710249700844,122.33706308903571,38.56952810410779,37.53988449681216
448.6117482222671,123.3880888411127,38.2837196183411,37.83492500505737
452.16223322312294,125.74499782912234,38.37503124135937,37.915961445524694
447.74016820967887,125.80644065060696,38.80916864279825,37.793075802555464
447.9415515715517,126.78169894949079,38.4064019190526,38.25517525762131
447.9470824500797,127.24145791094386,38.395340161996586,38.542925679391644
452.7580117975134,125.80317106023973,38.46648687858805,38.9962480279352
454.65135584879323,125.84794096852164,38.339434147580604,40.12658666855544
455.60771528049156,126.77382222235062,38.89792575971896,40.746034636432505
458.62513554783817,126.48737980688662,39.133841101379666,41.31891946736051
459.14689710752486,125.5333653737777,39.35717376072809,41.96009255485657
462.8318842818934,126.78693546707584,39.6697365056033,42.01379806613102
467.76838979997683,127.68179182134375,40.08650508971248,41.510307810129675
468.30400450954784,125.8219381856505,40.30021594309892,41.37519426393076
469.40390525406315,125.78366958811047,40.672812615794115,41.4517314590108
469.9075245325184,125.90112809657677,40.9588594227016,41.21681444207822
470.5867753682202,125.14621300272317,40.89446125755674,41.432541123526704
470.4940226523682,125.45540841748738,41.07996668926069,40.814150293998296
468.0029076437641,124.90762426261547,40.90351896580638,40.62004916857645
468.1209847788372,123.57233324598508,40.66736469566009,40.72296364511719
464.45536436546865,123.62451272376312,40.30818124587274,40.618604689561124
463.831489192348,123.5390686222017,40.281496362305155,40.78949289268396
460.9582558559826,124.07580975313658,39.64445190422825,40.99271285697573
455.13373137308315,122.94455861186802,39.86501076802703,40.71555067240172
452.2395032893185,122.38178220537844,39.30862920047022,40.57213593836366
447.71829185510484,122.4186203800994,39.545573825262494,40.49845958892175
446.5884733156151,122.25759332338532,39.28418364610914,40.8205137023499
442.79542249724534,120.27622708034524,39.30168552541,40.99894630971076
441.60415946500643,118.26607629780709,39.15519907094114,41.22572909636702
438.91545689927364,117.80030196055812,39.46965862443117,40.89154137637112
437.58867828786424,115.7742447101773,39.59225348023497,41.14721232661013
436.92919390073433,114.09432334384508,39.63979355595786,40.69276896366404
436.7207784307288,115.58511119567291,40.05662449596898,40.24129836992718
436.61817617278786,114.25134465317953,40.261829011850885,40.3797646903343
437.9236762693029,114.96579987273184,40.190720854806614,40.22080026922262
439.18012750804394,112.87212004047012,40.210464667641446,40.60919049827084
439.8164823939126,113.81187964689616,40.21050149866043,40.00241788817516
444.27272988232045,113.18306142830096,40.140368149942894,39.99685980706584
447.52901867171073,113.38704479075906,39.93780599108155,39.588893082149646
448.1905265795164,114.30208771689837,39.86717612384541,39.011193178246245
451.8740823763953,113.97453952837301,39.95302908060322,38.42412879687772
453.1395693289888,114.37418111868013,39.89050965616397,37.62484561626347
453.7250399948762,112.2421810015639,39.94015221512227,37.0065102875636
458.00189868629695,111.53564019759357,39.867202745400206,37.20805362220151
458.74021566735763,113.18147479665535,39.60417173928104,36.343590336082286
461.220771964914,114.72254642705644,39.426067786158534,35.65295139627523
463.21963789884126,112.48383120498431,38.97425622067818,35.40248810392056
464.42630983190355,112.11884327852457,38.9028115833261,34.96151434245384
465.7412954718875,108.0901034848055,38.59844765712098,34.87936819172195
465.7744000358087,105.84882986231754,38.53223852927866,34.73487405526038
465.8774753519781,105.91600919163389,38.32608789693986,34.6005153966277
465.3218865700187,104.61199451428266,38.289189735570396,34.91239330075378
465.3863752847015,104.8231917924595,38.16021230620483,34.48999874440012
464.9055205610228,104.2653844850236,37.978188990915406,34.461880596625086
461.51622462595464,100.51486132488476,37.914066136540505,33.97975973830638
460.3944056980382,100.74152901709924,37.89417932181106,33.52642435387741
459.47700375633207,100.22277764665826,37.480567239967925,33.43971911213169
455.67681208249104,98.99690964600978,37.266139462474236,33.658651934807
455.35797220560113,99.50944237417222,36.78725462603004,33.75015106870614
452.66265537934413,100.508839325749,36.625049076441215,33.97249284639375
449.93455012560605,99.8847629790241,36.52337904958571,34.1090694329772
448.2398613214796,99.33689932979323,36.57627797141294,34.092637169297056
447.13674591683116,97.7364063042369,36.55705985365994,33.95544982983466
443.83194475870096,93.4669492462873,36.50519664609685,33.61240991396913
443.84247625171696,92.9412403691226,36.48413366006478,33.55984834868495
443.35172425621704,89.1087890522266,36.36282317078489,33.505049620518754
443.35008707109876,89.6723757846074,36.36609754102138,33.477927494152496
443.7741630648136,89.10907369279005,36.617616334570506,33.50486089680847
444.86046472823296,89.26528575246745,36.653050900593286,33.192436777453686
445.9529089723928,89.36408653450674,36.667345140874076,32.9948352133751
446.03587922486383,88.7309443378906,36.501404635931976,33.16445858555027
449.92731421945575,86.72717740862836,36.39603330475448,32.78485035378544
451.55626217010246,86.29010445728275,36.40541222528318,32.569904649202655
454.80206966690696,85.6960812906628,36.42863045432857,32.672145445333484
455.30482036595885,84.54496278399971,36.51092818589043,32.79878419932848
457.50137779309694,84.61758549715476,36.48221368990003,32.65353877301837
460.2199543177346,84.50046906251552,36.48673338197926,32.887771642296855
461.31192144186144,84.67287800888263,36.48708773362897,32.54295374956262
462.5282993693838,82.49952040863406,36.22761901209253,32.54309468304332
463.1406652592813,82.4071122234333,36.08550193426139,32.727911053444856
463.7298784354188,81.71560846967219,35.99042883721961,33.027565305733916
463.78639777841613,79.44533378371537,35.877390151225,33.221526125298624
463.8190982978817,78.9439468923031,35.811989112293844,33.13632896159151
463.78382377539566,76.38007275494851,35.88253815726586,32.83609789435917
463.2249701453286,77.08219168945429,35.91832806153838,32.51377738120923
462.17932311196665,76.61026166661023,35.854947174416694,32.3802999499745
460.70670804462344,77.81117406514346,35.57750990505215,32.126920088942015
459.7470336741182,78.34106350588408,35.36512813278101,32.13300646410154
458.97522908447485,79.48317406436152,34.7834212265868,31.974101432627617
458.31794375368514,79.08073380615905,33.995858245886666,31.72791512789275
456.10267064179953,77.61539582772903,33.25207454044712,31.553993127226295
448.52953804922777,63.01891473214448,33.09113365937248,32.17350399478838
448.0338082854778,62.321099499236894,33.05482901546264,32.541370289193644
451.52522076610444,64.87562132671971,33.30302576094256,32.59734213903751
449.78189424837836,65.25085503496557,33.6763202150283,32.884660916334575
449.6052452345486,65.77838831970789,34.029618242687874,32.87778023892528
448.3006754380805,66.32233094486246,34.53151626819444,32.84351577233098
447.65147223178417,66.03544994331607,34.76898180708591,32.356336901722585
447.1742275357945,66.57028554441573,34.6665502809059,32.343586617682554
446.5097971746997,65.76997329515756,34.9402917873101,31.8339726846282
448.0592283880257,65.40888360144845,34.995265529020585,31.50487334925893
449.12348857658424,64.98720559513849,34.96051633020892,31.301343772726177
450.17862515268183,64.46913828313248,34.93643519434316,31.294382388573432
453.2463052213849,67.2222926369345,35.05673913416989,31.00112707866343
455.9231752167601,68.27342140653045,34.90195462931999,30.978451733831733
458.00240038929377,67.86769324872934,34.89161086023878,30.752881405437442
461.21135057560156,64.88880320401663,34.67325697812908,30.511115004356945
461.1499951863352,63.47599465644357,34.79596775666174,30.25872532180973
463.6994513152664,58.83663539706825,34.81635666206245,30.322701746686985
465.14075670068127,58.905135051257865,35.0093504838034,30.185702438307754
465.18708734293136,59.34744390102192,34.91668919930312,30.327075702119068
465.64444099501725,56.711343814906726,35.0288070133592,30.465150283210995
466.1762489090856,57.1262770198227,34.99596591667888,30.66605860483547
464.41926699307106,57.301147438333444,35.40947348299706,30.316317767813977
463.0554493878383,57.48832168781692,36.068559448716925,29.94196926884703
464.25408463745697,56.80959424953486,36.78653678552912,30.261008200061255
466.2211113220506,57.65059815135485,37.07094699173053,30.68823218411559
465.06132815368693,59.79842683242602,37.25873432568467,30.656132827519777
465.02536666947094,59.92252335898912,37.330657294116705,30.407939774393572
466.494071046071,63.93557045315835,37.5893164314607,29.839337330658054
467.0157169220251,63.78865170733954,37.60613834473777,30.13317482229568
466.5232996757766,65.3513872706964,37.525836096893244,30.203113916606174
464.49572074840194,65.41797885587341,37.320841964444526,30.069930746252165
461.57879043785164,64.90382043673435,36.79629170581977,30.038512437909375
458.56194444541234,65.22718106537215,36.522959609067435,29.39179118063379
458.31959363377064,65.48692718375713,35.97115348421066,28.872298943863818
455.5911553126121,67.18136626578413,35.31027568053584,28.542298002805737
459.34478256537056,56.79202218019752,34.83199568106632,29.238201870986266
455.6509711504115,59.316041788355975,34.155477271941635,30.23826858395143
455.37061629475323,57.870797388992415,33.702581432939006,31.101546282040125
453.6421221755178,58.29582609608207,34.09857392071349,31.271820784759626
453.177291026247,57.22951703107716,33.999021832220016,31.346010140699416
453.73862802177985,53.003845176619194,33.90519140861847,31.566605309902148
454.64887597271223,45.80365787926611,34.146470448349746,31.53455531343612
455.7104474343363,42.739823969586126,34.091612283687056,31.457368857040052
456.72308025581077,40.805794530491056,34.130464652673055,31.197191711360343
458.3037397659561,38.27110599705311,34.0547137088229,31.123955317502137
458.6898701015417,37.44104585159734,34.3086293250993,30.731723033518357
458.6546092982365,37.03212516084332,34.37915093170973,30.52569420037539
459.7655209549353,33.38817923906532,34.20067378987405,30.661874443464775
461.1705013884062,32.91006370343655,34.453944882980565,30.597028194706247
462.51845785640006,31.38616090632031,34.82995550089458,30.572910235036908
462.5424090125194,31.280602574466485,34.78205318865591,30.784026898744557
463.6296150863576,31.14375763620611,34.671754411694856,31.05771677526531
466.3012551360564,32.98662041487698,34.50206702319696,31.510865386643204
465.8668099488823,30.665463693683474,34.33165050092838,31.995951242563102
466.45419086078095,33.31410865450229,34.2012559150876,31.9204975107082
467.6350601991723,32.20830714389345,33.9217823983031,32.04983537192768
468.6520968645438,32.3916752409928,33.96534616568804,31.683099177728984
471.2684226645514,31.63234523666975,33.90108251030102,31.134404008523802
472.28222253153325,31.43004258966415,33.92138112830658,30.51506012655036
475.442487057146,31.058991203916488,33.68720754137262,30.242770320663773
477.9084046879716,30.210521857175884,33.7874018945127,29.926897168228507
481.5833438690967,29.879682927813903,33.45792312339429,29.58566079964791
482.7327153182982,29.57127484863168,33.14386830854497,29.21013291623559
485.7799745945121,29.958171316049494,32.93813455848593,29.417804115128103
486.58777273492154,32.21620683728993,33.28572224642605,28.82810101016527
487.5296675945556,33.70286848346453,33.357013551545705,28.787399254397663
489.42532438729705,34.90668260856849,33.47766197478336,28.33575200855006
488.83808021221364,36.12979953676842,33.67955308050583,27.834712641038884
491.27990305140906,36.3169013006884,33.6340812073059,27.460509113198924
489.6834460248233,33.031028423420544,33.94432308645031,27.306019795004644
491.94703073327406,33.05777177599435,34.23292882451209,27.252533089857042
492.0062885975118,33.118558919036815,34.114413096036614,27.13095880377211
493.4717011548519,32.30995331169663,34.07236383368833,26.8223194502312
494.39284867101867,32.40299092033381,34.14461021484391,26.636244232956837
494.9232612854276,31.0014946501229,34.03913622143939,26.573183067138586
496.8559262095989,30.94799867632153,33.984657223824755,26.68017501474133
497.40078032637393,29.978284493865242,33.84856778420068,26.712365791802164
497.52871285258004,29.378068871164846,33.59270273178844,26.96073829169959
496.6387712427866,26.783761180515818,33.46825274869829,27.388520666305382
496.646763212363,26.76941557734596,33.45226880954561,27.4172118726451
494.88223342867354,26.220799049862432,33.15174478195576,27.55704902886999
493.4378805836006,26.754869408506014,33.175364899741304,27.44393683570295
489.1047905102596,24.981410439536145,33.2594388528266,27.1765853542664
486.6974957533626,25.476372947203075,33.32131606759177,27.13720279873833
483.3003034386232,25.40997334090457,33.45970407953003,27.270002011335336
482.37851639404727,25.47435072558038,33.393016866041755,27.14124724198372
477.5401015531635,22.619567661519195,33.549609919667475,27.13867139322094
475.25986835717566,20.716918451869116,33.338141822684904,27.12642222135448
473.96504406065736,17.670988800029157,33.074967930265046,27.512636554121563
470.2722790336774,15.546064231288673,32.83546004989749,27.94996672443879
465.3990412572622,10.29489077817436,33.017160112812746,27.931060591760705
464.34221918179344,8.729904013791613,33.21284698736231,28.18409820594432
461.34781970569077,6.7339883145020245,33.405226572427395,28.311650026429994
459.71211983189994,6.530403917095331,33.76335198549636,28.71881882124338
460.2299090802266,6.1169648703891895,33.710942636836265,28.562527766662328
460.7051454219826,5.21698640227455,33.740316291327126,28.402792026886026
460.05047581414624,5.319424105172999,34.071926746197775,28.197916621089128
459.893819101466,5.019584285980592,34.385240171558166,27.81806016889042
459.4083284941929,5.497741130441833,34.378007642042746,27.839960224029614
458.0505971199518,5.980101473626883,34.15809894865709,27.85369668494877
457.4594804372543,6.828567980381443,34.3650311010899,28.10736609736407
455.58157788326895,6.576333204538814,34.19050571095008,28.61183564904933
459.2984112022501,6.316672163360156,33.67310003646111,29.131157731406645
458.5255882776497,4.437168996563216,33.241952634118014,28.93657756191252
459.12955389997467,1.3623775324612186,33.012623827971865,28.235943420589532
458.74805202725565,1.7554233639706425,32.811816804903756,27.449851757570684
458.96699449590227,2.128925790236538,32.37393186761046,26.702846905038893
458.5870814144551,2.0050651473230356,32.204487322714435,26.021297483075394
455.2604493437205,1.9187830805555368,32.44821522306508,25.278213582164888
453.6816927229807,2.1222692837147044,32.88375990865157,24.871241175846553
453.57956098715664,2.4073478974573543,33.08802338029971,24.301083948361253
454.32768967847863,1.796668254917396,33.3939923717177,23.7202168593792
453.79119869163327,2.488219985117718,33.57076918766072,23.233318556726182
454.04389110335154,2.511633190476598,33.95622597508589,23.186492146008423
453.4640181998715,2.096613621287581,34.22009099814415,23.120650500484665
452.95569089252945,2.997531799945799,34.33798112573129,23.116343117362234
449.5197994373407,1.8055452135789523,34.906490027838366,22.798913143694275
447.5239505950407,2.3380970750726586,35.28325998816313,22.637541351775678
445.58063443393814,2.8461978681016387,35.54314250971362,22.528027215881337
439.4648567584282,1.1201359438474352,35.96099524063174,22.345165642819936
436.1133299657886,2.0721913592844743,36.28056189165249,22.264908221734004
432.15940643113623,2.8819530203926327,35.95028483561589,22.476079149593527
432.6815038626656,2.7893623646154353,35.82005278974516,22.661260461147922
430.7939242438334,2.375662940407743,35.93473771888998,22.573540732433397
431.75953102142506,2.309934747178927,35.83425250189157,22.70499711889103
431.6418182305399,2.2970566251455278,36.069678083661856,22.730753362957827
429.8584245755576,2.6337029560833507,35.956404682456146,22.97747587887476
430.75894792331513,2.202028706197085,36.00025560579459,22.918375569220558
430.72514936044325,2.1413288334509186,36.06785273153833,23.03977531471289
430.72035598536115,2.1400474737591235,36.07743948170257,23.04233803409648
428.5362556654929,2.5978271554617276,35.81891401166268,23.05212389264655
429.1364920626003,2.588927135167868,35.54007804339778,23.069923933234268
426.58106543632437,2.9962496216190235,35.14440466716322,23.17303339846303
427.9955436929904,2.9928176086134606,35.05605162691344,23.179897424474156
427.0370674894451,2.238482521753566,35.14836096181634,22.863924526006286
425.1370999571948,3.5820801424991338,35.31451923753767,22.902061876099737
425.28526222720575,3.914352498870631,35.018194697515675,23.149089221053675
422.55821065839194,4.266837968207305,35.00485653248515,23.35535849949001
422.15424020599863,4.181013777138579,34.89832794741321,23.52700688162746
415.89403389669104,4.434281787592319,34.59870317370873,23.93618781731425
414.5055758618958,4.853021423183581,34.6216851725485,24.016686569715297
412.77320105742047,5.52210426130031,34.40781212037132,24.517832224045755
415.3704321819842,6.311796883921744,34.76148732666385,24.78782613060958
403.5238305451603,3.156318135280511,35.09243062974468,24.557350836133296
398.71017698807714,2.947655663945479,35.36277020499796,24.038979024912045
399.0382961045131,3.078953802497919,35.63773356160492,23.776382747807165
396.28016816460666,2.7390107174378624,35.56809551754095,23.525286597281145
393.5600561997426,2.4287266481562337,35.45375549378356,23.220094076930135
399.46582664236536,3.0040554743814205,35.58873031941776,22.988399171470515
392.59520570358904,3.459632408529883,35.57311973593147,22.99436880057618
394.02818278204575,3.9012860957463342,35.45813304375045,23.02805058105404
399.12902554268175,6.313237724959846,35.33054634843029,23.69911031860074
397.7177616178459,5.22009547968457,35.37783939153518,24.03523827144012
392.4813578674559,2.4422605006845544,35.605614127950616,24.002708539786802
391.01093184261833,2.5679680742975393,35.74369448361645,23.751293392560832
386.9045540193711,3.068891878412007,35.56702526786975,23.681604102358683
388.3435498778519,2.708031135951531,35.474065617248854,23.474981565166086
388.0163338413691,2.719141843719969,35.20498665659057,23.45276014962921
386.61483471000537,2.8449886342600745,35.25069289551261,23.201066568549
388.4180878695112,2.999068844065544,35.30657598171249,22.89290614893806
383.5226835165109,2.9191733321371043,35.07308232642447,23.05269717279494
385.88359034497336,1.6858828125040795,34.90356931619312,22.787897824044794
386.4660590886257,2.1752526480049106,34.642136349266764,22.712662673421303
387.45002766031723,2.177542660482752,34.470854259655155,22.70808264846562
384.31038384695375,2.5808987284920963,34.48038464687194,22.797050118091253
389.70379395487447,2.639705637385834,34.46120472249413,22.679436300303777
384.3563356454392,3.087665105547112,34.41542759949475,22.678575175803726
393.3306528620095,1.03242303486115,34.35391376154763,22.31727916837727
388.4361860947022,1.5608731892799614,34.38130475629188,22.147791817709674
383.5568930392692,2.000923755408852,34.40494474384542,22.152685787571205
388.7149502070359,2.098998864428868,34.71400286391177,21.956535569531173
386.43241286706035,2.595915577381591,34.845187405867854,21.849480171224734
388.81259247094397,2.5948081580601716,34.519558331935194,21.851695009867573
383.44847116214976,2.5847599636129157,34.6624252873184,21.871791398762085
392.79970573283964,1.2662016359342942,34.53629933226235,21.85514474178735
394.66628767853916,1.8250060536377823,34.332826609974354,21.61995869865813
393.0134095971876,1.8885704636447755,34.13681545722147,21.492829878644145
392.5208242782083,1.983512559239232,34.25160422652923,21.30294568745523
384.458420561317,1.9242402070569895,33.86705705668337,21.421490391819717
392.7018661921369,1.9413785058770525,33.81808041916676,21.38721379417959
394.5740197925544,1.9585266873917782,33.5291614307273,21.35291743115014
394.2530296558665,2.0493249907154905,33.312191263990584,21.171320824502715
394.0192953244962,1.6753765187699763,32.926994121915726,21.066551963578373
394.624947842873,1.8010742501608288,32.56083702000325,20.815156500796668
394.2772475607093,1.858015096076274,32.42077424519525,20.701274808965778
381.4364365749599,1.8205341242029185,32.32705647716863,20.77623675271249
382.0784479194305,1.8509204956841732,32.70565734341774,20.71546400974998
381.9420046808069,1.8878051772726696,32.97854382066495,20.641694646572986
379.7600441448087,2.370135950104185,33.14842932407913,20.515840214626394
379.5566991588266,2.716604938653978,32.71588687639987,20.662134657170412
379.1300047632147,2.6823426017606984,32.73405228307239,20.73065933095697
377.1312064380964,3.45324386085964,32.548437706479504,20.862141303490873
377.2228061001586,1.7625598772441684,32.365238382355024,20.899257617074312
393.1248901937908,2.2062063104331067,32.25071791306214,20.84590284853779
394.66660046044024,1.1394127140408035,32.492621631051065,20.485496852856517
394.29827948742195,1.1972381214255279,32.400336760734305,20.36984603808707
393.7803567199401,0.976997101346706,32.610572460971326,19.984718243517985
393.76527140568646,1.0649090345005376,32.64074308947855,19.808894377210322
394.39275333696,1.1568103390111197,32.2055547081178,19.625091768189158
397.3787939188115,1.1798255634206782,31.904855403252625,19.57906131937004
397.1163282896167,1.251710171497443,31.624846187828044,19.43529210321651
395.6540000057497,1.723540571140262,31.356111716144895,19.28997906378517
397.1046095570128,1.7080738698122335,30.83058417022049,19.32091246644123
395.31856231698373,1.7383926570208885,30.479826556626662,19.26027489202392
394.341586227308,1.7362518063311594,30.098845717844718,19.264556593403377
395.51473851813546,1.8163581073965975,30.07058505710062,19.1043439912725
392.99368496442037,1.8120288042329076,29.725637398908034,19.11300259759988
388.48807729480546,1.9083043644894442,29.56214056942742,18.920451477086807
388.4005985907974,1.934290187023942,29.73709797744354,18.86847983201781
384.5748959244008,1.9266175476653,29.78207289925599,18.883825110735096
381.835199270689,1.96549355006705,29.930457312558495,18.806073105931596
379.16061848686485,2.0164225829791853,29.942191662306183,18.704215040107325
376.23408945901656,2.3512650219224085,29.707589689356467,18.795487665801662
374.1917279434948,2.342267238846743,29.238432891432268,18.813483231952993
373.6086065483639,2.312619460528241,28.900160230654222,18.872778788589997
372.2261602617878,1.554259104385297,28.672352248685435,18.893149223315366
372.20143836847893,1.5855400509055393,28.721796035303164,18.83058733027488
371.5306411603108,1.5628619687783427,28.57379975691652,18.875943494529274
372.95484356011065,1.5630686143633596,28.69870740148086,18.87553020335924
373.33811541185736,1.5148964650092136,28.67736087803736,18.971874502067532
374.0677641817586,1.4968525244562905,28.711023407892768,19.00796238317338
377.42360113308325,1.4747325244820537,28.727624865710922,19.052202383121852
378.8177414865847,1.4936281796590656,28.933629954829037,19.014411072767828
382.1537354469526,1.5028383641456244,29.020974716909958,18.99599070379471
385.0741949297121,1.874278972625218,29.196386042176965,19.005150773183775
388.07605017708056,1.8636691845329274,29.231282019431152,19.026370349368356
392.518901405927,2.225732821763799,29.414016158813016,19.05794612466284
395.16716771130996,2.149472677903063,29.430273655274924,19.210466412384314
398.2409787063385,2.114055128443237,29.37670993558956,19.281301511303965
402.79876666403305,2.1282646899621174,29.40673707821066,19.252882388266205
403.17843316783774,2.1222484406757864,29.4095149803214,19.264914886838866
408.44175531458137,2.1317189051440746,29.55581356599575,19.24597395790229
413.4124817754192,3.834784190094929,29.54938389573692,19.661006177007046
414.38533219568495,3.4901113141493614,29.916819483002353,19.579306452965913
414.92956381019957,3.374419645711084,30.37876589106505,19.810689789842467
418.82148509384956,3.1729638309346164,30.454848359145167,20.213601419395403
421.8676031594533,3.5547972915219628,30.713357055548755,20.243777601672097
422.017384814009,3.9102432645579075,31.212022697608692,20.331114606771585
429.3115079173992,6.270373362125554,31.15281214971999,21.261034945649726
427.0991036838753,4.498456331067173,31.468961347315762,21.51794159220478
429.5810574672276,2.7647971535500275,31.489568772735645,21.66224995248938
433.5829159464132,3.608165960490611,31.820372748196842,21.642416525374692
445.72386522224224,8.728767865944242,31.84368708820955,22.296652976250876
443.1383478195886,5.604652823310319,31.919021993571693,22.599899844916056
444.9378152189845,3.694344123362182,31.74178406761845,22.99882037197378
448.3529159542903,3.90208484742697,31.786011081435106,23.442642484397748
451.585916480419,4.308804507029759,31.390815098789147,24.36371889936683
452.6213210012505,4.441438491564462,31.07256401613703,24.974729909802882
452.3112286895377,4.939133959844286,30.81142102609522,25.741994200178073
454.7339735182242,7.0150881962023615,31.304191272561894,26.038635647328324
455.76569524573154,5.50323582555551,31.947000845058625,26.356087361110674
452.49988892926564,2.5702601060064385,32.97599620579487,25.80231864931408
458.28405165460435,3.240319666197882,33.41860058989662,25.386117208529594
459.4523554939344,3.8895789868453647,33.85368142847792,25.011494739648413
466.5291225764591,3.3974709892382737,33.56603325339297,25.07131833553163
470.0121514627481,3.3728736426497328,33.0469558623713,25.12051302870871
469.6384860229488,3.474769291121838,32.880392325705756,24.9167217317645
472.02068856474114,3.4534961628945737,32.65612818577115,24.95926798821903
472.4460628311429,2.2362657880608534,32.71068239666012,24.677820506808978
473.0814936037043,1.8662462336099175,32.341360726109635,24.51631974113852
472.0641809290382,1.9801061000540017,32.5894378698431,24.288600008250352
471.2829471028041,1.963117414120763,32.365247043996774,24.32257738011683
469.0155023810903,1.9817783026339058,32.4477733921066,24.285255603090544
466.1059019924577,1.963211471879374,32.02914300587627,24.322389264599607
462.6886720789107,2.068340165893419,31.78081493751376,24.112131876571517
458.90529263717184,1.7443207648733043,31.444401572269193,23.882040428753697
