372.0,120.0,35.0,50.0
372.2130336803365,120.25738425555824,34.57393263932707,49.48523148888353
372.5606255166684,120.51051792114238,33.87874896666324,48.97896415771524
372.80380021192394,120.61465217377136,33.39239957615208,48.77069565245727
372.9941438477537,119.93417368283974,33.0117123044926,48.84342407477687
373.22212671144507,120.11883921545535,32.55574657710986,48.474093009545626
373.39753120530753,120.80813338051021,32.20493758938496,48.365394386693126
373.4695889308647,120.96986467985742,32.06082213827064,48.04193178799871
373.57968783466333,121.06005807528874,31.84062433067333,47.861544997136086
373.5728561862377,121.14784144158196,31.854287627524613,47.68597826454963
373.4569322167562,121.19340900543291,32.08613556648766,47.59484313684774
373.5283635832543,121.09539573435868,31.943272833491392,47.790869678996216
373.48860687157367,121.02547102362556,32.0227862568527,47.930719100462454
373.41500005518617,121.10414111564482,32.169999889627654,47.77337891642392
373.4414241805771,121.13023447345637,32.11715163884581,47.72119220080083
373.5521351364943,121.18367360177339,31.89572972701135,47.61431394416677
373.56282439777146,121.08286389819806,31.874351204457106,47.81593335131745
373.52205331569246,121.00666712109864,31.95589336861505,47.96832690551627
373.62458925322795,121.02338993039251,31.750821493544084,47.934881286928544
373.56419262467523,120.89096814254155,31.871614750649492,48.19972486263046
373.5765933697245,120.97660695871926,31.846813260551045,48.02844723027506
373.6894724571685,121.62103789158938,31.62105508566304,47.99099373910982
373.7323409086919,120.99848824801751,31.53531818261611,47.98900357875054
373.78096513482603,121.14893114811088,31.438069730347962,47.68811777856382
373.76180528647836,121.74478173967674,31.476389427043294,47.73591148497473
373.74164037982024,121.75178763939851,31.51671924035955,47.72189968553117
375.00558517403493,121.82963962594599,31.471452102829147,47.56619571243625
375.08508813592846,121.86878870224074,31.312446179042126,47.487897559846736
374.9121030025314,121.30722919654768,31.658416445836213,47.37661971512492
374.32174904213645,121.8886410310111,31.600646918166497,47.45227349465766
374.23313171631406,120.57842778880253,31.777881569811207,47.59538982126829
374.2289929330595,119.18892795775686,31.78615913632042,47.886884779383394
374.34486060927304,118.27012629343507,31.5544237838933,48.476215885510804
374.37806524553105,117.6356504131512,31.488014511377337,48.491905646630215
374.3507641658547,117.62830018024893,31.542616670729995,48.50660611243475
374.4011769332014,118.10268201053589,31.441791136036564,48.811363386427956
374.37209860508733,118.64487847058106,31.49994779226475,48.98337752446302
374.3782336403805,118.68919734566364,31.48767772167848,48.89473977429786
374.4224472570353,120.74532746575275,31.399250488368835,48.55774728814136
374.42180301683663,121.00124286139388,31.40053896876612,48.04591649685908
374.4395132186967,121.65745182559067,31.365118565046007,47.97773977757408
373.8326105936608,121.67753444548228,31.33629591706365,47.93757453779084
373.68299177472204,121.7265579586982,31.63553355494112,47.83952751135902
373.7541127243745,121.86842331474955,31.493291655636163,47.5557967992563
373.81710831733255,121.7932314769028,31.36730046972012,47.70618047494981
373.7712024872769,121.8637823019327,31.459112129831404,47.565078824889994
373.82984754319364,122.0294394454541,31.34182201799792,47.2337645378472
373.86103796038316,122.0276350300926,31.279441183618964,47.23737336857022
373.91481710959783,121.40564497874608,31.171882885189603,47.251269270666086
373.8560128039805,121.83521315858765,31.289491496424287,47.62063624514318
373.84430951092816,122.57050421646139,31.312898082528896,47.386062104310454
373.90149137127656,123.08472691313509,31.198534361832074,47.59049143355655
373.63930790448245,123.04613263819962,31.722901295420364,47.667679983427504
373.4497326593563,123.2501081381675,32.10205178567262,47.259728983491726
373.49859548805773,123.23939350733009,32.004326128269824,47.281158245166544
373.4787119795697,123.25183840663051,32.044093145245824,47.256268446565706
373.45058316724163,123.24609669434147,32.10035076990196,47.267751871143794
373.5107580635299,123.30945296430761,31.980000977325375,47.14103933121153
373.51346910904533,124.0082037322931,31.97457888629461,46.983806481519444
373.4850635245682,123.94130181200464,32.03139005524889,47.11761032209638
373.4519647975216,124.04160068206725,32.097587509342034,46.91701258197114
373.5096988706116,123.50068800006522,31.982119363162028,46.75999693115186
373.52523219575613,123.45343500401005,31.951052712872986,46.85450292326224
373.59940431849196,123.44100884462387,31.802708467401366,46.87935524203458
372.97485804202455,123.29793277388286,31.81841334067039,47.16550738351659
372.7859772931341,123.90673359046266,32.19617483845121,47.185862944498425
372.7426831308326,124.06193104186528,32.28276316305437,46.87546804169318
373.37626197797783,124.18540266416503,32.25688493208734,46.628524797093675
373.3583080853696,124.16942837216871,32.29279271730385,46.660473381086334
373.29500107969716,124.07016950572708,32.419406728648724,46.85899111396958
373.3427568189441,124.01573992895864,32.32389525015484,46.96785026750646
373.40107250850804,124.15667109138208,32.20726387102698,46.68598794265957
373.4072386160748,124.26416103298519,32.194931655893434,46.471008059453354
373.4045470721377,124.880436880452,32.20031474376762,46.472179553757975
373.53385907209395,124.93172363450554,31.941690743855077,46.36960604565088
373.46866376998616,125.09436855073824,32.07208134807066,46.04431621318548
377.5837048242243,122.7490313828711,31.193499585576355,47.05924037592884
372.15641321022963,125.1140970990838,32.24025865859798,47.23302102098722
373.13680634562803,123.48165630400075,31.525439925508266,46.759999998032235
373.19380949414045,124.16937134187614,31.411433628483444,46.6115616190494
373.07103129326885,124.47565711845004,31.65699003022671,45.998990065901566
372.97331181003557,124.52091786183813,31.85242899669321,45.90846857912541
372.76983402338425,125.04655229261687,32.25938456999583,46.07676901811715
373.333018069938,124.9933221204164,32.36184970677925,46.183229362518105
373.23115332773773,124.07787713177167,32.56557919117978,46.78198588692683
373.2776364030042,123.84630666409416,32.47261304064697,47.245126822281875
373.41229474382607,123.56652527394448,32.203296359003126,47.80468960258121
373.58170863725695,122.76734673059455,31.864468572141348,48.14908136742431
373.4650348024598,122.66351459011646,32.09781624173571,48.3567456483805
372.91016020308996,121.8390215533465,31.947049052529522,48.7452153339746
372.93039976780324,121.84060093417247,31.90656992310297,48.74205657232265
372.97800170649407,121.9317824756218,31.811366045721336,48.559693489424006
373.6555409832988,121.89784689165914,31.71508436061127,48.627564657349325
373.4583603631289,121.3170697102542,32.109445600951084,48.530908142314914
373.47931999623796,121.36869951243602,32.067526334733,48.42764853795127
373.5614460513713,121.39755875769042,31.90327422446625,48.369930047442466
373.58693320543756,122.00675782913586,31.852299916333813,48.40900996484784
373.6317409744777,121.96110251977025,31.762684378253567,48.500320583579054
373.63941474909547,121.93723998943668,31.74733682901801,48.54804564424619
373.6561778104564,121.91204172608248,31.71381070629608,48.59844217095459
373.81990062259274,121.93162609621311,31.386365082023392,48.559273430693324
373.89129728519407,122.02678914262444,31.243571756820806,48.36894733787068
373.8420951650512,122.03371614347625,31.341975997106434,48.355093336167045
373.8535817692767,122.06230504206118,31.319002788655524,48.29791553899718
373.9682997753369,122.0415286064888,31.089566776535136,48.33946841014196
373.9432994979214,122.1486808412784,31.139567331366155,48.12516394056274
373.8849181413724,122.19893229399545,31.25633004446413,48.02466103512863
373.89289518049924,122.26148023510568,31.24037596621045,47.8995651529082
373.93252232734704,122.41778835584952,31.161121672514785,47.58694891142052
373.9909413114433,122.38103115785682,31.04428370432235,47.66046330740589
373.8619291115417,122.12649225085397,31.302308104125466,48.16954112141161
373.8701145152009,122.04258220357096,31.285937296807067,48.33736121597765
373.804436930946,121.90339845506453,31.417292465316876,48.61572871299048
373.7127893226079,121.76936467059875,31.60058768199313,48.88379628192206
373.5259490555732,121.65025383533902,31.97426821606245,49.122017952441524
373.4848246891818,121.6493200246875,32.05651694884534,49.12388557374455
374.12876004935276,121.70039946336863,32.039994670563324,49.0217266963823
368.5688206944379,121.92472811415887,33.003551608208454,48.57306939480182
369.11209157152774,124.49260529070867,33.19581814351754,48.552548199657465
363.8930467332294,128.29822018386574,33.38043188491045,48.631425364746086
358.8337666509424,128.88499800698133,33.21154930741473,48.743800061273575
348.9512915816636,133.4332740747634,33.704083967004365,48.64104181589447
343.4760589041373,136.55385647719964,34.32311738059595,48.85702197443522
337.01203810841895,140.1988275476512,34.202009963418774,49.39656923870048
332.4105580900738,140.91185118170947,34.22751248358089,49.28158733008798
327.1510492015064,145.60077482598462,34.268522606414784,49.07199673905096
325.7034418157963,146.7261158819419,34.549211938480084,49.43584006649141
321.02666752575556,150.59739476511754,34.68099758560957,49.59765052838463
317.9102045677346,152.10904784827895,34.3038460792537,49.21837533102094
316.4363813835206,152.82893946334283,34.63137764137623,49.08864950404585
311.8385343354961,156.13206090935407,34.63255824640842,49.04991624846408
311.17146102805594,156.25064639125006,34.65376931991912,48.81274528467208
310.59577847487236,157.04082562315625,34.4954377712066,48.54208347593937
310.0082543189933,157.6952222936895,34.36749440702121,48.53628181081639
309.5579966044102,157.6511525270754,33.96721409570826,48.624421344044606
309.64678253294727,157.63503328442968,33.78964223863425,48.65665982933603
309.81280105111904,157.46855699062593,33.45760520229064,48.98961241694352
309.6872130367821,157.47681820488515,33.70878123096449,48.973089988425116
309.5627432522467,158.31835383057373,33.957720800035354,48.58653629951657
309.44609193161375,158.49640774113362,34.19102344130128,48.230428478396774
309.33864338086244,158.48731138917336,34.40592054280383,48.24862118231731
309.4659771123377,158.37752917174012,34.15125307985328,48.4681856171838
309.5600813743485,158.32403365772115,33.96304455583172,48.575176645221745
309.01526436940117,158.2893138998428,33.7579663068287,48.64461616097846
309.12935027327427,158.34305452475263,33.52979449908254,48.53713491115876
309.2547619531785,158.22574126330701,33.27897113927406,48.77176143404999
309.3187839592728,158.27420029584565,33.15092712708538,48.67484336897274
309.39576731082025,158.28708336149575,32.996960423990515,48.64907723767254
309.3414518504263,158.3343063888061,33.10559134477836,48.55463118305184
309.25338306393456,158.23286488038076,33.28172891776191,48.7575141999025
309.45405279737173,158.31986357631982,32.880389450887556,48.5835168080244
309.39927251502445,158.21428195867685,32.989950015582224,48.79468004331032
310.16052674806133,157.15888233134953,32.749362106806245,48.341638183369255
309.7694180134074,159.88449658468983,33.53157957611414,47.97484227866056
309.91489363348524,159.2098048340592,33.24062833595854,48.045708204534336
310.59619506692337,156.78353912298704,33.15280609177134,49.073897758611146
311.2471438172188,156.40486361381556,33.13973469857679,49.83124877695411
311.7667374424482,156.49161669708937,33.40055030377763,49.65774261040648
311.4951727085424,156.27134499753072,33.94367977158921,50.098286009523775
311.2993581504769,158.71493110397014,34.33530888772017,50.48058838026937
311.2551424065393,158.70659065731178,34.4237403755955,50.497269273586106
311.7378909370961,156.6755920810274,34.78957972672934,50.56525718941222
311.7006245720827,156.53267483430972,34.86411245675613,50.85109168284761
310.32176225942095,156.70324422621235,34.93391052213746,50.50995289904231
309.39616300089466,157.05401088194228,34.10516596473558,49.8084195875825
309.62151219558837,157.89732978364168,33.65446757534808,49.4374581226424
309.7528098529091,158.02673383518953,33.39187226070672,49.17865001954668
309.7476271441882,158.12256428820425,33.40223767814848,48.986989113517254
309.96192588132584,158.17711042101203,32.97364020387316,48.87789684790169
310.0673421481177,158.16136738564663,32.76280767028949,48.90938291863252
310.1259706924253,158.13190145383103,32.64555058167418,48.9683147822637
310.2192998122081,158.13043853113464,32.458892342108726,48.97124062765648
310.27965940970495,158.16840971699182,32.338173147114986,48.895298255942116
310.31780158493405,158.1461837930754,32.261888796656706,48.939750103774934
310.3105563939371,158.12154104035386,32.27637917865067,48.98903560921805
310.2189352952424,158.05832591256498,32.459621376040126,49.115465864795816
310.2185023451475,158.08197583052188,32.46048727622984,49.068166028882004
310.1514369719361,158.07159988805924,32.594618022652625,49.08891791380727
310.0820301335565,158.7804133848018,32.733431699411845,48.9510725605932
310.19266225196094,158.89334008345153,32.512167462602925,48.725219163293715
310.15986707080054,158.89961678334382,32.57775782492378,48.71266576350917
310.1170744502615,159.02848054775407,32.663343066001886,48.45493823468863
310.073843619035,159.06706530914934,32.74980472845479,48.37776871189813
309.9612610648556,159.00709194540715,32.97496983681371,48.497715439382496
310.01300505442987,159.04705066261718,32.87148185766512,48.417798004962435
309.50500403329795,159.13194117243427,32.61320392439479,48.248016985328235
309.5646683527631,159.7966018440427,32.49387528546464,48.18613584304483
309.50522063688464,159.7068531625382,32.61277071722144,48.36563320605383
309.3513704648003,159.6188784918822,32.92047106139011,48.54158254736579
309.3638147855229,159.58412592162898,32.89558241994492,48.61108768787227
309.39009670262544,159.6943324621622,32.84301858573981,48.390674606805824
309.3038807420456,159.56225709702363,33.01545050689958,48.65482533708294
309.2179672591277,159.5637529357642,33.187277472735346,48.65183365960181
309.1986279863117,159.47177411041113,33.22595601836731,48.83579131030796
309.31708250018727,159.64058483971215,32.98904699061615,48.498169851705946
309.4390125427527,159.6476528167184,32.745186905485305,48.484033897693465
309.5348748890156,159.68224471565324,32.5534622129595,48.414850099823774
309.50068010010006,159.67809207164515,32.62185179079064,48.423155387839905
309.4798216674609,159.61079306380466,32.66356865606891,48.557753403520906
309.61625811265316,159.4969644423001,32.39069576568447,48.785410646529996
309.73457358413776,159.56314838401065,32.15406482271523,48.65304276310894
309.770345237643,158.83130481167015,32.08252151570473,48.850825733723084
309.7210224776492,158.78026456307015,32.18116703569227,48.95290623092307
309.6286735795916,158.7977227144884,32.3658648318076,48.91798992808657
309.5552665808956,158.66178272662322,32.5126788291996,49.18986990381692
309.50717454339025,158.68760128366227,32.608862904210234,49.13823278973882
309.42155162649806,159.34191115780385,32.780108737994595,49.110372728014575
309.49269684765926,159.30268795566786,32.637818295672204,49.18881913228652
309.53384374038956,158.59462235270783,32.5555245102116,49.32294888380702
309.57034263272124,158.69347858214198,32.48252672554825,49.12523642493875
309.57405108854255,158.80377480581086,32.475109813905675,48.904643977601005
309.61855805595945,158.8540045270391,32.386095879071824,48.80418453514448
309.52378734140666,158.0962031162176,32.57563730817746,49.04775253181803
309.5737688291617,158.08747013875552,32.47567433266736,49.065218486742225
309.7160462125795,158.09641113374212,32.19111956583173,49.04733649676897
309.6808970382128,158.1908429493352,32.26141791456516,48.85847286558281
309.7010195494794,158.28780534319094,32.22117289203193,48.664548077871345
309.70745937385186,159.0967256323001,32.208293243287024,48.31390098591514
309.74235020200086,159.0835936370677,32.13851158698898,48.3401649763799
309.70603686770784,159.09478670470233,32.211138255575015,48.3177788411107
309.6609793492106,159.8465647957653,32.301253292569506,48.076037111892234
309.4399301757637,159.96893110329705,32.74335163946324,47.83130449682867
309.52691093778077,160.12236785069857,32.56939011542916,47.52443100202568
309.5583093162947,160.0178107666221,32.50659335840139,47.733545170178594
309.688565430521,160.04391155705738,32.24608112994869,47.68134358930803
309.74222545429046,160.06401209039262,32.138761082409815,47.641142522637566
309.78457050158664,160.29384871727083,32.054070987817475,47.18146926888113
309.8026895424988,160.36981519236514,32.01783290599311,47.029536318692536
309.705326597149,160.45128277621853,32.21255879669273,46.866601150985716
309.667047404425,160.2817314398428,32.289117182140785,47.205703823737245
309.73641316252684,158.95445323876706,32.150385665937044,47.36753030640636
309.79875865794685,159.00842000642092,32.02569467509705,47.25959677109866
310.4080291890345,158.8819939793983,32.04996561973548,47.512448825143885
310.6000100989872,158.77415634388075,31.66600379983018,47.72812409617899
310.6249260118198,158.65621556962674,31.616171974164907,47.96400564468702
310.47128121952204,158.69845555298895,31.923461558760387,47.87952567796259
310.44293993641446,158.50601047992842,31.98014412497555,48.26441582408362
310.5903263781638,158.48254463930715,31.68537124147694,48.311347505326154
310.55235741587126,158.24152047085678,31.761309166061977,48.79339584222692
310.56651081698175,158.23872026817247,31.733002363841024,48.798996247595554
310.66597271248463,158.39510753085625,31.534078572835234,48.48622172222797
310.76592300413256,158.44043514034644,31.334177989539455,48.39556650324759
310.7738400195408,158.442250271735,31.318343958722984,48.39193624047049
310.80005498998696,158.44641001078529,31.26591401783061,48.3836167623699
310.73264797430556,158.4712930088351,31.400728049193443,48.33385076627031
310.674263025669,158.48169124132812,31.51749794646645,48.31305430128424
310.68562150047507,158.46232159494122,31.494780996854388,48.35179359405807
310.5793440088688,158.53440968583493,31.70733598006687,48.207617412270594
310.6206118580105,158.49543872501144,31.624800281783514,48.28555933391758
310.6309477177039,159.11094638988578,31.604128562396706,48.30611828478126
310.61632890700025,159.02482893587597,31.633366183803986,48.478353192800846
310.4685539548238,158.27384170846778,31.928916088156985,48.725717530535256
310.49160481441675,158.29532409020746,31.882814368971054,48.68275276705589
310.4979236475302,158.5003221811681,31.870176702744224,48.27275658513465
310.59675986261095,158.5907906546911,31.672504272582557,48.09181963808863
310.51303460674046,158.66649460324126,31.839954784323588,47.94041174098827
310.4574226102042,158.56952438084085,31.951178777396088,48.13435218578911
310.52382412517375,158.4910644574114,31.818375747457047,48.291272032648024
310.5398010510704,158.36080511712697,31.78642189566375,48.55179071321683
310.59966356319507,158.3231495059345,31.666696871414423,48.6271019356018
310.72562916772546,158.23233207203958,31.414765662353567,48.80873680339162
310.7523325561789,158.1943301476534,31.36135888544676,48.88474065216398
310.6818500690446,158.21484700943725,31.502323859715382,48.8437069285963
310.55814587106846,158.13911498531365,31.749732255667553,48.9951709768435
307.8337979186816,158.55384257407073,32.14122031750633,49.43001776006307
302.59808630517864,161.64601476314283,32.393820774522084,49.632437613162786
298.74846281448214,163.70124426332416,32.385463650155124,49.375780665680125
293.6476222342945,168.4102368039204,32.34226737301359,48.92206334231484
288.3027806446546,170.36833857732992,32.84733419112467,48.82509093093411
283.12310837713227,171.6443332236521,32.966582279456055,48.83312574996809
283.11050860098237,172.4177996040378,32.99178183175577,48.568304776473056
282.4355392525966,172.54207811861107,33.06317910737205,48.31974774732649
282.57926379168356,172.65722158904953,32.77573002919817,48.08946080644964
282.71938179356596,173.25616679394633,32.495494025433395,48.15931642275268
282.7123984225955,173.73719407622983,32.50946076737425,48.4614138984017
282.7626051203043,173.64835950058526,32.409047371956696,48.639083049690825
282.7104817777455,173.7130872485882,32.51329405707433,48.50962755368492
282.7103536901817,174.53961197582646,32.51355023220184,48.12629756697185
282.8233450959477,173.8850400251982,32.28756742066987,48.1714869991888
282.88218170825917,173.8558371713504,32.16989419604691,48.229892706884385
282.89253883179094,173.7607925809458,32.14917994898332,48.41998188769364
282.8970918848322,173.65165525587705,32.14007384290089,48.63825653783115
282.9452548609443,173.61433532862196,32.043747890676585,48.71289639234132
282.9363225290776,173.65496136184447,32.06161255441005,48.631644325896254
282.8849620403418,173.6141362713571,32.164333531881624,48.713294506871
282.78691944947366,173.60152129505886,32.36041871361789,48.73852445946749
282.75288715418884,173.57865928212348,32.42848330418759,48.784248485338246
282.7791133088416,173.60727504538164,32.37603099488203,48.72701695882196
282.7583929387612,173.6196718400553,32.417471735042966,48.70222336947462
282.93166688628173,173.72003365566826,32.070923840001775,48.50149973824872
282.97423613183037,173.6902334844357,31.98578534890455,48.56110008071378
282.9603978402558,173.67442605716988,32.01346193205372,48.59271493524547
282.96466730503874,173.7599141828997,32.004923002487786,48.421738683785776
282.94574133873226,173.8679628385433,32.04277493510071,48.20564137249863
282.96448609020365,174.47430169690023,32.00528543215791,48.25029370533265
282.95142303764624,174.6115206036743,32.031411537272746,47.97585589178445
282.964905491566,174.60946121632372,32.004446629433204,47.979974666485674
283.0797894711676,174.6240943615716,31.77467867023011,47.95070837598989
283.1235179507317,174.09533162530477,31.68722171110185,47.759193410288816
283.03998477569337,174.0104895726777,31.8542880611785,47.928877515543
283.1039374288977,174.06205756940554,31.726382754769766,47.82574152208731
283.1519534965995,174.02764024358694,31.63035061936622,47.89457617372447
283.1024582326032,174.10076609279795,31.72934114735876,47.74832447530249
283.085389750777,174.11436423546616,31.763478111011246,47.721128189966045
283.1057610725164,174.1143987876372,31.72273546753248,47.72105908562395
283.11596004200953,174.89570854659803,31.702337528546195,47.40316480433661
283.1064069967411,174.9779326023584,31.721443619083033,47.238716692815856
282.8570239338329,174.72653093248627,32.2202097448994,47.741520032560096
282.8799421760717,174.63743904006168,32.17437326042179,47.919703817409285
282.8594844505099,173.85579136035824,32.215288711545426,48.2277830330477
282.6994298545252,173.85498546109955,32.53539790351485,48.22939483156511
282.74299115817763,173.68469633207724,32.44827529620998,48.56997308960976
282.80857764793046,174.25437719010503,32.31710231670433,48.70015857101065
283.45027447704956,174.3618951227906,32.30303276549417,48.4851227056395
283.22916903186996,173.79444206054387,32.74524365585341,48.35417103930079
283.3263978459746,173.85857655125352,32.55078602764405,48.22590205788149
283.43860405209557,174.53395854963892,32.326373615402154,48.14120986769882
283.38252145957813,173.9724120529625,32.4385388004371,48.00323016144414
283.4023806072572,173.92868971783506,32.39882050507896,48.090674831699054
282.54754455756495,173.9950534326149,32.84697793792372,47.957947402139396
282.519414909676,173.95151300721332,32.90323723370156,48.04502825294253
282.4671916401433,173.98074933923016,33.007683772766995,47.98655558890884
282.55307518669696,173.93241778954254,32.83591667965972,48.08321868828407
282.54912427479155,174.58416382388722,32.84381850347046,48.04837560557446
282.68720702662176,174.62240176211412,32.567652999810036,47.971899729120665
282.61716043543186,173.88232920991132,32.70774618218993,48.18951847474805
282.5952949211256,174.54280146506665,32.751477210802385,48.136700871230126
282.51948026211005,174.48581530395612,32.90310652883347,48.25067319345116
287.0648072221834,169.96457488124753,32.7184538569806,48.38715279057455
285.79260530879435,169.89151025611397,32.720295710441576,48.533282040841655
288.14610252054445,169.11607705439246,33.107347689463104,48.81063684365418
293.37027793954167,167.13519771802166,32.93185802714781,48.92007257551615
294.6826717635919,166.4281244423591,32.872759233030365,49.05137469984978
299.90685551628945,165.12795579609698,32.69510425787021,49.08403385981525
301.1420761426317,161.89836094321066,32.787420482577076,49.136329872109265
306.36235223287974,160.73913593606648,32.616462188804384,48.887381414716884
307.08474923105035,158.8935249841909,32.44878313841173,48.74725848062214
312.1982789661807,156.8896776002124,32.39949470236695,48.938289110748144
325.31142748045136,151.32531354927636,32.93292821089037,48.598561268163934
325.39592497671896,150.91336759863765,32.763933218355206,48.144431692458454
325.45441756583426,150.95157023885014,32.64694804012463,48.06802641203349
325.42384550957854,151.64475744348917,32.70809215263603,47.946940888389044
325.0879794628479,151.30921942652287,33.37982424609737,48.61801692232168
326.26907571225917,146.8517427918729,33.589067880882084,48.53294372399601
328.8083781843756,150.00854190593614,34.94994207108996,48.658824630310264
327.5296411619812,154.07440262447346,36.19517483281976,49.712792174649394
321.59767666293,155.36334619263093,35.92091300823601,49.83228077670918
325.21917341299365,148.2413994657565,35.407890426496564,50.61623239368224
324.9507899613425,149.20963851006667,34.59524984431573,50.02916179054517
324.55139093835845,148.86613966214736,34.066932615726344,49.38904421182635
323.80307931531047,149.01933355366018,34.254837755438615,49.08265642880071
323.78047635891585,149.19226454957536,34.30004366822794,48.73679443697036
323.78866293899415,149.8702255066985,34.28367050807129,48.683589013711895
324.4729657584237,149.854505108864,34.21670676308799,48.71502980938089
324.5904345349937,149.8209671901433,33.981769209948126,48.782105646822295
324.63050330155806,149.95261900582733,33.90163167681931,48.51880201545427
324.6771194415371,149.989893503765,33.80839939686126,48.44425301957893
324.6517394712396,150.15861289743899,33.859159337456305,48.10681423223095
324.59918434511536,150.09711553334486,33.96426958970467,48.229808960419156
324.60276975814946,150.1295990779968,33.95709876363651,48.1648418711153
324.55059871899687,150.35023580136334,34.061440841941724,47.7235684243822
324.58357904012763,150.384089487791,33.995480199680195,47.65586105152693
324.6664004935586,150.40300434251935,33.82983729281821,47.618031342070196
324.57644852148917,150.32289609119488,34.0097412369571,47.77824784471917
324.49593898972415,150.30379930673087,34.17076030048709,47.816441413647155
324.5004996596656,150.27815909280588,34.16163896060425,47.86772184149712
324.4160620305972,150.32053362684667,34.33051421874104,47.78297277341557
324.6155749810756,150.3455961757182,33.93148831778423,47.73284767567246
324.68508854924835,151.0312190768455,33.79246118143877,47.64305475735934
324.89741139368755,150.17491608086053,33.36781549256031,48.077857329911346
325.0623614513208,150.81957334127438,33.037915377293835,48.06591119093756
325.21579429755064,150.72382284020827,32.731049684834105,48.257412193069776
325.2816354021178,150.65472656233345,32.59936747569985,48.39560474881945
325.3081713087451,150.61995338229184,32.54629566244526,48.46515110890267
325.27054953466916,150.57243891551514,32.62153921059708,48.560180042456096
325.37643872339237,150.59615736639,32.40976083315065,48.51274314070632
325.4083579633068,150.64495072775068,32.34592235332189,48.41515641798498
325.4804104069918,150.68585650782248,32.20181746595186,48.333344857841396
325.4593247181896,150.70882513342593,32.243988843556245,48.28740760663447
325.5963086005144,150.61082607755944,31.970021078906647,48.483405718367486
325.49853370617296,150.7095898930122,32.1655708675895,48.28587808746192
325.56059446125755,150.61576662068413,32.041449357420326,48.4735246321181
325.62022917981966,150.68928455216613,31.922179920296095,48.32648876915406
325.5916529578315,150.6348509119893,31.979332364272434,48.435356049507746
325.6341093920256,150.70856093832134,31.894419495884183,48.28793599684365
325.6808736297541,150.70858545698522,31.800891020427244,48.28788695951591
325.67771445162685,150.7077786563741,31.80720937668177,48.289500560738105
325.5873017252593,150.65657103985677,31.988034829416815,48.391915793772775
325.65813345445537,150.73077359166217,31.84637137102465,48.24351069016198
325.7633715024231,150.68846442784235,31.635895275089183,48.328129017801615
325.7267188902859,150.59879994251656,31.709200499363646,48.50745798845319
325.6710537382898,150.5880648394482,31.820530803355815,48.5289281945899
325.62179502147245,150.60001726504495,31.919048236990488,48.50502334339643
325.47327042678785,150.53996736646772,32.21609742635974,48.62512314055088
325.36208832861195,149.87782985303812,32.43846162271152,48.68288150420062
325.5244199689785,149.8742467719439,32.11379834197844,48.690047666389106
325.5149877121469,149.8899103822749,32.13266285564163,48.65872044572704
325.5425876131006,150.03154062639373,32.07746305373427,48.37545995748937
325.574862120515,150.06364826995465,32.012914038905464,48.31124467036757
325.51318177869246,149.92379146408524,32.13627472255049,48.59095828210641
325.3566598771263,149.95796709197091,32.44931852568288,48.52260702633505
325.36044819372506,150.00423309005214,32.441741892485275,48.43007503017262
325.338958845489,150.09326722064532,32.48472058895742,48.25200676898623
325.34606526366696,150.16460430350614,32.47050775260157,48.109332603264605
325.3803230622254,150.03495795326452,32.401992155484685,48.36862530374781
325.35642150286105,149.96918469874757,32.4497952742133,48.50017181278171
325.38107357188153,150.0198693014697,32.40049113617242,48.398802607337494
325.4032206984834,150.5785538952538,32.35619688296864,48.54761230598789
325.4874993226168,150.6422027732682,32.18763963470183,48.42031454995914
325.32498269283764,150.66844202386142,32.512672894260206,48.36783604877266
325.4049928223774,150.61018151472553,32.352652635180725,48.48435706704449
325.4228764844382,150.69076129109675,32.31688531105913,48.323197514302
325.35749725312184,150.68773514828473,32.44764377369173,48.32924979992605
325.2935057912222,150.60897752361214,32.5756266974911,48.486765049271256
325.50878619355507,150.56161350473502,32.14506589282528,48.581493087025486
325.5060025574508,150.59980323907058,32.15063316503384,48.505113618354336
324.89443320274677,150.68673704741585,32.11014741009501,48.33124600166383
324.9547876152553,150.73386675018216,31.989438585077927,48.236986596131196
325.0780593681519,150.63042332931008,31.742895079284757,48.44387343787537
325.068176301395,150.5410658827965,31.762661212798598,48.62258833090253
324.9457453577698,150.50430243411097,32.007523100048935,48.696115228273555
324.8492808766173,150.47546542998987,32.200452062354,48.7537892365158
