199.0,114.0,27.0,73.0
197.86068087783295,112.93197417810215,27.74605457691967,72.0708843089669
197.7410462084112,113.31366936345054,27.985323915763182,71.30749393827013
198.3662245169715,113.60475717828827,28.260971952506978,70.72531830859467
198.31595374782586,113.73198037901282,28.361513490798224,70.47087190714555
198.96664337727432,114.52806355612796,28.58082182800048,70.39939314901443
198.87649338158025,114.47702848265487,28.76112181938864,70.5014632959606
198.8235472185509,113.73260198180037,28.86701414544728,70.46206766874246
199.49541661853098,113.12998843843789,29.052840500703475,71.66729475546741
199.40341496054086,113.84496797354012,29.23684381668376,71.78758103378874
199.22205004320296,113.68638052609958,29.599573651359556,72.10475592866982
199.9893600867383,113.85889390244238,29.631237451949104,71.75972917598423
199.92672342260332,112.89312481476203,29.75651078021908,72.12939717666339
200.6380822764547,113.38080121925947,29.90322271308348,72.72347400823571
201.26518716536575,112.09782533895114,30.22961998818734,73.70881871592644
201.0743832008955,112.0294562442038,30.611227917127806,73.8455569054211
203.26901316918878,110.49436253563641,31.05010134749662,75.30636653357078
203.85725947793622,110.22458344370979,31.511861543748395,75.84592471742403
204.54102185363226,110.93948667920858,31.798578638173048,76.07036009224315
205.20482717345854,110.71557316595677,32.13353880268228,76.5181871187468
205.96055342733118,110.48643169322906,32.29706533601892,76.97647006420222
207.7335228034197,110.33045544485884,32.12012239736194,77.28842256094264
207.63413038227395,110.24626173921833,32.31890723965342,77.45680997222368
208.59179874857233,110.36155060561767,32.09539220403782,77.226232239425
208.7672240657097,110.46326913666138,31.744541569763026,77.02279517733757
210.54996676883968,110.6506619352786,31.52977004375926,76.64800958010312
211.3188065890648,110.64182001831836,31.658223064793507,76.66569341402364
211.34852879193383,110.69444146411445,31.598778659055434,76.56045052243145
212.06946620382627,110.4843241557254,31.8230002335156,76.98068513920953
213.78885408054052,110.5346428597799,31.736512176160986,76.88004773110056
213.7599295390231,110.63342651859494,31.79436125919585,76.68248041347044
214.6033067262845,110.84499151944732,31.778938973220246,76.2593504117657
215.4518578843117,111.10150198101522,31.746787575174338,75.7463294886299
216.30590767745477,110.99621225156326,31.695660832363963,75.95690894753379
216.3051108399431,110.91936408599173,31.697254507387303,76.11060527867689
216.29977182954528,110.93635873679561,31.70793252818292,76.07661597706911
217.0401095764176,110.78234929046313,31.888309640504048,76.38463486973407
217.87762802662405,110.71355322814047,31.881973406140894,76.5222269943794
218.5885449042193,109.73283662155117,32.13071430283614,76.81308555567222
220.8787036346718,109.68837582497277,32.58796065630534,76.90200714882903
221.71025448515041,110.54186217313521,32.613435665642754,76.88361116279876
222.58927203912083,110.68162164051886,32.54416244445579,76.60409222803148
225.26756720023536,110.03178247381038,32.238056895221,76.22027563711704
226.2594279471518,110.94700884148095,31.926862424717577,76.06234992510534
228.01725238310982,111.70572003143367,31.74067437446199,76.20965795603016
233.1257780248692,111.65775284243826,31.50494930354465,76.30559233402099
234.2172701163371,112.073040196527,30.98271719731277,75.47501762584349
234.26491556033284,112.51344660930152,30.887426309321263,74.59420480029446
235.3293357236411,112.85334433266547,30.38367325545805,73.91440935356654
236.40056724418716,112.941636784244,29.847537123931737,73.73782445040952
238.74803259521497,113.816722740998,29.93531859416172,73.58188992766335
238.7903693911783,113.9962945131053,29.85064500223509,73.22274638344877
239.57659330602309,114.64579330804531,29.865067413673497,73.51061903469672
239.55140476991394,114.64826935613212,29.915444485891765,73.50566693852313
240.3927707383411,113.40224723317229,29.8248143436693,74.40560938981092
242.61363782581483,112.38835347551985,30.193429095968717,74.82994726270019
243.31806039899394,111.89326541295594,30.400719104018957,75.82012338782802
243.43914350795677,110.54309579379083,30.15855288609329,76.88637105315208
246.73811986442874,110.69126885707516,30.141014505537157,78.23512850968034
247.17719908413397,110.4930832183283,30.92702346760896,78.63149978717408
247.8404941899859,110.61179321022908,31.28437879480312,78.3940798033725
252.8495117806797,110.5208497945542,31.38784736414045,78.57596663472228
254.56534569419549,110.36718465740327,31.338944787520354,78.88329690902412
254.59865727088172,110.4142219621594,31.27232163414788,78.78922229951186
255.53548013454383,110.48889632411905,31.09106399532037,78.63987357559256
257.38196848240636,109.42877647116879,30.77208698159255,79.07311344049447
261.6428380147743,109.81081015839744,30.68794302082214,78.30904606603715
264.30344696963175,109.83219588772216,30.391818356934635,78.26627460738771
267.09156293368363,108.40380907166323,29.82292341006181,77.78482358535159
267.9633252805994,109.01401011179107,29.731392084029384,78.21641487289502
269.5976925872267,108.7718830215056,29.77574234499976,78.70066905346597
270.55052576938334,107.48386846371619,29.534362022626418,79.61241212710483
271.4209644746482,108.19223132470665,29.466490843336622,79.86869263636386
273.082654597,106.72734078548423,29.494014450189386,79.44756986325226
273.97610141489247,107.08414781716473,29.377038195756683,80.40387318124347
274.71657884638927,107.38470603969247,29.57758038433789,79.80275673618797
274.7595127467362,107.44989444757616,29.491712583644055,79.67237992042061
275.63770662252807,107.60402874743832,29.408420648851255,79.36411132069628
278.0783244848984,109.7692213209898,29.52871952848713,78.36808257651109
277.9847084387545,110.30492333605332,29.715951620774945,77.29667854638404
277.9588944504716,110.81603959715281,29.76757959734084,76.27444602418507
278.8207987248458,112.75828332845282,29.673078935896463,75.64857433619325
278.97227590869505,112.20388202688525,29.370124568197944,75.13875705264604
278.99907896950526,111.66521704868433,29.316518446577597,74.61021904101636
278.9788463610292,111.78991599147395,29.35698366352969,74.36082115543712
279.11159926122735,111.57954718267231,29.091477863133427,74.78155877304039
279.1257483233227,111.7873730338856,29.06317973894277,74.36590707061382
280.1158178476641,111.79121573526159,28.67230435581619,74.35822166786184
280.81211637637665,112.51415173824316,28.861854624797303,74.49449698830479
280.7131155812396,113.93982640626223,29.05985621507137,74.81815559880806
280.7816787945819,113.07353479603506,28.922729788386675,74.95503609544944
281.56273478264603,112.12538197584587,28.9558278706113,75.25613167747507
281.5529923128778,112.91834281583839,28.97531281014774,75.27033732360522
281.58614455478113,112.00965117359766,28.909008326341098,75.48703966239633
281.59960001696516,112.67356226583469,28.882097401973063,75.76181910331596
281.53212699605683,112.07064545341979,29.017043443789696,75.36159112885552
281.4700369709095,113.45790850057969,29.141223494084347,75.79254504067815
281.497471176568,112.75551965893659,29.086355082767298,75.58616677090166
281.4404996574922,111.97078404585021,29.200298120918987,75.5484297696876
281.3581668334846,111.13233641680229,29.364963768934217,75.61661457355936
281.27077429218446,110.86871044763782,29.539748851534434,76.14386651188828
281.8812882741636,109.91805468548937,29.94207030835571,76.42182861540564
282.5198047822959,109.7197984423589,30.29958790993294,76.81834110166659
282.54897243574135,109.14741608412916,30.2412526030421,77.96310581812605
282.40255766017293,108.05035184015895,30.53408215417896,78.49517603788172
283.0234229087773,108.74430096770013,30.96730213787029,78.78222826369961
283.76664779065175,109.7370915990678,31.167685816955334,78.48348044379813
285.4778027241433,109.71422945883859,31.117614886314826,78.52920472425654
285.43446033081835,109.97310865172167,31.204299672964765,78.01144633849037
285.5257436515275,111.00959087502252,31.021733031546567,77.618461928623
287.4412416725189,110.7529063044477,30.532865276935397,78.13183106977263
287.41678617430847,110.09313149272772,30.58177627335621,77.78167335788416
287.3108671156596,110.85847425317743,30.79361439065392,77.91653702569546
287.25181267694325,110.13887823006976,30.91172326808672,77.68445150142719
287.2541753574889,110.19312423991396,30.906997906995375,77.5759594817388
287.13768028042506,110.4748909206529,31.139988061123095,77.01242612026093
287.111766886234,110.69237903167634,31.191814849505143,76.57744989821404
287.15358960218845,111.6205757038793,31.10816941759627,76.38015860570027
287.1428553370054,111.52549038563973,31.12963794796237,76.5703292421794
287.129617832717,110.6698899851159,31.156112956539197,76.623637837392
287.0289152030638,110.63884976532457,31.357518215845637,76.68571827697465
287.0036103709549,110.7961280491682,31.40812788006333,76.37116170928738
287.0349784834798,110.69960657208382,31.345391655013646,76.56420466345614
286.1673519212778,110.5863096066646,31.419000154510996,76.79079859429457
286.2488069419454,111.00263601059763,31.25609011317584,77.62436718888512
286.3112044841455,110.23099635215092,31.131295028775682,77.49231575046423
284.7157732193073,110.05829849372013,30.97975107817045,77.83771146732582
284.69383648243155,109.89632174533054,31.02362455192201,78.161664964105
284.7309632572222,110.2478110874022,30.949371002340726,79.1376013949545
284.8469810336731,110.30867389689159,30.717335449438906,79.01587577597573
284.7772897660749,109.6388767355727,30.85671798463528,78.66975455274383
284.82840206060933,109.75087634279208,30.75449339556647,78.44575533830503
284.70834874684834,111.65746969280525,30.994600023088477,77.98894378059639
284.75147653916446,110.73124084980135,30.908344438456208,78.1654900849023
285.63772620553914,109.70797789796879,30.81275476970061,78.53510632457363
285.68560838077576,110.56679053613345,30.716990419227333,78.49799591111532
286.5246092359493,110.91667876091385,30.71725585041249,77.79821946155451
286.66834990620805,110.84331057684597,30.429774509894983,77.94495582969029
288.416011832976,110.73469560641627,30.264801384464047,78.16218577054968
288.46349648812065,110.90234018023881,30.16983207417462,77.8268966229046
288.5041547418692,109.21018078175719,30.0885155666776,77.89357280548731
288.5201840834035,109.48627524228678,30.056456883609023,77.34138388442814
288.62482735025094,109.38830868455778,29.847170349914155,77.5373169998861
292.08251318591323,110.05925438427548,29.527300062718695,76.19542560045073
293.1717027406346,109.13802759774237,28.972787850685307,76.4140122761076
293.3094145196831,109.28688103474131,28.69736429258827,76.1163054021097
293.60181817281557,109.44534610040122,28.11255698632335,75.79937527078987
295.34562510071305,110.02619353702735,27.81043655362201,74.63768039753764
297.11757883887367,109.94055022086256,27.407843986578424,74.8089670298672
300.52489587354114,110.38404001478006,26.85659142381037,73.92198744203222
300.6831576197681,111.24009081263941,26.54006793135653,73.7530751462242
302.9602720161361,108.82923360683903,26.590974675657336,73.96965402078811
303.22201462335437,109.40559338235175,26.067489461220806,74.35599783246033
304.13400589575417,107.5369497915126,25.77859121277062,75.0231164214398
307.0707421539348,108.5700735312508,26.062491374838157,74.4962121115706
306.2809961428974,109.0959052668186,26.104988711868316,73.44454864043499
307.0719607824353,109.43018930642562,26.045809546765256,72.77598056122096
308.55314945749376,109.6773638673373,26.107680652002102,72.2816314393976
310.6910533642615,109.86370943716912,26.350406388425014,71.90894029973396
312.4114242560419,109.46791240983434,25.92013538212591,72.70053435440352
312.4651923176892,109.19738741320495,25.8125992588314,73.2415843476623
313.1219803306295,109.16035816481993,26.013567525056274,73.31564284443235
313.13246058934624,108.4431395350673,25.9926070076228,73.23082999684436
313.8830456302332,106.77911848780101,26.009095239278917,73.52355546451686
317.03983000370977,106.73319058391183,25.784080464545013,73.61541127229519
317.1815150791243,106.41878505233856,25.500710313715857,74.24422233544176
317.3206554000023,106.88356580370369,25.22242967196001,74.83783573286584
317.2076123926701,107.10571537760616,25.448515686624333,74.3935365850609
317.9482169468746,106.58118744022087,25.49165840524296,73.91824063280387
318.0375969670794,106.48264294366535,25.312898364833387,74.11532962591492
318.10310274074646,106.24436747641951,25.18188681749931,74.59188056040661
318.14502911639613,105.83867974900286,25.098034066199908,75.40325601523989
317.35739617038496,105.69598655841062,25.140970733666848,75.68864239642438
318.04815490957094,106.49557329349042,25.296629258292107,75.62664492926201
317.99999304406333,107.14030182719597,25.392952989307375,75.8763297305403
317.8767362256004,107.83353511272207,25.639466626233236,76.03432077263756
317.88491678981075,109.2312795761454,25.62310549781256,74.79004482063607
317.8675604486756,109.69419766999192,25.657818180082863,73.864208632943
319.4484591323867,111.12838014736239,25.537253940955814,72.51646024234967
320.13723099479773,110.56879301848218,25.658900433739735,72.13644428250404
320.83142244092693,109.6827108430115,25.76648844023125,72.41263773469552
321.59100103873556,109.55662819384824,25.749199385488147,72.66480303302207
322.4203147193076,109.68085042425137,25.59572859014981,72.41635857221578
323.20156696859794,104.04649778529418,25.53204677476453,73.1933050677627
323.9620208581344,101.01641844303336,25.51989544157632,73.21843796874582
325.4486340645049,102.31772479656692,25.56445715807422,73.63361339091767
326.3140855604916,105.15192095993535,25.349182242377566,74.02773336928762
327.77577941657694,105.57303369712167,25.46044813014332,74.70283469488315
329.2752867127681,104.7654426823761,25.51938823482088,76.3180167243743
330.0216840459444,106.617922838721,25.57965066058773,77.27222768804313
333.19032802512936,105.94667841542719,25.51331608630086,78.61471653463074
333.12617847797054,105.95727718871959,25.641615180618516,78.59351898804596
333.0030782350226,106.05783989066725,25.887815666514356,78.39239358415064
332.98973230139154,106.46263007023776,25.91450753377654,77.58281322500962
333.88133090196857,107.31121312211287,25.709597184188432,77.46393397282529
334.6915918473815,107.44400289004219,25.661920508294408,77.19835443696668
335.42874193318,107.31400980231555,25.755813959061605,77.45834061241992
336.15743802311795,107.68602644808173,25.87203344564309,76.71430732088757
336.9345241277531,107.87921548454993,25.88300667060866,76.32792924795118
337.706636128288,108.94233053660122,25.89862521846943,75.76154169277913
338.5151397547393,108.56987962438734,25.83367510870214,74.95438637407153
338.5967719845506,108.69151711042213,25.670410649079543,74.71111140200195
339.41486612491946,108.60809413657537,25.567146010149592,74.87795734969546
339.4909553198727,107.89286423214517,25.414967620243164,74.77499794539669
340.17849612791224,108.52108150254807,25.569061709424304,75.04773910985118
340.9628061804658,107.97720949730851,25.53631521184664,74.59960951280091
341.0298560398635,108.81198176252019,25.402215493051227,74.45895487335322
342.4803807501884,107.44033756884791,25.550045558246367,74.15336377485298
343.3721871411519,108.11536302538826,25.289211170774728,74.32609125622774
344.16215702065136,108.17832532121612,25.22975625499889,74.20016666457204
347.93665679097563,107.99150650130619,25.268785299111826,74.5738043043919
348.4964800990842,107.19067492896835,25.6727797720314,74.65182635993096
351.43624901122206,107.08077848438327,25.921728320355626,74.87161924910112
352.80494216544264,107.85023375122373,26.263921970078954,74.87249869450245
354.2625831117003,107.11152419440816,26.440693320381484,74.8038911867247
356.54755900507126,107.19903705204479,26.515515115660392,74.62886547145143
357.1745102188933,106.81104780992597,26.808728517184065,75.40484395568907
357.86355545041357,106.81678339182879,26.99415816875591,75.39337279188342
359.2492605362244,107.00684405484196,27.356184521944236,75.01325146585707
359.9017939098758,107.14460532516264,27.61895294315868,74.7377289252157
360.6991858649566,107.12624027218075,27.592806218668827,74.7744590311795
361.48613930322733,107.33257315113615,27.587590624001116,74.36179327326872
363.0210522460189,107.80591789836103,27.643139298634352,73.41510377881895
364.6162423495664,111.00293554246565,27.553002232219807,73.22155477197064
365.51396014588823,110.50176440907259,27.30329085684412,72.67817282148873
365.6200070716725,113.1655665644153,27.09119700527566,71.95088518328518
366.4707249268063,111.7925226201552,26.908955547966624,71.65858456588799
366.52096993730396,112.82097626258376,26.808465526971325,71.11340034603987
367.3760895482243,113.66774517994793,26.600324369013393,70.9219605751942
367.50127995885896,113.00837564297713,26.34994354774406,70.74509307128525
368.38683734394516,113.8280599034361,26.067389645219357,70.59428541801499
368.41559045609756,113.72965429460277,26.009883420914573,70.79109663568164
368.86574598180454,108.64061314358847,26.5926566007714,72.07067355008553
372.96977119124614,108.42117045615953,27.456156456309056,72.5095589249434
375.7965443831987,108.9786954732234,27.937697770870948,72.92828081543243
376.61625837645767,109.45758648114534,27.84670313912673,73.51893215436223
381.5335648633373,109.03944292825719,27.343727583981163,74.35521926013853
382.39347155715905,110.81641367670568,27.18210656891974,75.47585488098787
383.11316519960286,111.13370303102722,27.314021338485965,74.84127617234478
384.0740405646506,111.11137750796647,26.956882896390052,74.88592721846629
384.91276117709305,110.84987897394646,26.838231090500162,73.85013486751137
389.5479245427479,110.59827929841553,26.81888063761769,74.35333421857322
389.5344628713133,110.51695776336621,26.845803980487005,74.51597728867186
390.16424042300605,110.45654291590179,27.137737662785874,74.6368069836007
390.92362893297513,108.95751019435744,27.17746030858652,74.51787309521177
391.72158826490386,108.34294666074504,27.1390579588444,75.74700016243656
393.4136332916732,108.18210466051738,26.903764327861673,76.06868416289188
393.521410267492,108.23066757924332,26.68821037622415,75.97155832544001
394.2173977938931,108.16832666564235,26.865660472183514,76.09624015264193
394.8490712038588,108.35819432941322,27.17674199240176,75.7165048251002
395.60974966410197,108.06044414179337,27.230030189709233,76.3120052003399
395.6150682843278,107.62597323468029,27.219392949257685,77.18094701456609
396.35322530326295,107.44401865377809,27.33941918023032,77.54485617637047
396.27849372477783,107.50170451282781,27.488882337200522,77.42948445827102
398.8547095045322,107.256006739046,27.150795026616812,77.92088000583465
399.0202177661285,107.49569721729497,26.81977850342423,77.4414990493367
399.90285028374024,107.10909905859442,26.647306333759236,78.2146953667378
399.7524301458532,107.00732274979103,26.948146609533296,78.41824798434457
400.4563477361689,106.92370511728895,27.149370681555254,78.58548324934875
400.3843865056184,106.12266465669404,27.293293142656232,78.57245471154958
400.2383525395524,107.0760443500978,27.585361074788253,78.28323883650435
400.2001835255092,106.21809790183916,27.661699102874696,78.380406310582
400.0814194759387,106.17373091237457,27.89922720201568,78.46914028951119
400.03270011905795,106.83839701782665,27.99666591577717,78.76688540850222
399.9045485867041,105.73586357803944,28.252968980484823,79.33885392806712
399.8029747825596,105.36829692268047,28.456116588773867,80.07398723878507
