395.0,229.0,160.0,155.0
393.21985915969253,231.52130086818465,158.5998079922865,154.91787195195914
392.169221082034,231.84397834303428,155.76388296904537,154.2725170022599
388.439775225458,227.52354137163638,153.45787694262032,153.14849320547853
384.6603732440021,223.47347742464262,151.3597885866404,151.59172878057427
378.7465620208926,217.59008246722215,148.87474196968674,149.04584963224264
377.4226206048719,216.05527812673745,146.83096213530794,147.42379564679175
376.15367302797836,210.1725609526141,144.73492644681562,145.2874374682002
366.1542188748663,206.895527078235,141.89743850548754,142.70694671793757
365.1314620588024,203.76688908198224,139.4609978476953,140.00031413060302
362.0736302609731,198.11530608646487,136.77473445504395,138.10058963917282
361.20448444335216,197.02082735726992,134.18429341802081,135.9608144252977
358.0204398070815,196.14598764365428,132.043921351959,133.4562631832274
356.48318300572305,194.87112157896814,130.93734447585,131.82490483377387
357.32396417874105,193.5208774069958,129.25578212981404,130.38741090120948
356.0598874471043,192.21356411027918,127.69507612034738,128.91317802190252
352.56472505833267,188.7399814202125,126.60327392590987,127.77821643005511
351.15195855021045,189.69170904331514,125.4228099028006,125.87476118384987
347.6013275378551,186.22352891073342,124.6091909988815,124.89624052038347
346.02167861903655,185.04938676749936,123.83927009259915,123.31530606293214
330.50425803523694,172.5320599537825,123.73654435550571,121.10458864875991
327.16171465360384,171.62450526089043,122.71021075957711,119.06398785494659
319.8311472746828,170.78765471696713,122.14190772961194,116.93032949584135
318.5197348828653,169.75988451611295,121.00003903626245,115.22117642056523
317.4132581734268,168.6433343958766,119.49325161739804,113.73453582329651
312.5156949790779,167.5220823108628,118.27058211945977,112.30444136444535
309.41789317858155,164.47174418266945,117.20458805427991,111.14351995465962
306.7898487518189,161.39600024263095,115.26924392586793,110.1035748527994
305.6153132982758,161.96389557240036,114.0693696629489,108.96778419326054
299.16672831416537,160.81392153219406,112.91787398413385,107.75556586191422
299.5237452467434,160.0347285537676,112.20384011897778,105.83901727042728
298.2896111681669,158.88177508605023,111.23872824540582,104.71154417513713
297.1763658233623,157.93109192792429,110.06481562531519,103.21250718168912
294.5494081675552,156.9369479139328,108.60220175204734,101.84253061723109
293.66149115510143,155.67429592165598,107.06437294559828,101.0541717704281
289.8522270639713,154.25797847691035,104.85155399214185,100.60969094801382
282.64986322958896,151.54301444662826,103.0790928662406,99.56874349071168
283.20111894107356,150.3450373133784,101.97658144327134,98.77351295013274
275.9506742268411,147.48420978623406,100.67087985038856,98.17253159588233
273.7515968613037,143.34987011554148,98.80637355385532,97.04721939585548
271.6258041418129,142.5485675407004,96.88940409984227,95.56554709904029
269.3848249281016,141.6554036484095,95.30982511375646,94.32110617686786
268.8730640210566,140.67170171419568,93.34704319709249,93.30220631454159
266.91985646234303,139.8193631682766,91.37474183687254,92.06752516755623
266.41121279831674,138.76901369019274,89.50317971672541,91.27937467552421
265.9470790433438,137.9428834497092,87.58451221908314,90.08470014890322
266.68483275679955,136.71041416680944,86.10900479217175,89.75176762122415
264.7795496841157,134.4116998538064,84.38094604993776,88.81057135962845
265.5729170953897,134.79638128027892,82.79421122738978,88.04120850668342
264.9830475715145,133.94159726635735,81.28394595746391,87.06077221685044
265.5948993205591,134.29049119382972,80.06024245937473,86.36298436190569
264.94835182212887,133.28377346000738,78.7329691546847,85.75605152799989
264.25995772127936,132.49713324803704,77.51996942087494,84.73954401643182
263.63528540171524,131.40542359283876,76.21467854819417,84.36832781501923
264.1957900686982,130.52737007190242,75.09366921422816,83.5963837146863
265.0285286111792,129.69714275180087,73.42819212926622,82.75867937698095
265.5290295701494,129.13708606102742,72.4271902113257,81.4202544685342
266.0722443367806,128.24533498877224,71.34076067806333,80.7819972415741
265.5065674496642,126.15610490761516,70.07763420000347,80.17149689930287
266.0267476387751,125.48706889827677,69.0372738217817,79.1447761163283
266.53686674391975,124.61333555794525,68.01703561149242,78.56002475396103
266.72738657636586,124.91830013079444,67.63599594660013,77.95009560826267
266.9619826711548,122.6814649453482,67.16680375702234,77.84125496760836
267.2619652462849,121.6848586090015,66.56683860676209,77.55242349246058
267.484638320597,120.8281315834324,66.12149245813785,76.99793185640125
267.5402556576672,121.06260550035482,66.01025778399747,76.52898402255639
268.7244629951132,118.92241173802566,65.88502704120536,76.32300368301487
268.6705574483003,117.97493798319968,65.99283813483116,75.97996330492153
269.68348289772916,115.73592347093542,66.20139598867338,75.98917482405002
269.78158958155694,114.8231827089014,66.00518262101788,75.57676142913672
278.7583494625112,107.99792119799663,65.87856499304142,73.6287450837556
278.7253286825616,108.51123852111142,65.94460655294067,72.60211043752602
279.83950019146465,109.16872168378731,65.89747176471191,71.28714411217425
281.0932254149551,109.28474278441527,65.54999210234503,71.05510191091832
284.32193458335354,108.44317768785106,65.54504744684358,70.58740754361492
284.0983981584102,107.40202256882036,65.99212029673029,70.52626728094683
285.4238132816687,106.70622826253427,65.49088945746418,69.76825648626806
286.6563337751952,107.05578296094765,65.15564747394694,69.06914708944129
288.74900644328227,105.13838402456285,65.19740547336005,68.67684162662366
290.84026230156735,105.46517312201689,65.23104943112136,68.02326343171559
293.08858644893377,104.57813861783438,64.9311570150472,67.69895450075126
293.9753346772137,104.9826361166307,65.24621002826501,66.88995950315862
295.26709496606605,104.12437475429947,64.74353375787248,66.5256379205089
300.45477874711503,102.39717445929779,64.70408331570773,65.84567166253895
300.3120103424234,102.540495563341,64.98962012509108,65.55902945445254
301.28202314063446,101.75516839562357,65.10547388508877,65.07380443346749
302.32631111349747,101.98080246757966,65.06696529929192,64.62253628955531
303.76011413190054,101.22384014625936,64.2417106201815,64.09410957450022
309.89500333277374,100.494560547865,64.09814944440944,63.531632566959885
309.84473428128337,100.58012646617777,64.1986875473901,63.36050073033435
311.8094580051116,99.79736078440963,64.28683064505515,62.917236821209904
313.05021134603294,99.14366201108587,63.808508595771094,62.22144973529884
315.03518709651536,98.36151961915074,63.80792591794271,61.80105010760084
317.89827614137243,97.49174374575227,64.01584080164923,61.56257086325757
321.9850879802825,96.60325897362287,63.75229086933183,61.36202197114067
321.9557536113258,96.69083485527094,63.81095960724527,61.186870207844535
323.950157369851,96.65531961785533,63.75887472517712,61.257900682675775
326.0458391080247,95.81275009091293,63.50485049983952,60.974370111055606
331.141652684874,95.01755309797896,63.11423045829983,60.60456267449177
331.2572883062639,95.14494533936099,62.882959215520046,60.34977819172771
337.1484407937457,94.02338840978436,62.74407737793251,60.65232152798495
342.0825029617805,91.41322745220668,62.59185591765813,60.04310171766316
345.9539084015808,90.88723870568546,62.573664630431004,59.163924312612195
346.7317974398584,91.19259807208013,62.93482593116623,58.55320557982288
349.8917496776319,90.59170935949048,62.35358017921157,57.84209676380474
351.1057995235037,90.79521833767575,61.8179924252684,57.43507880743419
353.0970805186937,90.06726389696382,61.59079843029715,57.013303691153695
357.962398871467,89.16479052909699,61.197328391012306,56.950817093635024
357.98451201401105,89.15043605091623,61.15310210592422,56.97952604999654
359.96111668504284,88.43388844975394,60.920024901878236,56.55255518331231
360.9243410559715,88.64376483485218,60.84321838463854,56.132802413115826
364.9260875494685,86.87040452993047,60.2067999417003,55.99598575093146
367.95361404738674,87.2906569380098,59.640741158601784,55.15548093477278
369.9111357261428,87.39808048741688,59.34063683334519,54.94063383595865
370.9079683314336,86.66776926152663,59.146343163784636,54.60188474671804
375.582123430006,86.83064090194391,58.75279916148472,54.27614146588348
376.89016342189734,85.8719375585162,57.91635343715489,54.41391389328613
379.00604187397454,84.89539724517417,57.22212773973072,54.59822891660509
380.80582907411923,85.12432710276454,57.144211924261505,54.14036920142435
382.80481614006686,84.25279540627334,56.650944738268706,54.13107912145554
383.67622461766416,84.36109112438056,56.652613751102066,53.91448768524108
387.32853940691746,83.48216921353495,56.312307014236744,53.93125079652201
389.9417332620637,82.82019167175457,56.29397265783394,53.51918809545283
390.13852881234607,83.17008074801032,55.90038155726921,52.819409942941355
392.77785643357976,83.43850109269798,55.75757877773674,52.282569253566024
394.9443957464403,82.76384981073971,54.826899390664444,51.93067219815816
398.4027224648075,81.93474423594729,54.63451364936709,51.90781642388376
400.28828701026265,81.97381110712362,54.21877374903467,51.8296826815311
404.71351180686565,81.34099271408462,53.71806655332156,51.425370988110515
