482.0,191.0,46.0,126.0
469.452424726016,189.62384701816063,47.38558040662148,126.11790928130688
467.5033341947278,188.50940607983006,48.622681211392866,125.68571090016314
466.0355693125936,187.25736655955814,48.88110407846195,125.51268304350768
463.1182366974648,185.0480101707348,49.35726299220292,124.57288950463763
463.1499191937087,185.32208059471913,49.29389799971506,124.02474865666898
462.9154834738792,185.41646576707166,49.762769439374075,123.83597831196394
462.9393047031023,185.62622902043165,49.71512698092788,123.41645180524395
465.613148758774,186.02243845844208,49.695449422328096,122.62403292922309
466.99957094759236,185.1584516939955,49.57484470318898,121.69976679961871
466.98171870440456,185.82276186314664,49.610549189564665,120.37114646131639
466.96326992630395,184.88217556012984,49.64744674576583,119.63406917113852
465.62101966274736,184.83278461635626,49.72367674302174,119.73285105868564
464.8121307200184,184.51953661247947,48.730404711126845,120.35934706643921
446.5090483846134,182.292957182417,48.90276118438804,119.60767618405711
446.3654402575728,182.39861140420302,49.18997743846927,119.39636774048512
446.47919263308023,182.5617826703197,48.96247268745431,119.07002520825174
441.4123190832655,181.75488304205413,48.74437792694711,118.09586399974873
436.3884175902412,184.7865286252141,48.51205524486197,117.17263566749568
427.39705189617314,185.45481996217728,48.62670651369598,115.83605299356933
418.5518514102154,186.06630478831758,48.56985478062303,114.61308334128869
415.005909635226,186.59262335687197,48.11180619542495,113.56044620417995
411.7466871797706,186.8838178744974,47.150295463313455,112.97805716892907
410.9828784371255,188.1522208343684,46.21005191318674,112.90911228460402
406.6056809950281,187.91829232445613,45.16381180987029,113.37696930442854
402.79133708441833,188.80319373683972,45.47775878083813,111.6071664796614
403.02181237268337,189.20520286133302,45.01680820430808,110.80314823067476
401.64919080517456,191.04621605499045,45.36349130103786,109.51968188164776
401.6398895319374,189.6645716895498,45.382093847512095,109.89675182829617
401.6657271833862,189.577637114823,45.330418544614545,110.07062097774978
401.63873334897823,187.70295120593815,45.38440621343041,111.4264132486593
400.60965504382773,184.4288681296208,45.028474016425335,113.14640178668165
400.5820154097586,183.4003286126725,45.08375328456363,115.20348082057832
400.72752692696633,184.4302804462278,44.79273025014817,115.60666208282899
405.68215797122093,184.85401111854472,44.73812510907571,114.75920073819515
405.54772466672046,184.95346176252414,45.00699171807665,114.5602994502363
405.49823862708706,184.53332295777096,45.10596379734336,115.40057705974266
415.1782889236705,182.5545599286504,45.476387383415954,116.89178759557883
416.39576110273657,181.9876192176934,45.5358230634598,118.02566901749279
416.22550281742673,181.46336550304704,45.87633963407947,119.07417644678557
416.22254513651063,181.1511642857148,45.88225499591167,119.69857888145006
415.6155544116841,179.7727400182168,47.096236445564784,119.91345901472857
416.57437343361,179.5351642343058,47.745414079707366,120.3886105825506
416.1097698754593,179.33459630502102,48.67462119600887,120.78974644112017
415.9266905158207,178.78288802237216,49.04077991528598,121.89316300641785
415.7936607494924,177.4723335736164,49.306839447942544,121.88423063115988
415.43608894685315,177.64894632268908,50.021983053221106,121.53100513301447
415.3177079869299,177.74394867117098,50.25874497306761,121.34100043605073
415.3562895423644,179.1996988657844,50.1815818621986,121.07326111644218
413.0075631396143,177.68901370992864,49.601981050216494,121.45610461941251
413.1220503930622,177.43380374522147,49.373006543320855,121.9665245488269
411.9812471169426,177.76150954677578,49.017592163229224,121.31111294571826
411.85798636891286,177.55089103936257,49.26411365928868,121.73234996054467
413.20113475878617,176.8010755099993,49.20952353233203,123.23198101927125
419.92292140148174,179.20765350357362,49.02758848146512,123.72348032593234
419.72769543800024,180.2296283170451,49.41804040842818,124.33568085706032
416.79284450201,178.69277596263638,49.94387177155613,124.73745031145148
407.14292399853036,177.28553543839362,50.433961913299925,124.86482409347764
407.1435006433096,177.0937127746297,50.432808623741515,125.24846942100552
406.9390648676222,175.55633047710717,50.841680175116295,125.62004573123411
405.74755045748583,177.57879576187992,50.508879361137616,124.29094479594002
405.8841904527234,178.30694318034722,50.235599370662555,122.83464995900543
405.97031275953776,178.76888147111464,50.063354757033686,121.91077337747059
406.14564839738557,180.54363395714083,49.712683481338146,121.0097758752442
407.6472450984881,180.90864642221,49.33876716006827,120.27975094510582
407.47041133697223,182.627854253776,49.69243468310006,119.45343415962326
407.54425963433897,181.2852781993258,49.544738088366515,119.5321240767658
408.37107589376956,180.77792947711742,50.496080696221384,120.54682152118252
408.636403421899,177.53809998433582,49.9654256399625,121.75346218198584
408.4051362600739,177.0992452838213,50.42795996361269,122.63117158301486
408.5036322740647,176.88612508550182,50.23096793563109,123.05741197965382
408.65553491904797,178.55227032962426,49.927162645664524,122.39314385373002
408.99126717856893,178.81118190948712,49.25569812662259,121.8753206940043
407.82638784298473,175.17151198410903,48.95184049558647,121.25381163814683
407.7633238316303,176.4043778819398,49.07796851829531,121.40732689946802
406.73514680364525,179.1132177719242,48.51061583627248,121.23706059548518
408.989919950469,179.21295081863184,49.22333996253526,121.03759450206991
409.093261151881,174.6858157059242,49.016657559711376,122.22895640204027
408.8445203085076,173.2713309886322,49.514139246458186,122.42347972562015
408.6309463216449,175.55802906215672,49.94128722018349,123.14232214428264
409.6050894379319,181.50212600116814,50.657088449922895,121.91047811551317
410.7597992323891,177.38932750533195,51.00672309987778,122.15891239057729
410.5926405878139,176.1055409359098,51.34104038902828,122.05763885172996
413.36629596072635,175.4773186580784,51.140356118807674,123.31408340739276
414.4118673348191,181.8477842688557,51.737107100987984,124.01262083766709
417.06722301666196,176.01084260927743,51.84353814402442,124.85221934337933
418.1294092831325,177.171356416765,52.441745845912266,125.25377196323308
420.59246300690666,176.96092922663132,52.99362679605561,125.67462634350042
420.1949658805308,172.52354778047066,53.78862104880736,126.28481668317173
420.05676067714836,181.98011909986928,54.06503145557225,126.81595545380428
419.9552594583642,182.63466400027608,54.26803389314056,125.50686565299068
419.9330353175749,175.79593137402486,54.312482174719186,125.30945902561098
421.0278651314116,174.1840232853794,54.89572397872806,125.76037377121972
421.0878763360769,174.68345328876035,54.77570156939754,127.55123547365254
422.27312065982596,174.52836749393478,55.21874066195012,127.86140706330364
422.30617212369896,174.42993798251646,55.15263773420423,128.0582660861403
422.53030158889413,182.688266510382,54.70437880381384,128.5067594688843
422.4376818293001,181.27671857202859,54.88961832300188,128.5037692602689
422.78253671541,181.08323328894193,54.199908550782055,128.89073982644229
433.1562508303782,177.8661378992224,53.21138279810452,129.67952989809305
433.1940041752468,174.99912150026245,53.13587610836733,129.78049895619046
431.97044142127527,186.50646331689205,52.766357079984076,129.29897161354168
432.5467519842581,180.52104217286694,51.61373595401852,130.05730861303843
434.3141926245259,188.87831833413136,50.87234506100103,130.10369861561884
435.9389129000001,186.12790712159926,50.403800273698835,130.04272951339064
435.8696337913394,178.36771068044675,50.54235849102014,131.7049977656202
438.5474521881386,173.24336890399576,50.78268273603858,133.55973976059693
439.8076094982519,173.90840699314444,51.091282638825184,135.05857810531273
439.85921571104257,182.36173949676788,50.988070213243915,135.28769042814233
439.93781367166815,183.41890963451476,50.830874291992714,133.1733501526486
441.2137623648251,177.8359634052381,51.1032134273343,133.0422965245805
444.24885006996936,184.9858701180304,50.68753011831369,132.87871335216593
444.53105444951933,186.04379476370883,50.12312135921378,130.7628640608091
444.32211381936077,175.86782603319824,50.54100261953086,131.67629274907412
445.29068147819913,176.9914830084863,51.401411414291445,132.22652291093527
445.58604436997837,187.20782297739385,50.81068563073305,131.5399915008103
445.5776888931133,187.25071160711684,50.827396584463145,131.4542142413643
445.5966677871109,175.2165093709047,50.789438796467934,133.1266669033351
445.27823497671454,173.47141026932562,51.42630441726063,133.7940429076079
438.3666854591406,181.6812731154819,51.03021594295981,134.4373422266338
435.5466589831022,179.4153350412603,50.978360557170454,133.27731003721084
435.4005991377685,176.13180950338028,51.27048024783794,134.18760569227513
436.7409799063692,172.44413939417285,51.4364074419931,135.8695684479767
436.75606725703597,183.10173690331362,51.40623274065961,134.670985283856
435.37511734388085,178.1236943175854,51.312068415027774,136.0588779994864
435.11077333166,172.4732425731303,51.84075643946939,135.86266301645963
434.9707803662193,177.30559738883898,52.12074237035088,134.84086678074218
434.9830496893934,170.2802058693689,52.09620372400258,134.53500880442658
435.1569975449024,181.0941622892563,51.74830801298453,132.97256230029652
433.5406761361066,177.63242633676413,52.14313741867012,131.38259396956235
433.31244291835765,174.61384738152265,52.59960385416802,131.77571616492622
430.13074945200395,174.90140374724947,53.291333848922335,131.20060343347257
428.788838545485,174.0187026591189,53.13527373752029,130.12612368529375
427.09555533200415,171.71424838712488,53.700223473767394,129.09179884785257
426.7123026299072,174.63470157371762,54.46672887796132,128.88437087429898
426.8874651941497,180.52621567407277,54.116403749476426,128.41068895630258
426.95119798406074,177.155564033239,53.9889381696543,129.5234220025829
426.81044662419913,176.83004822774714,54.27044088937754,130.17445361356658
426.9899788662763,179.76545255318143,53.91137640522312,129.98862450924946
427.22991802147084,176.75364842515756,53.431498094834076,130.34536771873405
426.8985104566651,175.4827991517016,54.09431322444544,130.0570174744609
426.7760075269323,177.01982724853548,54.33931908391118,129.82062937589802
425.34437016809477,176.27210864291425,54.36399072125408,128.47746350680836
425.3116513943165,175.03949863858915,54.42942826881064,128.12304715106842
419.56996237912483,174.88579954707316,54.65011735051247,128.4304453341004
419.5527496943985,174.68572886033434,54.68454271996504,128.83058670757802
419.0974725566602,171.15162691776757,55.595096995441786,127.40754103241903
418.95804448303153,174.22636391862343,55.87395314269902,126.9098956694653
419.25837950249814,174.05177784613784,55.273283103765834,127.25906781443649
419.6163478842041,181.5571482837794,54.55734634035393,126.33876114952228
419.4197559576115,174.6310810608541,54.950530193539066,126.23027259619016
419.4266206056652,174.08374860005733,54.936800897431624,127.32493751778364
419.6737977202457,178.48098079930037,54.44244666827065,126.96977217707975
421.3579265609365,179.13105908123427,53.8734138740689,125.66961561321193
424.3323694626843,180.9710352977246,53.4652420123067,124.76002015109799
424.7641294173589,181.3290242391622,52.601722102957574,124.04404226822277
423.775336020291,179.96963582013802,51.854957489372,124.03846769854977
421.5907554285115,181.457376902909,50.80204766845177,123.77402103524742
413.63005070400214,181.6833552915904,50.592362059428375,123.32206425788462
413.71629670088583,180.83847000791735,50.41987006566103,122.33356616485938
414.8955922810327,179.85436513736585,50.72222350335955,121.64083130797016
416.2274245572578,179.9201612437644,50.71487706040888,121.50923909517303
416.5354417182344,180.97963595484873,50.098842738455666,122.04457755478427
418.01288253478515,181.10803064201997,49.79502936674932,121.7877881804418
418.5823556272197,182.74227398636174,48.65608318188015,121.1612619567868
418.8944057259171,184.1650004424751,48.03198298448537,120.92844878417023
418.8263081186408,184.5245629934913,48.16817819903806,120.20932368213785
419.02337219915864,186.22057056269557,47.77405003800235,119.40753667757855
419.05819204883187,186.41819583498253,47.70441033865586,119.01228613300462
419.0114979420271,188.40069292391192,47.79779855226536,117.61201027244357
419.29095450006,188.74381274195113,47.23888543619951,116.92577063636513
419.3517052467244,188.52894394547155,47.11738394287079,117.35550822932433
419.5323546841896,188.95832134078034,46.75608506794035,116.49675343870673
419.74777238017754,189.0967607370913,46.32524967596449,116.21987464608483
419.7823488374488,188.90725509638247,46.25609676142195,116.59888592750244
419.92002761911533,187.71283025525202,45.98073919808892,116.48361446615043
419.91952935879686,186.51359169317675,45.98173571872585,116.38455098807364
419.9731340150984,185.00189616385103,45.874526406122754,116.91180841502182
419.95930896056495,181.93839791323262,45.90217651518964,118.03520976056686
428.3119170175246,179.07077433285002,46.82602866466202,118.7335802746488
435.8199655234909,178.87566880901642,47.08002697268982,119.12379132231601
441.9153010174836,178.43599667609908,47.66520634432149,120.00313558815067
444.6545630286493,177.9439870764234,47.34324088693238,120.98715478750202
447.27050917948304,176.58828857983997,47.284692281219975,121.11187993269128
449.3793621744462,177.57254866973418,48.24181839920256,121.73077580685731
454.17637871275105,177.74630171084536,49.10154187187355,121.38326972463493
463.6611834435421,175.99339380851103,48.49839467414996,122.2653052058952
469.8697755194727,175.48678040751497,46.58406885019053,123.27853200788734
470.1201555571222,174.61166304950322,46.083308774891485,122.42282231813032
473.12170550206116,174.51976331489033,45.249535750355264,122.60662178735615
473.2171171554949,174.4752980548249,45.05871244348775,122.69555230748699
473.39895932561336,173.0424885530096,44.69502810325087,122.99107406245203
473.69486911909416,171.70863466827726,44.10320851628923,123.09102865969027
473.76985343051933,172.0067666872269,43.953239893438834,122.49476462179098
473.9145389163675,172.04086821347178,43.66386892174246,122.42656156930121
475.69412797982676,171.25003253523084,42.64570000333495,121.46722371727212
475.2147228604834,175.124553439144,41.095683066475694,123.7534906116301
474.8937206093831,167.23240428090065,41.73768756867622,121.94581091627956
475.0087316617733,168.72903582798665,41.507665463895776,121.45167418262287
473.53657190420597,168.3717157201026,41.96409576926345,122.16631439839094
473.15439614048205,168.4677891232983,42.72844729671129,121.97416759199957
474.17783202971975,170.71389482815857,43.19914255645002,122.51709025870744
472.5801206782144,171.7023078579147,43.86069595094361,123.07413350771229
469.4192219907805,171.28547813537486,45.07483153889703,123.90779295279195
458.47107713089036,170.96555730710014,46.26923332453238,124.54763460934137
451.4741355074147,174.10391532357866,47.170798214934536,123.50784591900401
440.18051379601945,175.34498765498626,48.79978852365076,121.02570125618882
430.5806058216436,176.29699500194647,49.70685067768838,119.12168656226838
420.1863881231734,176.5866017357642,49.67985467362254,118.54247309463298
416.34032083164954,175.9314375823641,49.59273062138108,119.85280140143313
416.29818445214823,178.4449008709932,49.67700338038361,120.04678490770507
420.1024083601751,179.2224778158303,49.9128093958647,121.1063822952091
420.84283690441185,179.98764100256224,51.06618107368331,122.2102846880374
422.02010215396905,178.5048410328859,51.38229398365847,122.50524121830055
421.898329900215,178.11879264960655,51.62583849116655,123.2773379848593
423.21229942607164,177.89836795762324,51.69387949541511,123.71818736882592
424.5594104004632,177.72531754422312,51.70321059309937,124.06428819562615
424.7279785464377,177.5469640240779,51.366074301150284,124.42099523591655
426.54053643676326,178.83207915262886,50.448834182405314,124.55864064072065
424.7883416460813,175.94357624540794,51.25968649705735,124.94857192173865
423.3004672976304,175.52491578097238,51.52184156253981,125.7858928506098
421.7561253945578,173.53395769399788,51.880194297682806,127.03747795355653
421.9480256042782,167.87642698003702,51.496393878241975,127.3335294806783
421.86342818125274,170.80552973321963,51.665588724292924,126.97969003326277
420.54898055170963,179.86330511421286,51.544385166724894,125.36473217120152
422.03590876358817,170.39386608098565,51.29518736747107,125.23099986613273
423.3595529782488,168.2855546666355,51.36619660628777,126.72932502669497
423.18118403019776,174.91359180536853,51.72293450238985,127.17904098082926
423.13443413509737,174.56120432233232,51.81643429259064,127.88381594690169
423.05240976100697,167.58631328120472,51.98048304077149,128.00452662377046
422.77866178111464,172.96577249074437,52.52797900055615,128.32751305689942
420.0888154418534,179.26683045510825,52.33791403824512,126.86491240983855
424.2288031888282,174.51278494443392,52.339153797100565,128.0917881783821
424.2835345512487,173.41638250719447,52.22969107225963,127.50647293817468
425.4949888715895,181.4720766182371,52.57451588796894,128.00148545443486
427.0728832799796,173.3465856190813,52.199732470124346,127.56643505913318
428.6084674096614,175.0534248691377,51.89662917570706,129.6888864889132
428.7814856074152,177.21935773330694,51.55059278019943,130.9435017608876
428.9073522017459,170.15711839524272,51.29885959153812,131.04244062923
428.81162247965676,172.47956519600342,51.49031903571637,129.1995723745378
428.57690444366284,174.05948494964605,51.95975510770416,128.81867616397898
428.0579963988208,172.79453996745974,52.99757119738821,128.56673006455986
426.75304825995045,184.49367419963227,52.81078728905433,127.54190308881152
426.58214943952015,183.19513867423,53.15258492991491,127.36039885229994
428.6709481489308,173.45995375808178,51.75701165819507,127.35659965488608
428.87843596850536,179.19555614490935,51.34203601904596,126.91403020135002
428.91824702453596,186.3059017767774,51.2624139069848,126.41028198013902
429.2335279376584,176.29356296504918,50.63185208073989,127.29197528636143
430.60958290396127,172.95387449047053,50.61590063482723,128.49903526213268
430.74653592991433,173.78012365752835,50.341994582921025,129.5997736378848
432.1179626059921,178.12675305053776,50.36329496478132,129.19897605391338
432.34100491532087,176.0970471799398,49.91721034612373,130.49961120199694
432.52392854503086,189.02110432760446,49.551363086703795,129.5765802267726
434.0921257970389,177.86841633125408,49.16460425061071,129.88487087608897
435.4866263741634,187.50423121483232,49.122710500589825,129.84299293852945
435.3821530304773,187.85974553585143,49.33165718796198,129.13196429649122
436.65652887320636,177.9662138489944,49.522213993467666,129.7438682334595
440.57695263412296,182.70103172107525,49.9359048714695,131.2802836890779
440.94025177360544,178.406425857111,49.20930659250453,131.52652006154278
443.53868026926926,186.91380169407313,49.55534580355763,131.140456994761
443.44813379413944,188.70913908075335,49.73643875381732,130.32192518807213
445.99622916350074,181.34970463723678,50.16756113248661,131.22251128162526
446.96954024696714,180.40553127806024,51.00526406767152,133.11085799997835
446.73837257720265,192.4055946905123,51.46759940720051,131.72250540493786
448.2570939764657,180.54412126895264,51.244978014488964,132.92688100154083
448.27721920903275,182.1401085152911,51.20472754935486,132.56303946182672
449.76507595777736,192.6744195875478,51.051200074841944,131.24971947814765
452.91875153106156,181.7089226963024,50.344985597698724,133.5767349176504
452.87068889862036,183.31497210492415,50.44111086258115,133.18592212741757
452.6670711506606,180.34716082836874,50.848346358500656,133.48672284581556
444.21236381559567,189.43655764524857,50.783478605176114,132.28221163551024
444.67270225867907,183.89868820320103,49.86280171900934,132.11557017042765
442.60322546490994,172.3061087111426,51.21009752325704,132.9674668882202
420.84927642798795,170.0902135217945,52.296647124272646,131.74307747053928
416.5360073756212,174.16928754551367,52.43334305077089,132.07477160133624
408.819085934544,185.5061841458779,50.84421229784243,129.26111430820438
408.77119762039354,174.4840330859131,50.93998892614334,129.15918159138522
399.4672072220747,182.8604322642683,50.16828204727992,126.24901728860414
400.7255852018318,172.28095727888353,50.36439564148795,125.70501082959609
400.7225962690932,180.08340946345737,50.37037350696511,123.64281470138596
403.7317720442529,175.9859254579893,49.709906558664954,123.80095580929307
405.08975379994735,175.86052999882116,49.663392254737374,124.05174672762934
406.4365873313937,175.78619178164536,49.641955134997865,124.20042316198095
406.0881433593023,180.15523627966155,50.33884307918065,123.48429671569727
406.3544701372324,179.85498272854275,49.80618952332041,124.08480381793488
406.4683633126898,182.90136631064834,49.57840317240559,123.34254473149173
406.43506267468626,173.62545238687852,49.64500444841269,123.27085555311166
406.14171521698864,176.07347079591034,50.231699363807884,123.69613456479624
406.0003342103841,177.95047880117963,50.51446137701705,125.29660077585147
405.8952772620098,178.01496142762446,50.72457527376565,125.1676355229618
405.97251723331345,173.90522329471736,50.57009533115834,125.26543729796056
407.42849955693856,175.0702388591411,50.3640112380597,125.64128672326456
407.33034191124426,175.959945984925,50.56032652944825,126.5694898249242
407.28942730195513,177.5392497401471,50.64215574802658,126.1353656604131
407.20747885478465,182.2208553518763,50.80605264236744,124.93123634895963
408.49426983507266,180.98859406610433,50.93774044203704,124.69048916025804
411.07257952696517,173.6918288702054,51.18940944573195,125.76329858335595
412.228199285218,173.5631888454062,51.60225823780111,126.02057863295435
416.14274756382105,171.9048469103943,51.9785987282301,126.60211682043314
411.2944149774791,181.11423850911396,50.67435959701527,124.68469007884177
419.3048658754281,172.75950161501459,50.849685425551385,125.1979362426064
416.3694465998372,174.13609797539496,51.30074340486422,125.1546338077801
417.54755781612687,175.74020406119044,51.66181635225256,124.66371701615685
423.1409892767775,178.3837806693217,51.341483031244316,122.09319619996757
423.75793313809,180.0348136929239,50.107595308619345,121.46496489112332
423.7131503972919,181.29891437586923,50.197160790215506,118.93676352523266
422.1474160109956,183.64713147526436,50.72067751614651,116.84828137310404
419.18397495014335,185.84676147206937,51.47355679691724,115.03602279996088
422.8847775108725,176.22113205020634,51.7939253326499,116.26934311024148
422.87281072068976,195.81970731802807,54.41537688039791,113.43744411795524
424.5737801070198,172.09041860942165,53.61561475600515,116.65901851462601
424.5011653097094,186.59340517978748,53.760844350625945,116.6396055438783
423.9945088201488,191.26194902140847,54.77415732974717,115.21472301481259
427.1266640615107,183.42570620586162,53.778541735934645,115.08112397917236
428.6985128429926,183.64095949128333,53.24987510417531,114.65061740832891
429.0738992605136,176.44915624153697,52.49910226913329,116.03659620202617
429.2176175164685,178.81485623989158,52.21166575722354,116.51824929349715
429.4930907135558,172.26162762923133,51.66071936304902,116.58234359287215
431.40006744647224,172.28370405029736,50.44648039050554,116.53819075074007
434.6260766891086,172.92497895381229,49.14980575330854,117.8333128677481
433.8773228240129,173.3994145393494,48.07387090589374,119.45788427428003
436.62765974317296,174.64754958192208,47.728648459327914,119.53933988501188
441.71619013876835,175.47182307650695,47.84253979848145,120.4635309284282
442.85845717350134,174.31947459294787,48.14607774740331,122.76822789554639
439.03471413031923,175.80146098374354,47.91362508584701,122.43090136326191
434.17039471021326,171.71034818596382,47.171719722672734,122.76021880628167
430.56110758263105,175.44319720357842,46.56309257795218,123.12172217093739
431.53604830960535,176.71692491039082,47.216529371446796,123.17758500475577
431.38308032161336,174.9185864237453,47.522465347430746,124.15839905192846
431.31671941840904,181.15266686341482,47.65518715383936,124.86741061217285
431.26149357672074,179.4817960132569,47.765638837216024,125.56115863552132
432.24649497943824,179.78781362316252,48.45556866508864,124.94912341571012
433.5015934011892,177.76141603924526,48.60890223445739,126.33838817067405
433.6581744748357,179.11918238350464,48.29574008716438,126.30908775112789
426.3606696944561,176.85989618217644,49.48980281432314,125.46728142034411
425.9114155138731,175.7638526095045,50.388311175489065,124.96987232191375
425.52137937291405,177.42439285644167,51.16838345740727,124.34717418290771
428.78803584456296,177.79749835546204,50.041663726689215,123.60096318486694
430.59002852634217,179.10833282793317,49.11016242435304,123.65177830114689
428.0258771321938,179.246069811609,48.92527681974558,123.37630433379522
427.89147169260684,170.98176510305922,49.19408769891949,124.00895142099722
430.19230362080674,170.3305560628467,49.918889249333915,125.31136950142223
429.9307318735105,169.93793043207108,50.442032743926376,126.09662076297352
425.5485219313453,169.09273707206503,51.05975790564261,125.07144257544752
425.20372540886103,174.9394200430109,51.74935095061122,124.22530745213335
425.2057036741499,173.8800237693392,51.74539442003346,123.63224099452106
425.5293808019287,173.77032517605312,51.09804016447589,123.85163818109325
425.2741575327701,168.32694560826113,51.608486702792966,123.95880481986042
425.28722674382186,170.71136867913324,51.58234828068947,124.60098154114951
424.97566421092654,171.3767121105443,52.20547334648022,125.98461012436165
423.64340092178367,180.0426943516104,52.12464935688342,125.12474904952407
423.88117988990297,171.7570978055814,51.64909142064478,125.30691316828937
425.20498099160005,171.9226461458265,51.72717545413575,124.9758164877992
425.12176225862885,177.67777549646235,51.893612920078155,124.35474599190962
425.1447806397632,172.1623989085325,51.84757615780937,124.52034708362814
424.92152812049864,171.1833602575416,52.2940811963385,123.76056272418177
424.7551643048293,179.28166434942148,52.62680882767725,123.8527901691555
424.77710487245844,176.17597672177078,52.58292769241889,124.62010362069995
424.95490579271234,175.04033052893482,52.227325851911075,124.15905238101008
426.4266690104563,174.69272813782828,52.00317992387161,124.85425716322314
426.83785628505973,172.94073464798626,51.180805374664686,125.63280019979788
427.0638657960237,176.7427712890131,50.72878635273676,126.19488965946191
427.3422844814047,176.62428062682312,50.17194898197482,126.43187098384183
426.90947639291824,169.85328101964487,51.03756515894771,126.39604034293211
428.2910365414115,172.55077379878804,51.004944604938075,126.46205427059948
427.0834254525227,175.0671658401318,50.68929774674172,126.89100825985948
426.8701168598717,173.08522856989134,51.115914932043765,125.3920552471582
426.6089818702776,175.75359757752432,51.638184911232,125.49017507169452
426.7424828557025,174.0515022611972,51.371182940382084,126.16622994320196
426.87861518292357,167.36183676761226,51.098918285940016,125.87989905841525
426.3624193176045,169.22588555232988,52.13131001657814,124.87595845772253
422.3335815587561,179.24863578291894,52.004891833779375,123.92667663103406
420.9850547553466,173.56225793859784,51.98986505851997,124.4511107913622
417.82543857090593,174.6040110837438,52.87032284053862,125.0869917945016
408.54557446548887,177.7549857067832,52.220778674645764,124.27340608463052
410.1984544034303,176.53125992053592,51.6359351327376,123.99994132315048
411.6854254510141,174.91118736135004,51.36858553393818,124.53349394515402
412.93948018228474,171.81574225634677,51.57001930861806,125.30529768071816
412.80140969790347,171.42615382309143,51.84616027738058,126.08447454722881
412.0217524833315,179.91740071408492,50.665069297219404,125.54441322107232
411.80256243296435,173.10340164401435,51.10344939795371,125.61445080913839
412.8145562312988,170.05873932071583,51.799874140184926,126.26295077793525
412.5079238109256,175.78053914902222,52.413138980931336,125.78797562400555
408.54706645500903,174.31978963323306,52.096254267433686,125.96327484714033
408.589612960021,173.52932715045986,52.01116125740974,124.80109741625444
408.5455526429945,175.19464934072073,52.09928189146269,124.19527122526054
409.17720323296743,173.4682493601124,50.83598071151692,124.93043765107075
401.9476720402697,173.02536966770802,49.060295760625245,125.8161970358795
403.7067294303066,173.0786909904145,48.22900564103697,125.70955439046654
403.76435309793936,176.13697900555036,48.11375830577154,124.93374987229191
403.9603084631668,176.57746766223,47.7218475753166,124.05277255893267
414.23491944462216,175.0768470128103,48.27260624005186,121.77901870086055
414.27898571379745,174.10718226799264,48.18447370170121,121.10366476732727
414.3541394809588,174.85454427733146,48.0341661673786,119.60894074864959
414.68270839031413,174.89436914934558,47.37702834866783,119.52929100462137
406.0530201868887,177.54763397687526,46.67221874617685,119.35538592365967
406.3506922940953,181.55323430299137,46.07687453176369,118.99779489707565
405.3206508942748,183.425572899067,45.60155940871045,117.78851562761862
405.19099294779824,185.4464637401205,45.860875301663626,116.25623983410958
405.2468374898711,186.01648605942606,45.749186217517945,115.11619519549845
405.0329512601168,186.0557307492675,46.176958677026484,115.03770581581558
405.06550730839933,185.626141971464,46.11184658046143,115.8968833714226
405.15803023493675,185.28789939134882,45.92680072738661,116.57336853165293
406.60612786182264,184.8375649102351,45.52847216207621,117.47403749388036
411.54406812486826,184.51163664114196,45.66730501024843,118.12589403206665
412.5562748919195,185.8939422202278,46.158422021216694,117.87681341896561
416.2708128799828,182.97123685142358,46.29160076404942,118.68072101060109
415.91033448113586,187.2567404915036,47.012557561743435,117.71378550815808
415.6352347333533,187.25324999032193,47.562757057308566,117.72076651052137
414.1790321131597,194.96939463958745,47.93156968602558,115.00644027034113
406.68128387303096,195.64575182170947,47.86100353804636,113.65372590609712
407.61514628673547,197.78203664937752,48.48350200182898,111.87137954195276
407.72158511550464,203.47525866411368,48.27062434429072,110.38676521108351
408.7328579408178,203.62519094173226,48.69828026910723,110.08690065584636
408.3290336960039,204.55075796967745,49.50592875873504,108.23576659995597
408.02495383008966,205.57303715287236,50.1140884905635,106.19120823356613
414.72561448513943,203.8578163456699,48.82063403866209,107.20007647633147
416.3217095370947,204.10888748424134,48.04207944532387,106.69793419918861
417.6830066550555,203.7994954147818,47.7121675714136,107.31671833810766
419.43025884993614,199.92879897146645,46.613527301904895,110.26638298423322
419.7340523517353,196.23834632839544,46.005940298306626,112.80893684828848
419.51273085184806,188.58378986086285,46.448583298081125,115.89264056153536
419.1709336479581,187.24339070383996,47.13217770586096,118.5734388755811
416.303144213957,186.0579518149316,47.77138720343097,120.94431665339783
416.0371971163811,185.17236038154664,48.303281398582854,122.71549952016781
414.79565168874973,190.33308310955624,48.15767109523858,122.90885869857644
414.8651085353441,190.68898018720552,48.018757402049786,122.19706454327785
419.8817489322861,192.79590826264757,48.45010138238521,120.59936458594862
418.77353267700624,190.32872233434279,48.06565969990158,120.3319880564715
417.6906901775699,186.03406488223655,47.641180679343705,121.15081090239227
415.00785753259174,184.6301661702541,47.818131747659756,121.36425121553704
415.01220550478865,184.32597875213077,47.80943580326595,121.97262605178369
414.83552867547735,182.71251744698418,48.162789461888536,122.59036530981669
415.886435007051,181.96233466265463,48.685365049425926,121.46634262779111
408.2784087515075,182.90854663137068,48.19608888879668,119.573918690359
408.50974796329194,184.0089511569281,47.733410465227855,117.37310963924412
408.4648129588102,185.0061505022447,47.82328047419127,115.37871094861093
408.5278469331193,185.8024215388154,47.6972125255731,113.7861688754696
410.1011496676136,184.88905600219556,47.039839616111855,113.12366738918197
410.10635596939716,185.48857416010395,47.02942701254472,111.92463107336513
411.4081054880441,185.7234278342545,46.87643227939874,111.45492372506409
410.5530202818338,183.15650085289832,46.14559568702868,111.70676367819541
404.6192911376452,180.5665303341371,45.85469636404288,112.02336167117264
404.7650860069912,180.31943969614065,45.563106625350756,112.51754294716554
