385.0,273.0,22.0,59.0
385.06408426539303,273.0181167591993,21.871831469213927,58.96376648160136
385.19371794985557,273.0096289235178,21.61256410028883,58.98074215296437
385.29873943609067,272.96358272003874,21.40252112781865,59.07283455992254
386.47588142656855,273.08574182223265,21.512493572585072,58.82851635553465
387.15820512353304,273.69998719996687,21.378467581720436,58.830647003130565
387.2348385983792,274.41755098906395,21.225200632028038,58.62374833377111
390.4228595070983,274.4982506017074,20.961643083442024,58.46234910848417
390.42731394947225,274.5581170928089,20.952734198694053,58.34261612628117
390.3319098171768,274.4967454020448,21.14354246328498,58.46535950780941
390.8066600845897,274.45689509831124,21.412795889163256,58.54506011527652
391.13063772702486,274.48508487798904,21.989603950387494,58.4886805559209
391.5597105479918,274.438541685416,22.365817570269776,58.581766941067045
392.0748676677907,274.55817875172653,22.57796340439078,58.34249280844601
392.0970796106343,274.5982653755798,22.533539518703563,58.26231956073951
392.161597764727,274.8015464146718,22.404503210518264,57.855757482555425
392.73271565735286,274.44394182179917,22.49499850435971,57.3382355892074
392.70814665795655,274.5530166084516,22.544136503152377,57.12008601590256
393.45985952699044,274.4480742636078,22.265368488945928,57.32997070559023
393.4965033840746,274.35801093317696,22.19208077477768,57.51009736645189
393.54204642677894,274.4707180163898,22.10099468936891,57.28468320002613
393.5784125798674,274.59353033037127,22.02826238319193,57.0390585720633
393.5259295342781,274.6319584412871,22.133228474370604,56.96220235023154
393.4789694244553,275.1364372405245,22.2271486940162,57.16827685522834
394.0011339410378,275.1396305309676,22.40249559996536,57.161890274342085
394.10820102052315,275.15921350169174,22.188361440994626,57.122724332893874
394.01073689806526,275.0720610065717,22.383289685910476,57.297029323134005
393.95979477764047,275.55172021797364,22.48517392676001,57.562034104981265
394.03919099987917,275.46157548079935,22.326381482282617,57.74232357932986
394.0908061753842,275.26969165153713,22.223151131272537,58.126091237854354
394.2038713140859,275.10130307866564,21.99702085386909,58.462868383597325
394.34436364825996,275.0493452776593,21.71603618552103,58.56678398560993
394.41030532041725,274.98435669648154,21.584152841206468,58.696761147965546
394.44913783298693,275.23295290131034,21.50648781606713,58.1995687383079
394.45283609521755,275.42294186810267,21.499091291605836,57.81959080472322
394.4107203148575,275.57727447754536,21.58332285232594,57.51092558583786
394.3978431926472,276.3733416388437,21.609077096746496,57.13181930621239
394.31315320442894,277.22286637402937,21.778457073183098,56.64082579877415
394.81203670237386,277.34475690775764,21.98474400402642,56.39704473131759
395.42383782076297,277.4139440087183,21.96539294237972,56.25867052939627
395.96646491536916,276.7524903681233,22.082054772058097,56.37966179169552
395.88495561843547,277.2642733505191,22.24507336592541,56.56183977348067
395.80598101270266,277.1333516084852,22.403022577391084,56.82368325754834
395.7641385028224,276.30524440006826,22.48670759715161,57.262026385087964
395.8051200067236,276.8614515548272,22.40474458934922,57.37528348868946
395.8335779053833,276.6800671214362,22.3478287920298,57.73805235547144
395.86488638120636,276.59900750370764,22.285211840383678,57.900171590928636
395.87768963960366,276.520903415584,22.259605323589106,58.05637976717598
395.85349136847776,276.38725446560005,22.308001865840886,58.323677667143755
395.83124589588454,276.92057043404094,22.352492811027275,58.49476341716259
395.7342062998695,276.979069624419,22.546572003057385,58.37776503640649
395.5771759881346,276.9837477460399,22.860632626527128,58.36840879316464
395.56537884850104,277.70202182981626,22.88422690579433,58.180129971574175
395.50199962829873,277.8440109000342,23.010985346198915,57.89615183113823
395.47974551111264,277.8387019789484,23.055493580571117,57.906769673309846
395.41747175505463,277.79099081728026,23.180041092687162,58.00219199664612
395.27196234870394,277.59544275319206,23.47105990538857,58.393288124822575
395.28441272280133,277.47222027221085,23.44615915719369,58.639733086785014
395.2665930363475,277.34952872483274,23.48179853010144,58.885116181541214
395.2251502123445,278.0030469602741,23.564684178107413,58.84488722100001
395.27212636896496,278.8128621743112,23.470731864866448,58.492964943384536
395.9813158018746,278.8705929581361,23.313317892010815,58.37750337573473
396.5874377411303,278.7105120407723,23.35756719947996,58.69766521046235
397.2396382529529,278.71641445161146,23.315057279364957,58.68586038878403
397.23162738596164,278.7729754902909,23.331079013347452,58.57273831142514
397.88880318150984,278.68635061680766,23.276347644257925,58.74598805839163
398.4689807737457,278.52808869392254,23.37712759453438,59.0625119041618
398.4570044365274,278.5336764759801,23.40108026897097,59.05133634004679
399.07623007489076,278.43721682146884,23.43038619951328,59.244255649069274
399.6290893586242,277.88688757080683,23.59572383787243,59.07385794456712
400.1916825436599,278.08551139536405,23.742095715093075,58.67661029545273
400.12552692965545,278.268112692965,23.874406943102066,58.31140770025084
400.7441625856256,278.3072052800217,23.902677010876253,58.23322252613745
400.8700220931403,278.5262937744963,23.650957995846827,57.79504553718826
401.4569727190682,278.73450036764416,23.73117729452019,57.378632350892566
402.04197058020395,278.9101548536227,23.81072246756676,57.02732337893545
402.20386936988405,278.9820863040086,23.486924888206552,56.88346047816373
402.95295908810726,278.85794471289086,23.226801834289105,57.13174366039917
403.7012234385649,278.45660992930624,22.967281715495837,56.697404645446355
403.8220042703821,278.90917398622383,22.72572005186149,57.01840333237723
403.91801817806777,278.6750594106988,22.533692236490094,57.48663248342731
403.98399901894555,278.5161116241359,22.401730554734506,57.8045280565532
403.97295796892,278.78617937837447,22.423812654785564,58.49633805305771
404.0260248179435,278.5832112536,22.31767895673862,58.90227430260664
404.64689228916563,279.57889810528854,22.32213706675905,59.40328670415914
404.6389800067179,279.4824477601693,22.3379616316546,59.596187394397624
404.6487756978594,279.5074638970615,22.318370249371583,59.546155120613186
404.6686466047552,279.30507201642615,22.278628435579883,59.9509388818839
404.60777165467067,280.3650259492006,22.400378335748975,60.35207415380074
405.90536093198136,278.846317372137,22.342126145144853,60.85256494391059
405.96403952539606,279.2972316586217,22.22476895831553,61.22531487013976
405.9946963771038,278.96060946141426,22.163455254900036,61.89855926455455
406.0002933056435,279.3245850326616,22.152261397820723,62.4569150719934
405.98597921736257,278.61330167185076,22.180889574382547,62.58540016062178
406.0341878400134,278.63706240864377,22.084472329080853,62.53787868703577
405.4208836505096,279.29029845260266,22.017073213569205,62.52541409363722
405.4430203612881,279.1698660194452,21.97279979201224,62.76627895995221
404.9074776444078,279.38233486193053,21.748645824409202,62.34134127498144
405.0130960147252,279.9899859473118,21.537409083774406,62.41113870518788
404.50034772322255,280.1270585826303,21.280654829378683,62.136993434551016
403.96694170787765,280.18348952594425,21.073803112541512,62.02413154792307
404.00755034479823,279.61809365663044,20.992585838700386,61.886641083307886
402.8267536167985,279.63312751607674,20.824497292421327,61.85657336441524
402.85392007823936,279.73800102823867,20.77016436953962,61.64682634009135
402.8309374245482,280.3528225872282,20.816129676921918,61.67454643057588
402.78830288478605,280.4242536109542,20.901398756446277,61.53168438312392
402.6372499479072,280.58517010603555,21.203504630203916,61.20985139296122
401.88021317035486,280.7393620514025,21.458539632220038,60.90146750222729
401.1449962792447,280.906203912245,21.669698479750693,60.56778378054228
400.9842817437568,281.14620323622216,21.991127550726468,60.08778513258807
400.848873106721,281.0980462003298,22.26194482479813,60.184099204372785
399.4966703351161,281.69875949832664,22.439229896262148,60.246232844251836
399.5364080728872,282.31034233684716,22.35975442072007,60.2907145835918
398.8009574679351,282.1817212177846,22.56380400686519,60.54795682171691
398.163707775806,282.09900739509203,22.56408756519413,60.71338446710205
398.128511632073,282.7039662060722,22.634479852660135,60.78005779479639
397.521687846017,282.7226755465115,22.569312232469414,60.74263911391785
396.84028687270745,282.6105916997175,22.65500994296697,60.96680680750586
396.8125418492051,282.64924764096304,22.710499989971726,60.88949492501473
396.18857243865733,282.47188584720567,22.676685424347767,61.24421851252953
396.1438770109237,282.6966521459366,22.766076279814968,60.79468591506766
395.42684653194806,283.3017830281314,22.91874117592868,60.86582021251571
395.38958111609384,283.2720847853148,22.99327200763708,60.92521669814893
395.44552621737165,283.3383725617129,22.881381805081475,60.79264114535269
395.5757560427372,283.44825645587326,22.6209221543503,60.57287335703204
395.6278712994311,283.47390166129395,22.516691640962545,60.521582946190655
395.7318417586482,283.27620161815173,22.308750722528266,60.91698303247503
395.7655179230172,282.69787131740026,22.241398393790263,60.79874600371731
397.8813739693699,282.70536096019083,21.825651889071302,60.78376671813612
398.05974388181534,282.54830944968677,21.46891206418043,61.097869739144286
398.12448351483897,282.5196680163025,21.339432798133245,61.15515260591284
398.1494947607921,282.4618512406999,21.289410306226912,61.270786157118025
400.62977984722744,282.4995840658393,21.374725070340173,61.195320506839145
401.33701578904476,282.5920321289581,21.22219950803676,61.010424380601535
403.1857536825334,281.6434368048438,21.294325467565397,60.39454719782619
403.8200416006073,280.4509563209359,21.274804338280376,60.28139875191626
406.24463905711457,280.36988476446976,21.41394775261587,60.44354186484864
407.3241073908877,280.63074807372067,21.758863171448425,59.92181524634677
408.4211482817505,279.9488989415581,22.066217371193424,60.03479551993665
410.163370954725,280.6273892692257,22.355440639378784,59.93570440264621
414.458141745018,281.0757364277014,22.597714840824416,60.300698054556634
414.3974411941136,281.1132904149966,22.719115942633273,60.225590079966196
415.03671074347193,281.1544853389441,22.712969097274943,60.14320023207124
415.09522992759327,280.480344610763,22.595930729032247,60.22038147042959
416.38902521149436,280.54610554290946,22.548540451406517,60.088859606136666
418.20602790230055,281.0086621271417,22.716619626794987,60.43110795667247
418.2380037732112,280.88789848096116,22.65266788497375,60.67263524903348
418.81004559583874,280.9308631765249,22.786188042512453,60.586705857906054
420.6767572699345,281.38585551453497,22.889095610040076,60.95549815379232
422.032831925744,281.32726619258256,22.748779332697218,61.072676797697056
422.8324467095675,281.3825498084535,22.434617719475433,60.962109565955146
424.1150366453137,281.5821226415894,22.42507160494697,60.56296389968339
425.50543917466854,281.7148574975789,22.18812486728013,60.297494187704395
426.97415660332996,281.8986679749464,21.77839306830932,59.92987323296941
428.9113314595485,281.9157111728048,21.65760284373563,59.89578683725264
429.59264163966463,281.96683140713117,21.543496083193986,59.793546368599905
434.6292737588396,280.69307401365234,21.430119960611247,59.85108912661576
434.70871960769193,280.7109967869006,21.271228262906597,59.81524358011923
424.24574819105743,283.19366272317393,21.1110213184415,59.811358714098226
424.4539158633809,283.34457194186325,20.694685973794535,59.50954027671952
423.37128750976126,284.08592388112874,20.40889532579319,59.25236007580899
422.2292325346449,284.8678528135208,20.259700101932236,58.90515479807159
422.33927702233603,284.99305894223426,20.03961112655002,58.654742540644754
422.3663384586669,286.80920969972345,19.98548825388824,58.62664812951592
380.62115974262656,290.00040577803605,20.674824833722152,59.44434474265136
366.6126643826101,284.7537411466127,20.53447498268041,58.91958421681662
366.5846926816871,284.97412811364273,20.590418384526437,58.47881028275653
367.13508397074554,285.4507286672478,20.698553459812864,58.73452682894968
367.7581528216119,284.9978703978755,20.666948464919688,58.42571066085489
367.6929676928807,285.1773016158118,20.79731872238201,58.06684822498224
381.48179580126265,290.023946178588,20.975754331611228,58.02785190847092
383.231646817835,288.92034555321885,21.104434223498235,59.02559251753197
383.1507837500346,289.029776340528,21.266160359099118,58.80673094291371
383.7537456883976,289.20971393131674,21.28609144716246,58.44685576133622
383.7518297022888,289.48652184138723,21.28992341938009,57.89323994119527
383.66563299032725,290.7665474947157,21.462316843303192,57.75961692700425
383.60478999074996,290.86736679456016,21.5840028424577,57.55797832731535
384.7913651243984,290.9003869994125,21.638282052738894,57.49193791761064
384.82837536680654,290.4436211766546,21.564261567922642,57.191724267169036
417.9432230780467,288.5063782002456,21.780544771598876,57.44188411310573
417.7555728722573,288.9813527853806,22.155845183177725,57.707521858181295
417.5712896827562,288.3212650927607,22.524411562179935,57.80155577745633
417.4570022269338,289.0354969972514,22.752986473824617,57.60719334728028
417.47287950705,289.5572056865407,22.721231913592355,57.79917411705517
417.41216347191704,289.46266351766417,22.842663983858202,57.988258454808296
417.3450527371702,289.28950038264156,22.97688545335184,58.33458472485347
417.29982650656115,289.35799713338145,23.067337914570007,58.19759122337369
418.09474907259977,289.3713065157544,22.72700307490228,58.17097245862787
418.84394428382,289.32755439058366,22.47165154520995,58.25847670896928
419.5726411014511,289.81729416857024,22.253977056991385,58.51871630003978
419.58141848781156,289.83663854338675,22.236422284270446,58.48002755040667
419.6360383463377,290.6050400499492,22.1271825672181,58.181899621133894
419.6086335486487,290.6576353272919,22.181992162596245,58.07670906644846
418.9932341207634,290.68994297321444,22.180881040242532,58.01209377460336
419.0130905313634,289.92888466308636,22.14116821904256,58.3032476795185
419.020052184365,290.4512857897351,22.127244913039306,58.49287213542614
418.4347519874084,290.3004781678232,22.060949101435533,58.79448737925001
418.43122186741084,290.8543588764492,22.06800934143068,58.92675354173438
418.51091636031794,291.3385892008279,21.908620355616463,59.2003434274906
418.53625816574385,292.471752923128,21.8579367447646,59.42020991117603
418.46077845239046,292.38924913973864,22.008896171471378,59.58521747795476
388.55963965874196,293.5753958785907,21.79111275414008,59.71375987544347
386.7556138280432,293.07891421501387,21.654190732671665,59.45839864164178
386.16619862244426,293.78560556452277,21.590825581112778,59.28721150538068
386.1284548592961,293.2401500676262,21.66631310740912,59.13952180100269
385.3667254431689,293.26775677459756,21.951920303752726,59.08430838706002
384.6686523130572,293.6435080190881,22.10585061962022,59.57502184243481
384.6043878227133,292.32829270773726,22.23437960030796,59.70141042739844
384.0012997804533,293.63871569926965,22.18440666119514,59.5928624915995
383.8406567751502,293.5739884619246,22.50569267180123,59.72231696628958
383.6511937409983,293.5022415668259,22.884618740105154,59.865810756487065
383.5446711223155,294.28964177306324,23.09766397747073,59.56121687219981
383.5593506499869,294.4965345972621,23.068304922127794,59.1474312238021
383.4897422085119,294.43874584415096,23.207521805077768,59.26300873002434
383.0648888890648,293.81949533149464,22.789889636609008,59.23417094797392
383.1669139136945,293.90893484992716,22.585839587349554,59.05529191110888
383.18499885295296,293.3482735206395,22.549669708832702,58.923406733222436
383.19257258940246,293.9827082850095,22.534522235933665,58.90520259858036
383.81099366118184,295.08814420638294,22.54781217627474,59.19459492363333
384.51557816104645,294.97445944221647,22.393166835361356,59.42196445196621
385.1514982709065,294.80898976115515,22.37633038880815,59.75290381408889
385.1005314663683,294.082951599337,22.478263997884476,59.945535412091616
386.25325122542057,294.3943088934122,22.700907650081,60.586862409091715
386.22846548653007,293.58231467761817,22.750479127862015,60.93360720982422
387.3931826426543,293.4826850598389,22.987256683643842,61.132866445382724
387.3257720320037,293.42888331446807,23.1220779049451,61.24046993612442
387.89425692455546,294.17517437576663,23.279303780552492,61.04208347423824
387.8797623117413,293.59559007305535,23.30829300618084,60.90707529986556
387.72748209464027,293.73816752458254,23.61285344038283,60.62192039681125
387.6141824523883,294.38042469718965,23.839452724886794,60.63153395557126
388.2745009609502,294.910658781175,23.81713878960243,60.86938886943997
388.2610841299971,294.8841921212197,23.84397245150863,60.922322189350595
388.32466534135114,294.94315785070955,23.716810028800573,60.80439073037091
387.7119325784644,296.27818558875157,23.643663312735445,60.73155973796374
386.96483475767144,295.6384279347557,23.841603646736406,60.714819738370394
386.90010698146693,296.3039691003045,23.971059199145376,60.683296437147916
386.9374365558493,294.98625112253944,23.896400050380766,60.71588950761482
386.89116738883786,296.29193491448495,23.988938384403607,60.705631649988874
386.8439398044317,296.2101508144007,24.08339355321588,60.86919985015735
386.12481888877517,296.04030730160764,24.215531566577546,61.20888687574352
386.0617711171153,295.88763485479666,24.341627109897246,61.5142317693654
386.0285835714406,295.89893352170964,24.408002201246596,61.49163443553944
385.32337198247444,295.7376836221815,24.49756552687243,61.814134234595706
385.28143459760435,295.8673713108736,24.581440296612627,61.554758857211596
385.950152810221,296.4733561964006,24.568869974955064,61.66765518973345
385.9158732802831,296.3425506350108,24.637429034830866,61.92926631251295
386.48611422994236,296.3708951844454,24.828202901670576,61.8725772136438
387.17446668252046,295.9552650468332,24.785343607695694,61.36999187768682
387.19687129571076,296.288808432722,24.74053438131513,60.70290510590915
387.8267653254886,296.3801320719111,24.796179149832298,60.5202578275311
424.2270748012653,288.0096125165263,24.254012214904364,60.182026461643666
424.15636848141696,288.0836573984099,23.096165578373522,61.33319597410398
419.386269284673,285.3808038922275,22.275892561383092,61.558667281229646
415.7320485004834,287.3214463558107,21.8834311829945,61.52783382744726
406.20378248527396,286.67436013640753,21.80097372153527,61.54607363346169
403.6533391410075,287.92216297315986,21.803072097781946,61.5998621161001
398.59460813887205,286.6144779401971,21.716507053618866,61.66422541991707
394.21546211103947,286.6204778375587,21.550844114587225,61.65222562519382
387.4766215681131,287.07601670026355,21.04016662825538,62.012816860891874
387.2448848856525,284.6929822410136,21.503639993176684,61.70885756098008
386.4865912527634,285.4633905759821,21.748608589066002,61.43965956093206
386.03257734556206,286.0525165309415,21.384409568361754,61.53363448612004
385.6347230086987,288.48835532290457,20.913168607136328,61.72975544200277
384.4323052584362,287.9297444220251,20.79569160845367,61.58582099415784
383.31221487778885,287.3255041165773,20.521950820687465,61.53734083052315
382.87151764240616,285.9644916706369,20.15207903053089,61.75683320056
382.3041260386848,286.5796006238688,20.03925123943739,61.774226292632385
382.99026065674377,287.3000532250525,19.912769057909763,61.579108144855326
383.0284015770985,286.4355756094017,19.836487217200215,62.067371817937
343.2910387025783,296.4599262877271,20.79912263174353,63.204472615039435
342.4188999151751,296.91596857610904,21.263340902132942,63.572447342692584
342.316135963823,296.15125719356763,21.468868804837197,63.80807602933457
342.11261815249594,297.9850704522461,21.875904427491303,64.04316780514878
341.9969182324044,297.9453536177596,22.1073042676743,64.12260147412171
342.58657891797844,297.23824722203364,22.245018869679374,64.21977829242057
343.1868063669172,297.700398220605,22.365493518715944,64.61640584219197
343.7877419036552,297.52356989330485,22.492402291216077,64.9700624967922
343.63950420306315,296.96693843136416,22.788877692400206,64.74719103690474
343.5802918175942,298.28480922146696,22.907302463338162,64.78814016291417
344.1891883444638,297.6792614060825,23.030589942943177,64.65815526033882
344.23066878891154,298.3725681966945,22.94762905404758,64.61300245593654
344.252007014635,297.75576398954576,22.90495260260066,64.50729996547405
344.2929677552606,298.96830002726256,22.82303112134958,64.75628130555835
343.5175232233606,298.9795921501846,23.034824720847915,64.73369705971423
343.42584273234746,299.6923010868698,23.21818570287431,64.65089602786131
342.699127789237,300.3968563605229,23.32685834755143,64.58654272209876
341.9881227897707,300.373846859531,23.40306331018619,64.63256172408262
341.9901794682896,301.0223237735886,23.398949953148474,64.68345019911504
341.2965199018973,300.3563520176054,23.437773440764296,64.6668980659127
340.5188013318166,301.0464106478723,23.644249153026372,64.63574223327828
340.46154293661493,301.74797815774474,23.75876594342968,64.58485623197676
340.43938575312933,301.6518747097899,23.80308031040091,64.77706312788641
340.3779899672264,301.529269165605,23.92587188220669,65.02227421625622
339.73162912100446,302.16886494147644,23.855725034635384,65.10595120452868
339.72426363589733,301.47662704854514,23.870456004849643,65.1276275617429
339.7857282398376,300.83146549044466,23.74752679696904,65.0545748828091
340.4650911422872,301.8464080949255,23.748909999178203,64.38479868095563
340.4529589612505,301.21115682391013,23.773174361251545,64.30475425218673
341.15333087458504,302.00200512073366,23.722269199858943,64.07289632381622
341.2408982077304,301.9791466672213,23.547134533568226,64.1186132308409
341.80372953938223,302.632484180895,23.76456497616629,64.15503130939524
342.5398369691494,302.4833471490222,23.639889209896772,64.45330537314081
342.55583214268137,302.273132267091,23.60789886283279,64.87373513700318
343.22194709383473,302.19002448501504,23.630666255229542,65.03995070115513
343.1395929197655,302.87916989073506,23.79537460336806,65.01944673617811
343.1128317990702,303.5485876254464,23.848896844758602,65.04108228208011
342.35952445645745,302.8833487944616,23.99376390708225,65.00981232114773
342.35769385946367,303.73302076847057,23.997425101069766,64.67438405476757
342.39765132367023,303.22404661632123,23.91751017265669,64.33315443817769
341.856266463375,303.30835635677687,23.647431067558006,64.16453495726641
341.9597946231994,303.2357334798493,23.44037474790928,64.30978071112153
340.81872288209667,304.2181337250589,23.034718564199395,65.03277988661765
340.28416848391913,303.41280610970796,22.7569401986551,65.29654795542021
340.26002922866036,302.5783901358882,22.805218709172642,65.61977422098214
340.23304773835235,302.41949289631015,22.859181689788663,65.9375687001382
340.1585531927857,303.1642141945335,23.00817078092203,65.80473707758199
340.117616714277,303.0089653239877,23.090043737939382,66.11523481867357
340.77149944405187,302.9556938127504,23.145624025579963,66.22177784114822
340.89447824625574,303.438516056801,22.8996664211722,66.62201013504479
341.5477529038676,303.2833497457942,22.96022581893181,66.9323427570584
341.4390165199523,304.0056131959236,23.177698586762446,66.86045236133074
342.0840752396034,304.70786859397236,23.263153704285532,66.8315141220586
342.84861490708585,304.1515467070875,23.110789103461926,66.5674431616871
343.5964684855439,305.42356007189164,22.985257085404342,66.76376670979573
345.0122716690199,305.3367982153105,22.895029357732955,66.937290422958
345.7214925644276,305.92157253232807,22.848105996601483,67.13926021860678
346.3280816559098,306.6818418506195,23.008468511044857,66.99226227943167
347.0238983679501,306.55709428094315,22.99120505364734,67.24175741878429
347.7161134292091,305.8400660417062,22.98438655778099,67.29820227060651
348.39277808213416,306.57889596332586,23.009348978948896,67.19883415438527
348.4373747309901,305.9295684371384,22.920155681237045,67.12015853465522
349.2277254787874,306.64403182726767,22.71403707254775,67.06581464130218
349.32444996210273,306.92635012539824,22.520588105917106,66.50117804504099
349.4060422603018,307.8652821038553,22.357403509518974,65.98178621934204
350.1075903943175,308.20188422949263,22.302401355700994,65.30858196806741
350.74928202430027,306.4052432901771,22.35651663829647,64.88936821901565
351.3747486209862,304.70096571520793,22.438092459416772,64.30039632547748
351.33980602877693,301.76552129279594,22.507977643835396,63.54332226941442
352.01933474699774,299.7209653707929,22.464974384175296,63.684271583075734
352.52717040867475,295.5366222861146,22.766589416132543,62.831953265253276
353.0144965412929,291.0729378938613,23.102510449837677,62.58530895717
353.5300727578723,288.1684774711995,23.384471864368592,63.14177441173507
354.17891730817456,284.19503748612055,23.412953147222495,63.13163208114193
354.8060521601336,282.76701847411357,23.485222301666937,63.334592388431055
357.40783831416604,278.3073922986796,23.604647577184608,62.93859896802938
357.5129752858565,274.8694215119035,23.39437363380372,63.178401729585374
358.28809407931226,274.92108157563337,23.17100963453131,63.075081602125636
360.23948574843746,271.69895520334245,23.232313972224482,64.23388411211617
360.98239057874105,271.26286554621424,23.085555051353253,65.10606342637249
361.6053088500293,272.7902238420993,23.18857494087924,64.74905969880737
362.95070281641756,272.2642865485304,23.18903466029317,64.45531045984998
332.87416084962285,278.3137472270945,22.977621707111467,65.7707217442264
333.4754987453884,279.99467140387367,23.131331109948466,66.47802897377267
333.55660755104765,279.4394526902954,22.969113498629984,67.58846640092924
332.9418345958275,276.2978819768181,22.81651024312536,68.343011164104
333.7026137652655,274.02094998957966,22.685057393829368,68.72655866984104
333.70211233236284,271.88776264786384,22.686060259634537,68.81346521103383
333.1548828247895,268.7056465052985,22.386108779787065,69.60005551618806
333.8879601524726,266.3412364558413,22.320038728144187,70.12862180393257
333.25433932022577,260.25077368682304,22.180906261591076,71.05855429359494
332.64508089676576,258.902554174173,21.98242044254431,70.9209879869617
332.51839966836576,258.7714923565104,22.235782899344407,71.1831116222869
332.45813318158025,260.0570930728288,22.356315872915346,71.45147365887487
333.0439283864517,259.91361312061736,22.610537115255887,71.73843356329782
333.68223688152295,259.73559301580616,22.76849065788305,72.09447377292021
333.64769758864253,259.77931135947614,22.837569243643905,72.00703708558028
333.5101358756232,261.1405014188497,23.11269266968257,72.16978748971684
334.0949219289525,261.2405759916525,23.393060337185744,71.96963834411106
334.10271576198505,261.770896298052,23.37747267112064,72.36124660829076
334.8296033041495,261.8894998297572,23.381224468046522,72.12403954488033
334.76584049532437,261.8789036826823,23.50875008569681,72.14523183903022
336.3356277298324,262.39156857584493,23.282911695855827,72.57677009229243
336.3703841541182,262.9909175029867,23.213398847284175,72.83692209661143
337.0716655849148,262.9522205200376,23.2721006259729,72.91431606250958
337.02170257474694,262.1807470056723,23.3720266463086,72.9938193286195
336.94853573850463,260.8945695900086,23.518360318793217,72.63335187918052
337.67526867696756,263.0379366742598,23.528875457476403,72.73856075750511
338.35619117202566,262.8519174178539,23.63269942820277,73.11059927031695
338.424092342813,262.7717150403145,23.496897086627975,73.27100402539563
338.4306726400126,262.72077618920525,23.4837364922289,73.37288172761413
338.4755056785796,262.82483053491245,23.394070415094802,73.16477303619975
339.29644765641746,262.8122917416321,23.221430497344432,73.18985062276047
339.33081522104817,262.83254474243415,23.152695368083005,73.14934462115637
339.3715067420421,262.91673999188527,23.07131232609514,72.98095412225422
340.18358168889694,263.52323928426677,22.90785452128969,73.22864762639537
340.09812400581194,263.3762709039343,23.078769887459604,73.52258438706028
340.0579820499576,263.2458817281026,23.15905379916834,73.78336273872375
340.78106328514826,263.3545797107158,23.186584590527474,73.56596677349731
341.45066662588727,264.1355178735888,23.318494889984315,73.47520742868622
342.2470630766473,264.8958688063351,23.197961597103895,73.42676517183327
342.8732083774199,264.79479396430185,23.41502264516642,73.62891485589975
345.02176871107065,266.98767435917705,23.546558219948835,73.67181030823312
345.72930158101843,264.781650241015,23.610741212757336,73.64611234644502
390.86548545896943,254.02297090647696,23.622311632241637,72.96250261173743
394.82486407535686,253.55433500223864,23.0563897070888,72.42920735868958
394.97496788180064,253.8339363204864,22.75618209420127,71.8700047221941
395.82236121239055,253.42627432599483,22.50051680733158,71.24620733686707
395.77666957017254,253.63624339516613,22.59190009176752,70.82626919852446
397.97931009053804,254.47272788773415,22.45046486711155,70.57458215208011
397.9863776210951,256.0316009155488,22.436329805997456,70.28704727467498
398.7446877864467,255.3323397013095,22.330473113698602,70.27480606474904
400.2891729807527,255.39995930508675,22.058785149093705,70.13956685719454
401.09966385746526,254.71194965189216,21.83951936841057,70.1138701908418
401.0498689636136,254.19158976133969,21.939109156113908,69.75728402357697
401.69690591375985,254.0886604680023,22.03912159959482,69.96314261025172
402.4084691569614,254.56804384912246,22.014845750069007,70.40322648488865
403.12740049163136,254.7317563544542,21.981628149998173,70.07580147422513
403.1215047653839,255.3297413220967,21.99341960249307,70.27922008171643
403.83444396090727,256.0741104911364,21.970032321484446,70.19297285367506
403.8549166200365,256.0952252669658,21.92908700322603,70.15074330201628
404.42918388735774,256.2976030541495,22.180034504773392,69.74598772764902
404.36510171870833,256.24890344093444,22.30819884207224,69.84338695407908
402.93999456850304,258.8851017277829,22.354199200062276,70.17941826522323
402.7898040461093,258.2949563294525,22.65458024484969,69.95198500686499
402.7670405268935,258.37704368151185,22.700107283281326,69.78781030274621
402.73437317690104,258.36505229988285,22.765441983266204,69.81179306600426
402.69913976303513,258.33209046881245,22.835908810998077,69.87771672814512
402.03133931551304,258.3538968049371,22.759219126292294,69.83410405589578
402.131852987796,258.17693536817626,22.55819178172649,70.1880269294174
402.20658530762125,258.69305236296265,22.408727142075893,70.56739212523473
402.264305372859,258.74704168927326,22.293287011600484,70.45941347261348
402.27019423928044,259.5637370172196,22.281509278757554,70.23659901762694
402.91865460750967,259.69893753550036,22.391785767705887,69.96619798106546
403.0023232754156,259.8517678480698,22.22444843189399,69.66053735592651
402.46671293616475,260.30156506930723,21.897699316834185,70.1589127070132
402.6024137234605,260.8029975073675,21.62629774224269,70.555066435733
402.5546486415368,259.8789081210779,21.721827906090073,71.00362719888149
402.52919931186364,259.7523009087087,21.77272656543638,71.25684162361999
402.42866800769076,259.6816579025796,21.97378917378215,71.39812763587813
402.4677981102255,260.30824839370405,21.895528968712657,71.56293630784384
401.7836836813704,260.19508410555466,21.84488099733931,71.78926488414268
401.1309551867859,260.83368469001533,21.729193279020713,71.93320842270884
399.8657013624644,260.5005186550199,21.41762235986284,72.59954049269973
399.8475108301175,261.09654185621235,21.454003424556653,72.83217574991899
399.20663492340094,262.2753628972262,21.307108051992962,73.33182803988487
398.4860839571893,262.03019971955445,21.315235569374472,73.82215439522834
396.3200816964136,262.08339960855005,21.327083740258765,73.71575461723722
396.2740263480644,262.03664293121625,21.419194436957078,73.8092679719048
396.2109384930753,261.54070026714885,21.545370146935394,73.3593455379601
394.7127657654107,262.27902892681027,21.666117625926255,73.32048720680628
394.13095403675084,261.43904030176964,21.390245954074622,73.56096932771618
393.99686044622706,260.744682228971,21.658433135122195,73.51192493788989
393.2691638380913,260.98952299552377,21.67176741260518,73.02224340478432
393.2757230810016,261.07052949850817,21.658648926784508,72.86023039881549
392.55419662143316,262.06121006736953,21.668854406155752,72.31171670085837
391.8108190706527,262.42317475553085,21.730332364613723,71.58778732453575
390.13618244780423,263.5365378905136,22.247265338947965,70.77723119025158
388.56654775927575,263.6590471362083,22.558060671896527,70.53221269886222
389.1975126036527,263.27942059398043,22.71261535285399,69.87498141360665
389.914492423447,263.3388705706755,22.688644690117034,69.75608146021645
389.8937405677808,262.8874010371245,22.730148401449377,69.25116135320101
390.5555972476507,262.79506312145594,22.807878031412017,68.0343941948357
389.89878952751263,264.31290376581114,22.735938829280155,67.76982219094137
389.230842559796,264.83698000448175,22.69135991819386,68.10214256011979
389.3065798097935,265.2256949017182,22.539885418198793,68.70910046668098
387.76583867566063,264.78685393515207,22.840873853312054,69.58678239981329
387.731504883227,265.56117205487436,22.90954143817928,70.85463686708765
387.7125688397217,265.97864770006026,22.947413525189834,71.44721124086874
385.5221650796896,261.99644735689344,23.018304218691174,72.22841721626418
441.0321646892854,259.29959125287957,23.57402642553781,73.27502339470597
445.72584258753983,259.4394188641528,23.0313865249004,72.99536817215944
444.4757703570375,260.20236102399434,22.611209341517704,72.92964467467002
444.39885383535244,259.6376565373694,22.7650423848878,72.60757811778012
443.7025826581664,259.074864472344,22.70783605186178,72.28341356043288
443.6843175040239,259.76146415802214,22.74436636014685,72.35430979624932
442.9910275750956,260.4943361723174,22.685171293074976,72.33434069258738
443.094770056837,259.5957285714445,22.477686329592167,72.68715595304363
443.09417006830256,260.0860874145412,22.478886306660968,73.15200972981506
442.33285236051245,260.2375817733298,22.549340847430056,74.30120188704913
441.5540448395004,261.3790941870984,22.637194223527295,74.95770039136522
440.7655149495157,260.57289065564566,22.733570131432288,75.08942358220635
439.8649339740696,261.93206511744313,23.050397261314927,75.33974430063049
439.11415016523415,262.7254226789791,23.05821814297773,75.24677591356668
438.28779250135705,262.7527347966386,23.218358966359013,75.19215167824774
437.513525321957,262.8405024430448,23.272131369274625,75.01661638543538
436.7492749329094,262.89961427618846,23.30736455568078,74.89839271914795
436.76327003127403,262.07283942104823,23.27937435895145,75.05970012908341
435.2372314686692,262.7297839006681,23.343427269193928,75.23982327732706
435.0894131046972,262.65320286935275,23.63906399713806,75.39298533995778
435.1341935961552,262.5828367639308,23.549503014221994,75.53371755080171
435.1260726390363,262.5405876987249,23.565744928459814,75.61821568121353
434.37739307672325,263.34276384647814,23.555885543454604,75.5210818953384
433.54042697135776,263.63051405208614,23.72415851282125,74.94558148412234
433.46540819378765,264.46965136314293,23.87419606796156,74.76790579162441
433.4254895595486,263.95338728516975,23.95403333643963,74.29959434235157
433.5030028150818,264.7632410572214,23.799006825373212,74.17554413851119
432.767975547078,264.61241433853667,23.778016003727483,74.47719757588077
431.8644318185368,264.0094022613827,24.090161050595,74.18827931997386
431.0335953435531,264.7971320697222,24.25525750533721,74.10939619852014
430.037200921076,264.0897015229947,24.74956125650216,74.02577219818593
426.8001972710025,264.5811202941756,25.198171584321578,73.04293465582408
423.63434631639217,265.6616707816917,25.527733757464553,72.38236861481126
418.2665596728011,266.5440324067244,25.783587848772953,72.11474810701357
406.8315850968452,266.6360461298945,26.18471045875973,71.93072066067342
404.0252682168913,268.1820393174112,25.787134966063988,71.84383891194186
398.29757977757384,266.44397423704686,25.289598955687772,72.33174085041767
387.62800735928107,267.4201589245949,25.74000071801443,73.36347762878711
382.2966234062277,268.47397078070946,25.798009532622387,74.28578508555755
376.8933616096076,266.90513472463186,25.900261298781402,74.36509381854667
367.07225098214883,267.34942194314766,25.624226808135326,75.00869290040465
365.49512775962063,267.0865002589375,25.705826379024643,75.53453626882494
359.1427437241613,266.2085255898294,26.04815199682159,75.745180300401
349.04841830982696,265.90207261106247,26.027658159898415,76.35808625793483
345.8929169693087,266.4430751944773,26.087012807938372,76.83899309935424
341.061308583378,267.8481164454506,26.325146723984275,75.59975774004357
334.8436370160714,267.7318818262064,26.30034204592873,75.83222697853198
329.1539665687676,267.68470232917673,26.756997946291953,74.366202401985
323.5819336002115,267.7205062013064,27.066888771035664,72.74685535595874
316.4428020825623,268.3127485571848,27.573675075498283,71.56237064420185
310.7131884898376,269.0249252094902,26.8545811079441,71.66030748371652
307.1133252396673,268.7877366161441,26.50046467297014,72.13468467040882
302.6903011350699,269.4701902534898,26.27945060035918,72.28095444268502
292.92239943173763,270.62553357041537,26.19466606183523,71.47954380461758
287.67750857967553,271.26650173202427,26.21051512085709,71.69388357355724
282.53497202218637,270.9062487680765,25.99817833553621,72.41438950145282
279.8020277521058,271.5044839719355,25.439694990994155,72.72401206491065
269.3883404315226,271.8952758472919,25.261747462227007,71.94242831419784
264.5356447520155,272.37840331884365,24.565207761500922,72.46216352248572
255.18388472967774,272.74230353782707,24.019427504157516,73.21507849236646
250.92390947755504,273.24436135264517,23.6507077180177,73.69240791112784
246.5312347091259,272.4430495772931,23.54731510634408,73.81357443707665
239.8237140134117,272.7787938441841,23.630878529740166,73.1420859032946
234.28357693322076,273.757494203232,22.92494599806432,74.13123685821327
235.26022057841047,275.97044104483905,22.44596226451166,75.60255740230605
235.33219252541977,275.0047097002816,22.30201837049304,76.0477607660953
235.2749305618563,275.4935869854745,22.416542297619948,76.55988382364461
235.157395868722,276.0327354090907,22.65161168388856,76.98083411174491
235.12308256091845,276.3774632743707,22.720238299495666,77.80094924057067
234.9167962244154,276.06504904458035,23.1328109725018,78.4257777001515
235.56991610185324,276.0928159924258,23.365518852094787,78.3702438044605
236.2368386460781,276.06179970046264,23.574159923384915,78.43227638838692
236.07911164325301,276.6894760686497,23.889613929035065,78.7241595169109
236.75699827580618,275.68371580907245,24.091055807661647,79.17846489233249
236.66453282910288,275.4973158952114,24.275986701068263,79.5512647200546
236.64990215850258,277.0240030517576,24.30524804226883,79.6500561461902
236.57817790354784,276.95355859846677,24.44869655217833,79.79094505277186
236.41016948072368,277.8183144104017,24.784713397826643,79.64410759857454
236.35493587803356,277.52316239345225,24.895180603206903,80.23441163247344
236.2882892104921,278.38311703592115,25.02847393828979,80.11171483819612
236.13050825288653,278.3259998670618,25.344035853500948,80.2259491759148
235.23570150118923,279.27982025375667,25.52827555857507,79.92368220084562
235.26842962431047,279.3187286387222,25.462819312332535,79.8458654309146
235.23913181747264,278.48269691205587,25.521414926008216,79.91576188527891
235.3648842984003,278.61493630341704,25.26990996415285,79.65128310255665
233.74473478650867,279.3567807711086,25.318502437222094,79.7634474425305
233.88273478703093,278.6545195758865,25.042502436177607,79.56962972575016
233.87842637576,279.4110965594873,25.051119258719456,79.64697987361201
233.91507638790077,279.0356642331775,24.977819234437888,78.80608424962301
233.83098017486452,279.6967413336946,25.14601166051041,77.48393004858882
234.60852698784964,279.8688710391756,25.15371403246221,77.13967063762686
235.24512099991423,280.9445086211242,25.438570827428755,76.54644029282532
235.84805098775192,280.3390023261047,25.78754000165393,76.20262373296367
236.58756074345993,281.35855319384115,25.86483505692843,75.71983656418135
236.50853077697744,281.54654905410035,26.022894989893434,75.34384484366296
237.27326969148277,282.2354723163712,26.04178400089646,75.51436515913501
237.95106047564155,282.5397071219201,26.23734495263145,74.90589554803718
240.04806261795406,282.756562948245,26.68140152166216,76.01820417993927
239.9298298284105,281.97031810296926,26.91786710074927,76.02072657197694
