513.0,159.0,25.0,86.0
512.3025841878629,156.76302588666957,26.39483162427433,85.4317061808632
512.5316076180001,158.02576622822508,27.635371589008045,84.60481232276027
511.1464039746198,158.2534216504215,28.696085106560847,84.14950147836741
510.08459112481506,158.58624590724355,29.097092380947636,83.48385296472335
508.03337483622096,158.3790438036614,29.758662698802354,83.89825717188761
502.59793182455917,157.7571289503559,30.19935301745774,83.40372092772061
500.9407859510152,158.8005469578603,30.035078599916034,83.05616799502674
498.26740724630423,158.76047301776043,30.187816506309563,83.13631587522646
496.3845233193284,158.6171760456597,30.48308506077502,83.42290981942789
494.5400269551999,157.89899323184255,30.682700709305898,83.11458690719911
490.7481252961821,158.3903295681617,31.29098370287037,82.13191423456081
488.94612047663156,159.5194732397141,31.413495168185527,81.61437597834896
488.77351944346213,159.4701148009272,31.758697234524316,81.71309285592278
487.7432453628799,159.80959276527315,32.076116373645405,81.03413692723088
482.5148560843497,160.51824838473968,32.0985973534324,79.61682568829781
472.75309671931626,159.43781005987313,32.712561645449554,78.33960153111278
456.2077393610342,164.82582884210137,33.28377214830398,77.83288108677515
449.9785792037984,163.87896571487812,33.741648264714996,76.29790899891863
448.19567914463886,163.5634851768505,33.9070482751567,75.22867002103521
435.6335051465334,164.07975744282277,33.7174920895828,74.19612548909066
437.338456586561,165.2938729568889,33.64613012717514,73.43716491978216
450.5255156259374,165.82835804903902,33.783841168970945,72.36819473548192
435.9560069483457,162.71173200616184,33.333629101393825,72.02606250506729
448.28220536934657,168.50441995405296,33.14618016838065,71.85766230014633
448.19063885539316,167.95509302276105,33.32931319628743,71.33104894969054
446.5478658866388,167.27015295046345,33.373248828232164,71.08012394150374
434.6319614677077,167.9588340688546,32.936286671941474,71.32067977099832
429.22536345889455,162.71861225923635,32.45299963116723,72.11842362589138
428.80651639915897,160.37161067868902,31.6737883542773,73.57861599426386
426.4593983223072,161.84415667104605,31.494992544213027,73.8822119853951
421.37468512528795,162.11330435474576,30.285399606362628,74.96949080826553
415.21211930361716,160.45179018997152,29.65225325018897,76.67273438787461
409.8746214169331,161.2467674454137,28.89650689453726,78.34870619956737
405.29616046569447,160.3617903206705,28.19302795370254,80.11866044905373
402.1691642682919,159.525188081039,27.823149237792283,81.79186492831674
390.2419380372345,159.39216665559857,28.25423794227079,82.05790777919759
384.1462087984934,159.56120369309178,28.652450189009706,81.71983370421117
379.1042109420272,158.91293169448488,28.61341142965738,83.01637770142496
373.9979519975039,160.48630439941564,28.596174741596982,83.27955048393245
367.35391624465467,159.87562030437638,28.21706835684857,84.50091867401096
366.6590651334532,158.58267948141133,27.887897891146313,85.3679276318359
360.62041501279873,157.76196914633917,27.888975618226077,85.28417365709039
357.1508944828906,156.94303220748245,27.932001472517776,85.1980437334227
349.3894798003562,158.43764754820944,27.94271496410005,85.65594991274347
349.3417765220609,159.24724649585255,28.038121520690567,85.76702660709797
343.2486769810083,160.3426239601343,28.08909249851382,85.3098756934319
336.98859180558,161.09784816049023,28.512992859821782,85.52746586265553
332.3919062332642,160.4746963316796,29.01188034625138,86.77376952027682
327.5999772855188,159.66747498257604,29.766930622629673,88.38821221848396
321.2186477519587,159.89045238760386,29.911743618588897,89.74480684716559
317.37359769161475,159.8513955519743,30.303806658920667,89.82292051842472
310.61938743680497,159.34716827110208,30.982701419727615,88.99858568748165
310.40653930051405,159.28017325714413,31.408397692309492,89.13257571539754
302.8063118175451,159.66210962202246,31.864331552764682,88.36870298564091
302.60124348435465,160.44328467211503,32.27446821914562,86.80635288545572
297.18871338133374,160.92483956073042,32.14671679181662,85.84324310822497
296.3437661160641,160.7762757363935,32.02724532967895,86.14037075689878
295.3766162446966,161.3457206571249,32.15007454174915,86.81295144610074
290.96467932359565,156.77301886418235,31.857349831007852,86.84175647904252
284.55383842634416,157.25526123443257,31.94989500880925,85.87727173854209
277.41212079872605,157.7573079886097,31.782875749639572,86.67948504448856
276.33907401623793,158.35517993349646,32.11418913010695,87.29852133922378
271.5455571054948,159.37867548130248,32.553098133775194,87.08115520717533
269.3562575591559,159.5222946868861,33.26284154343165,86.7939167960081
262.0665969022009,160.561684638054,33.09757440236582,86.55821045054434
256.9602752488224,162.88506817679763,32.289881977427406,87.42161123890473
256.3193211686419,163.41300165394784,31.737231340531572,88.20030308186111
250.13943103228146,159.56358080524615,31.247046023467824,88.55630729938761
250.17509270257804,160.54285228334282,31.175722682874664,88.42967102835698
244.4943568607571,159.67062787023124,31.564374690407554,88.34531657522865
243.69292017616482,159.54863903956613,31.332597982270617,88.5892942365589
239.04625036820426,161.33243298509717,31.45628268376629,88.68956831126701
233.58335274104286,159.5861181113091,31.356430457636275,88.50698223202556
229.20124658414028,159.34060113886403,30.95470287701046,88.99801617691571
227.31182011881356,159.18615176093303,31.06776067648151,89.30691493277772
198.97892333922192,159.81553155339805,30.71334771640573,89.88751684846893
208.10553571558123,158.90330364529967,30.871971524251155,89.87078780860932
202.85167516616383,158.83770955730037,30.316663412279457,90.00197598460791
204.71411749096953,159.83751186421225,30.262927068027953,89.83794552346409
208.26156977021432,159.93140767183087,30.49704846321793,89.65015390822687
205.41864735986894,159.92294034733612,30.68132349793857,89.66708855721632
206.2091568027542,161.20414712122587,30.937763856139757,88.94213425340854
205.98735002461328,161.25347561948388,31.381377412421624,88.84347725689253
205.81269804622013,161.91281742405815,31.7306813692079,89.363240080884
205.8555921632097,161.55122179016183,31.64489313522878,90.08643134867663
204.05371297138348,161.3476112869996,31.526693375208062,90.4936523550011
204.01881638756743,161.37070762644947,31.5964865428402,90.44745967610132
202.9157291814131,161.56873248888752,31.93740879673019,90.05140995122522
198.31263652868333,161.44104011710962,31.81464227018142,90.30679469478105
198.24233275340382,161.36118110785043,31.955249820740427,90.46651271329941
196.40008029205174,157.49069838461494,31.895669482769538,90.71930763842026
193.6578504911715,158.47884492057267,31.75641911146409,90.6175845575268
192.8609144884665,158.45022138172158,31.47970353093028,90.674831635229
192.08625477823858,158.53216277257297,31.162651015431102,90.51094885352623
191.92833731029737,158.64170295587672,31.478485951313537,90.29186848691867
191.91599416214407,159.31029914289968,31.503172247620096,90.8155621455222
192.03864053527263,159.59983035273498,31.25787950136299,90.23649972585157
191.18799235454563,159.84727202093404,31.103093818896866,89.74161638945345
190.4452954997091,159.93290024758358,30.742281853976486,89.5703599361544
189.46333883849158,160.74833799662224,30.869003466535887,89.77667614795261
187.63885280965494,160.77014530765365,30.833090739180935,89.73306152588981
186.6044376959284,160.89858464039685,31.06075480167091,89.4761828604034
181.04163921866615,160.73802911407165,31.136458873496593,89.79729391305384
180.060155737982,159.67173369929444,31.251818673764173,90.08227758150754
179.103288899018,159.6513423549742,31.311780451990096,90.12306027014802
178.92700128859775,157.73010316265018,31.66435567283057,90.25464892413952
177.83458278444448,158.7688690952573,31.985458690622124,90.0408510494403
177.99228404003244,159.41647875135962,31.670056179446167,90.61214308793943
177.14289706481503,159.24818923222188,31.499890146358467,90.94872212621492
176.31354353096782,159.30430028369574,31.287951018072654,90.83650002326722
176.50768548257716,159.63107120725468,30.899667114853965,90.18295817614931
175.47108615617975,159.57302702513041,31.1240726922951,90.29904654039784
170.64702627796345,160.36595275774022,31.49950514266063,90.56773253639167
170.8546249104257,158.13397680320855,31.084307877736105,91.30127571429807
170.00399049326845,157.125240266268,30.917478447538237,91.4506505236668
162.54178075689754,158.97538067559955,30.904451013197864,91.48473143177425
164.32005268391947,158.58909665921755,31.082763826935732,92.25729946453825
163.12149705965558,160.7703430806411,31.59818693286075,91.6581829068966
161.2872148423403,160.50326213325383,31.501643450892647,92.19234480167121
160.49564869662882,160.6885301004273,31.19636662009473,91.82180886732425
156.67497401543363,159.79950315689456,31.327477169591816,91.72230305116643
157.8732040893838,160.15442429589527,30.809550890022308,91.012460773165
157.86856669734516,158.72870519538435,30.818825674099543,92.00493040649323
157.75825661513144,159.95957553308185,31.03944583852698,91.41646029058556
154.82674917281872,159.89864910519995,31.29569867032353,91.53831314634937
155.8408060876352,159.86296584301164,31.142916960192515,91.60967967072598
157.5400311695772,160.25470639068294,31.49159070302468,90.82619857538336
156.45926576383246,161.0964315281915,31.784374029723544,91.01149578515684
156.51122997302215,161.25300556868805,31.680445611344176,90.69834770416372
156.52986359579143,161.15410662746638,31.643178365805646,90.89614558660708
156.7686638322294,161.15062674424888,31.165577892929665,90.9031053530421
156.74453374143394,160.0425482270695,31.213838074520602,91.25535659493566
156.60002015456277,160.07905104450313,31.50286524826294,91.1823509600684
154.60572802258477,157.9245087572828,31.74338466457026,91.74337068686035
156.40474211323473,158.66198828734326,31.918182453502027,92.15482461185533
157.3774879837548,158.80938731204162,31.86815441412776,91.86002656245861
157.2533840266625,158.97579334193705,32.116362328312384,91.52721450266776
155.4434646870244,159.98121155299498,31.95597512032566,91.40649102418334
152.63191272106914,159.86721099405307,31.922655250776764,91.63449214206719
147.00935240261296,160.4352617712266,31.83904284074184,92.38651276221134
149.86455441763465,160.0794849207799,31.820618928873298,93.09806646310477
143.37327081160635,158.8496000052713,31.453244601293974,93.65070178845967
144.30947128689618,156.8204884425271,31.489142938243994,93.89232633888871
148.0522281234725,157.7585110149709,31.653211471566543,93.92867674561992
152.77270299981421,158.18717007467924,31.791820555974326,93.0713586262032
141.33907877265924,157.29102705224972,31.784324950811886,92.95741599943963
144.10061678404594,158.18452730668784,31.974653127057895,93.07488355690316
140.09817465499327,157.4002873949628,32.34108894546191,92.73375127042792
143.0559032964139,157.19713954282196,32.159884918412885,93.14004697470959
144.7855654234285,158.4461985029917,32.528392135696826,92.55584479002664
139.05921257103483,158.44519597290284,32.50739796378576,92.55784985020439
140.10275535316381,158.45948853888711,32.33224289287201,92.5292647182358
140.9603413293383,158.22711367915906,32.52540981582962,92.99401443769193
141.87533146665987,158.3726052467154,32.61391293769434,92.70303130257922
141.87011093406826,158.12815591345915,32.62435400287756,93.19192996909173
142.75218836778552,156.92004433069545,32.78330586991217,93.68504640015006
143.78840954568497,156.79301057182815,32.64389756774231,93.93911391788463
144.73693312415529,156.9824562510703,32.680974306349746,93.56022255940033
138.97380278005417,158.00391998217333,32.630881930088194,93.44668727460493
142.85580751430274,158.03207141397513,32.57431699546771,93.39038441100129
145.74368898203176,158.02448042520007,32.573641229309885,93.40556638855148
140.06926920135098,156.63356859062932,32.37108038798844,94.26215665724578
141.9101331241199,156.86516734690213,32.55687804417218,93.79895914470015
143.8495567769059,156.81251192445353,32.53911272264166,93.9042699895974
145.76536825672665,158.8115300744165,32.57092944613821,93.76967337280942
151.55217130388354,159.1546825568046,32.57959689398455,93.08336840803328
148.8489410847891,158.96505099084203,32.22382617510971,93.46263153995844
153.65674907792425,158.186308676041,32.206612077648956,93.10043579179862
151.79017613035188,159.26527169119998,32.11135460023284,92.85671144776101
150.02269231284592,157.24392662205108,31.82833965963931,93.08141901045336
156.69286138600768,158.20801529052423,31.83726775928355,93.06027970864534
154.69352848555195,160.33052262746946,32.02213447121965,92.6290641237302
152.93339308006412,157.4279876565981,31.73416508947861,92.72177377639787
153.02757254180153,157.4110930516402,31.545806166003814,92.75556298631368
155.76523956719777,158.76668469001513,31.76219384313348,91.94162028553792
155.61726030971897,160.27230207670806,32.058152358091114,90.81996836361208
156.54097570433467,159.11850375917777,32.08967983626003,91.2486067312723
157.61131145639123,160.10307661233406,31.83465925522379,91.16511194803667
155.71510452256325,160.13475575424877,31.867424869746813,91.10175366420727
155.80832501441364,160.16379776469682,31.680983886046008,91.04366964331118
158.5746150799421,160.5306229242303,31.77429243178114,90.3100193242442
158.72577223159726,160.45054549519946,31.47197812847082,90.47017418230585
157.92590441502554,160.0965238967108,31.208402061480548,91.1782173792832
157.8850477080759,160.2015551521948,31.290115475379896,90.96815486831518
159.87925981541477,161.37368045665247,31.035896894970435,90.49100707653405
158.77322108422973,160.0736601781214,31.392306827960475,91.23538010421612
165.17329886850067,159.0893689353211,31.701574621038226,91.33118782387103
153.98262321228884,158.30318894558215,31.525653938583062,91.02377513710906
161.38290642246173,158.00656304660566,31.70257310331027,91.617026935062
163.16353174365065,158.0943308850343,31.909058438191288,91.44149125820474
163.22094052680336,159.2849523791714,31.794240871885847,90.94536923797983
166.0114713405652,158.82607923320518,31.84103925001134,91.86311552991228
165.954188040064,157.8161170973411,31.955605851013786,91.99314115162527
164.87093443368295,158.81838747870717,32.22827457795558,91.88243887471347
170.51404088552857,157.4900043294553,32.32536496474907,92.64198795813641
170.75968006723994,159.73531378324103,31.834086601326387,91.97101382452496
170.10756419881872,158.92299044000038,31.247007266395187,91.70434943923266
171.14742109938717,158.75194977227233,31.044103633532806,92.04643077468873
171.4381288844197,158.70588216101726,30.462688063467752,92.13856599719892
148.98572735237866,158.48621780094572,30.5197868539928,92.57789471734196
148.1055268326533,157.2085678274301,30.404238581917017,93.2572453528467
170.95311125707917,160.9261474650974,29.91281580225232,93.35604375571
170.94377848284645,161.0525398029336,29.931481350717757,93.10325908003753
170.85718133226118,158.31221906083044,30.104675651888353,92.96604750472824
168.8090769258913,158.90735656004549,30.453181854762523,91.77577250629815
164.98583703944746,159.16268585099638,30.64638540553623,91.26511392439635
163.93497971988265,158.96659564247244,30.888514491197533,91.65729434144421
158.93293940228816,157.8974253464562,31.544621428336484,91.9260401938667
160.00325663143033,158.2426243354717,31.28938385024568,91.23564221583568
154.2890482441125,158.3953491371126,31.492383646412396,90.93019261255394
152.2557190800959,158.30707213557184,31.8185514604096,91.10674661563539
151.29426281394336,158.20241802742234,31.86276565537666,91.31605483193442
147.55932605283073,156.84254717335978,31.802682476279998,92.15330736472905
145.76226702050542,156.6376737402696,31.6101225363034,92.56305423090942
144.439302464402,156.4304732942387,32.3603809028639,92.97745512297124
143.43289986344342,156.77736369579466,32.45794021081083,92.2836743198593
137.62293306489352,156.98743399808495,32.635166560166034,91.86353371527873
138.6526680464218,156.2211130716218,32.48003192086707,93.39617556820505
134.91948141679018,156.0502559316577,32.25281874350108,93.73788984813325
134.09128695794766,155.85956868672503,31.985074327950418,94.11926433799859
133.20203919144882,156.2641373106078,31.838883369921362,93.31012709023304
133.08035054374207,157.77409652421943,32.08226066533484,92.20069844293862
131.22738240892386,158.68134336798533,31.989988862867182,92.28530879145885
131.1168383537018,157.44265487702947,32.211076973311286,92.86405381202785
129.87321120359888,157.65767664425093,32.787419912788295,92.43401027758496
128.38399749009403,157.7865697403849,31.93535400765434,92.176224085317
128.45447977990352,157.10234339345655,31.79438942803532,91.6485952655566
127.527322157469,159.11366480789303,31.7627150702847,91.39793164192312
126.60014355152049,159.02797337732144,31.735234893875983,91.56931450306625
125.83107426666277,158.86290214313104,31.389591419448553,91.89945697144708
125.86712742075167,159.09857082120217,31.31748511127075,91.42811961530482
125.8961148453445,158.99644837181503,31.259510262085094,91.6323645140791
126.0550272654692,159.14631406420412,30.941685421835665,91.3326331293009
126.06536539711217,159.8908914587234,30.921009158549737,91.70942021041256
126.1452396977451,159.73237500898225,30.761260557283894,92.02645310989486
127.11518880173927,158.692457001332,30.693886514051268,92.23376496043963
128.827535126902,159.55444901937346,31.017677702933238,92.38402284396042
129.70298198852672,160.51246152306624,31.149087009381752,92.35030086627282
130.44354617127348,161.41977028700612,31.55218291732215,92.41990761182707
130.53355161502458,161.22743446109877,31.372172029819964,92.80457926364173
132.30671783552953,161.3535875202235,31.615377565289776,92.55227314539229
133.06803106521966,162.36265958098105,31.98836404673395,92.42974196470163
134.8276059852901,162.32115931215765,32.270539154813264,92.5127425023484
136.50359369023087,163.81860536477726,32.73252585994839,91.42483145461755
138.32831124875412,163.39737878397125,32.88275529976785,92.2672846162296
139.33172963700832,155.38801800966505,32.79051273748119,94.88384666528964
143.3634568825317,160.29169557226646,32.52813052543561,94.82783188883823
145.4458477988363,159.0522119616997,32.25272710020492,95.36210990628247
147.51295012723045,154.70930218985532,32.0130775688672,96.25881919907005
180.92970238754094,156.79846548334092,31.67208415504207,94.03615470347519
182.04930209803254,156.2540561446014,31.350671836449393,93.20718627856368
155.84776062654677,159.24736630748507,30.550684109118812,92.92089495318584
157.83868732390667,158.42609899251823,30.331617792191402,92.68203604422332
180.26007909451704,158.04808549144045,30.464363177465568,91.5640826744416
184.8738688997556,157.51112352874355,30.539341742389993,90.77749496475505
182.10128119826595,158.87473879507337,30.532458358787515,89.90095069428936
177.40528704157006,159.01475417154938,30.73406645649262,89.62091994133735
177.31968564132774,162.72037349797813,30.905269256977277,89.5607321337617
174.3382580796947,161.4686678293624,31.348052394575596,90.22411947577058
174.29199389047594,160.50837060695503,31.44058077301308,90.2871673399356
175.16331471156192,160.1197825136452,31.558068618126534,91.06434352655528
175.20276309724295,160.75193013865982,31.479171846764487,91.67340267394323
175.1898790183308,162.17457208674278,31.50494000458878,90.70872126010488
176.27770517756002,162.0412343510904,31.196602316108827,90.97539673140963
177.365541297294,161.5153774968818,30.886431896280893,92.02711043982683
178.27546013855246,161.66543417952445,30.941416593358817,91.72699707454156
179.37088091992547,160.6455110664811,30.622128896441733,91.89528943479932
181.3991965087799,160.6669978609558,30.30172179134295,91.85231584584997
185.02446577063046,161.69419957170462,30.49771851817686,91.65954623698605
185.76563442714064,160.65678694655884,30.877861752057377,91.8718909403767
190.211575740266,161.03683952401536,31.348257983183927,91.11178578546364
189.3120246070737,161.1217868288178,31.27715022477104,90.94189117585883
195.963831597667,161.22096531161267,31.03898112902546,90.74353421026906
196.14664800303996,161.1795829023448,30.67334831827951,90.8262990288048
198.7554530340546,160.571522203337,31.017227081801536,90.18859081830331
198.56646919537943,159.48417722333235,31.39519475915189,90.51226478503105
201.516626850994,159.32993470518292,31.082424282339673,90.8207498213299
202.30977737246226,159.132486798912,31.357339169193445,91.21564563387179
203.01786728992,160.13999034266647,31.81301558957457,91.0724948016594
203.9646282319213,161.34792506787173,31.79760259457284,90.53473424024976
204.9230303391811,161.0868515482395,31.750951746287594,91.0568812795142
205.84365793852157,159.80917197012525,31.786453989747628,91.73548299360166
206.95602719949187,158.69627700793853,31.448800011887236,92.07418837389497
208.87281294647812,159.80058189177748,31.386751436599354,91.75134006555935
209.95425803733087,159.11437925955207,31.103889899307262,93.12374533001021
210.84048415992444,158.69444519773026,31.225847280504897,93.96361345365383
210.80236501878719,157.75558704522777,31.302085562779457,93.93273628173523
210.69896308842254,157.66661926884285,31.508889423508712,94.11067183450504
210.7434851304634,157.7930156481581,31.419845339427017,93.85787907587456
210.70568926339269,157.00549331713168,31.495437073568457,93.52228566551565
209.6941446558549,156.99740977745847,31.611284377874735,93.53845274486204
209.61736761159239,157.21676519409078,31.764838466399745,93.09974191159748
204.78561111687884,158.40338706513302,31.897646294972404,92.63263920168384
204.8116858641403,159.41086750225165,31.845496800449475,92.51958206092104
203.7294317117859,159.64122101588353,32.11066345269297,92.05887503365727
202.82363781150056,158.82873529087624,32.024654150424624,91.7862493808328
199.9661846910033,158.97834326369875,32.06313225218827,91.48703343518781
199.88268870015978,158.42606919032008,32.23012423387528,90.70300955395724
199.15163104958464,158.4498072101535,31.811830549953555,90.65553351429044
195.47603318771272,159.00307668977536,31.67448113434491,89.54899455504673
195.59916400678375,158.10202066506744,31.4282194962028,89.49726386596632
194.6936161431737,158.26029297059088,31.39068352436817,89.18071925491944
192.82749041413513,157.38572357833613,31.43607344887227,89.08642727264245
190.98997346205138,157.6770517563329,31.42528976832135,88.50377091664888
190.174093415113,157.63330953726086,31.222658250967303,88.59125535479299
189.01733295373506,158.5918666896071,31.70421635480907,88.50610386901457
188.04991896095675,158.439125543672,31.799561852563095,88.81158616088476
187.16230758524463,158.85655105409361,31.72920827834843,89.82231146568039
187.27338481229924,158.75786852933044,31.507053824239247,90.01967651520674
187.29742931242905,158.10934123765963,31.4589648239796,89.45920993305222
187.30142491388312,159.02508947385678,31.450973621071455,89.47636050886202
186.311557200229,157.98621385832917,31.581962335620783,89.70536502715831
186.34537731794026,158.92030037462328,31.514322100198264,89.6915876196735
186.2348361358284,157.93142257905748,31.735404464421997,89.8163730497382
186.26384243119097,157.88181487359873,31.67739187369686,89.9155884606557
185.2481552649066,156.7674657068108,31.84963581921351,90.28515640717947
185.29103505022965,157.69132413646048,31.76387624856736,90.30497482314578
185.3043524396096,158.53442413403874,31.737241469807486,90.48503545388314
184.15499543797378,157.4607149986996,32.16760838243563,90.76410663391795
184.09262763917144,157.3948587087245,32.29234398004031,90.89581921386808
144.49976947274237,157.01400034789606,32.33779377934312,91.65753593552498
144.4643518223939,154.80875934011843,32.40862908004011,92.27602618863892
140.71028892770357,154.33100236713025,32.292303644354014,93.23154013461527
141.67903958345067,154.0551948299671,32.27243397356691,93.78315520894162
141.46967857634883,155.4729008429096,32.69115598777061,92.87287928550217
141.32519397030487,154.4014893872236,32.98012519985855,93.09593596453229
141.54864652198665,154.66684445944173,32.533220096494986,92.565225820096
141.73398587001154,155.68596074111275,32.16254140044522,92.43949820566291
141.52677122984625,155.56396985868508,32.57697068077576,92.68347997051823
142.59175686240093,156.07667573427233,32.361987396110834,91.65806821934378
142.37286597882328,156.51724354105133,32.79976916326617,90.77693260578576
143.47948949482253,155.63323206026857,32.47830998102765,90.65316771759133
145.4261684376621,155.59278842799617,32.35334544336809,90.73405498213612
145.51810352140927,155.80487944956016,32.16947527587379,90.30987293900814
145.6657904317081,153.79865986169654,31.87410145527609,90.57492723316935
145.78773426172813,154.98481998322592,31.630213795236052,90.07472393260147
183.05992523761606,156.90541368995105,31.507640893382323,89.95462697164739
185.80154243283613,156.9320432596675,31.594216752628746,89.90136783221449
185.7624684864135,158.07964828770844,31.67236464547401,89.46357424383515
185.67422632179455,159.92834939899745,31.84884897471192,89.47134077486663
184.82718657034945,156.95247692870723,31.68703111372428,89.85539362381358
184.6915893135804,158.68775858934967,31.95822562726239,90.10172223949439
184.65051942503996,158.6397472479107,32.04036540434326,90.19774492237232
184.83455348504347,157.57269503635274,31.672297284336235,90.46210065231574
184.90083848668138,157.43844932798547,31.53972728106045,90.73059206905026
184.88234881033713,157.75911180261866,31.57670663374894,90.08926711978387
183.72328527320238,157.78135284640993,32.03505324569779,90.04478503220133
183.78390231223716,157.58389658525053,31.913819167628198,90.43969755452015
183.7244555566185,156.74729170222497,32.032712678865565,90.24199985767767
183.6118964312518,158.13182660624165,32.2578309295989,89.34317206803995
183.62182092433864,156.61453358990286,32.2379819434253,90.51628216423222
183.87061392545286,159.70337852281142,31.74039594119685,89.97224391398933
183.89235687166246,159.826177018179,31.696910048777596,89.72664692325415
186.60889381654675,160.25678815564612,31.83419691348749,88.86542464831993
186.77484296159156,159.36049644348427,31.502298623397877,88.81103462710315
187.6716764760951,158.44131286969412,31.548809482495628,88.8092238865786
188.50746431476648,158.25134597058008,31.718229704571876,89.18915768480667
188.65497470929384,158.32132750896335,31.42320891551715,89.04919460804015
193.5191716433854,158.4434663443617,30.90553275494747,88.80491693724345
199.96900786662172,158.44976637622298,30.810596702510622,88.79231687352085
206.46413272138406,158.5417322997088,30.611733065913917,88.60838502654923
212.9512377521742,160.8268145421756,30.385203338460904,87.68041492279477
211.0569789238816,161.3956594624724,30.566245355992145,86.54272508220123
213.74243671421272,162.70794607005953,30.567706139233664,85.70894398832822
219.05625555285127,163.16775136624557,30.613520678270852,84.78933339595615
221.82577882141274,162.4812801393716,30.37425594343698,84.39568191560771
221.98355964466927,162.6929475808256,30.058694296923917,83.9723470326997
228.39641787655862,162.6894517363748,29.447035600886657,83.9793387216013
228.6319885192094,162.14642923693182,28.975894315585073,85.06538372048726
229.53151770524545,161.72298899621148,28.917610080923296,85.91226420192797
230.53561457156718,161.7742333962643,28.661189486336617,85.80977540182234
233.10016120488643,161.23786542880472,28.768973906463167,86.88251133674146
235.99310513181427,161.2950886441565,28.27167579785098,86.7680649060379
236.76679510252328,161.18005677948014,28.4764145835354,86.9981286353906
240.02004429159712,161.16523030098094,29.00649826074659,87.02778159238905
240.6743416180447,161.19277131750556,29.46718192963756,86.97269955933979
244.05934389561494,161.63780693625512,29.80483463190735,86.08262832184064
245.00293945341292,161.56024786256432,29.688026721709647,86.23774646922224
248.63025324705723,161.31402904874955,29.51527112648024,86.73018409685179
248.5768239411793,160.02805636563625,29.62212973823608,87.52779243721814
248.6950188355295,159.48616873161515,29.385739949535672,88.61156770526031
249.71594364349426,159.34544198969405,29.14264645312788,88.89302118910254
249.70740592007976,159.1712775216757,29.159721899956878,89.24135012513919
249.77756588955106,159.26342409908258,29.019401961014324,89.05705697032545
249.56888929418412,160.21557241471587,29.43675515174815,88.95113590196665
249.6643582351976,160.37957178297376,29.24581726972121,88.62313716545087
249.7355715021903,159.22161562826045,29.103390735735786,89.14269161004151
249.72622988721469,160.27652029650008,29.122073965687058,88.83401628286055
249.71266115622458,160.30876046916603,29.149211427667264,88.76953593752863
249.75068275416137,160.23932035930932,29.07316823179368,88.90841615724206
249.74580006754863,160.02378038464758,29.08293360501917,89.33949610656555
247.8827617884177,160.1167639031836,29.20189839873052,89.15352906949352
247.81284230296035,161.68083202661415,29.34173736964522,89.63158306355591
247.57764232715664,163.0252729206326,29.812137321252646,88.75515771669404
246.88090476230695,162.95101656998526,29.39701198102692,88.90367041798876
245.880477282495,163.04354779978095,29.594748909328814,88.71860795839736
245.0047670252252,162.8782485949912,29.54206468518509,89.04920636797686
244.08304996152015,162.06737242258748,29.577653975373426,88.8631138755626
242.87023469354406,162.32467601601294,30.197436099461278,88.34850668871168
239.56417551514397,162.10788838279896,29.57018487798668,88.78208195513963
238.68357303795128,161.73595882812003,29.52683123314904,89.52594106449752
237.70871171551389,160.85399227455486,29.662206411501913,89.47552670510598
232.12885802177388,162.6018021164705,29.925253691764723,89.61212705701372
230.97929017281243,163.85457289521224,30.40152126304161,88.92945362617627
229.07581759229262,163.89597075679322,30.56477867820544,88.84665790301433
226.23614262267117,165.04270385673271,30.77321008624452,88.37683121353658
222.7205812348409,163.28411794312314,30.521400192670935,88.25253670613871
221.84039141605513,164.16443097536776,30.467402445646293,88.30628802624558
221.1215237306305,165.29293774997103,30.090977207327676,87.86343508620689
215.73853348399155,161.9691418168576,30.051032462512083,87.30707679370478
214.84230699575647,161.9523389829141,30.051157277249455,87.34068246159168
208.49999293206653,161.06117119272508,30.18611834796191,87.33020846244587
207.37400648595792,160.9835821291636,30.642972770175383,87.48538658956879
205.3891083463424,160.80142246212554,31.001481465821524,87.84970592364493
204.32920366197155,160.79855930051497,31.3039328887047,87.85543224686606
197.7129044497291,160.3801869682992,31.7760346406369,88.6921769112976
192.2109710600072,160.22966873680895,31.719241318471973,88.9932133742781
192.09830014545363,159.90691681355645,31.944583147579124,89.63871722078315
190.15210410571245,160.60352648732814,32.11692542038209,90.10552277657945
186.42613519433925,159.46812850494382,32.08958408071366,90.5064989507444
186.63996463142144,160.48198372036418,31.66192520654932,90.35384054523342
186.69656037537519,161.33322406597858,31.54873371864182,90.51646550748194
185.73147022000242,160.24784277737163,31.613545605006003,90.82185966031447
184.76129803211197,160.61285259263855,31.6829852415866,90.09184002978063
182.0928563013321,160.44387794628625,31.434623679638477,90.42978932248526
188.9122447181273,157.59780115279793,30.830238231126145,90.53577517299988
188.17201904687423,159.72559016969524,30.458134533389334,89.98530721969121
188.22257723482716,158.8194545576739,30.35701815748348,89.95965756674866
188.28105069001117,159.06531233607922,30.240071247115438,89.46794200993803
188.2071423445787,158.47386752271146,30.387887937980388,88.82426205314583
190.20114622220774,158.68556433096634,30.04007222141567,88.40086843663606
190.03974340726927,158.47795715110686,30.362877851292566,88.81608279635503
189.9033996381944,158.56659777865173,30.635565389442327,88.63880154126532
189.87297900006627,158.56054412639548,30.696406665698618,88.65090884577779
190.02547133470287,158.91495396513048,30.39142199642536,87.9420891683078
189.97119314707325,158.70402937099539,30.499978371684627,88.36393835657799
189.90836179682336,157.75709008548552,30.625641072184386,88.44224091470538
190.03806208204855,157.82824690075904,30.36624050173402,88.29992728415833
189.99867236695388,157.68320780152808,30.445019931923326,88.59000548262026
190.01986606572865,157.39007898076554,30.40263253437385,89.17626312414535
190.12245623527733,158.30647554732556,30.19745219527648,89.16885144505655
189.02411673243805,158.57166882271693,30.572600028939693,88.63846489427381
189.13866001317638,157.74357363140496,30.343513467462998,88.47384183074905
188.99506079947622,157.87101033470816,30.63071189486334,88.21896842414264
188.89815511982857,157.9806155724321,30.82452325415865,87.99975794869476
134.89077446871863,158.32601820360307,31.67845388080793,89.12523795204042
133.0342081430858,160.64452057671713,31.69586224074895,88.18395749713696
131.17514451138263,161.0207878753242,31.744536639748798,87.43142289992278
126.67844174151462,160.90799869093925,31.61371021477848,87.65700126869267
126.74685116122015,161.17183890917153,31.476891375367423,87.12932083222812
126.70388873343803,161.41017325117735,31.56281623093164,86.65265214821646
124.98151936904439,161.6403218619829,31.386716481683013,86.19235492660536
123.3744568655975,161.94192078481382,30.99954198945744,85.58915708094355
122.4697541406735,162.14985804049834,31.023929205754705,85.17328256957451
119.6744761281595,161.93808805887778,31.27595399830866,85.59682253281565
118.50020783787473,161.6234786469709,31.83436419456254,86.22604135662937
117.30793385062564,161.53521058431576,32.409693916391205,86.40257748193966
117.37672572443103,161.2953430246428,32.27211016878043,86.88231260128559
115.30432381016786,160.982462085465,32.763885535993396,87.50807447964124
114.18257261331638,160.99550637953618,33.16304447465821,87.48198589149884
112.22377500579795,160.80852346682053,33.37833321602047,87.85595171693015
107.6331556283713,160.98448085219002,33.25762983183923,87.50403694619115
107.74719892333943,160.91283556934462,33.029543241902985,87.64732751188194
106.94605573489001,161.07617934067173,32.78070685773445,87.32063996922776
106.92561627466392,161.22687342246408,32.821585778186645,87.01925180564302
106.13554667578735,161.27611257880218,32.563350231617704,86.9207734929668
106.35443334355182,161.10971286887255,32.125576896088766,87.25357291282607
106.43559873319134,161.12227544308638,31.96324611680974,87.22844776439842
106.52510746119663,160.04535538016398,31.78422866079915,87.55639214164125
106.7272225073959,160.01734275754742,31.379998568400623,87.61241738687436
106.66916601362468,160.68432122721805,31.49611155594306,88.09929479998291
106.62371438038629,159.949013088997,31.58701482241983,87.74001413450335
106.49275946795836,160.04641830726692,31.848924647275666,87.54520369796347
106.41301983966153,160.11647571823727,32.00840390386935,87.40508887602277
107.36511808441075,160.27383443078537,31.933447131966005,87.0903714509266
107.34252244534571,160.33552067155796,31.978638410096103,86.9669989693814
107.41248233464651,160.20667320288632,31.8387186314945,87.22469390672465
108.43182154566438,160.25935390013262,31.623631973513724,87.11933251223209
108.36759577857003,160.18542277274378,31.752083507702437,87.26719476700977
108.34071577671423,160.1861070992449,31.805843511414025,87.26582611400747
109.48572707715799,160.2421727003535,31.339406925280464,87.15369491179031
111.30548134502858,160.20277256889162,31.326982391407704,87.23249517471407
110.47379644742843,159.27066593556353,31.175908778600153,87.28226503336236
110.6369143487597,159.10549584190687,30.849672975937608,87.61260522067569
110.62008915287586,159.11307935112583,30.883323367705298,87.59743820223774
110.80797786700754,158.27279734923962,30.50754593944193,87.46639201980669
110.75270810985347,158.25140945428103,30.61808545375006,87.50916780972385
110.69295570971052,158.56142101059993,30.737590254035972,86.88914469708607
110.75014752034157,158.55221404903108,30.62320663277388,86.90755862022378
110.75327123216664,158.5052697072613,30.616959209123742,87.00144730376331
110.78244366152177,158.44671441746067,30.55861435041347,87.11855788336456
110.77628203562871,158.46974163246605,30.570937602199592,87.07250345335383
113.38676940490438,158.55320757068142,30.74528654356756,86.90557157692308
113.32935674257038,158.6509655773113,30.86011186823555,86.7100555636633
114.31795225214492,158.54158953988554,30.681435692837866,86.92880763851483
116.7963640154731,158.7993441350324,31.119802456837753,86.41329844822113
116.77654181169628,158.89071597090873,31.15944686439142,86.2305547764685
119.50850708996363,159.04047186383735,31.08677046373013,85.93104299061125
120.29828655534916,159.0868767888682,31.29869773321986,85.83823314054948
121.39366412079609,159.1820953345561,30.901934431210435,85.64779604917373
122.39597865589278,159.1639792360986,30.681395556265624,85.68402824608873
123.20408115057299,159.07570526193095,30.84580409214214,85.86057619442404
127.79086859518335,159.13684192750512,30.60280821921622,85.73830286327569
127.7870855913454,159.19651991272073,30.610374226892144,85.61894689284448
127.90366987121392,159.4843919816995,30.37720566715509,85.04320275488689
128.8996737536706,159.67730126165665,30.151139902729987,84.65738419497262
130.78530049852552,159.54327500156816,29.892546815056974,84.92543671514962
129.96670004404152,159.73012655628838,29.77428260505208,84.55173360570916
129.22443711897608,159.9288176389412,29.510826920953974,84.15435144040347
129.29437486700667,160.85914492303328,29.370951424892784,84.0312189496456
129.44916824771354,160.90394162009855,29.06136466347902,83.9416255555151
130.2853217501365,160.73765463268143,29.115369128243493,84.27419953034934
130.34901006481925,160.52206746694955,28.987992498878,84.70537386181309
130.25654862545628,160.85303530556047,29.172915377603914,84.04343818459122
130.32309367190882,160.61143291449287,29.03982528469883,84.52664296672647
130.2586385451826,159.612993632534,29.168735538151296,84.78926024190595
131.2010785988633,158.87258788370156,29.02420986508738,84.52971730527335
131.06950257479454,159.02201558573645,29.287361913224867,84.23086190120358
131.0251644724436,159.07586517524538,29.376038117926722,84.12316272218574
131.01691055190142,159.08736658763402,29.392545959011123,84.10015989740843
130.98919551155637,159.12711733878007,29.44797603970119,84.02065839511633
130.99767572392818,159.00966716506403,29.431015614957552,84.25555874254842
130.98335987447498,159.1822258716179,29.459647313863943,83.91044132944066
130.9952248947921,159.0129963696351,29.435917273229727,84.24890033340633
131.79660095949407,159.05999037430266,29.57067493890445,84.15491232407118
131.59454703245416,158.9670714447086,29.9747827929843,84.34075018325927
133.35132368552905,158.60457806445424,29.958445226003562,85.06573694376803
134.120386782813,157.5887282402206,30.178984218037748,85.33877140563322
133.97600038429408,159.45307424563782,30.46775701507554,85.14321634220525
133.92963442857948,159.58868751969732,30.560488926504778,84.87198979408632
135.5128944206281,156.7082912449337,30.927600156351705,85.33233552269724
135.3198696507942,157.58196009337883,31.31364969601953,85.36504122094301
136.08403613110397,155.7262459135622,31.572807016084212,85.5014890192079
135.09979125284661,158.45499118637423,31.7471739829973,85.4263668423886
135.03857417316257,156.62085205425237,31.869608142365387,85.50226061361968
134.07668229380536,157.4964005536101,31.993905182183514,85.55065033380046
133.13467656944226,157.64808930165094,32.07549671916385,85.24727283771878
132.23661408652836,157.3620405376916,32.0720810396554,85.81937036563751
130.36730254170516,157.3435407757656,32.195345493382845,85.8563698894895
130.20003345956277,159.10430690319788,32.52988365766759,85.95569757286087
126.59911024497023,159.36768474937648,32.46023011221865,85.42894188050366
124.66713947209581,159.6981740365348,32.70603809738958,84.76796330618703
118.59968162605949,158.72009422309605,32.212996575834595,84.92012904540346
118.80714941055322,158.36947456443175,31.798061006847135,85.62136836273201
117.0713000504263,159.04666690375961,31.669953270541022,86.06688691235628
116.35182331413141,159.19155876915596,31.30493506112989,85.77710318156355
110.1713417616417,159.6922734311474,31.113288847924974,84.77567385758066
109.45899859567925,159.71024700221824,30.7625399309036,84.73972671543905
106.90563657646248,159.75753405751647,30.563520901376023,84.64515260484255
104.4087170826501,159.86827152532652,30.26647842762948,84.42367766922249
99.95365307917925,159.43689821727074,30.4011999839435,85.28642428533401
99.88191780594629,159.46531905282328,30.54467053040944,85.22958261422893
94.39994606885854,160.22283302737142,30.878769264159008,85.48619545520363
95.08187892352353,160.05100010454748,31.2962636498943,85.82986130085155
94.2852518853363,159.9306416627472,31.095689685198582,86.07057818445206
93.35345944493666,159.7182264007376,31.165631522183933,86.49540870847127
87.34723094038164,159.741624251578,30.57120217928854,86.44861300679048
86.80176704613427,160.6679390277347,29.8725918305483,86.38552159171208
80.70510446499823,160.6574644028239,29.634359333125413,86.40647084153362
74.5714081085828,162.6277410783493,29.498484077940887,86.00970833848726
72.94414958247492,162.77789523195347,29.22547541343368,85.7094000312789
67.06229363396113,163.6179285648809,28.707656665575527,85.7838377432648
66.10427914950105,163.4839320616139,28.87757903451178,86.05183074979885
62.48925619895418,163.84097167997976,29.0955103644662,85.33775151306712
58.996618251117916,163.8024639758156,29.09343625571067,85.41476692139544
58.05491420849262,163.2623042265958,29.228947238738673,84.74718931761245
52.14701578677975,163.10067884416588,28.85878386338259,83.32958862264633
51.49593181185689,163.66440990503986,28.447057740690546,82.2021265008984
46.57655468389413,163.79303183500588,28.143905553607187,81.94488264096636
46.6295343549845,163.73268682371167,28.037946211426437,82.06557266355473
40.82093098380744,163.74366686227646,27.888739568524663,82.04361258642518
38.48777725938495,164.006960399546,27.521403362927412,81.5170255118861
33.76126005587253,163.4873584249375,26.992397998234154,80.89255616581674
33.702238141845385,164.36610140475383,27.110441826288444,79.1350702061841
30.9661288836658,164.9780314956257,26.093716624592794,79.53344595395409
28.282781611849156,164.7670383609226,25.023137877309786,81.56475054608927
25.946859653358885,161.2924671924898,24.839690902928112,82.04017169447197
21.415250853126697,161.15011436528306,25.794074713576684,82.32487734888545
18.426802599317696,161.70690639301324,26.840630649150242,82.85474015077315
12.899089851924876,161.49383861749075,27.87465857262769,83.28087570181818
12.775103983512327,160.40882939655904,28.122630309452788,83.75565014635347
12.502352572203572,161.29590519657398,28.6681331320703,83.6880353010213
9.293051467998545,160.39193741658383,28.224608022722308,85.49597086100165
9.078816636488163,161.26912505514233,28.65307768574307,85.47476413453155
6.568998875496124,161.6215653703983,28.450586787336036,86.51059231081665
4.87927394585866,162.7638758386868,28.32655701417186,85.97771119045915
3.337795060825643,166.81557889915612,27.92573814184986,86.58374667549059
2.716959667565275,163.56721777701168,27.424262486060673,86.1078831505398
