7.0,163.0,25.0,86.0
8.278032039280106,162.80932637562233,25.805430618638226,86.3813472487553
12.933560149329242,160.21468683093389,26.701072680681115,86.46727719706169
13.58377954680488,161.0001257212174,27.119556996731554,86.61532252749633
14.308068851861133,161.61628628020924,27.39972827524133,87.11175129813493
15.836361889610146,161.43277652616592,27.825059745861537,87.47877080622156
17.3703263301707,161.05216067741702,28.265137989185867,88.24000250371938
18.16725696812856,160.555310287322,28.444186271045915,89.23370328390945
24.258083798301364,160.88033328418777,28.79472042437824,90.373969834989
24.07029259733446,160.111764129218,29.170302826312046,90.09815636419889
29.76451576700961,160.46675904204602,28.677501961000637,89.38816653854283
29.952073894710637,160.91851502075556,28.30238570559858,88.4846545811237
35.53686333645121,161.57546244780477,27.795218651406515,87.17075972702531
39.12176253856616,161.71088843834013,27.621747980948182,86.89990774595461
40.06634160462336,160.6823341806484,27.474633546282746,87.21497256388912
41.81585338242799,160.87210458484688,27.463218228457436,86.83543175549215
42.64636487033329,161.12295820042618,27.540403906168198,86.33372452433353
47.95422973344186,161.79144814395448,27.319729276461093,86.72925382002865
51.6573790541171,161.69390270714484,26.84966111519619,86.92434469364795
56.23372383479928,161.01426522187361,26.33770652257011,86.55547267044273
58.8777009299184,161.2609090991975,26.190101970142152,86.06218491579493
59.844236433351426,161.36215746844104,25.960761963096648,85.85968817730787
63.970058088785585,161.4755789603534,26.19219408783364,85.63284519348315
64.59306642599188,162.18292689370185,26.643866459095534,85.91583837246075
67.13454082003503,162.23388900221258,26.6910684842338,85.8139141554393
73.2920454925928,162.21254703881863,26.34239935521818,85.8565980822272
74.48615409265248,161.7707904982503,25.65782004517314,86.74011116336385
80.63089675751968,160.79315830425597,25.29247685888111,86.9919266737179
81.62384264590033,160.7204255540658,25.0067950854372,87.13739217409821
84.38543036249675,159.78575678179166,24.5744346617483,87.3097913821452
89.4605134761443,159.70951352274813,24.572031063070312,87.46227790023225
91.08593384779498,159.83350781286032,24.707989754945366,88.90768903759604
93.53204808317692,161.4420245769897,24.964743863000972,89.1233105618836
94.08380759269136,159.95286450274392,25.585400842425166,88.65327871346898
98.96755876590815,159.55684809229953,26.192721697161932,89.44531153435774
98.73237777188012,161.24234744060328,26.66308368521799,89.57759434053352
102.17686248559208,161.2253127752819,26.82313758559796,89.61166367117627
102.98251305877127,160.9683200169066,26.977545675495914,90.12564918792691
108.46956209941128,160.31499749812372,26.658530676371136,89.65644704513343
112.37682417291596,160.498012298046,25.897152956789682,89.29041744528888
118.37789480986454,161.51812674245318,26.102646531152892,88.9941363919403
119.67162359248158,160.59649269596218,27.002364242454412,89.09381684665445
123.68894988854561,162.1158646678726,27.77622850956037,89.57847964652731
123.5622670155726,161.0526462299958,28.02959425550639,89.92203013984141
123.48431832434252,160.94419909460166,28.185491637966543,90.13892441062967
129.8449427605941,160.62386870650514,28.05296356806886,90.77958518682271
130.76890678343483,159.61343281693144,28.010059296781808,90.9954331915757
133.6690729777346,159.5128183019965,27.63159510753708,91.19666222144562
135.4912000391917,159.58615084034238,27.593609292511477,91.0499971447538
139.16955998044864,158.49872072890074,27.438304818748946,91.42450351544932
142.5753844981418,159.88127612495225,27.837757316076747,90.46216810652479
144.3544427687121,160.8272430005709,27.872735349777173,90.36678164270803
146.1539884337928,158.4928095134224,27.865328731295456,91.44396390532526
149.77153928917684,159.12439832494792,27.874087775894647,91.99175147111606
154.3024354143558,157.9585132995265,27.90671578603117,92.50463746986003
157.10610114470157,160.45138554934613,27.77963231327839,91.17239162884658
157.9639644022303,159.75049124145545,27.869438282556633,90.76864776029225
162.69959394093064,159.322330991839,27.40555689014937,89.82349272252645
163.85534430362267,160.70085462321566,26.87355936261247,88.84594865762028
163.83477389943357,160.41639164957303,26.914700170990695,89.41487460490552
166.50422951875157,160.4505852234291,26.869658268754442,89.3464874571934
169.79564404347997,161.13664868118946,27.33810882216637,89.73718044238993
169.4701188360144,160.9117582193557,27.989159237097514,90.18696136605743
172.13272997659635,161.0510351400753,28.05027216471396,89.90840752461821
172.91872550520748,160.3457301352218,28.27090540244464,91.31901753432524
174.78153923982538,160.75113513376994,28.178671125778138,90.50820753722894
179.46545932165674,160.4969780115477,27.828326370766376,91.01652178167342
179.63820692432884,161.605627173902,27.482831165422162,90.60344972305738
181.34824888281307,163.79260924965376,27.646705363291478,89.81344368639165
182.9907694391989,164.22318689780383,27.92930920851532,88.95228839009151
183.7823138028615,163.65804172286795,28.123053285814102,88.30574593533927
187.37100557698378,163.734478197796,28.03058324533429,88.1528729854832
188.07491923950928,163.98643403173693,28.390111902722126,87.64896131760133
188.7845625070088,163.95672446076776,28.737636857998606,87.70838045953965
190.52830036020964,162.85314152772673,28.79822973521771,88.14151203381138
193.1262590618479,161.79682687957524,28.946222345443417,88.47283799228026
194.9886348956268,161.7336418667108,28.798927286216422,88.5992080180092
198.03442131526577,161.4164445946794,28.070818958637187,89.23360256207195
201.7735370579879,161.2317071099972,27.726318722004752,89.6030775314364
202.8244599227256,158.97121941280614,27.40678590605506,90.5594270987672
207.4341872598883,158.97236254457442,27.137064926253572,90.55714083523058
208.47162259636522,159.05336727473352,26.847106986009383,90.39513137491241
210.34362081100602,160.25205917393572,26.657585291015245,89.77498494365169
211.90084724806806,160.52665892899137,27.07302364212368,89.22578543354038
212.60483138762652,160.66336093130212,27.429936314299155,88.95238142891888
212.519245726221,161.04167130008685,27.601107637110193,88.19576069134943
212.39773515367767,160.4646268193572,27.844128782196826,87.58980110174582
212.39827260640953,161.510621156444,27.843053876733116,87.25374306742786
212.54409296327023,161.50388825180198,27.551413163011738,87.26720887671189
211.64177522186762,161.28588298275832,27.610088185606507,87.70321941479924
210.01614214494955,161.09310651457312,27.354898508757955,88.08877235116961
208.90270815293866,161.0088315542274,27.827780020973506,88.25732227186101
198.4785329947787,160.50891450338253,27.494905764012586,89.25715637355083
203.76618156204435,160.36417922818305,27.558408119062523,89.54662692394979
201.70407514060017,160.3304071976077,28.12580270944369,89.61417098510042
200.74418610782382,159.17200780908547,28.25573565576973,90.1411246429183
201.623449261899,160.18982869190773,28.296925239669726,89.90519876932412
200.37128211599313,160.12519151598445,29.004130547687826,90.03447312117063
199.44928966904988,160.22873407448296,29.036132574440273,89.82738800417366
198.44082658054032,160.2681610016818,29.243429549143123,89.748534149776
197.40809253533973,160.68139249997614,29.496582420266815,88.92207115318732
196.48775246419123,159.97578294791973,29.532059293971678,88.52808698870795
195.6412398233742,160.04411584745992,29.424838292184504,88.39142118962755
194.88008472421095,160.6482832748067,29.1508090817321,88.97942574371295
194.01527659071448,161.46874299923883,29.08074250475198,89.13818913882173
193.11909708578926,161.65870223436855,29.07244707932417,88.7582706685623
187.6254725573143,161.7374620248484,29.289087541869513,88.60075108760257
186.80642999225245,161.41052664044545,29.130340518087536,89.25462185640849
185.91868728285056,161.37405214002828,29.102606393166468,89.32757085724285
184.85960186606542,160.35991816745172,29.417029755286784,89.55209133094601
182.9654510425354,160.50190845184255,29.579917648209392,89.2681107621643
165.04648239992753,160.03104655592665,29.184808491893303,90.2098345539961
163.62710535451015,159.78260678651358,28.38797442771173,90.70671409282228
163.7833078994659,160.8781524804975,28.075569337800232,90.32579974117745
163.81785336654167,161.00915148380582,28.006478403648718,90.0638017345608
159.45549213027618,159.12541264780342,27.76110595975689,90.24324143999651
160.52878541514127,160.0616907425356,27.40654723642558,90.16271309693097
159.70497514185269,159.69395020144316,27.269842365485232,90.8981941791159
156.18491835595034,158.54828968060485,27.14114671301507,91.39731291472378
167.75585908006616,159.5927774267393,27.358627814835984,91.10521146476661
170.03869275428423,160.5501749846445,28.183297261277694,90.98719528058217
164.5861673559971,160.7715760504565,28.226099981312117,90.54439314895818
166.33139713786727,159.94215674212174,28.34541594834285,90.39834400024215
164.51218766876468,160.4119415511434,28.373798098778316,89.45877438219887
159.3052224196574,160.61450389972936,28.034461423064243,89.05364968502695
161.23034872230687,161.49291271284756,27.744628099052832,89.07704169943426
160.2926824122174,160.5498564848574,27.844766616101943,89.18796005228481
160.24242230840264,160.68637473084692,27.945286823731468,88.91492356030574
161.19220227852205,161.22059303669386,27.822324333217907,89.62308439833711
161.30929502469232,160.4340929315352,27.588138840877384,89.4117144611366
162.16599369840682,160.36511493418544,27.65178854501085,89.54967045583608
162.1983027438109,161.13900614274678,27.587170454202674,89.78206665598663
163.2387503168859,160.8841473550176,27.28855222685602,90.291784231445
163.14750348840752,160.75538391320265,27.47104588381277,90.54931111507486
161.43243093194042,160.66141894044344,27.319202618898743,90.73724106059329
161.27711284224262,160.51267704133818,27.629838798294347,91.03472485880383
161.24972118201129,159.64458598375143,27.684622118757048,90.97009813855419
159.2703261898967,158.56850460518217,28.041595300512558,91.32135249445585
161.7916186789571,159.4916896940863,28.436481608909684,91.28747274548692
159.0603946776765,159.45109176625027,28.44100696150457,91.36866860115899
159.79673072456652,159.41597264381386,28.788877172773894,91.43890684603178
159.85475808480834,160.8671284500423,28.67282245229022,90.36455191515942
157.98420501110644,161.09776882445533,28.792781279067594,89.90327116633335
156.22644450916837,161.2611363431189,28.69583568331883,89.57653612900623
152.78556053374584,159.35583551257147,28.378361725499893,91.58732731293502
154.62610104809957,159.2148538958938,28.342250710346757,91.86929054629036
159.18914787875403,159.58581179838217,28.34522633855779,91.12737474131364
153.9207870755671,159.7288911127152,27.98983128684879,90.84121611264763
156.52431305511035,159.74860653203922,28.19696980521167,90.80178527399957
152.06209265493527,160.08031789503656,28.08141536653075,90.13836254800484
155.42859818079748,160.28491258736153,28.534243260175835,89.7291731633549
150.98514302694434,160.33406800138326,28.42613534680801,89.63086233531146
151.8363392824704,158.94565119569904,28.519360295281718,90.61207848715406
148.1871388751298,159.8719782098743,28.572729114958975,90.57068245755455
149.09477321952028,159.09440593865335,28.569114952810732,90.31417247336373
149.14169695629695,161.14934737891912,28.475267479257333,89.82018618463891
149.95992961133717,160.1793649164773,28.638011466012518,89.96094181268685
146.4528952012096,160.38803068981463,28.435264472277474,89.54361026601227
148.24190044859702,161.06075240244127,28.446348502180918,89.99271410309817
149.12769440001316,160.12334065795852,28.47588539661991,90.06641279479234
150.14995642219728,158.97057560750181,28.23407616378575,90.56922808417167
150.24991115625278,159.066125300085,28.034166695674752,90.37812869900537
151.08385089829687,159.35210899461165,28.165273520419554,89.80616130995202
147.54391368885567,161.00521811465455,28.071962726590165,90.08653567622214
151.04205085122337,161.05520940015916,28.25788998377761,89.98655310521292
156.35908200310837,159.91925419722048,28.409206982545108,90.4609002940007
152.58358194599148,160.39999008418818,28.73187800253929,89.49942852006528
157.95251205273036,160.20520078164492,28.790288062049655,89.88900712515179
153.43910365516558,160.2196527191623,28.787180391448707,89.86010325011702
158.86001995427733,160.1538562676102,28.77845159992571,89.99169615322124
157.00347632057304,159.95801076575236,28.87708840602455,90.38338715693689
153.4910625556782,159.8707595530689,28.643510397807937,90.55788958230386
154.47004484181332,159.55689585720296,28.498323214636063,91.1856169740357
156.35961501691935,159.88081437838736,28.357192380475016,90.53777993166693
159.0180813651006,160.77121284277237,28.461899436958472,90.56419625384558
158.1236866134629,160.78071335522955,28.441169699407133,90.54519522893122
159.14181965541346,160.4942101663309,28.21377104416063,91.11820160672852
158.98747987245258,159.29206335466986,28.52245061008239,91.70970062519035
158.92243830893375,160.69881932115356,28.652533737120077,90.72306983539461
161.5251958146218,160.74521791096373,28.89288114766144,90.63027265577426
162.4929544054749,160.81709482237963,28.77576100089873,90.48651883294247
162.65509153536564,160.8735567460916,28.451486741117254,90.37359498551857
162.63506596647872,159.8993470624573,28.491537878891098,90.51539092905642
163.5877738401038,160.1305541932052,28.39549553367962,90.05297666756063
163.68321516787094,159.39588211010522,28.20461287814534,89.72127820257955
163.92722563925346,159.48178682813773,27.7165919353803,89.54946876651456
163.02774124860608,160.06151765856038,27.734187356600067,90.1713804657443
162.87653845788446,160.14947337091814,28.03659293804326,89.99546904102877
162.87913003843147,161.4405528631915,28.03140977694926,89.20691627529428
163.795171084326,160.44947562544152,27.981655246571012,89.40674318938342
162.9896068472468,160.41354836362254,27.80853969365971,89.47859771302139
157.89924720624342,160.591798507286,27.296855277715274,89.12209742569448
158.96857006880975,160.31816903168792,26.92576613878353,89.66935637689062
159.97158809451068,160.10356998492858,26.688159914918142,90.09855447040925
156.69112945481484,159.94917565491085,26.168718205879593,90.40734313044474
157.57500590351572,159.73474870040803,26.16575184915802,90.83619703945041
158.57868521987632,158.4976707188274,25.929181416193767,91.53956480285466
159.32660051256937,158.84025028574285,26.20965100056277,90.85440566902379
154.180047350515,158.0138019717316,25.871573236993836,90.73543828243336
154.99848376220712,158.3731663297366,25.998575895274953,91.78058504808871
155.6714875598304,158.6408423007749,26.43356640822133,91.2452331060121
154.815761966334,158.68708338272805,26.363459154051036,91.15275094210581
154.78847919297135,158.61690133467852,26.418024700776336,91.29311503820489
154.59535686872542,158.7520026241343,26.804269349268203,91.02291245929331
154.54167851968256,158.591424181214,26.911626047353913,91.34406934513389
154.55424573233063,157.60628674883176,26.886491622057825,91.52248916240269
152.83628568811935,157.25350213705136,26.73459209944674,92.22805838596348
152.9469173971346,157.46639108209357,26.5133286814162,91.80228049587907
152.95658743676807,158.5697718242224,26.49398860214928,91.38643245552109
152.94749709568103,158.79912848826126,26.51216928432334,90.92771912744338
153.62539349904202,158.84209083191735,26.934913350800812,90.8417944401312
154.26833216025872,158.6568711628642,27.434221830059542,91.21223377823745
165.77874997074298,158.85203302350374,27.809429952819123,90.82191005695839
156.80302287564336,159.33228160239508,27.7496851204674,89.86141289917569
157.7127749311771,159.45432137028493,27.716587037986347,89.61733336339603
155.99406704724242,160.3936794512012,27.589332539846176,89.52095233456829
155.97722212017314,160.26516737920895,27.623022393984744,89.7779764785528
152.41124441804428,160.2027052031991,27.623449797415155,89.9029008305725
153.0360691815253,159.12384781633656,28.158460180777666,90.27595569397295
153.07969987250772,158.8504381381542,28.07119879881288,90.82277505033765
149.43701573581873,158.63301179752983,28.132675507684247,91.25762773158644
152.9267369252891,158.4083893263491,28.406320216600562,91.70687267394787
161.93815318544964,158.44396721974937,28.630447884326696,91.63571688714734
160.0638524415835,157.8736792411733,28.723397739227863,92.77629284429949
163.7862130791163,156.68048151905367,28.661526014448064,93.31697590096732
162.85830357536514,157.04706774696393,28.665114529371948,92.58380344514677
161.95363219581688,158.01945351249304,28.632550100965844,92.48093910159119
159.11555500494913,158.39356503134078,28.789161926644034,91.73271606389572
138.0965160218438,158.59050955969101,28.6882570705513,91.33882700719529
134.78560854683468,161.55596718191737,28.011345487784936,90.88195666233108
134.96409747700983,160.56363731969884,27.654367627434603,91.06091116217485
132.42446173632064,160.81252896761114,27.32873712863322,90.56312786635021
132.40860848106257,160.70330401191296,27.36044363914936,90.78157777774658
131.47951949979694,159.53319794598013,27.42638926182461,91.32955756975622
131.49222785137337,159.70850636655166,27.400972558671743,90.9789407286132
132.30747484599067,159.6759207916059,27.566255841566992,91.04411187850465
132.35310938419633,160.00551819344966,27.474986765155652,90.38491707481717
132.31745789937747,159.99378407885092,27.54628973479342,90.40838530401463
132.42036397258812,160.07508679315453,27.340477588372107,90.24577987540744
133.1826762116518,160.8231690491982,27.600130700763664,90.53389295383896
134.9002855808537,160.60754006071312,27.751245019546296,90.96515093080913
136.7254935453623,160.62419283634716,27.704972887114984,90.93184537954104
137.72088319503104,160.60881624340527,27.51493711172693,90.96259856542488
138.7540664504273,161.89012583180266,27.24622926406854,90.1976380517642
140.50045888586033,161.9676185539234,27.317143127226345,90.04265260752274
142.18188172651827,161.7389544083674,27.516236110551553,90.49998089863475
143.83057547563016,163.01574401512673,27.801114152447262,89.7375344551758
144.6628143224785,162.62853587079383,27.922237124666125,90.5119507438416
145.37796457945862,159.49375098612006,28.290751246018996,91.38507660724983
148.1760133874393,159.58234419780223,28.148652412597727,93.02588977806553
150.8827938573702,159.0981042213771,28.250929174832482,93.99436973091584
151.9002060308175,158.1808803275738,28.070321893885186,93.97460045257515
154.64412790054698,158.52838678027595,28.134236124948846,93.27958754717082
155.7349471996771,159.29514792323624,27.794534131090494,91.74606526125027
158.70202747224567,159.67731850379135,27.30216842769676,90.98172410014001
160.6209812351879,159.60534301885676,27.052228998615256,91.12567507000921
162.5473413505746,161.68001689658718,26.782269398478107,90.5590879451846
165.44783549873654,161.68141650773396,26.31633466997299,90.55628872289104
166.32675717467774,162.24533210504728,26.328132672306026,91.19809888247984
169.02432064286356,162.47128246179778,26.269787602324982,90.7461981689788
172.41503340896327,160.4628624933342,26.574189230942945,91.22012452549734
184.30949075689378,161.67287444654096,27.758804169323163,90.58392416438676
180.5622997249388,160.347531741907,28.065938572899917,91.43779765857133
180.3313953765137,160.5089462525625,28.527747269750144,91.11496863726032
180.0415766808376,160.48968920122118,29.107384661102323,91.153482739943
180.72258626199329,161.5315676027145,29.575138125898107,90.89949856406349
180.6305011262039,162.8250948862593,29.759308397476858,90.14720583235469
181.77656255466212,162.09134993641172,29.2946289152691,89.78725235734117
183.78338369362157,162.01055471252874,28.908596891114097,89.94884280510713
184.7511049303326,162.03453204795707,28.7821648060987,89.90088813425047
186.82171545474876,163.17885920401764,28.2529520938258,89.41823799040905
188.66537387972454,162.41044653572132,28.144454442244275,89.16565372781669
191.11128405501978,162.09452067331773,28.604112792363907,89.79750545262385
191.67874582049473,161.9628171339325,29.2704491711715,90.06091253139432
193.19427845334548,162.02941774036861,29.873885434688084,89.92771131852209
196.78871377292404,162.13924074867933,29.990691304542693,89.70806530190065
199.65898505452978,161.10849177687732,29.726440601030028,89.94413262560502
199.7929266045279,161.15464150316035,29.45855750103378,89.85183317303895
202.70996843255298,160.7018550084893,29.07766474211747,88.93967586333642
202.68075344097048,159.72402448963553,29.13609472528249,89.09756080090057
207.41118667007638,160.1777082669047,28.680690523913405,88.19019324636221
207.4794333399619,160.35191010010513,28.54419718414237,87.84178957996137
209.1736312371029,160.47445923799864,28.700563547657968,87.59669130417434
209.3486446011616,161.6677275631426,28.350536819540604,86.98192109087707
211.30337642155067,162.42713230548614,27.954284444717555,87.21971723916751
211.28593048438347,162.3640434431217,27.9891763190519,87.3458949638964
213.27451560710708,160.2727140127784,27.52228060853505,88.01827928965264
214.23540109513345,160.5145947039204,27.356586705946974,87.53451790736861
216.75066478774443,159.87165826663323,27.564536854879837,88.82039078194302
216.6238516798408,159.57675475795193,27.818163070687113,89.41019779930558
217.47049119219,158.8277959205545,27.906159329250798,90.90811547410046
217.45381904158745,158.9931722179341,27.93950363045588,90.57736287934125
216.44616170270496,157.84010773060106,28.154757528839035,91.08343107462545
215.62273767380947,158.24455847904477,27.990394289755308,90.2745295777381
213.81047027503325,158.3712729006344,28.02151072106784,90.02110073455879
213.79240483520195,158.63631792268868,28.057641600730456,89.49101069045025
211.976947440156,158.62362327026963,28.114874379103522,89.51639999528832
211.15471659856394,160.5739815185142,27.971079312136116,89.19219699910238
207.66841991052974,160.87307060724703,27.819648386418844,88.5940188216367
205.8946941095448,160.19490492210474,27.827642988255683,88.18062169185477
205.82797467085862,160.30442149368528,27.961081865627996,87.96158854869367
205.92973441498535,160.3701096461061,27.757562377374523,87.83021224385203
204.27879451939253,160.4290318630222,27.543946368363127,87.7123678100198
201.59709742623082,160.64166866969572,27.650926376355002,87.2870941966728
200.75679781844417,159.94511037244487,27.583449374498493,86.93213457374468
200.67055376318189,160.17830324971789,27.755937485023082,86.46574881919864
198.08991010796515,160.1093252350873,27.702177954653926,86.60370484845983
196.36067089826938,159.01006461815012,27.68201818092526,87.0629069857741
195.41285282269163,158.12215197535573,27.832187293360263,87.09326523264241
195.29811494903583,158.1617971113766,28.061663040671867,87.01397496060069
194.19186835002557,158.0475136157022,28.522400350241917,87.2425419519495
193.29416296474113,158.62671340293855,28.554347418153355,87.84760608013426
193.31491491086078,158.69749954967432,28.512843525914015,87.70603378666273
193.38050046697967,158.79678907377144,28.381672413676263,87.50745473846851
193.4928400836282,158.91342008504216,28.156993180379203,87.27419271592706
192.45279754428017,158.94263923749622,28.47987398975472,87.2157544110189
192.50461998294946,158.91217229713476,28.376229112416112,87.27668829174183
191.37940108566514,157.9200968832643,28.865400328110415,87.49957254060834
192.40089291118855,157.9206502696945,28.595823709429016,87.49846576774796
191.4924536352951,157.67874065380488,28.64425345447686,87.98228499952725
192.46209393635965,159.56624196768973,28.481187382082226,87.75971143122635
192.42747886600773,158.6137869955283,28.55041752278607,87.89456360228493
191.28646293457737,158.6865798399942,29.059204136657982,87.74897791335314
191.2889620309332,158.77138566670868,29.054205943946343,87.57936625992423
191.33431397268018,158.80004023776326,28.963502060452356,87.52205711781502
191.41970838443112,158.62542840898297,28.792713236950497,87.87128077537561
191.40066130137268,157.7614872120775,28.83080740306734,87.8218027569682
191.3777405768531,158.42525496817285,28.876648852106467,88.27162269384266
191.28569581766024,158.4757527488769,29.060738370492242,88.17062713243456
191.2649349317415,159.4446776403192,29.102260142329698,88.01930794453621
191.18296549882308,158.56860721362017,29.26619900816656,87.98630977548957
191.3603669980847,158.61278458452097,28.91139600964332,87.897955033688
191.29077722934062,158.82375549881698,29.050575547131498,87.476013205096
191.35787440367608,158.69929179032547,28.91638119846057,87.72494062207896
191.37659506036638,158.33387300275484,28.87893988507993,88.45577819722023
191.4083033415576,158.29053647659978,28.81552332269753,88.54245124953037
191.40951861622477,158.23735878033096,28.813092773363138,88.64880664206801
191.37534739557236,159.21215028814336,28.88143521466796,88.48801005106083
192.33554945375607,158.6279283454278,28.748786499892148,87.86869853490037
191.42280697905176,158.68972448934133,28.797753416062395,87.74510624707328
192.42486475783318,158.79759949944452,28.569296710618538,87.52935622686691
192.34499872130758,158.69916456955306,28.72902878366971,87.72622608664983
192.39629675237822,159.73129030120734,28.626432721528452,87.43610476035884
192.32495262079357,160.59169751789028,28.769120984697764,87.48341407051991
191.44416985411132,158.49627576246104,28.7592737712681,88.1314320877902
191.45726297194912,158.56043026036645,28.733087535592496,88.00312309197938
191.40116895411427,158.79501455564295,28.845275571262228,87.53395450142638
191.69120763013802,158.66740408593972,28.265198219214696,87.78917544083282
191.68068129023854,159.5153926104187,28.28625089901366,87.85970652308508
191.619132893158,159.48906492996383,28.409347693174762,87.91236188399486
191.4301478409266,159.5535280087432,28.787317797637584,87.78343572643611
191.4154161477315,158.57999466659686,28.816781184027768,87.95448991869009
191.42141484498808,157.5163405224222,28.80478378951461,88.30281336844509
190.45585860873678,158.5196132173032,28.952179818683767,88.07998442201652
190.41155112329227,158.40079386385855,29.040794789572786,88.31762312890584
190.57819083463875,159.55028635784782,28.707515366879825,87.80689369756652
190.5989806247059,159.52819926619267,28.66593578674552,87.85106788087683
194.20426066844087,159.83864317642332,28.55436532846376,87.23018006041552
194.19748321170275,160.59423024497065,28.56792024194001,87.48288022774119
194.086743979803,160.32289077127064,28.789398705739487,88.02555917514118
194.94447329868336,159.11049400563468,28.85343304429402,88.67085973009783
193.9628666713265,157.8029342534068,29.02680591084073,89.49613884638659
200.30537447972236,157.98795929546526,28.975050357943374,89.12608876226966
202.12405304831464,158.2018073685079,28.93477833882389,88.69839261618438
208.14462648634117,158.01257086376484,29.43570410239208,89.07686562567054
214.5606927617951,158.39844764453434,29.247604600653077,88.30511206413148
213.579627703578,159.72740838337438,29.41786795073527,87.43905735280336
219.95553618173875,161.1151213050918,29.144638449687218,86.44628686012183
220.03148238556972,161.8003052222655,28.99274604202528,85.07591902577445
227.3068679007023,161.97007817935906,28.371828647317074,84.73637311158734
227.4907908392861,162.27995207924306,28.003982770149435,84.11662531181935
232.06044896118146,161.61782428720747,27.412190284706323,83.73137614422103
232.9505038899871,161.58902397338827,27.325263316067918,83.78897677185944
236.38627587559236,161.2453246275178,27.223347056043455,84.47637546360036
237.28537113104778,161.36892749710768,27.12545909307606,84.2291697244206
239.79026039257667,160.13566087610775,27.200656397783835,85.00071102383195
241.40823992848854,160.08998419369692,27.379360868721008,85.09206438865363
242.07534546215956,160.95021863310723,27.757065310981265,85.08351101943533
244.6156573456028,160.9642333448674,27.832635118020356,85.05548159591493
245.44009142959933,160.57329623850137,27.90348612100326,85.83735580864702
249.67078158318893,160.95856151179296,28.102769993184033,85.06682526206384
249.5791273711282,160.86304857384994,28.286078417305454,85.25785113794993
250.47750956809375,160.61999508080407,28.220221008143547,85.74395812404161
253.9544548732933,160.4372022135423,28.212790922830983,86.10954385856517
253.0867053550603,159.9400144374714,28.206612657424913,87.10391941070696
253.0750609002015,159.95062186187016,28.22990156714254,87.08270456190945
253.08852984756004,160.56909133887473,28.202963672425426,87.60158877797551
254.0560832374963,160.54180892085648,28.030556590274735,87.656153614012
253.96530598235492,160.8697989368846,28.212111100557493,87.00017358195576
254.01732348979422,161.07284389892035,28.108076085678874,86.59408365788425
254.04597243406243,161.24124484749834,28.050778197142435,86.2572817607283
254.00211930319608,161.3060664276495,28.138484458875133,86.12763860042597
253.9818276488723,161.44693337422484,28.179067767522728,85.8459047072753
253.87428413615385,161.0775480339569,28.394154792959647,86.58467538781116
253.86298139272364,161.89468743522843,28.416760279820036,86.70215520088027
252.84582758048825,160.16954934238922,28.697224414208073,86.6447444063931
252.9373716475501,161.00786710846944,28.514136280084376,86.72627563283942
252.9434651098666,161.2123796237409,28.501949355451337,86.31725060229648
252.1852765566086,161.72996832933205,28.268395138948154,87.03200451413332
249.57511821987788,161.96639578443646,28.221283047247653,86.55914960392447
249.48765469374598,161.55714248830424,28.39621009951143,87.3776561961889
249.3682842171227,161.44081999313602,28.634951052758005,87.61030118652538
247.30966202392136,160.4271347787258,29.210682586374126,87.86691518895255
244.82378610020837,160.22885808747242,28.82756578422441,88.2634685714593
243.7858714335233,160.15720052401036,29.119819922162378,88.40678369838338
240.19579772574002,159.22576369420415,29.13607954730307,88.47868541038932
239.29059067052097,163.08685796440477,29.154201156281854,87.92566687582561
234.88026368492743,163.54078111772088,29.051064490924364,87.01782056919336
234.10745914469112,163.56657979585594,28.82672164130353,86.96622321292321
229.96280283940732,163.5942952682459,28.290475860584813,86.91079226814335
230.20628118329105,163.77625813555778,27.803519172817367,86.54686653351953
226.0000530103632,161.17104771904812,27.51409597899236,86.53615964273045
225.9271028994972,162.04198769000942,27.65999620072433,86.52917821427494
219.73031760334527,162.15386564324197,27.891172862413356,86.3054223078098
219.5158412497609,162.33146458483077,28.320125569582082,85.95022442463224
215.12135552529924,161.98136987141234,28.40219931216196,86.65041385146907
214.9740439902095,161.84284758834363,28.69682238234141,86.92745841760649
209.55167080120066,162.298282517367,28.968482878716742,87.77876953983352
208.57257966950834,162.11476789809598,29.14739831617488,88.14579877837555
203.11990283102958,161.63432451608878,29.326161100331696,89.10668554238994
201.31719129091903,160.3512991360387,29.322169525390755,89.86802897490907
194.84463986444484,160.14225476581692,29.559061709317433,90.28611771535265
194.62798620498825,160.22424438542416,29.992369028230584,90.12213847613816
191.90951036942081,161.20872803677324,29.935257516592458,89.98452556769764
191.069825077087,162.13265850966098,29.786277186929205,89.96501553625305
191.1376756041306,162.16822885207415,29.650576132841977,89.89387485142667
191.1698776721755,161.50767056793586,29.586171996752228,89.39314345280003
190.22690006198252,161.53301525489104,29.65858162318625,89.34245407888967
189.4728034326624,160.5262858037942,29.352624527890136,89.54176262714702
194.25442954864133,160.45072299088946,28.846267777331203,89.6928882529565
193.57099415517436,158.587302225877,28.408909357731332,89.81127136991378
193.6051724449551,158.59713360820479,28.340552778169872,89.7916086052582
193.53453163363952,159.62742287554545,28.481834400801013,89.52735173621933
193.47302586393104,159.54559237360507,28.60484594021797,89.69101274010006
167.61602846767738,160.39298972409148,28.125753041174374,89.79597968366355
194.41181896087548,157.70595541367118,28.306857550678938,89.79277975491402
195.15391582976594,157.08857387743487,28.618381031295307,89.23182560898937
195.09348653636982,157.25076817872832,28.73923961808753,88.90743700640243
195.22422351098825,158.30762869286352,28.47776566885069,88.58482092276758
195.28331924973412,158.26027818743609,28.359574191358966,88.67952193362245
195.3078971738871,157.25647261873132,28.310418343052945,88.9062454298296
195.40923901022148,157.3788997758859,28.107734670384236,88.6613911155204
195.42524115815874,158.21055741165358,28.075730374509686,88.77406999540777
194.68955394361546,157.89753388885583,27.77010124631701,89.40011704100326
194.67474769997148,157.90732868457349,27.79971373360498,89.38052744956798
193.6582462593889,158.23073110058195,28.052202654353604,88.73372261755107
194.61215046087875,158.5214839406766,27.920391769227535,88.15221693736171
194.3421707808266,157.5142690522299,28.460351129331844,88.40132945002668
193.39567186500724,157.30543995529433,28.574558634460445,88.81898764389777
193.39317158714167,158.34805794965234,28.579559190191617,88.52057364322324
192.56404121140693,157.34361468069656,28.455144876542455,88.74678511601623
192.36463230731383,157.68252710154997,28.85396268472868,88.06896027430943
192.31298055414157,157.72513658682567,28.957266191073213,87.983741303758
191.52073198419032,157.7631495962081,28.759786892998285,87.90771528499315
191.4349819326577,158.82743006157625,28.931286996063548,87.55642884643387
191.45349858086422,159.01319576443507,28.894253699650505,87.18489744071627
191.75368821126645,158.9737532889705,28.293874438846046,87.26378239164539
191.8603461529832,158.94691197529656,28.08055855541253,87.3174650189933
191.07214219337536,159.61982579835242,27.90055250403565,87.72805134347415
187.57138254137152,159.46219241075443,27.866344342849118,88.04331811867013
187.58950523281854,159.46800247794624,27.830098959955087,88.0316979842865
187.54863392169227,159.31346008969763,27.91184158220759,88.34078276078372
184.914703666096,159.01428293129305,27.87619560445811,88.93913707759286
183.99308790251956,158.79117183965016,27.943760548446996,89.38535926087867
182.09525357398024,159.37400495087084,28.172946141916384,90.00293457024198
179.46009755968169,159.45215015523405,28.054572250015013,89.84664416151554
177.76293864436937,159.3607763344823,27.86523434600668,90.02939180301908
177.72625711061323,158.75511562293454,27.938597413518956,91.24071322611456
175.8128415762564,158.5581786586291,28.146543369153456,91.63458715472548
175.71740656054493,158.8222994499245,28.337413400576423,91.10634557213467
173.0246819359868,158.51380730705816,28.27813154425148,91.72332985786733
173.90660277283192,157.55943847787333,28.336850006445232,91.80950738035307
116.2144364163229,160.19988038370903,28.754573008217083,90.17835721030853
111.04912028956727,160.9993661445267,28.228589824847493,88.5793856886732
111.03170924334623,161.3368624550248,28.263411917289588,87.90439306767703
112.6460091595864,161.65901506521786,28.571035591401873,87.26008784729088
112.70935464588396,161.6511019718011,28.444344618806745,87.27591403412438
112.81387289410532,161.80092772347263,28.235308122364053,86.97626253078138
113.76572365202884,161.25626615209416,28.086016554059643,86.31117572599561
113.7503202678758,161.3139459461586,28.116823322365732,86.19581613786671
114.7060899548727,160.36012103633698,27.946427160738242,86.3623227451437
114.71116601641195,160.30474627481962,27.936275037659726,86.4730722681784
115.53680970642864,160.45378241801149,28.026755508599948,86.17499998179466
116.47421339107278,160.5225239360817,27.891142398203307,86.03751694565422
116.55528545382072,160.4692135704832,27.728998272707415,86.14413767685127
117.59189363127469,160.54910944376888,27.389067881339734,85.98434593027989
116.8397991896403,160.61184039806574,27.168492891572512,85.85888402168617
118.62461969965968,160.4868312007965,27.036694027192574,86.10890241622462
117.84265637171349,159.64064960660448,26.880582031232716,86.08122695275645
117.8572256718081,158.72147928332384,26.851443431043506,86.20280165372085
117.6492952954993,158.59313109569592,27.26730418366109,86.45949802897675
116.77036689631304,159.44110354824267,27.295896856850238,86.49281724906659
116.73185306192806,159.55314816253886,27.372924525620196,86.2687280204742
116.65727388542493,160.41050215795173,27.52208287862646,86.28252315429543
117.57854975427469,159.82098717900826,27.41097625080096,85.73010800230833
118.3714741470065,158.87750998070655,27.546685144931757,85.89550471931732
119.13290552637936,159.9749773690479,27.75022502060072,85.42697257704931
119.94447113146707,160.08890356663613,27.85058087210544,85.19912018187287
120.78556326855659,159.95566156061642,27.890486950054367,85.46560419391227
121.31501830163003,160.30594378630298,28.558187485531175,84.76503974253917
122.03028105081609,160.33611679569447,28.856531297646647,84.70469372375618
123.75951775406499,160.44644745094308,28.86497155831958,84.48403241325896
124.61822927319243,160.0782596982132,28.878014762231114,85.22040791871872
126.49018715995,160.01460723759368,28.61649174741168,85.34771283995778
127.3635082196323,160.0781140189043,28.608080796550343,85.22069927733651
129.21704643662687,159.93726014925852,28.373542655380763,85.5024070166281
131.05488455851398,160.19662873289604,28.169842044600973,84.98366984935299
133.10022877137277,160.2620727881577,27.52890928880184,84.85278173882975
134.12359737711472,160.4015456913577,27.193435953400126,84.57383593242969
135.17100360065436,160.55241261667803,26.799760499362915,84.27210208178904
136.1970726851773,160.60318651826373,26.43723208219685,84.17055427861763
136.33465088260064,160.6937447564548,26.162075687350125,83.9894378022355
136.51658102727217,161.75869593166817,25.798215398007052,83.53337822712987
137.4157093758257,161.63345987312738,25.660615324743844,83.78385034421143
137.5306123837047,161.6226777007644,25.43080930898591,83.80541468893739
138.4038284682056,159.1063502502828,25.342088721284412,83.8649348459995
138.45742531230297,158.92587486568792,25.23489503308971,84.22588561518921
138.45704217222303,158.9503171105954,25.23566131324956,84.17700112537423
138.37436896331025,158.90353806640073,25.40100773107514,84.27055921376358
138.37122596541704,158.93770096137894,25.40729372686156,84.2022334238072
138.3686466460044,158.7741685212017,25.412452365686814,84.52929830416168
138.43011185384205,159.68706379122114,25.28952195001153,84.37112601436414
139.12301465614848,159.49885838409182,25.56681574596386,84.74753682862277
139.2282884635274,159.62940128667753,25.35626813120602,84.48645102345138
139.17763252969027,160.48209108776814,25.457579998880284,84.44704110107816
139.06533741979,159.53062052020923,25.682170218680817,84.68269130815997
139.05811156122735,160.4208745518603,25.69662193580617,84.57697268152498
138.10381506010697,160.35038057762856,25.931654674990675,84.71796062998844
138.93017484338284,160.4208344158126,25.95884339927768,84.57705295362035
139.77906661980074,160.1416673017216,25.939475022302865,85.13538718180237
140.65285807249535,160.0703603784064,25.877857423593923,85.27800102843274
141.38994904687684,159.2648892558693,26.090519059891733,85.2020996884462
141.3582685158402,159.17942350015662,26.153880121965038,85.37303119987155
141.28549974496013,160.04336242377042,26.299417663725144,85.33845306944102
142.03934278359958,159.08610367388576,26.487233160920532,85.55746899473606
142.0225695701284,158.87603773983352,26.520779587862876,85.97760086284055
142.8461952236278,158.62981063979902,26.582179335297596,86.47005506290952
142.77470016306256,158.88256350926494,26.725169456428112,85.96454932397768
142.6724798322813,159.02580745685108,26.9296101179906,85.67806142880538
141.63481887148905,158.91756680609382,27.292979582282637,85.89454273031996
140.57348067784147,159.01570914268498,27.69393589319148,85.6982580571376
139.7047711683762,158.54442839255526,27.705047087012133,86.64081955739702
135.09356527094374,159.30617741796803,28.227964589721616,86.85722036500262
133.19855792657248,159.40078372035583,28.512812386409045,86.668007760227
132.18176334126673,159.5147471464071,28.791282588915276,86.44008090812447
129.5022985045874,159.50456926722958,28.87928259433769,86.46043666647951
128.67448798627905,160.34474853532117,28.776027325315155,86.53895443593552
126.82321825802575,160.02711996188714,28.96235809058971,87.17421158280362
125.21976940128226,160.05620700346435,28.628147426760293,87.11603749964917
123.38045679999995,160.44522644885117,28.779563982079623,86.33799860887554
116.5932052946499,160.1237245777487,28.311591975799463,85.22569297395796
117.69623713100854,160.02814596834492,27.836444825363536,85.41685019276551
111.73790934460297,159.9369164062349,27.678619119281503,85.59930931698555
111.09853232230319,159.7974399331423,27.23275249709386,85.87826226317074
105.05744448475605,160.6809837789279,27.272269298974315,85.8315544106301
105.13365833653093,159.36160745357827,27.11984159542455,86.7498623710516
99.02041436951589,160.295833088888,27.231687557123323,86.61207423933666
100.65430932390613,160.41067158425483,27.425441715339037,86.38239724860304
100.64571645056768,160.40053070619732,27.44262746201597,86.40267900471804
99.79585394298145,160.3417086283212,27.410664541972455,86.5203231604703
93.02884833969723,160.45081465417599,27.082524811794002,86.3021111087607
92.43419905425112,161.11028397877783,26.548198938883978,86.70679690335928
86.23981341570556,161.24324970020632,26.90054294868216,86.44086546050225
80.16930689677824,161.25045813150163,26.98591992438805,86.42644859791166
77.64732452505139,162.34615401211403,26.859068442015115,85.95866224529576
71.59335536847195,163.73788840123956,26.964590614210508,84.8898243443252
71.66381237227327,163.89068331617977,26.823676606607883,84.58423451444477
68.19688918286836,164.14155796940355,26.97960179944193,84.08248520799717
64.05559638166774,163.4549243732289,26.81105272092031,83.76552546416195
63.15764326910849,163.41672717800532,26.924333060080976,83.8419198546091
57.568202726281854,163.62500937604153,26.3026546520831,83.42535545853664
54.34950523600921,164.05093788445652,26.066306499520493,82.57349844170673
51.05251794888393,164.2687381751523,26.052307516690664,82.13789786031518
46.88457486397455,163.20412162595483,26.160422852380492,82.62157679188428
41.976153294673935,163.06281765934946,26.050807074009843,82.90418472509505
41.37660534817503,163.25738721380824,25.593503963082462,82.51504561617747
36.6146762173599,162.9682143229486,25.26271837139856,81.45095075567778
36.49707751734573,163.78002100766244,25.4979157714269,79.82733738625008
31.057475212924246,163.58365532818175,25.159271431170396,80.22006874521142
30.45463670376224,162.7620660865005,24.763064562147644,81.8632472285739
26.945999618407605,162.51345336205424,25.30897068921982,83.97831468837576
23.084504298718524,161.4983054007365,26.400356922164,84.3507095094027
21.7455344341721,161.46721674446115,27.394933155069193,84.4128868219534
16.84691006333924,162.0542703230151,26.97686506348562,84.94133247038708
14.511375869056952,161.81682325851517,26.540824315301144,85.41622659938689
15.373379041861352,162.09158588537753,26.51788261616712,84.8667013456622
11.041966105020162,162.26622070359545,26.716460415808186,84.51743170922636
10.917321621703096,162.3939776765131,26.96574938244232,84.26191776339104
7.50488457770415,162.76190350468772,27.020543093302408,83.5260661070418
7.387171988503686,163.2050167025366,27.255968271703335,82.63983971134405
3.4228333256240315,163.5737700890725,26.810658425332125,81.90233293827227
3.5491020366395922,163.9799794054233,26.558121003301004,81.08991430557062
2.9483936218038735,164.351898789774,26.119573310608203,80.34607553686925
3.3206546739804637,164.72486874797494,25.375051206255023,79.60013562046736
1.3890623435863745,165.0137745498347,24.447046442948903,79.02232401674786
1.5377844769232532,165.51171204216627,24.149602176275145,78.02644903208474
2.5832775273626005,164.65011872171885,23.610757493134063,78.19749425524193
2.7659102714333184,163.6999180198934,23.245492004992627,78.55330418254319
