503.0,206.0,31.0,89.0
502.2411443104562,206.75009024455298,30.683961471036557,87.49981951089404
500.57028853866007,206.5788308025279,30.41248348167982,87.84233839494418
499.66980831935535,206.77876812198764,30.406899933809953,87.44246375602475
496.1550180524952,206.60719248299097,30.233527487220133,87.78561503401808
495.1556113087987,207.57214258884545,30.42986492490344,87.65819087201884
494.1631027780764,208.659095538769,30.61064831990553,87.28851863861425
489.612048545116,209.6018014141539,30.701525126913978,87.20535321962697
489.6217352057398,209.63321316853637,30.682151805666393,87.14252971086196
487.8765181296549,209.42756604502682,30.569663217583873,87.5538239578811
482.3006624931027,210.18739421405806,30.889648267644255,87.83945532365931
482.18015717313926,210.26434532066395,31.13065890757116,87.6855531104475
480.29519043456094,209.69840211836384,31.26587599685478,88.81743951504775
479.39563707031573,209.63176654727147,31.22900557689031,88.95071065723246
478.57928954128244,210.21726710540128,31.024490748715554,89.6169194272142
474.9402020258494,212.00714402137982,30.930680919502635,89.7231580252967
474.77048693574625,212.54745316692788,31.270111099708867,90.48534272817153
473.95412739149486,213.61650755953872,31.042976359405593,90.20708777175595
473.05780595581035,214.73477144817707,30.983870353122516,89.82230887213134
470.31217944384554,215.03044333451862,30.93956637763326,89.2309650994482
469.4499550167833,214.79875233767024,30.828069975830026,89.69434709314498
468.4768747796981,215.42410984892047,30.93370771691874,90.28415480372607
467.4286322064994,215.50919810576266,31.17933674406657,90.1139782900417
464.6189337151754,215.30813001754947,31.240019733348127,90.51611446646808
464.4732366452974,215.3105054550703,31.531413873104146,90.5113635914264
459.89208100609073,216.5206478740036,31.368822172138962,89.9560593494356
459.7167653087348,217.3180549347914,31.71945356685083,90.21534510390553
459.7054261415065,217.31416464617655,31.74213190130739,90.22312568113523
455.95342305010433,218.20230980452794,31.78734969018231,90.3115324629148
453.33313761371323,218.91214289478884,31.427578614453374,90.75864693189664
452.3626499003358,218.7198775816314,31.501935291162212,91.14317755821153
451.3045198127056,218.72934581399318,31.744738641080502,91.12424109348794
448.3662161292106,219.23532994181184,31.988529315734766,91.9898784019626
447.463545209349,220.00675853326237,31.89948015991005,92.34141221460959
447.2741779172858,220.54279908019245,32.27821474403638,93.16711544876665
441.4946429268952,221.39097357650513,32.33854717424577,93.38722271456994
441.5026436951538,222.32641798916407,32.322545637728616,93.43702788220156
441.4276036824103,223.3522573268966,32.47262566321554,93.30646223500554
439.6423093695755,223.5299556358528,32.19925044067617,92.95106561709312
438.5704613129708,223.8943516747819,32.431009326568564,92.22227353923492
437.5541375383324,224.95455947996513,32.557904817704596,92.00760998700916
432.96083625778584,224.55274483804112,32.21955145882868,92.81123927085719
432.8527602774233,224.75132403856372,32.435703419553896,92.41408086981195
432.79227206219144,224.5926012960492,32.556679850017545,92.73152635484105
426.96024284396344,225.73624694150584,32.72890715146979,92.35954025309505
426.86681055845776,226.8368405234138,32.915771722481146,92.07147426426613
425.95562589617623,227.89720554291762,32.82574621774036,91.86313905456231
425.859245735924,227.70800538992503,33.01850653824482,92.2415393605475
421.09285804390265,228.53454251936907,32.96784546714329,92.50515239268833
420.93991333240376,228.2752387729211,33.273734890141085,93.02375988558421
419.1617519168078,228.27276257108036,32.96507358623346,93.02871228926573
417.284637446474,229.3424591997496,32.86537291934716,92.81628383570418
415.49880876455023,228.65905202834605,32.59278761865669,94.18309817851133
414.60319936618794,228.88949323924214,32.44733250326152,93.72221575671912
413.65369028718277,229.7580789852914,32.41889826350354,93.91249666238883
412.68630298762525,231.45645325842065,32.4240244862434,94.3750448688809
410.92558468943554,232.3202357499967,32.07278712541207,94.58381686433412
409.8498321285713,232.6599488803979,32.29138652592319,93.90439060353174
408.0932016655836,233.41047120331936,31.95022756795146,94.33055589966234
405.250980744524,233.997038285755,31.853488128234154,95.08448216206995
404.3532361317859,232.9435710578861,31.712948624180825,95.25538788827821
402.4048162551784,232.7468690488119,31.738007691901714,95.64879190642662
400.23724056374147,232.1898712554485,32.189265435730036,96.76278749315341
397.2358243251519,232.05753100341443,32.293923507338505,97.02746799722156
396.06894073472847,231.81556098864647,32.655950711518415,97.51140802675745
392.98512158614005,233.0889448368277,32.8678372887851,96.94989090369836
391.0022215445808,234.64397709484143,32.87138568481651,95.8209522312144
390.050344113338,235.7349221928431,32.81003760455414,95.6041649779589
383.0839078625233,236.70351204105867,33.01664942609723,95.62787966439723
382.31676979851983,236.64961265882283,32.58592878374994,95.73567842886897
381.42108036041816,236.74116394391888,32.418625886937036,95.55257585867685
375.70524265380146,235.76387307006325,32.13218308102253,95.55413790319675
375.4979851562933,236.11885684655317,32.5466980760389,96.79198034775291
375.59665127296597,235.98998684599664,32.34936584269346,97.04972034886593
370.85656582484273,237.47376094554792,31.964180699155662,96.05524335772024
371.0038746850147,237.69282314488004,31.66956297881176,95.61711895905606
366.2203912633365,239.996705745391,31.535315200800856,94.88983960658098
366.36518189056176,240.99105498809865,31.245733946350335,94.8285786416125
365.3648718637889,242.28298905225307,31.325091720328565,94.16597279287114
362.549305943877,242.18735715455335,31.216355153090316,94.35723658827055
358.8318697145771,242.00688804403237,30.995148393246264,94.71817480931254
357.64717491161076,241.75174222990333,31.44943986339859,95.2284664375706
356.39732165823307,240.5563923907609,32.01846398429342,95.68848372999493
350.2786354115859,241.1106058796701,32.56997493773388,94.58005675217652
350.1520640193572,241.08744931021982,32.82311772219127,94.62636989107702
349.0691691204286,241.7803447990429,33.041718261180314,95.18776817229899
347.0805095858562,243.17990292108084,33.10068552483632,94.34782783096747
346.06148255922704,245.43141371063717,33.190477002831564,93.741331402381
340.24682740194237,245.8461474516478,33.17238555475685,92.91186392035974
339.27382395226897,247.03504411764607,33.18933658893716,92.46312645352965
336.5241951246687,247.69372066031968,32.919744803458286,91.14577336818243
335.57029450665664,247.43460933501063,32.92831220884712,91.6639960188005
330.6448327018933,247.3315064159696,33.245245299800736,91.87020185688253
330.77641894622184,246.4654640867186,32.98207281114361,91.6868018601887
329.87887084188856,246.34908891350142,32.869071145010096,91.91955220662304
326.2344862771397,247.06750300357947,32.520331212032254,92.39210129208584
325.34499979128185,249.23800737940763,32.389504973688,91.87069096054951
324.65715132142896,249.3385283358375,31.865223390226674,91.66964904768973
321.84620685642983,250.48831483517256,31.824375483954864,91.25765499444302
319.1438542214625,252.67458637347102,31.586207750540034,90.64702725341249
318.1233405370621,254.06573061953634,31.759322166128083,89.73265171449452
316.1702373393371,253.17444339038326,31.94951725692653,89.657220520475
312.3300128381026,253.2509020369208,32.188451258914796,89.50430322739992
312.2418766656192,253.24499168432345,32.36472360388166,89.51612393259464
310.17086901584037,252.91018369527234,32.77497105888385,90.18573991069684
304.38649543571495,253.6478811606865,33.04641645751865,90.59322860680459
304.3952392128182,255.12822371203168,33.02892890331209,89.52616508705002
303.45511950365614,256.82702503400935,33.03113605874655,89.8846269688738
298.7172470650424,258.57206684934187,33.09086012182093,90.16095166387007
296.81714686829565,259.34866640338095,33.11458402092448,90.49599080298688
295.06603288118714,259.10051552460413,32.82988777001649,90.99229256054042
288.4479850980201,259.40696341119525,32.798095448077575,90.37939678735827
288.6096843221752,258.1374218453145,32.474696999767346,91.03240786711893
285.77255001311664,258.1760660706702,32.480313374951535,90.95511941640767
282.97169000407223,258.75539153033185,32.41638883109523,91.68501668439933
280.09313650441607,259.62544133965747,32.48004998560153,91.84273234735005
280.07669937101025,258.6518718185701,32.51292425241318,91.88864811671014
279.199292329833,258.8638877137356,32.365262581924505,91.46461632637904
273.5147534959204,260.70109952025206,32.371902545709666,91.57767194802628
273.49756100043635,260.62671132434394,32.40628753667778,91.72644833984245
272.58581890736644,262.31012467264594,32.33154815545182,92.15606877796972
265.7979565164969,263.3932915918224,32.586274299819735,91.89273474495559
265.6824509068587,264.4255978607993,32.817285519096075,91.73198754826934
263.80281957422375,264.3873667085874,32.76503186392566,91.80844985269312
257.2036441625191,263.53461851817207,32.622057576185696,91.6080426462167
257.2036685609473,264.10385933518603,32.62200877932937,92.37000858030697
257.2571746627661,265.6481976228309,32.514996575691775,93.10399251450212
249.5943028751645,268.3604614547866,32.48183169523704,93.4390555214624
249.5824842128372,268.46227553907664,32.50546901989159,93.23542735288234
248.7218531024129,268.50877562918595,32.30516542924155,93.14242717266373
240.9506452424843,268.6119992677325,32.51482388676607,92.93597989557068
239.9314952593466,268.46863016097456,32.63566115728897,93.22271810908649
238.80176520764428,269.104350844607,32.97136956800486,93.87502843451034
231.92454595940967,268.97630693539446,33.15166222156617,94.13111625293536
231.8236230521145,268.73929812219416,33.353508036156484,94.605133879336
228.78413286989326,268.41184088735355,33.562901870672015,95.26004834901717
223.9320621613385,270.8720553014174,33.41862992402359,96.2486675391443
223.6390167339478,270.79536086322804,34.004720778805,96.40205641552302
222.52676289810404,272.0739726086598,34.23521604406564,97.83285773751331
218.69000642855573,273.2677867448944,33.834226592280665,97.46385506276451
217.72564105216662,274.2047562902356,33.75689029700318,97.59598302013785
215.69499273037576,273.9042035476793,33.80509905974061,98.19708850525046
209.36752688184612,273.3411846688012,34.36406796071225,99.32312626300661
208.4004239701428,271.9722709768196,34.25604211982811,100.01872198267912
207.31100674632418,272.2400375797403,34.3846951640906,101.5333701802125
200.8316804536557,271.9203192832383,34.89868134180948,104.24691784115288
200.49755621405495,272.5641022809747,35.56692982101097,105.08149496627533
198.35320464590134,271.85892853684277,35.563156251685754,106.49184245453918
192.66125632663824,272.34370584225286,36.115800266803745,107.68853836840071
191.4114368575206,273.60881897093805,36.42204743090211,109.54509565930401
191.08585969497284,274.18304789198316,37.07320175599766,110.62205598812699
183.22816219212316,277.4683592944657,37.01998813554998,110.80940830865342
183.16117526084182,277.46795764971665,37.15396199811264,110.8102115981516
182.14027699839917,278.77851695290155,36.93894495347863,110.44590656130103
174.4383402633952,278.6274383146999,36.608948183293236,110.74806383770442
174.5282173027577,278.8490063964106,36.42919410456824,110.30492767428302
173.30228490734274,278.6068180055073,36.64469999474784,110.78930445608952
166.67892184970376,278.3563550406933,36.40824624367486,111.29023038571759
166.75689648811735,279.0142088298395,36.252296966847645,112.22450883593663
166.6816280453993,280.06420487516573,36.40283385228375,112.38491710537896
159.7422788764251,281.1916819713368,36.688863298537036,112.39540772831936
159.82708455807753,282.4857196860422,36.51925193523219,112.0781771255602
159.94372397036508,282.5186013357741,36.285973110657075,112.01241382609636
151.8905722881833,283.45198861660333,36.5862367179826,112.40364494401479
151.87624041478747,284.3994250140888,36.61490046477427,112.77785064371659
150.7332333847858,282.07052292913534,36.625991845968045,112.88580945600421
144.970248442044,282.5125281648526,36.76865950344043,114.27845943017196
144.687551854189,282.5832866829762,37.33405267915042,114.1369423939247
144.47734225515367,282.38244850009477,37.7544718772211,114.5386187596877
137.5739973317259,283.658164381289,37.63601503421895,114.3080447789422
137.49492073865107,284.8368517651763,37.794168220368576,114.2660777175395
132.87194603720866,287.519341634184,37.76928368189329,113.53651495020415
132.65136945433088,288.41810958573456,38.21043684764884,114.04585207831633
129.25687278390484,289.4405015658066,38.032852320415316,114.3232607408674
122.31795735365773,289.3926126458023,37.973329842208884,114.41903858087613
122.240934790078,289.63757337609303,38.12737496936836,113.92911712029453
121.12612601379155,289.81190718920124,38.03798054618515,113.58044949407812
114.14092429278462,290.55305202794244,38.133900291363695,114.41057376606831
112.95676715780158,291.3939796428834,38.17623063794991,115.05470245956624
110.49241626543808,292.45619727869985,38.433083698577924,115.26619154998275
105.90372730842219,295.56828811285254,38.235921954016966,116.07291462562188
105.8145814276719,296.92952247307596,38.41421371551755,115.70194752033953
98.67358716425207,297.2474584015827,38.59926023648431,115.06607566332609
98.58344712523498,297.0721513864627,38.779540314518485,115.41668969356613
98.42242644240389,298.2674327680678,39.1015816801807,115.37823997656002
92.57632588483307,297.83137181502025,39.00654081930351,116.25036188265517
91.01351510321084,298.3949076862318,39.76403050821278,117.49142201456715
89.69231791079376,298.5731158163483,40.00677984414306,117.13500575433419
87.44977544079266,298.64636218771466,39.69387091016309,116.98851301160147
85.14712222295171,299.7635611132022,39.516776932071465,117.1453153675132
82.61477392053166,301.0123711192783,39.801074216366985,117.03789501563323
76.80603370240615,302.3200271959226,39.44925281225421,116.81644323041743
76.73476527402208,303.5402479704154,39.59178966902234,116.76028418996839
75.447715689728,305.04793269667465,39.77980341396825,116.13100016109215
67.18738711050194,304.71998217760665,39.63662230962307,116.7869011992282
67.33410458127099,305.8620913160365,39.34318736808498,116.88996593335126
63.764502025682305,305.5488810348836,39.3322172917523,117.51638649565706
61.35473140001847,307.0292697564655,39.36753939450547,119.3398282010678
58.9664429344606,308.18606825941697,39.306713045808955,119.44493283507093
55.696895220936725,309.638611500298,38.58856324563766,118.95892809571524
52.03686344890871,311.2179910441938,38.71163393676811,118.19916662556551
50.82601086728595,312.647022204364,38.74288168430799,117.73156172093076
47.53369066925399,312.9268837574736,38.17437791235089,117.17183861471158
43.959746337197366,314.43823111060095,38.22427613451278,116.51514072244062
42.697555555815725,315.75929227883455,38.391081009922424,116.23059507332712
40.465667177431726,316.9890132201795,38.14168317480472,116.12774048658005
32.37585287516322,316.3273318763442,37.86743460727751,117.45110317425068
32.236749068951084,315.64797008241305,38.14564221970176,118.809826762113
23.704081602385585,315.5949750278695,38.489795196063255,118.9158168712001
23.76590527573788,315.95513146146493,38.36614784935867,118.19550400400921
21.269003846078114,316.94426659146137,38.59182027624098,118.60129896023489
12.375632985368636,318.2844192780039,39.620735597284956,118.31496878720338
