120.0,153.0,30.0,78.0
119.50789221801325,153.0784912331265,30.984215563973503,77.84301753374697
119.29010479383302,153.79863729235726,31.419790412333967,78.07635147886145
117.46734996733615,153.73889901843265,31.6957811749812,78.19582802671067
113.41036514748862,154.29990206715775,31.352749184057714,77.07382192926048
113.33048410348728,153.5270492631323,31.512511272060387,76.95040578094617
109.34795701405658,152.643477973307,31.1266329816589,77.04736186674421
107.02597931788674,151.87610576543014,30.77645297187997,76.91739448179175
104.58932430197285,152.5974631627186,30.67998108421869,77.13127366037784
103.71495182885474,152.39363627780997,30.770776445391572,77.53892743019509
99.42694426913991,153.57226733773206,31.019605012367492,76.84710262084164
101.99617212113151,153.89836318173752,30.86090697120069,76.19491093283077
102.8882950566865,153.8870553405689,30.724356433439326,76.21752661516797
102.00411525192277,153.79749968424414,30.84712894358496,76.39663792781751
102.01249287789291,153.86400590366642,30.830373691644663,76.26362548897292
97.8575452233359,153.80416652102156,30.899563379163897,76.38330425426267
98.78367359450363,153.82482315009253,30.698405018022537,76.34199099612076
98.73048231434556,154.84642112232,30.804787578338654,75.94571181832086
99.54765021170397,154.9942887971434,30.81355669601995,75.64997646867408
99.54327456222953,154.26309280763297,30.822307994968835,75.47336921127999
99.56310893969123,154.38439076298351,30.78263924004544,75.23077330057893
100.42695641856868,155.36952926991927,30.687350200350608,74.89290220476752
100.31308932695806,153.6108615876053,30.915084383571838,75.1585597129934
100.26541580276955,154.43723633550766,31.01043143194886,75.13953067012743
100.36570444103918,154.40967826963853,30.809854155409603,75.1946468018657
101.18201965045105,153.7634221035593,30.809592986443235,74.85478988416678
100.44968509311111,153.56164967171796,30.64679870534701,75.25833474784945
100.49184777382604,154.48331106351935,30.56247334391717,75.04539723082728
99.64596561189109,153.59010106480565,30.628422939216005,75.20600249968365
100.41798808421592,153.61394441534543,30.71368180382789,75.15831579860404
100.36499769921119,153.59412398489127,30.81966257383734,75.19795665951241
100.31064138169796,152.65200874696575,30.928375208863784,75.44959566430222
100.3739563837691,153.4301325243167,30.80174520472153,75.53150206179886
99.40306582535585,153.38080983377222,31.10644503508852,75.63014744288782
99.4048503792871,153.97321176894422,31.102875927226016,76.08926836503403
99.58664463043607,154.09212585077003,30.739287424928072,75.85144020138245
98.58075213242414,154.10654016040382,31.110492819651277,75.82261158211486
98.68416346012573,154.22192119949193,30.90367016424809,75.59184950393868
99.59799249174642,154.47646266885658,30.715777524622112,75.08276656520934
98.70276327069041,154.39658129602722,30.877153714540547,75.24252931086805
99.56517825502198,154.29475114448994,30.78658063586807,75.44618961394265
99.56616134921673,154.29359419393333,30.78461444747856,75.44850351505583
99.579406726741,155.02800536234025,30.758123692430026,75.6152611158721
99.63007633589086,155.12129688979792,30.656784474130305,75.42867806095674
99.6882055974062,155.1217669332015,30.540525951099628,75.42773797414958
99.63444769682766,153.2352829636237,30.648041752256702,75.9388392195222
99.46775998683792,154.0456219853337,30.98141717223617,75.95837358924948
100.28461644035026,154.0677061980765,30.994137211336216,75.91420516376381
99.37984072016302,154.29795618175638,31.157665968546922,75.45370519640409
99.35190692879742,154.19349399137928,31.213533551278125,75.66262957715826
100.18878303122875,153.57528048846711,31.186078458371938,75.25275947102617
99.29784615188098,154.38499157361923,31.328056673523232,75.27323284426612
100.20686409560491,154.3436259772769,31.152732991949833,75.3559640369508
100.1416950363347,154.3904071141286,31.283071110490248,75.2624017632474
99.31178610611386,154.38433516968735,31.301131769608745,75.27454565212994
99.34680666523445,154.20356749332302,31.23109065136756,75.6360810048586
99.44729022121416,154.15218934027624,31.030123539408144,75.73883731095214
99.43623686696999,153.01951449690623,31.0522302478965,76.36005225527538
99.3386932317139,153.78716902314508,31.24731751840866,76.47822642246166
101.06540440043132,153.09344128960217,31.111214787856063,76.20702208610642
102.82500115518941,152.66205926433287,30.896676703676462,77.069786136645
108.73138697765623,152.62563300791953,30.710439373709377,77.14263864947165
109.53840870380402,152.78680109352624,30.7550531172031,76.82030247825828
112.90600082987595,152.6043911840732,30.639126103283054,77.18512229716436
113.32660846804103,153.4666896182124,31.45590529357851,77.11851989551157
113.99194678108707,153.79701762910133,31.79683137659665,76.45786387373367
114.70822752934927,153.9634459886418,32.03240401230528,76.12500715465275
115.28215294959128,153.79102687385938,32.55205973347087,76.46984538421762
117.89375652807314,153.42669320743312,32.37393411826662,77.19851271707012
118.58328609044169,153.21789558296274,32.68394298611426,77.61610796601084
121.11663473143291,153.334958292744,32.719034030913214,77.38198254644834
122.91404754377783,153.0137715353676,32.51987827491206,78.02435606120119
124.62152439216166,152.7423659397977,32.51208874807804,78.56716725234094
126.22428219044139,152.5639272182814,32.72912925901805,78.92404469537352
129.76138087521574,152.37677688172846,32.53606518753473,79.29834536847943
135.078452415379,151.87998509182046,32.235430420588415,80.2919289482954
135.111256777768,151.08593532878766,32.169821695810356,80.14881550205779
136.02129668688016,151.58155116993004,32.07772367330086,79.15758381977305
136.1842496485775,152.19838162422968,31.75181774990618,79.63598566206039
140.36404556005,151.2254403707172,31.95791718942148,79.86872991659334
140.2273854480552,151.71755012104927,32.23123741341109,78.88451041592916
141.2806450879296,151.4967954544167,31.835579045747927,79.32601974919433
143.02445902399023,150.39141277337183,31.76829390939563,79.82661374339958
143.0011123810274,151.06606089456335,31.814987195321294,80.19349335642104
143.81192330380082,150.94374948649693,31.915654324013573,80.43811617255386
143.65397915042047,151.69628767723367,32.23154263077428,80.66064711021428
143.70624602584462,152.1177801564535,32.127008879925995,79.81766215177464
147.16121645276263,152.20266838091302,32.10686611500966,79.64788570285562
153.07195154713605,150.79174305751644,32.32291228584687,79.03044596119614
150.38024909121444,151.83051022666018,32.56252824903224,78.66750793912797
156.3398395438137,152.81575138399424,32.638701389549844,78.41064763099074
156.17034674308738,152.72583577916868,32.977686991002486,78.59047884064191
156.15227520872426,155.07246045349808,33.01383005972872,79.05686516321126
161.38822114923954,155.40017294701664,32.90546652037892,78.40144017617408
161.41693818584292,154.75438903119039,32.84803244717218,77.97714043756841
161.52726675230969,154.9041842506934,32.627375314238634,77.67754999856234
161.56866320344633,154.85296726955391,32.54458241196535,77.77998396084132
161.54403049717257,153.68686305456936,32.59384782451286,78.411700322764
164.17721916813076,155.71600532259117,32.45893012607186,77.77438888237057
164.08970339726682,151.5848956345158,32.633961667799724,77.54215017046728
168.5330019928586,153.47518688755068,32.2405733961194,77.15885123219878
167.82278414200488,158.126967580187,31.974879405096353,76.28593831057847
168.72737586125672,152.98393497994903,31.834507156425488,76.55913637205768
167.0613409921744,154.18163477272918,31.826047252408316,75.8340016075883
168.0171447987357,153.6259180397436,31.574084259030833,75.28579045381441
168.81217222104556,156.41928536697066,31.631288150967734,74.64083200903016
169.69315297961128,153.4540270781354,31.508280517452228,75.65448693585284
144.0899718154423,153.15603222844965,31.520778885994343,76.25047663522432
117.17521361011117,153.15625335187715,32.222673081705,76.25003438836931
98.95111347572876,153.721208425906,31.871812775834925,76.79280881188595
99.82304534853081,152.98294002503874,31.80224890120053,76.59504574265078
99.01244886236667,153.8058476100267,31.753231546794847,76.61944089940887
99.92792385931281,153.84882099090441,31.591973374399757,76.53349413765343
99.2433379931994,153.75239284066097,31.29555854382203,76.72635043814027
100.21291046000898,153.97069757441906,31.019508901016234,76.28974097062412
99.33217891280371,153.88473079154016,31.129084813525854,76.46167453638192
99.38820910968658,153.99521192508897,31.01702441976012,76.24071226928429
100.18564167524312,154.28972055063923,31.07329563910667,75.65169501818374
100.30156369142239,153.59967736310665,30.84145160674815,75.38813533197893
100.27883967596777,154.33511901042772,30.886899637657365,75.55297326977885
100.34403861501882,154.54027106215023,30.756501759555277,75.14266916633385
99.67801747711317,154.41451229318926,30.457873475465796,75.39418670425576
100.51254718222522,154.26045099458474,30.41779097472412,75.7023093014648
100.51098521019424,154.30638297110622,30.420914918786092,75.61044534842188
100.46570086841575,153.5755819935145,30.511483602343038,75.44061463337172
102.04436379861015,153.4870394692851,30.61536030608607,75.61769968183049
101.29797635600642,153.59451227413211,30.47313148336241,75.40275407213649
100.497482131094,153.40576947162782,30.444747634467884,75.78023967714505
100.41156515242066,154.37257293938347,30.61658159181456,75.48093559128202
101.29148682874842,154.0682097756387,30.489793204379037,76.08966191877151
99.60955273131096,153.34803087644167,30.574538039730236,75.8904580374037
99.53191524956799,154.08783028457412,30.729813003216183,76.04906421519578
48.596103279824646,162.82847473246494,30.719450320303544,76.64361165564632
49.66009390692233,163.48040731102685,30.24310425524857,76.99138168766291
50.671523218864124,162.48419721840278,29.868372088009373,77.33567541626667
54.85124944676755,160.34704189171637,29.740720730443726,78.31726563034302
55.74889694303414,160.433974439822,29.603582649040938,79.80155744526213
55.875592409122696,162.86548626352368,29.350191716863822,79.9694255239347
57.77043710755329,162.89433009228435,28.91009077671034,79.91173786641338
57.76685890186947,163.8187095854713,28.917247188077994,79.7289909902473
60.97566348602304,164.70801661654517,29.153749683367145,79.61390484399861
61.4395148645327,165.5301299375438,29.892203979153543,79.63583525480706
67.19335546067474,165.78495357796834,30.14305627124222,79.12618797395798
67.00173077028353,165.95557473361401,30.526305652024647,78.78494566266664
72.05211308919729,164.40367705261457,30.499384816017404,78.53079309072545
74.83414777222318,163.4309970529812,29.959836655071513,78.80131268829024
80.7771104328614,163.61692966324364,29.75719051547548,78.42944746776539
85.23707852037018,163.24485484495736,29.137565600981404,79.17359710433796
85.43744104440988,162.47356371103518,28.736840552901988,79.05661725879489
91.87131171260309,161.73647427431914,29.07427401165037,80.530796132227
92.657197440115,161.18693365515395,29.18033895220162,81.62987737055738
98.05097945140668,161.32599944491255,30.26105724546207,83.04721469330356
102.24685879924805,155.41754697317208,30.545795760727135,84.4523229836471
103.03874097467893,155.42504907750322,30.72258025756391,84.43731877498482
105.67833154300634,155.81297848625795,30.73399610107314,83.66145995747536
111.04157219302932,157.76642326286492,30.523329135994995,83.25984184925069
111.1194392510837,157.10427460164397,30.36759501988624,82.84105721991887
118.01070927372896,157.4169841308574,30.459252194899026,82.21563816149198
117.733351843723,159.72924723439198,31.013967054910935,82.77203602101723
119.22614852654613,159.118881695769,31.518263972400618,83.99276709826322
124.37767417580758,159.80210752529018,31.844359072693972,84.39783983902356
126.84733132272277,159.416912022571,32.254649814895814,85.1682308444619
133.28762042934164,158.7555193421203,31.985486025286633,84.6893855734164
137.04272170695967,156.63771903298954,31.634969841111207,85.3451430061476
138.07497774264934,156.991569348964,31.363463042753626,84.63744237419863
144.1294711995681,157.34844899337628,31.70027764399355,83.92368308537405
144.22571588119177,156.3453891370629,31.507788280746208,84.15599278754436
150.26131398545124,156.88305407790904,31.852318957386206,83.08066290585211
144.12576639281863,153.0837247613769,31.772280917083897,83.62153112430641
151.08359122871315,157.46281520468102,32.022800291502705,83.7172058915781
151.57994483912034,156.70145732485648,32.80673843635043,83.46327628556507
159.68418763819523,157.23213961680864,32.68171057774914,82.40191170166078
159.68646765732217,159.02614961865982,32.67715053949525,80.58344184159132
162.48687347572584,157.43265075672,32.30620011479953,80.28386542406322
166.98925482199036,156.91042031383637,31.963233679519476,79.59596705838067
168.07730695913443,157.36749026662096,31.503465155156512,80.39816290273666
171.78339874235115,159.17812607340687,30.969924112056084,80.21621255083134
171.80059367649727,156.57434607641204,30.93553424376386,80.30131479606483
177.0108609003417,154.74144363812167,30.763545911688816,80.55093763410767
177.9669055287429,160.54283036012782,30.560043187839373,80.90826992076616
183.05513868334614,160.87241396610892,30.643901718676513,80.24910270880395
183.85950400461348,159.06486023625268,30.73727682354931,82.16210442110898
183.62309167511623,157.2682528703947,31.21010148254381,82.29287999775809
190.6754180991459,156.86807575806802,31.038284091076616,81.35162979033736
191.53286048386292,157.18963624491005,31.0484115884337,80.70850881665334
195.01198754398212,159.0885158439565,30.954009703472416,80.34267573619903
195.88178994306205,158.1804564493911,30.923421313643487,80.44977811699883
197.57223015108988,158.39890158855263,30.962551386377697,80.0128878386758
203.60009270630297,160.2360521590638,30.837861154742527,79.74745380587943
206.9701463882264,160.75703851731615,30.891294634709187,80.40386630032816
207.9155369323014,160.58846610130465,30.70928303109998,80.74101113235118
208.94623819890924,161.3713031723899,30.358219281581185,80.88567577387752
213.99499987922746,159.45864345355562,30.497281450470666,81.29880003503749
215.02410205069606,160.72341190786233,30.15360061696068,82.19831014527838
220.09996543853617,159.78202842313019,30.329129848729966,82.35986778016776
221.03414733310512,160.5662181261658,30.187457877041453,82.51818019154592
221.74512980178966,160.41736319387903,30.49189201678093,82.81589005611947
225.61372277438372,159.2931401866595,31.435501604433394,83.32817696399044
227.23548038414364,159.68944032257653,31.712999642314873,84.296083320857
227.953764357439,159.3800088635363,32.05581028036492,84.91494623893749
230.01182361559012,159.30052232249062,31.528534542755338,85.07391932102882
230.0705099508016,159.46014419884114,31.41116187233235,84.75467556832781
230.04848236888333,158.398669081838,31.45521703616889,85.09711466902917
231.05770471360543,159.29546688160875,31.222982552232175,85.08972927499515
231.14721589730448,159.8894000016969,31.043960184834106,85.68377491612803
233.1712892682826,158.2579662387206,30.570163797958728,85.37229208699974
234.085486336527,158.44057868984527,30.515912078452814,85.00706718475041
234.23728717369585,156.14855722436087,30.2123104041151,84.28729245442008
235.86869353829385,157.86378007016134,30.45379855084364,84.36114763874369
235.90711110016005,158.93249466069673,30.37696342711124,83.98129834486275
237.72720480742422,159.82569735487098,30.238290646192624,83.94565027331912
240.2188419666743,160.35866199493412,30.498228052579933,82.87972099319283
241.09372219993463,160.9736488412905,30.485654927617354,83.3869346420383
243.4676915980163,161.73013865129633,30.97037664074115,81.87395502202662
243.36764508902976,160.40875931244767,31.170469658714218,81.05414453835564
250.1700609965624,158.29465906471532,31.35056548487858,81.83611312351293
249.99486528454872,158.12884841327238,31.700956908905937,82.16773442639881
249.80221245224914,156.25429590377666,32.08626257350513,82.41959130149357
255.04408751094417,156.4429243653642,32.15740973037135,82.04233437831849
254.89456895564246,155.42048278865457,32.456446840974785,82.33221581329597
254.95355123364797,157.18805742314825,32.338482284963725,82.32610714872725
256.92066727468267,157.34013365999152,31.928894303660904,83.78427672542401
257.8674945073212,157.27318729340348,31.811160702823884,83.91816945860008
258.64807859273316,157.8689662277256,32.02571788046286,84.50233693841861
259.3224795230399,155.9771227836452,32.46487865494777,84.71009855638243
261.0449492806491,159.75356637188983,32.617609183525374,84.35255146748517
263.5026029379268,159.6968281718359,33.091627798050816,84.46602786759303
265.1467248046275,159.8441382635089,33.416515187114925,84.17140768424704
268.8324142917691,157.50387470132858,33.277692536406704,83.42751756592642
275.04421010208745,156.397975068219,33.41878394420992,82.04940739544838
275.7602552459668,157.0220057274952,33.76431571666568,80.80134607689597
279.4271085220979,157.3084957378992,33.49364474033187,80.22836605608802
280.556512664961,156.664202571926,32.98751964567933,79.76426919696071
285.06454661771386,157.54371270133845,32.656441072119215,79.74224680452497
285.9844727598983,160.85225864266374,32.54738247505898,80.04832967110892
320.0490745405578,155.06789916514649,32.01549567434736,81.21746143220385
322.71374168893743,154.51734095209702,31.907968500197356,82.3185778583028
319.3897858471096,159.45098831273512,31.537868510110002,82.97830064764109
319.25057505706087,156.09476478613385,31.81629009020739,82.6614294403781
320.13917949649056,155.9680950145814,31.796863564817137,82.91476898348299
318.15265634455346,155.01896641205073,32.247768559681994,83.05195553403964
318.13934088060296,155.45326741178945,32.27439948758291,82.1833535345622
318.2348205568931,153.9213706006495,32.08344013500262,83.48802427532969
319.11977090405725,154.73669232299687,32.08798382645869,83.63182521641923
307.101275412596,156.9617143595711,33.0293007958596,84.51155206946811
310.57031063835296,156.41945477345328,33.31564635313317,85.59607124170371
309.19779821076054,155.8700973708455,34.23385299857171,84.86796783717303
314.23731238424267,155.24771015672758,33.31859941944445,86.1127422654089
308.5547095696869,155.86782910663192,33.67804404142082,86.70679786678942
303.7715674830939,156.80867536801648,33.997974422168404,86.67437610250794
318.8588663832076,153.6130957965716,33.49593412459035,87.50193071365094
320.6894700398367,153.8392645714975,33.54956979692503,87.04959316379914
319.87824895335984,155.52920896769032,33.32012147244802,87.3734853662749
323.64142460275747,154.90511166565312,33.203450491940366,86.76925989077742
303.1526563120766,156.85925239450026,33.66461767133154,86.54428474235321
303.9904123582409,156.7509266830188,33.8358008557749,86.76093616531614
305.59979823676093,157.49085924729934,34.322779564494596,87.13394626963493
306.3391201199122,156.7715028241127,34.71109009938415,86.7057048148161
307.3786201631081,157.17120139426322,34.49982102815211,87.77403868967482
321.600212400463,154.61524755349427,34.246520279535524,87.2479696259941
319.6812362897692,154.9750445531779,34.35001382794154,86.52837562662687
325.49819118523834,154.63607729295694,33.86848845419344,87.20631014706876
322.77415402237494,153.9866073825042,33.73698200638667,86.64538971012976
314.5090216881528,157.33470216273673,33.622245369606645,87.34697850754216
321.0038568272049,154.83942267214286,33.63482696035558,86.76514383064998
319.00920587408547,152.9223567432116,33.92546030595019,86.90060712786826
318.18565617651,155.05680102763347,33.71607136135174,86.34469523852323
317.2949273037063,149.46713314985954,33.652780158509216,86.45553730337176
316.4046938737148,150.2485188435294,33.5880389970028,86.73797393752142
316.51973006206055,152.8940929619174,33.35796662031126,86.99114120570331
316.622365662416,152.96232886628357,33.15269541960033,86.85466939697102
315.6067444574478,153.8736123161814,33.341970612548735,86.87406971416328
316.62322647335196,153.09446926173896,33.15465134578649,86.5867110580021
315.603513059822,152.36762362820733,33.35592144199812,86.20224559421705
314.76753578082094,154.42759147018893,33.191627718113054,85.75480647402813
314.7895985126681,154.56354353001325,33.14750225441877,85.48290235437949
314.8448342728461,154.76356652209782,33.037030734062796,85.08285637021031
314.7670804817541,155.3285200343299,33.1925383162468,85.76740113278595
314.8641985848813,155.4242515428146,32.998302109992345,85.57593811581654
314.8581037442784,155.0568667303084,33.01049179119812,86.31070774082896
314.83320886155127,156.49409394558612,33.06028155665241,87.09946620030986
315.0112432100911,156.40142500981955,32.70421285957275,87.28480407184298
315.1135405043633,158.40836171665327,32.49961827102828,86.9510679117462
315.0311513197977,157.88987428938333,32.66439664015952,86.15644268951495
315.02423506434707,157.1840863252458,32.67822915106075,85.7448452602778
315.2068035018682,156.93612388399845,32.31309227601861,86.2407701427725
315.28572378946166,156.2064434421161,32.155251700831656,87.70013102653724
314.2750862677856,156.8628111642117,32.340411327090955,86.38739558234602
311.33714566607654,157.00601597599223,32.7543310680746,86.10098595878497
312.2419393768011,156.0405105716718,32.7687382768458,86.2080021372054
312.13563309643985,156.48727590290432,32.98135083756831,85.31447147474039
310.0422433533182,154.58641561792274,33.534569342957056,85.48263106384898
313.925680955493,155.27638870774987,33.084126856515844,85.93179306367183
313.2379611137033,157.6116721478467,32.63207752546451,84.9162042127395
312.1889679127422,156.38740675219498,32.92526867629047,85.55993975294665
310.0571145694021,156.69812758027012,33.550376758322386,84.93849809679634
307.1266020016495,156.44527575443428,33.9467020293977,85.44420174846806
307.82445575636535,156.60126876952597,34.38691984744097,85.13221571828464
314.3184258106503,156.4647419082026,34.274009896146765,85.40526944093142
313.48654154503396,157.42702115159352,34.09656962814136,85.3219197533876
313.516137790774,155.96527296499022,34.03737713666129,84.5717319618415
311.8606355995245,155.57370058375946,33.698411707333456,85.354876724303
312.1845535899041,156.33784336768943,33.05057572657421,85.65679346669883
310.19484919254455,157.0755251339306,33.38410796528201,86.00436821222216
309.1091240225669,157.048692642734,33.721647107800294,86.05803319461533
313.70420684939745,158.43269749442825,33.73512387594474,85.13075197558796
312.9802816558665,159.09362442263617,33.355339468617615,85.63653291356106
312.1305505649933,159.055644123934,33.22669089382106,85.71249351096536
312.9109152579731,158.12039256104242,33.49285803616091,85.75610010844913
312.9466843727188,159.59748066844185,33.42131980666951,86.46650840485384
312.91987533021523,157.0218090941138,33.474937891676646,86.09420194774432
313.88060214458085,157.2281372418727,33.39031392273415,85.68154565222649
314.0212653752375,157.26528854090046,33.108987461420824,85.60724305417097
313.99371137813574,156.96061050878205,33.16409545562432,86.21659911840777
314.0974963864821,155.8717703270737,32.95652543893159,86.56126623755628
314.10683818527036,157.84109123892654,32.93784184135511,86.29108911992637
314.2644949717038,158.89252192862432,32.62252826848811,86.01824764174266
314.2085332398618,156.68732363263706,32.73445173217214,86.78776773969493
314.23236856555116,155.5216222684852,32.68678108079351,87.28568290106473
314.3471418285737,157.235865030576,32.457234554748425,87.53673187394665
314.1212401448187,154.816346452878,32.909037922258385,86.85808873455804
313.8651031942203,154.74339989956246,33.42131182345521,87.00398184118913
313.79626969227576,155.16385040191875,33.55897882734429,86.1630808364765
313.884173376034,156.5739591581299,33.38317145982776,87.02151364157181
314.8939174647873,152.69953953925528,33.212184258109446,87.37634897616775
314.93843591434376,154.61466839450878,33.123147358996526,87.24713399938136
315.09636303535785,156.202510454181,32.80729311696838,87.76558404379877
315.1481581467886,154.5015618129977,32.7037028941069,87.46984953078389
314.35180207304376,158.90102243853224,32.45370356372216,87.88448566908698
314.23730443109184,154.85435141612228,32.68269884762597,86.75711089034417
314.1748182238118,154.4271430981762,32.80767126218593,87.61152752623636
314.305332778503,156.24409461480934,32.546642152803614,87.67085420545915
315.2171748270317,154.66073237704703,32.56571843722779,87.1520579180206
314.1150392358037,154.82148446063732,32.934318326424034,86.83055375084001
315.08374567945,155.43916080848587,32.834601766343354,87.43289738235472
315.00277402137533,154.83757352439568,32.99654508249256,86.79153251777684
315.1860719422628,156.19639223968193,32.629949240717714,87.75040562484762
315.318357633328,156.21237039519667,32.36537785858735,87.7184493138181
315.4836911849435,158.22430123035406,32.03471075535631,87.37493123194722
315.63592102126256,158.00233593805777,31.730251082718098,87.81886181653982
315.5250821390967,154.54156309442146,31.951928847049857,87.41989111005572
315.48867995116353,157.9539320741972,32.024733222916254,87.90887744780369
317.3073757423815,155.3833186274462,32.060829366199,87.5398727527276
317.3679843257307,154.63178893983226,31.939612199500615,87.21081620901838
318.29502900749554,154.79856397706396,31.91073925864206,86.87726613455496
318.6187231990407,155.84348639461996,31.26335087555175,86.60734196181642
318.6151520822528,154.9379769914001,31.270493109127578,86.61400736253077
319.5094139192302,154.82794175773012,31.286547441696413,86.83407782987075
321.1857230848453,152.92668177053503,31.549959728726044,87.02056718600109
322.64283648742725,153.9413921587948,32.26663244909844,86.80659617224967
322.78955814183377,155.23549237196085,31.97318914028544,87.86905736586166
323.79345158300646,155.61491551676357,31.800644432365992,87.11021107625623
323.77555078380743,157.151866674036,31.83644603076397,85.85757418835388
324.62882762409646,156.41165848103566,31.933871241665482,85.53401168287499
330.1031571828495,156.68825891333034,31.79181095345333,84.98081081828565
330.9610716526528,156.62399814610282,31.866594674152513,85.1093323527407
330.1299268174005,156.95145107141082,31.7350826133529,84.45442650212473
331.9467878546274,158.62890392900056,31.6654528176146,84.66361306566077
332.1191488270885,158.77945777965132,31.320730872692334,84.36250536435921
332.1880103036132,158.69470058567327,31.183007919642986,84.53201975231534
337.63600944070885,157.8414619175948,30.926244772737327,84.4652912339246
337.39496250442465,158.11359929386228,31.408338645305665,83.92101648138971
337.2713283800862,158.77505327584052,31.655606893982572,84.36662471209978
339.9929304727705,159.0770325857107,31.550472235272046,83.76266609235944
340.85446498832397,158.68295963328043,31.596208724206576,82.78200647717857
341.60936467046054,155.56919665687002,31.841970898202966,81.98728627692142
342.44656899926673,156.57860776162002,31.916122962451883,81.71702478928277
343.37284488956635,156.45013083744408,31.809576946595886,81.97397863763464
344.21927041696813,157.59207167301793,31.864514817441567,81.43788589213608
346.86891252773216,156.11681692897105,31.788439532731218,80.906256089018
346.78868920544676,156.0971536471151,31.948886177302,80.94558265272985
350.37328567175365,156.23190089764913,31.72169761966309,80.67608815166182
350.94984184014805,155.35850102205413,32.296147148676916,80.69532603704926
352.5123793985359,155.7679304055238,32.6472805165,79.87646727010993
358.70529162380444,154.97381766839442,32.38941679029353,79.7321269266072
358.70010646141867,155.17633592757136,32.39978711506511,79.32709040825331
360.56334400369536,154.27198885937474,32.11379412880144,79.41554349550162
363.3706811140593,154.1815495432208,31.648385795318532,77.88000016539453
364.51241744998975,154.69472108873856,31.05091820321968,76.85365707435902
368.2489299208271,154.36138608264298,30.220180610538726,75.85975524930174
369.1511910701005,155.68997827271272,30.04709737848225,74.83400993565269
373.3603216285065,156.49065269609275,29.696755749626583,74.8462449864839
375.5669069561572,156.72022131486793,30.10609876964574,74.38710774893353
356.3415380973313,159.19513622252583,29.96005332520224,75.8700751273003
356.48888396037745,158.4174852709745,29.66536159910992,77.42537703040293
358.88824948505754,156.2435106570643,29.79864509842287,76.84131170955027
360.44929764715084,156.88895871869516,29.952567411849756,77.18842490509523
362.2025327724572,156.99274712531567,29.73760688460721,76.98084809185423
366.546771538015,157.04673448388888,29.24372451573321,76.87287337470784
366.65878716957616,158.2559763248338,29.01969325261092,77.7113930427679
368.39645051599496,158.39777561354492,28.817352255518202,77.42779446534567
394.01651842312754,157.1426013244473,29.698257972665942,75.05179539997097
395.41459836527946,156.7482576172313,30.123074941573513,74.22999438779726
384.14856189373194,157.13405771356597,30.16781488429856,75.06463226658292
385.0307571640515,157.27540053340596,30.02248258507246,74.78194662690296
402.6752456183028,158.42240111214846,30.206197900158607,74.1003405704901
407.47266117250825,154.61501383930417,30.24646601054844,73.68586576717813
406.44784682276736,156.48270919352814,30.69550394040249,73.15165659798572
411.16369550486246,156.1622406878792,30.868939524411324,73.7925936092836
411.93466117442847,155.6970513811917,30.940196015703382,74.72297222265858
411.99058013249777,155.12504776942328,30.828358099564728,75.86697944619543
406.2281115615856,159.3854414394715,30.856563415959958,75.55814340997699
409.4100187343851,157.34081007114068,31.046513556563113,74.73208278198696
410.2310411730908,162.7291247348606,31.034371239333424,75.36477137581814
410.3800069169511,159.36194736204794,30.73643975161268,73.90504781403637
412.9960886371825,159.25589064196907,30.341656046803905,74.11716125419412
416.3820717931057,159.00068912478324,30.003702768752625,74.6275642885658
417.3051537718279,158.64128899554368,29.767375874961964,75.34636454704494
417.29122665103625,159.372613231973,29.79523011654528,75.49967724057217
419.76449016129544,158.55037434840528,29.70469589007875,75.52549074302367
422.14902507670513,159.10775272167817,29.787874217313217,76.02815004916249
416.51191993394826,157.41886108484937,29.6791657107947,76.15367081081084
417.13718499026504,158.47701179399377,30.05462418789704,75.66335798225802
417.8694854266008,159.5347562374552,30.215678854212626,75.17352463432235
417.62945937272974,160.4034239626258,30.695730961954865,75.0576692650592
419.24353935434794,165.22102379572237,30.72429837285999,75.19265172129056
420.04381731621106,165.03457153466567,30.754560545042118,73.93473814749564
416.1809124193859,159.40931695002993,30.414319412411583,73.8927760199739
420.1037290910675,164.75328633120435,30.601485141324538,72.84419614435653
