165.0,165.0,28.0,86.0
162.98222638445424,161.71093202383327,27.771763239798958,86.31435196104093
164.6724889903379,161.86425354620135,27.864217507841662,86.00770891630475
166.36028401139527,162.63274892142053,27.956292398332323,86.20455063216907
168.05123386443063,163.79050181728834,28.05103352691821,85.62736525776177
171.44543852242606,163.81219218729046,28.190045575933592,85.58398451775756
171.29008229109215,162.79525986433399,28.500758038601425,85.8840621378114
174.02104768347832,163.38675431048733,28.27006840547093,86.44482029605196
175.70610301768508,163.63954246224347,28.394946612334536,85.93924399253967
176.63818475139018,163.96038523245696,28.273377412768678,85.29755845211268
177.60489046595913,164.06598587724434,28.071205337359924,85.08635716253791
181.1409044300571,163.86648243795156,27.897304761439994,85.48536404112352
181.24396113337488,163.72648566271693,27.691191354804452,85.76535759159273
181.34300781869354,163.72107724609617,27.493097984167164,85.77617442483427
182.28830388887482,162.38523208897186,27.32622834187331,86.72414224101415
183.18909946385884,162.52022117459808,27.258742103038905,86.4541640697617
183.9317715528648,162.02905721318191,27.5024285527854,87.43649199259403
183.71449521913127,160.82133471187322,27.936981220252456,88.10447788015222
183.5935684193174,160.75251594537667,28.178834819880194,88.24211541314534
184.4386085780675,160.4649745704138,28.260106234100405,88.81719816307108
184.56047435254743,160.36363044245016,28.01637468514051,89.01988641899835
184.6647411819174,160.41735249511913,27.80784102640058,88.9124423136604
185.5435003783798,160.66793310880007,27.82434949305186,88.41128108629852
186.44682977175515,160.42054709482977,27.784913705023662,88.90605311423914
186.53231637744796,160.3795479613388,27.61394049363806,88.98805138122107
186.49437149331197,160.39367222258687,27.68983026191001,88.95980285872494
186.3977857409448,160.6071176374897,27.883001766644316,88.53291202891928
186.49633272619548,160.35707069689587,27.685907796142985,89.03300591010691
186.48463982980763,160.45540857186057,27.709293588918662,88.83633016017748
186.44731633597894,160.69419083694208,27.783940576576043,88.35876563001449
186.49413440381966,160.63254795414167,27.69030444089465,88.48205139561529
186.43692178456087,160.62849003858787,27.804729679412226,88.4901672267229
186.37806946006745,160.71506400823378,27.922434328399042,88.3170192874311
186.40174302483763,160.8050181490726,27.875087198858683,88.13711100575348
186.38123493507996,160.79346148965664,27.916103378374018,88.16022432458536
186.31949754404067,160.85026366341583,28.039578160452617,88.04661997706702
186.24924134362266,160.72392691773393,28.18009056128863,88.29929346843082
185.29394315567282,160.75670990708085,28.31850033221106,88.23372748973695
185.34206511098,160.83901372647514,28.222256421596693,88.06911985094837
185.36536763864345,160.83818423891393,28.175651366269797,88.07077882607084
185.35660448465575,160.73261039888945,28.193177674245216,88.28192650611979
185.2824466811755,160.89231679939766,28.341493281205704,87.96251370510333
185.21248686476005,160.73004320459552,28.481412914036582,88.28706089470765
184.4031022421687,160.7310971182372,28.32262784993103,88.28495306742431
184.3863716157049,160.46566398364087,28.356089102858704,88.81581933661695
183.52471326466176,160.34146399797066,28.296647161919154,89.06421930795736
183.52854884419554,161.77263738318425,28.288976002851605,87.98706306164036
183.51304031571325,162.0788210027124,28.319993059816152,87.37469582258406
183.54800158749998,161.9477132041198,28.250070516242737,87.63691141976923
182.60955898941327,162.145181926176,28.36288842963845,87.2419739756568
181.68412571016927,162.5493658584221,28.45322666199266,86.43360611116462
181.546549755193,162.796382911126,28.72837857194513,85.93957200575687
181.73259872633585,162.81863995426855,28.35628062965946,85.89505791947177
181.71429924406024,162.8902777958706,28.392879594210687,85.75178223626764
180.80805044791794,163.09336457924684,28.465487450701723,85.3456086695152
179.12684751740673,162.80741503792444,28.35701451548295,85.91750775215999
178.11572926299522,162.61237115703992,28.637660860230078,86.30759551392902
177.17508977865754,162.53232057891682,28.766660346840027,86.4676966701752
176.25890741033666,162.35474694715407,28.84210615422449,86.82284393370068
174.5691965029119,162.39342017147436,28.69482121173282,86.7454974850601
174.38886134691333,162.28111335492073,29.055491523729913,86.97011111816738
173.5083868137825,162.18919897771895,29.04708672450807,87.15393987257099
171.70870282936718,161.9559510676473,29.10282188429973,87.62043569271424
171.69312386827508,161.1896621612966,29.13397980648392,87.37353883001634
171.63789084886352,161.022495807709,29.24444584530704,87.70787153719158
170.62783077078473,160.71831132824892,29.48125516661508,88.31624049611173
170.50572797597098,160.6226341118196,29.725460756242576,88.50759492897039
169.55294939302513,160.55751645995616,29.827526524332562,88.63783023269727
169.55651547288625,160.55210531556392,29.820394364610337,88.64865252148171
168.6593216322849,160.5554343026904,29.80754711249665,88.64199454722876
168.67589028003187,160.34653555054695,29.774409817002706,89.05979205151569
167.7969230148725,160.53262043741273,29.720097010187168,88.68762227778407
167.9410251684996,161.75523467794767,29.431892702932952,88.04835012605443
168.11374593284202,161.8365503292469,29.08645117424811,87.88571882345593
168.17395131900696,160.81772777939995,28.966040401918246,88.14041479911887
168.19170178928033,160.70206823906187,28.93053946137148,88.37173387979496
168.24812770182285,160.79059338942113,28.817687636286465,88.19468357907644
167.43526151556978,160.7193882007945,28.661003838473608,88.33709395632972
167.485795186672,159.90133837476702,28.55993649626918,88.1916293112853
166.6576635505767,160.02114269109634,28.438558553660435,87.95202067862664
166.75476470077874,160.41574795695885,28.244356253256363,87.16281014690159
166.86517540713305,161.25604206019548,28.023534840547697,87.23944880134768
165.93931674698052,161.42564079779027,28.120994660756104,86.90025132615813
165.87855040049553,159.35493427531782,28.24252735372605,87.5392034912196
165.08697462257507,159.56891777464705,28.0631381995667,87.11123649256115
164.2057797475777,159.6604607146895,28.072363385156237,86.92815061247626
164.23269717087948,160.74529686816584,28.01852853855269,86.50921164325257
164.26151347922155,160.5596625716646,27.96089592186855,86.88048023625504
164.26879436924267,160.5101029227163,27.946334141826313,86.97959953415163
164.1942493079862,160.5384046738438,28.09542426433919,86.92299603189667
164.25754659974208,160.7080525652217,27.968829680827486,86.58370024914089
164.2305785716103,160.7854386643836,28.022765737091063,86.42892805081706
164.29563969023874,160.68077011073302,27.892643499834172,86.63826515811822
164.2235323400752,160.6971285100804,28.03685820016127,86.60554835942347
164.252032919727,160.73902731364242,27.97985704085768,86.5217507522994
164.25951469560175,160.73351490145274,27.964893489108114,86.53277557667877
164.21664358152626,160.5231628720477,28.0506357172591,86.95347963548883
164.28372819826623,160.30385717371553,27.91646648377919,87.39209103215322
164.22213872033058,160.24171468486068,28.039645439650506,87.5163760098629
164.2101062684021,160.26314379032056,28.06371034350746,87.47351779894312
164.28337745802384,160.474019342421,27.91716796426398,87.05176669474224
164.3027051496031,160.54562528706555,27.87851258110544,86.90855480545315
164.28765896060165,160.75760252536145,27.90860495910833,86.48460032886136
164.31102422165256,160.46337229072924,27.861874437006527,87.07306079812578
164.40704623338434,160.64435246590375,27.669830413542954,86.71110044777672
164.39732065465432,160.78612195125078,27.689281571002972,86.42756147708268
164.45346546389408,160.69316445642121,27.576991952523507,86.6134764667418
164.32069794000577,160.75543969843892,27.842527000300095,86.48892598270639
164.30359070491465,161.0072147511528,27.876741470482337,85.98537587727868
164.3984326628852,161.08529715954649,27.687057554541223,85.82921106049128
164.4498951922399,160.68287495755638,27.584132495831874,86.63405546447149
164.39307727420677,160.6388060472792,27.69776833189808,86.72219328502587
164.224234694789,160.5968888788015,28.03545349073364,86.80602762198122
164.25375134738096,160.59499056757957,27.976420185549703,86.80982424442512
164.26474818619738,160.58915238045034,27.95442650791687,86.82150061868353
164.25027808658052,160.61741362510355,27.983366707150616,86.76497812937716
164.2808644525993,160.8842963169686,27.922193975113053,86.23121274564706
164.2545991014295,160.7481414284592,27.974724677452635,86.50352252266582
164.22983606630677,161.53365307899554,28.02425074769807,86.6754060913945
165.11172428638042,161.43551439170528,28.006733022231145,86.87168346597502
165.04469014610828,160.43417688618212,28.14080130277538,87.12563335556496
164.98978645519657,160.50319408032516,28.250608684598856,86.98759896727888
164.09453620609932,160.5395874053958,28.286257198719873,86.91481231713762
164.1044407838238,160.66593825484728,28.266448043270884,86.66211061823466
165.06104808641462,160.60159548686894,28.10375023868263,86.7907961541913
164.988197049322,160.55072625267044,28.249452312867856,86.8925346225883
164.98446520065266,160.3674894182148,28.25691601020649,87.25900829149961
164.11744460367532,160.61368952485816,28.23213282014504,86.7666080782129
164.0975827253163,160.5703488444263,28.27185657686306,86.85328943907662
164.14761147753768,161.47468925642312,28.171799072420328,86.79794193651361
164.19749906799575,160.40840892649084,28.072023891504152,87.17979278110093
164.1523373855158,160.60555499870054,28.162347256464066,86.78550063668146
165.06409969136797,160.50995781321416,28.0891821080996,86.97669500765429
165.02376783440457,160.5615268333021,28.169845822026417,86.87355696747836
164.8885990970484,160.52731814970497,28.440183296738745,86.94197433467266
164.932433715708,160.57533524451446,28.352514059419562,86.84594014505366
164.85294057390252,160.54809858747583,28.511500343030466,86.90041345913089
164.9641845255551,160.59381919393945,28.289012439725315,86.80897224620364
164.91130937025412,160.64235808650972,28.394762750327295,86.71189446106317
164.05249452674045,161.40080624613245,28.358813909930845,86.94857666924143
164.13466737139038,161.5794598755167,28.194468220631002,86.59126941047293
164.1828016992613,160.85042938162044,28.09819956488917,86.30114150230766
165.16162531250038,160.78164691355832,27.882850777248663,86.43870643843188
165.09684001731733,160.49922358417197,28.012421367614756,87.00355309720459
164.9962471044415,160.54211754696502,28.213607193366418,86.9177651716185
165.1158068557001,159.66697995368568,27.974487690849216,86.91486014468695
165.0204845460745,160.52552965697572,28.16513231010046,86.94650645087924
165.0107280269917,160.38370169745278,28.184645348266045,87.23016236992515
164.15047538432148,160.4484971466445,28.148063740990658,87.10057147154166
164.18858845865577,160.46892845176802,28.0718375923221,87.05970886129464
164.16462911075917,160.54870089295696,28.119756288115312,86.9001639789168
164.1083918559512,161.28577162247853,28.232230797731226,87.17722897016316
164.12539608311926,161.2840203975266,28.19822234339513,87.18073142006705
164.1798451452933,160.503904551497,28.089324219046972,86.98432904291934
164.23163136012954,160.56950578978842,27.98575178937452,86.85312656633644
164.24149411061595,160.6891785071756,27.96602628840172,86.61378113156212
164.27819503544234,160.6052283244721,27.892624438748967,86.78168149696909
164.30519244566202,160.54773534665125,27.838629618309575,86.89666745261083
164.2850145650051,160.47746568085947,27.87898537962341,87.03720678419438
164.24967485401444,160.53651497199837,27.949664801604754,86.91910820191654
164.2007801679597,160.52226318758377,28.04745417371425,86.94761177074577
164.2241471824705,160.48254747509856,28.000720144692636,87.02704319571622
164.24004087430075,160.55419574070066,27.96893276103213,86.88374666451196
164.19538129842476,160.6755906736529,28.058251912784094,86.64095679860753
164.243969286103,160.8198254348714,27.96107593742759,86.35248727617048
164.1747494588298,160.7340809673052,28.09951559197404,86.52397621130292
165.0165615724668,160.8623020410784,28.161380789158784,86.26753406375647
165.00341235210982,160.7958064721431,28.187679229872767,86.40052520162712
164.9946667174608,160.900524892561,28.205170499170798,86.19108836079127
165.0279074634567,160.95755531655635,28.13868900717898,86.07702751280058
164.10720102192252,161.0377508862453,28.240246061974712,85.91663637342269
164.19542981138986,160.63001250241894,28.063788483040028,86.73211314107542
164.15886816910742,160.83560329121914,28.136911767604865,86.32093156347503
164.22118508318331,161.31016088774408,28.0122779394531,87.11510658935786
164.16966419234393,160.4515099033852,28.115319721131897,87.08012398392606
164.2241415565576,160.54581039218937,28.006364992704498,86.89152300631767
164.2205874241558,160.77360840258015,28.013473257508096,86.43592698553614
164.13124935724636,160.9296346541465,28.19214939132701,86.12387448240345
164.23353917294682,161.10412172038724,27.987569759926096,85.77490034992196
164.27617102590997,160.62580075038318,27.902306053999766,86.7315422899301
164.29918771310773,160.63188147295543,27.85627267960426,86.71938084478558
164.27612710364946,160.51687504942012,27.9023938985208,86.94939369185619
164.26639424815767,160.54067924937135,27.92185960950438,86.90178529195374
165.07050611208425,160.6542661601259,28.061228329889214,86.67461147044465
165.14683729444886,160.6334961671939,27.908565965159973,86.71615145630865
165.1099320581025,160.70746801881677,27.982376437852746,86.56820775306292
165.07556673866543,161.28592179298295,28.05110707672683,87.15526663722443
165.0900164320921,161.28083670971097,28.022207689873476,87.16543680376839
165.1593121218591,161.50858474508604,27.883616310339495,86.70994073301824
165.13778074091707,161.4451392853473,27.926679072223585,86.83683165249573
165.17322620883752,160.4942145266544,27.85578813638265,86.99192261552068
165.07462977527393,160.3708044006581,28.05298100350987,87.23874286751322
165.03066555327288,160.56661031475136,28.140909447511945,86.84713103932668
164.95911356768585,160.63390157322544,28.284013418686,86.71254852237857
165.04715650336715,161.5938995040991,28.107927547323442,86.54410871787185
165.09334672497076,160.52356763678122,28.01554710411618,86.9388424820005
165.12353987755708,160.48545438006735,27.955160798943567,87.01506899542822
165.1048378320275,160.55286531726784,27.992564890002726,86.88024712102728
165.0809649440277,160.58043231567058,28.040310666002313,86.82511312422179
165.07607092579957,160.51452067188325,28.050098702458598,86.95693641179645
165.02096764993212,160.66240330237096,28.160305254193496,86.66117115082103
165.02423295578416,160.66705206144906,28.153774642489406,86.65187363266482
165.0500618183608,160.84260735487874,28.102116917336133,86.30076304580544
165.09344313659756,160.81379128604323,28.015354280862585,86.3583951834765
165.05235977541594,160.68710468766812,28.097521003225815,86.61176838022669
165.1965833557505,160.6018320760221,27.809073842556714,86.7823136035187
165.1833464383551,160.60046815616136,27.835547677347527,86.78504144324023
165.2249060576144,161.4006264438345,27.75242843882895,86.92907217695715
165.26406546008218,161.41080417559652,27.67410963389333,86.90871671343315
165.20196276740836,161.53194916808786,27.798315019241006,86.66642672845045
165.15114705770569,161.35099774848405,27.89994643864636,87.02832956765809
165.07886577179045,161.3639284366136,28.044509010476826,87.00246819139895
165.08890539281816,160.5106560932054,28.024429768421356,86.95773570943524
164.9220298423426,160.27094116422916,28.358180869372504,87.43716556738772
165.02074691034935,160.7146533328069,28.160746733359044,86.54974123023217
166.02145529767895,160.58337046723733,27.906309664916115,86.81230696137136
165.94269203623023,160.78925776494322,28.06383618781357,86.40053236595958
165.92215273026434,160.71157882439726,28.104914799745377,86.55589024705147
165.86320262988176,160.64565680011015,28.222815000510526,86.6877342956257
165.87111499945127,160.68750147626957,28.206990261371487,86.60404494330687
165.83853749421314,160.63140055137933,28.272145271847755,86.71624679308735
165.84981582251228,160.48417676146715,28.249588615249476,87.01069437291173
166.81282788099736,160.5566816894406,28.078725948417343,86.86568451696476
166.73191990057612,160.68556517969895,28.24054190925981,86.60791753644811
166.63602760946412,160.5105099725253,28.432326491483835,86.9580279507954
166.56167931236493,160.69691585939103,28.581023085682197,86.58521617706396
167.4841993840147,160.70387543838254,28.49117442616449,86.57129701908094
167.48476576411616,160.9530759319032,28.49004166596152,86.07289603203967
167.42930688166777,160.7732951470382,28.600959430858317,86.43245760176963
167.47228667896596,160.80591941144445,28.514999836261943,86.3672090729571
167.49522410023673,160.98935629141545,28.469124993720385,86.00033531301509
167.54153511576664,160.8652164591607,28.37650296266061,86.24861497752461
167.4077345417917,160.81399221867935,28.64410411061044,86.35106345848733
167.48631079964042,160.89153103661533,28.486951594912995,86.19598582261536
167.55948631206843,160.86434579985232,28.340600570057013,86.25035629614138
167.53971824522895,160.7499309622234,28.38013670373597,86.4791859713992
167.4529740901963,160.69015835590147,28.553625013801252,86.59873118404306
167.44567815033284,160.61251931820217,28.56821689352817,86.75400925944167
167.4521290569235,160.51287640350466,28.555315080346887,86.95329508883665
167.50627788509135,160.54272360191501,28.447017424011165,86.89360069201598
167.521185681796,160.7397028083359,28.417201830601847,86.49964227917425
166.72235433560547,160.73386148782967,28.26389242108087,86.51132492018667
166.78797633907465,160.77605819669054,28.132648414142494,86.4269315024649
166.80501945246493,160.79649608567948,28.098562187361956,86.38605572448704
166.80226843374152,161.04897253287044,28.104064224808766,85.8811028301051
166.7204941617213,160.93649452155807,28.267612768849208,86.10605885272989
167.70046165908784,160.93044802390096,28.050310801363956,86.11815184804408
167.6377280575266,160.9364751915066,28.175778004486393,86.1060975128328
167.5562387677858,161.01173131582186,28.338756583967992,85.95558526420226
168.45948130947903,160.82242541543812,28.274068700160257,86.33419706496976
168.35130531942008,160.98674745048933,28.490420680278106,86.00555299486734
168.3346678091262,161.0717502381613,28.52369570086593,85.83554741952342
168.30578645920286,161.23120671526073,28.58145840071257,85.51663446532456
168.29665207268394,160.99608086616223,28.599727173750424,85.98688616352152
168.25206128907735,160.91809067655873,28.688908740963587,86.14286654272851
168.25319192628334,160.68024646869327,28.686647466551626,86.61855495845948
168.1653344351068,160.8570864554578,28.86236244890474,86.26487498493043
168.1141201508839,160.77042605278592,28.964791017350453,86.43819579027418
168.1261435053339,160.92713165636647,28.94074430845044,86.12478458311305
168.15462954049127,160.86639273372066,28.883772238135776,86.24626242840472
167.31788364441718,160.96099299372815,28.80135420633443,86.0570619083897
166.46521783273698,160.6126091880594,28.754976445246065,86.7538295197272
166.6010409382962,160.5459621817489,28.483330234127642,86.88712353234817
165.75047170666068,160.71046745603394,28.426774552815242,86.55811298377812
164.17701401213336,160.73665053142338,28.069731879845616,86.50574683299925
164.21958870516815,160.76311318960722,27.984582493776024,86.45282151663154
163.4315318913949,161.8059379221858,27.81832850122569,86.10953967157127
163.4512235319804,161.72630973634114,27.778945220054695,86.26879604326056
162.599856922604,161.52233774629315,27.745703729832726,86.67674002335659
161.81832314539884,160.79927089373382,27.567614420487338,86.38171686471951
160.74443727985422,160.92585586311014,27.9816948525891,86.12854692596684
160.60385937293358,160.94495764120612,28.262850666430385,86.09034336977491
159.58222110111217,161.902944172395,28.563804955320766,85.91669256214962
159.53830321642047,161.56363470218358,28.651640724704183,86.59531150257243
158.68089183541008,161.7435135204317,28.60983479119674,86.23555386607622
158.67106954739018,160.938894950051,28.629479367236566,86.09404597381501
158.58462326210673,161.11299569894996,28.80237193780345,85.74584447601711
157.7107790536791,161.36662882088262,28.802762919413567,85.23857823215178
156.75101031461008,161.62009127878324,28.982219366049925,84.73165331635056
156.6634629672781,161.11619300085104,29.157314060713915,85.73944987221496
156.8713072508528,161.03154084678113,28.74162549356455,85.90875418035475
157.01759635064198,161.23815883025895,28.449047293986133,85.4955182133991
156.92360027820393,162.25222650644434,28.63703943886224,85.2046547798789
157.10748181403082,161.15416044603614,28.269276367208477,85.66421685955636
157.1371108499247,160.69060233533833,28.210018295420713,86.59133308095197
157.27050384785565,159.39334966197964,27.94323229955879,87.43736321982725
157.14530624789856,158.28446722499348,28.19362749947299,87.89953729407146
156.9832065305357,157.92114939330972,28.51782693419871,88.62617295743901
156.7331382401456,157.8641074385102,29.017963514978955,88.74025686703804
156.74140012790215,157.96047991649047,29.001439739465802,88.5475119110775
155.8534479872152,158.15515052652998,28.98654130743725,88.15817069099847
154.8889492571867,157.29330694859152,29.130545202877606,88.0968642822588
153.7835702609666,156.9233353244735,29.55454283732714,88.83680753049484
153.63651081464343,156.98650847288081,29.848661729973472,88.7104612336802
150.6969487339866,158.41274461820464,30.301891052598158,89.47525216882525
150.5513455826486,159.48443460959453,30.59309735527416,89.15967479845759
150.52618810943196,159.35379666453085,30.643412301707436,89.42095068858494
144.0476549827687,159.5047985684096,30.767660717240616,89.11894688082741
143.17045018169193,159.81645689399255,30.690852506383592,88.49563022966154
142.18703852383015,160.20495244067536,30.836746419667932,87.71863913629589
139.69037382876118,161.56946587201077,30.392592080269598,86.80210685013719
139.10006321952795,161.815164549156,29.781872873488524,86.31070949584674
135.8876212892631,163.39567262396525,29.113885211026922,84.92291122697607
134.59370753042003,162.77546790746283,28.219192446107343,84.42206051867802
133.8778142882453,162.41974985761388,27.933189799714846,85.13349661837594
129.81289206446405,162.57678960482352,27.449671921466145,84.81941712395667
128.94410516408166,162.5376770607593,27.47791123170375,84.8976422120851
127.29708856289727,163.2902606807209,27.35001515580705,85.10343961129465
124.3495926468782,163.59225953266161,28.11039434775319,84.49944190741323
122.45394902263189,163.0722508587849,28.467882056406495,85.5394592551666
121.49604547428137,162.9165373797373,28.645447242966036,85.85088621326182
120.47235306808317,161.9019047004283,28.946909030108507,86.13422854662589
120.28624545138454,163.17354217198914,29.31912426350575,87.1018917878329
118.28284447460592,161.66987597774084,29.773826411289292,88.33317427344267
117.38812682212895,161.6159530869942,29.76137003211648,88.44102005493589
117.41066210313723,160.44226415890765,29.716299470099937,88.98519812563724
116.4867847438669,159.17244186714524,29.75393151342574,89.71472003394723
116.4132487361246,159.05327178297625,29.90100352891037,89.95306020228519
117.20998961124343,158.78962487598815,30.134797992945657,90.4803540162614
118.13165019772057,159.9902009305119,30.13053530678984,89.9182603940124
120.20587241799713,160.3811992998727,29.644051077474767,89.1362636552908
122.09088643289175,161.6942132543533,29.49592408255223,88.32118626376297
124.95574247191024,163.1323091874828,29.156133494512797,87.2416348941698
126.10599855653231,164.59841109677905,28.63068080676505,86.08449055707369
129.9554249820923,164.776160523067,27.927736835806595,85.72899170449776
131.02769869696533,164.52084414851748,27.514227303025237,84.50858655663211
132.99991233749964,165.0525241116135,26.982005861589336,83.44522663044008
133.66939904399544,165.29109953310558,27.32425189175008,82.96807578745589
134.36946420904923,165.3641496280908,27.6048385700095,82.82197559748553
137.37793683347192,166.0713777317978,28.32300018795776,83.09129610676985
139.73622529787346,165.7428646800035,28.70862226340969,83.74832221035848
142.3153211208068,164.9893010343893,28.701818494975043,83.5383202091095
146.63607266798678,165.11676233127207,28.63037339811691,83.283397615344
148.46265277570393,163.99719149172068,28.395363795939836,83.81346398781815
150.201933001148,163.46909360396717,28.341488556238296,84.86965976332516
153.88170063856535,163.05353736783115,27.887541212304683,85.70077223559721
155.5190131439073,161.51406541009862,28.07271428413268,87.04981710980627
158.2598506890378,161.68455191917928,27.848443577891583,86.70884409164498
160.0542966376836,161.25056465973617,27.746556398932956,87.57681861053119
161.09846296479972,161.04380678440225,27.412173133877054,87.99033436119902
164.71054670233352,161.16589291705478,27.202599717296696,87.74616209589395
169.08042494980444,161.57794973178113,27.194426271170542,86.92204846644127
169.99254376432,161.02529261002223,27.104669895996054,88.02736270995902
175.1007520370579,160.97508509463998,27.379204809253174,88.12777774072357
175.69979404515828,159.63477764391362,27.936109130154307,89.05340430507435
176.10548738042448,159.33778045149833,28.90311491422687,89.64739868990493
177.79119745912948,160.53163245139734,29.140950811493987,89.06432271744549
179.42933163794373,159.72076868030206,29.46610047081532,88.88534125116108
180.18099935908333,160.38731295553674,29.766887601637592,89.35637527379313
182.86902915094825,159.33664531427803,29.8398204365294,89.64137975010333
184.75802842406728,160.35701591766014,29.705264427056527,89.42235981172172
189.5733010487929,160.36909167047668,29.155428645193513,89.39820830608866
189.61777768106128,158.966314155572,29.066475380656733,90.39804246458306
191.56846426578397,158.74767255724302,28.80168799286359,90.83532566124104
197.13077216410852,158.59729941354672,28.594842860676785,91.13607194863361
198.17040434632855,159.16762423055945,28.335661324277208,89.99542231460816
202.72635735238066,158.52829464299055,28.21937077470788,91.27408148974598
203.6749579157925,158.70061092698188,28.13727705980036,90.92944892176331
204.587838635322,159.02119671018002,28.1202214997696,90.28827735536703
207.3875493386043,160.19461451155348,27.918705283206933,89.74074348262076
208.99680312115507,161.2371389877795,28.27583392921347,89.4435126357228
214.14963154450163,161.69444233695478,28.711316342369635,88.52890593737226
221.29660502958563,163.1535051139893,28.69907982447405,87.39599418983728
225.6878974969094,162.74325039525462,28.76092301890321,88.21650362730661
227.53450794615438,157.69927246015777,28.63107165064389,89.39603567192361
233.15548178834504,157.94352508145755,28.16546063982338,88.90753042932405
236.80427365390653,157.9853190680979,27.99007919629738,88.82394245604331
240.37504473122527,158.1807645964911,27.95306758339045,88.43305139925694
245.42317902227026,159.69474258223488,28.476225455768102,88.94490424592522
251.36932378792298,157.91245867352737,29.091548730991505,88.93586840433198
252.49031059921313,158.85827487645827,28.64755177147829,88.8422126615372
255.2185573891208,159.17781889951428,28.55653891696577,88.20312461542517
257.05327055150406,160.12095307251894,28.442596862015186,88.09459840432376
259.732401696248,159.9103432893775,28.40665547274257,86.74171100386819
261.6748281405534,160.34095316351753,28.03024369544965,85.88049125558814
262.6240178472474,159.59042123567335,27.866936679196073,85.646482714142
264.3879800793395,155.02119768930365,27.79651071635356,86.14118355352734
265.38989313690666,154.76897999758268,27.527169456097752,86.64561893696933
268.01765700543126,153.71964794140627,27.48172033972331,87.00759017576391
269.70182693536486,151.9937876916743,27.595365318478365,86.97732583660556
271.25673350577773,151.24077962127336,27.97086547298108,86.7406853297432
276.02026181037746,150.7754426342054,28.921039553639147,87.67135930387911
275.63925573342965,150.84133639362057,29.683051707534787,87.53957178504882
279.0591443218525,150.62573926959269,29.9989968388723,87.97076603310454
279.82701286180617,150.73758143299222,30.264099557698817,87.74708170630547
281.6958787575589,150.64294181183033,30.13133476479028,87.93636094862929
282.56104770922263,149.53750899318524,30.20375963728864,88.34446381009367
283.5559848301096,149.11793004216884,30.023785486038538,89.18362171212644
284.38621960763635,148.35256701167827,30.181885242139124,88.89577846195348
285.3858440694077,148.063991102562,29.999993247203605,89.47293028018598
285.43734082028584,148.12824074050283,29.89699974544738,89.34443100430434
285.3865820449422,148.39199304132978,29.998517296134622,88.81692640265045
286.3774932353748,148.32592469819906,29.82958052766523,88.94906308891188
286.2729674644203,147.51525795183346,30.038632069574298,88.7587165996034
287.1445840866427,147.56224129451545,30.108187965853382,88.66474991423947
287.3207689316093,148.56626470413454,29.755818275920248,88.46942349396105
286.426845534687,149.44064524433344,29.740162306692152,88.52416517663582
286.31576492868373,148.47880222780896,29.962323518698696,88.64385516266239
286.38998216525516,147.7487952712881,29.813889045555783,88.29410949750363
286.35880169395057,147.606372702947,29.876249988165,88.57895463418578
285.3049758174551,147.53353692376885,30.176638708309014,88.7246261925421
285.31648134150225,147.35207515009864,30.153627660214784,89.08754973988252
285.346998948473,147.20022362519876,30.092592446273173,89.39125278968226
285.55211669882834,147.38089355775554,29.68235694556252,89.02991292456872
286.62690439469213,147.38378165120287,29.34291964048795,89.02413673767403
287.58344798365476,147.0979407184281,29.233672932426078,89.59581860322353
287.6805156441512,147.20386413176533,29.03953761143315,89.38397177654912
288.81773239084896,146.86031571317739,28.568495422685203,90.07106861372498
290.7029289340763,145.99012977716876,28.407076281916012,91.81144048574228
291.8754221507688,144.72093664306698,27.88828195207745,92.5236346503992
292.8140206561892,145.4139617638846,27.83776138833994,92.96426085586712
293.98167138253956,144.98066038943034,27.33443483225777,93.83086360477566
295.01001041322934,145.64270792810066,27.11262788577931,94.34163964233605
295.14374590562943,143.26925644867524,26.845156900979077,93.57468838240328
294.9810352574216,142.99460033124535,27.17057819739478,92.30186888121236
295.11902979299754,144.16146348950113,26.894589126242877,91.77835425221907
296.1814816698338,145.21403111291255,26.567362433742094,91.47089606656796
298.04181462875636,146.17913015980287,26.421175435638347,91.32793743265802
298.1411035288769,146.07994822550341,26.222597635397335,91.52630130125692
299.1273984011054,150.43564533499165,26.031600990323913,91.72287257919848
299.1397658880056,143.93960629209244,26.006866016523468,92.24934436445308
299.77548783867144,144.28727285726376,26.52318889665812,91.55401123411043
300.5825087674264,142.70195749529404,26.696737526736754,91.14946098287245
300.61729574179117,143.48773483849422,26.62716357800729,91.36301274293932
301.49613294120473,142.9132382665609,26.656318264123986,90.72517680186205
301.4262007995152,142.37264354001888,26.79618254750308,90.02800898347493
301.3773236303051,144.20831766230486,26.89393688592325,89.89885839664625
301.33650913408263,144.51552827694516,26.975565878368222,89.28443716736564
301.3164254234745,143.79382477004634,27.01573329958446,88.96393885326304
301.37515031914313,143.84216847301465,26.89828350824729,88.8672514473264
300.46294562711296,144.07597112998724,26.966125746265117,88.3996461333812
300.5643255103896,144.02072148300286,26.763365979711864,88.51014542735
300.53771685817713,142.3602345992516,26.816583284136804,88.3330965846501
298.0997764939805,146.47110443686486,26.449991732745158,88.84881070906499
298.05819809129775,142.930322647587,26.533148538110662,88.93841552049042
298.2361029942019,145.98012699249284,26.177338732302474,89.84201228807969
297.4475994505753,147.67480501769887,25.99738542554002,89.96657702569865
297.46114626601474,143.90488714891325,25.97029179466116,90.48494458071595
296.6339279166004,148.329120536828,25.86254649950377,90.44738777481714
295.7154380213257,144.22945637184446,25.939885449717885,89.84851190310815
293.8612957529693,144.27413799457304,26.14291501671041,89.75914865765102
294.57065242209836,142.87722976752264,26.47935013770948,89.04266819323715
294.6133861039882,143.95122229547695,26.39388277392986,88.64596015048734
294.5045673322021,144.39527556951933,26.61152031750202,87.75785360240259
294.49018013177715,145.3028695216421,26.640294718351885,87.67821274360804
293.7275337976198,145.2130918582497,26.430634948177214,87.85776807039284
294.3976933696441,145.70261566930543,26.823924166018983,86.87872044828131
294.25313548452937,144.72773923478363,27.113039936248484,87.10144860412238
294.3531591537062,144.94574435268285,26.912992597894775,86.66543836832392
295.0922941337675,145.03789947978692,27.16037000466364,86.48112811411578
295.14962640636395,144.78513567118554,27.045705459470675,86.98665573131854
295.99000839038086,144.8499088550625,27.097593565237908,86.85710936356463
296.1356561394222,144.717924526767,26.8062980671552,87.1210780201556
296.1395922185605,144.48285172339197,26.798425908878713,87.59122362690569
296.9042162615534,144.38453248854154,27.005825929018464,87.78786209660652
297.8110259134696,143.47737420945535,26.93547721001005,87.85890806995492
298.46257654457276,143.82917538317727,27.375351880677577,87.15530572251105
299.24061705658477,144.11731618821238,27.56039794681593,86.57902411244083
301.7771904247601,145.23932290536385,27.696329475300317,86.07137009974961
302.51171646588847,145.12911483737986,27.95892925532496,86.29178623571758
303.3480583395042,144.69783260025406,28.025853889721816,87.15435070996918
303.8206318789746,143.26611614204393,28.833798355469355,86.5116005370129
303.7057886267539,143.33696049065688,29.063484859910822,86.369911839787
304.3771340440079,143.39422055959267,29.48174947192871,86.25539170191541
304.3450727766798,143.28913344482402,29.545872006584943,86.46556593145273
305.16460349300047,143.1459331622536,29.67793496339455,86.75196649659351
305.9857006437402,143.05761491052795,29.81335517854584,86.92860300004483
305.900406182325,143.01190595760704,29.983944101376196,87.0200209058867
305.77365740215424,144.13192328099777,30.237441661717796,86.56699924632203
305.766334314463,144.26790718983904,30.252087837100206,86.2950314286395
305.73097854727666,144.4401626889791,30.32279937147296,85.95052043035939
305.7735205456106,144.51638948281646,30.237715374805003,85.79806684268462
306.62208104696987,144.37431203890796,30.314787798434494,86.08222173050167
306.6385823116244,144.21341310512645,30.2817852691254,86.4040195980647
307.55798118512905,143.38018069533598,30.226632035885608,86.28683990387613
308.45947951913513,143.17864464223112,30.204604919297076,86.68991201008583
309.1619833454393,142.983388573888,30.585918394841663,87.08042414677209
312.69598181282527,142.66575666745825,30.713227449760165,87.71568795963157
312.80296037175265,142.96656630161044,30.4992703319054,87.11406869132719
313.6736545639949,142.69266552809572,30.555613977873072,87.66187023835663
314.5055052544198,141.3367890939108,30.69848655195021,88.56704915179952
315.3278945152421,139.45847395422572,30.875795111744765,88.6795052682912
315.215713051233,137.32371641311158,31.100158039762967,89.29518481754224
315.0866842367995,136.43630823274086,31.358215668629995,89.23021767278858
314.9581194639968,135.66006883595773,31.615345214235415,88.93914886280116
314.9335010729156,135.64313574207048,31.664581996397793,88.97301505057567
315.0525207637921,134.47544739348163,31.42654261464487,89.46295589029432
315.16033091221493,134.50223662321451,31.210922317799096,89.40937743082853
314.2032899448762,133.83151366098727,31.28157681157178,88.90739591437818
314.1290132151664,134.070150856849,31.430130270991246,88.43012152265467
313.2478954359788,134.52869479783027,31.358938488337202,87.51303364069221
313.3616391756795,134.58112631285712,31.13145100893592,87.40817061063845
312.6547033201089,134.67856721309766,30.731912816589777,87.21328881015738
311.69775264631863,135.0661141658148,30.842438726794576,86.4381949047231
311.94811278513936,135.0416284145076,30.34171844915316,86.48716640733753
312.17686157088866,135.20606446816367,29.884220877654602,86.15829430002537
311.3497176691246,135.16141664982143,29.765601163887155,86.24758993670989
311.35172786866264,134.93838650582424,29.76158076481105,86.69365022470424
311.3871924954986,135.2588575248852,29.69065151113906,86.05270818658234
310.5970901682029,135.1867935813959,29.502978828397694,86.1968360735609
309.89624350799147,135.48013668811748,29.13816000761628,85.61014986011774
309.91502778543605,135.28710331097614,29.100591452727112,85.99621661440042
308.9670360804779,135.35965832360898,29.240263537297736,85.85110658913474
308.1089284036284,134.75120256619175,29.199685457800506,85.31122467077299
306.1723105629919,134.95806979062502,29.576202419229947,84.89749022190644
305.24632035543675,134.86939737209906,29.67886677898995,85.07483505895834
303.4990520896108,135.99366319850756,29.665975692841258,84.58001721504162
302.5576514249879,136.72061236596733,29.802359457830487,84.87253644437871
299.3263611537396,136.38302327065176,29.252654201042624,85.5477146350098
292.2697044011405,136.2039221692354,29.344400847548293,85.90591683784254
289.7330547485435,136.46151523608407,29.139277829322577,85.39073070414518
287.1045336573046,136.50900582364326,29.15114745459003,85.2957495290268
286.27471984272285,136.54149280377789,29.063521362790944,85.2307755687576
282.8701633506756,137.1663832652315,28.893716212140465,85.72572417953661
278.7269752230089,137.50330988774587,28.436691340876617,86.80055115982736
278.07257322488294,137.00654445573116,27.98988736643917,87.79408202385677
275.66280764903934,135.96122191379195,27.52487729715075,88.12321336741002
274.8639432577683,134.18165907332926,27.3649930339657,88.16711295688118
274.05914833165065,134.70105961825448,27.219299421093645,88.88359533213813
270.514603004898,135.43816446276418,27.257418058188268,87.4093856431187
269.70670248277776,135.1786087041963,27.130664650381505,86.18594270820729
267.2101127940854,135.1948153924456,26.95525112306941,86.15352933170871
266.3157560781418,135.42556286769081,27.02479535682986,85.69203438121829
264.7134710607758,136.8286936490026,26.801554283506395,86.3135839266501
263.84116635500044,136.90090811601254,26.82756246219597,86.16915499263015
261.3541202922602,137.15764304770968,26.650552730610894,85.6556851292359
260.51212753358607,136.87573004659995,26.628052485534113,86.21951113145536
259.82649318223446,137.32954480249728,26.285259029544704,87.02594377835341
253.91026394722968,134.72075950649688,26.083743249418596,87.08609683458177
245.37686572234344,160.5036072441099,25.988009469246755,85.29173902619438
239.12060020692317,134.42659909638348,26.67699314843805,86.77340952886462
238.80456111497162,134.623391990105,27.309071332341173,88.10263960538796
238.71167776750605,136.371474499789,27.49483802727228,89.86648417414379
237.74443739704154,135.2777261883835,27.64755413794892,92.05398079695482
235.90621534822677,136.28913145389635,27.692868163121485,91.84673530215764
235.0150337774787,136.7123960634222,27.661759003903363,92.81367838382023
235.02135399489637,137.0737089920878,27.64911856906798,93.91762988949668
234.18320467186174,131.71554209087543,27.483463238274254,93.58223983074328
234.0608173691079,134.15572344292656,27.728237843781926,94.20427136674272
231.37516590079434,130.66380041393978,27.557107523467714,93.79820641546112
230.43253365945145,131.72244713809664,27.603817727891595,93.51946724540934
230.33001221501394,131.35441373042707,27.808860616766566,92.42005170954904
230.36704770240758,131.24118394103,27.734789641979322,92.64651128834323
236.77076062051358,158.5280943793985,27.706340325955804,91.01416456667276
242.17507045870488,158.96439026964677,27.709328328421826,90.14157278617625
224.37626917502408,132.09785561163096,27.51433512534409,90.1857484465489
225.18510407067214,161.66056604886663,27.68331286731373,90.0196961698494
217.94665097420778,134.40416232505325,27.860844311795688,90.90984831080068
217.86400128323038,133.8601540684793,28.026143693750477,91.99786482394859
214.82373307301975,136.75887115617013,28.641318895238516,91.66579186750013
213.75556077812777,136.28750515779424,28.94921056254767,90.78007094177713
212.19312130501095,134.6407173438749,28.43096874847363,90.43052580930811
209.99180760874924,135.98571170901403,27.412437967986218,91.35464252770382
210.32324366633424,132.3527206825552,26.74956585281619,93.21670387022175
207.8812729145162,134.466200123669,26.187626717246864,94.43562562719956
206.99618961109616,137.02439743347225,26.135811981500147,94.78517503535357
205.1449819444568,135.70112294773952,26.186354041943588,95.60578737040143
203.3093968588286,137.5315025774459,26.180628807047913,95.6219235171407
201.4470113444832,135.2642531764982,26.228264709668487,94.64071962993084
200.59098474517472,135.66325878124292,26.114683903431118,93.84270842044138
200.73725598148454,134.31898041591703,25.82214143081151,92.9067531999613
199.91521814245505,135.09827229857646,25.672637018761776,91.34816943464244
200.03944579513197,134.834192030626,25.42418171340791,90.10752734724477
198.31082144536197,132.4834350681371,25.388121999952716,89.56907865272973
195.6339742100958,133.70659541976838,25.52666775819459,88.861140853564
194.75445756816623,134.17971716570895,25.554723947781614,87.91489736168285
193.7789172196189,134.32627642393925,25.78766935394695,87.62177884522225
192.03504946928788,134.80516923080847,25.838747237302165,86.66399323148381
189.17907187321558,135.60428404385308,26.43350200688895,86.77149707958051
185.46452934040164,136.25526101333327,26.98945521039058,87.18782610615173
180.94618304601502,136.61979529021073,27.35382445622441,88.19322222098461
180.84523330912526,136.10223497734373,27.55572393000395,89.22834284671865
179.84702150062333,136.6634107067399,27.778298319899406,89.87984061503468
177.39537587871686,136.7066883353748,27.320001489535446,89.7932853577649
176.6625482811156,136.35293999314163,27.00816539928781,90.50078204223121
175.84463269394607,137.309415390754,26.862273682997554,90.36955413763573
175.82423695436813,136.78454933483872,26.90306516215341,91.41928624946632
174.9364512897613,137.5851513935182,26.885877297106077,91.61084132636842
169.6892770429606,136.88186518603635,26.609342236635058,91.22226648232012
169.72539262102413,134.6445077360616,26.53711108050805,92.12796452184185
168.1417041075453,135.50095008746354,26.112575096775238,90.41507981903791
167.3203458944491,135.6233424655224,25.991442302480856,90.1702950629202
167.36948627820934,135.53583153392586,25.893161534960395,90.3453169261133
167.4079022120491,134.79584819008596,25.81632966728084,90.06651233622564
165.70261452826315,134.60431184146296,25.720102833378526,90.44958503347162
165.68243856317446,134.6718177421922,25.76045476355589,90.31457323201317
163.91127170849245,135.08178975676546,25.79106875074077,91.25048906395618
163.6877420868847,134.25892751027192,26.238127993956255,89.35693433044527
161.1701362933453,135.03065659959802,26.019630050133614,89.56471266209354
160.26477252939696,134.63566934461886,26.080252692964798,90.35468717205184
160.32047017266217,134.00106900002476,25.968857406434385,91.62388786124008
155.64224402248473,135.91149732150237,26.434151874223836,93.13772591782407
153.59368801364593,159.86570988308173,26.914685718772205,90.43652795878104
148.35030732388142,139.3469578168629,26.72697824172399,92.33431295043562
146.4469505918286,135.84274124728594,26.92886988302314,92.13310244397648
146.42199191875932,136.3674816769772,26.978787229161725,92.88695034290728
141.84934020968262,135.40293974443034,27.04953993005841,93.00112406454966
141.8386031619412,135.40581435376924,27.071014025541253,94.81321610867187
141.68054093697427,133.3916441614039,27.387138475475144,95.15389149304923
137.86230120113444,136.63894625589427,27.60545036475576,96.07745488646745
137.7722180891003,135.5561227650855,27.78561658882403,96.3714460258067
135.66085483992495,138.16368300612058,28.25000719614485,96.79382938028135
135.59942331409255,157.38223504808798,28.372870247809672,98.12627708616174
135.48241148750355,154.9899834601296,28.606893900987664,99.08097687666275
134.51651149183522,138.42004837034682,28.60594502160594,99.36411625401594
134.5702704237602,132.85640495350373,28.498427157755962,98.87102414700465
132.56534470156055,135.09421680228547,28.652756323418487,100.17868386754625
128.7736368294973,131.7371403727891,28.43975432790338,101.04552342180781
128.6130026096739,132.0866554979701,28.76102276755013,102.30384981214974
129.51957931519894,133.8743187033146,28.928985737401668,102.69075616326396
127.51520845454168,133.39856900285997,28.958295340742914,103.64225556417318
125.58353620196326,137.53507833719993,28.814270773969383,103.38397503935404
125.45310217481193,139.2968750040724,29.07513882827203,101.85772733072629
126.43741306738617,137.1378807592117,29.087209334679663,102.21433123733539
125.34130082758925,153.87798877133505,29.293482750260434,102.49528330131125
123.20569900842315,135.7308309868157,29.577148861035475,102.9017611223355
121.0731457080602,131.12107844334213,29.832652394349175,102.09725854075205
120.36433814299343,130.81826921612355,29.25206893877111,100.70467840947765
118.49605913902832,132.42032428021764,29.05320839111147,101.43598683687938
117.38132080931464,131.400316666237,29.308355816733396,103.47600206484066
112.164364683152,130.55062537764292,29.702828279112104,105.17538464202877
112.13004809877098,130.229076708373,29.771461447874156,105.81848198056869
111.0421710483552,130.07824075695655,29.897619962420322,106.12015388340154
110.93611384475483,127.79619167965527,30.10973436962106,106.57183024207848
110.86768301874845,126.8503619563581,30.24659602163382,106.3969400675173
108.7949581074112,131.8984964343886,30.258766577125588,106.63386927941315
108.76854974273488,132.00815786959095,30.31158330647824,106.41454640900844
84.04028952602286,154.3555323663445,30.13365424419301,105.14994072424689
80.20926562943032,162.8420402254271,29.607987959435416,104.5523531619671
80.43662028732909,161.80926808819288,29.153278643637872,104.58922133341697
80.36018284937082,159.29485870942435,29.30615351955442,103.555974542784
79.360791510994,162.54483267524165,29.29596097919689,103.08295226248279
90.50149861441943,161.09840005048105,29.03775439358496,101.97159794450603
82.6922645431122,169.31339836761384,28.80341129372696,101.39441255271295
80.87817828415886,161.13497139015703,28.493428392304427,101.99864483030964
81.77537908070171,161.47939656781398,28.6708304564961,101.3097944749958
84.77762271581399,159.44729116503385,28.56256102269998,103.40859933507986
85.67675499835346,160.7721108718319,28.757272206382538,102.75193567024527
92.71873565451361,131.1550403205198,28.584872617834534,104.35246391724144
92.7015323483599,125.71613678479675,28.61927923014194,105.19679936273386
83.55322874494371,161.1498313100792,28.74278218415092,102.98335971172402
98.0570969591286,157.82803922675856,29.590417221075178,103.65586958530649
104.85714153177878,135.56806888145414,30.10019833274547,103.83050375400762
104.56470410225518,133.1864556562998,30.685073191792682,104.53838814465544
107.28844857381972,132.05747162695866,31.38327766482639,104.74779173128343
108.40257762913787,131.71341196079595,31.219518617554915,105.43591106360881
108.32473033734733,130.7476247112046,31.37521320113598,107.36748556279159
109.31424757938504,128.27155760457853,31.497572229809812,108.1168327505452
110.41175004999245,126.95353014726535,31.41682801244511,108.63862694132145
110.35039800216762,130.079711491934,31.539532108094754,108.74664755997627
111.29101385294422,129.54577129876714,31.78224095452402,107.69058739832757
112.41721699000803,135.99966890917528,31.643367807372037,107.46399093936513
112.36869597376688,130.7584717966035,31.74040983985436,107.40764954568027
113.57660848728237,127.54825643164321,31.433339707141695,107.50181559264576
113.60358425040071,131.26589928904878,31.37938818090502,108.48402559958683
113.63698034839193,132.12859405221198,31.312595984922584,108.87588222997111
113.46981469288188,146.18868075798414,31.646927295942678,108.33566091902408
114.66034891892055,126.7351512424319,31.385992791321804,109.08030889591237
114.7863312014698,128.54474640370765,31.134028226223272,109.71269980051238
114.98117737034315,128.8113888796487,30.744335888476613,111.309428463246
115.02455627426866,124.62397894673587,30.65757808062558,111.10329907156037
116.03297363737755,126.60741302304884,30.7814487465157,111.41784170315029
114.85922980396839,127.23910681757687,30.981475268170882,112.30191525925737
115.9056485873163,127.75279399294033,31.052309288769436,113.43821249582486
117.0882118822924,123.91147376376605,30.868194188085056,112.39680699710225
117.04856866013012,137.75519590515722,30.94748063240963,110.66396757098329
116.8492121648051,150.44471145482862,31.346193623059655,108.82431857654495
118.84661850318216,149.56956398647043,31.594247556549945,108.45318020813914
120.90140453180048,155.27959789388692,31.72630283550089,107.63718073377521
122.08442960294215,143.8989414646794,31.471990624435886,109.28111428000696
124.18545609945431,145.11027131092314,31.530398280144894,108.9886849118862
125.23478115727292,137.1954096522134,31.558937452572362,109.92808321285281
128.62256790554244,137.95025974127876,31.206327833587363,110.5593709939068
130.63177460892823,138.7646407951981,31.474537509573004,111.07392042744672
132.66607007771262,138.36076071895783,31.71711766731326,111.88168057992728
132.30871818958897,141.7397978040869,32.43182144356051,111.63815857800287
135.43870533820004,140.61557603320836,32.716091915477186,111.7051871967137
135.39939203619417,141.23034076305075,32.79471851948893,110.47565773702894
144.29829159423397,140.05401529819298,32.37079119555329,110.65657469272645
145.45159428640986,142.95846480321347,32.230594225706625,111.3469009262007
144.53777804355087,139.4737931414179,31.88467603250924,111.79559221304572
147.5985615674909,146.01648039585507,32.28340694484828,111.75081362460955
150.83556015819343,143.6252401514852,32.350130622583606,112.17281354058906
150.96540592765166,139.35367115127332,32.090439083667164,111.96617376963151
151.0248153027664,135.67300603931216,31.9716203334377,112.78845803023331
154.44154345815352,140.3058373120838,31.705371852363136,112.27907259095628
155.7613440404945,135.94468228474943,31.24267559608105,112.29376301202565
157.0600211080252,138.27853653215973,30.813773905554395,111.96295940627469
159.30958268342903,140.54959301848152,30.626149797121773,111.73234547600615
160.4190635027802,140.38260401938044,30.556167757991318,112.0663234742083
163.62959978960976,142.6337307131194,30.592206515244186,111.86881097400504
165.64710631287406,143.08893817686322,30.857723380939532,110.95839604651738
166.65599204126164,138.09562922751678,30.982366260275285,110.23294226465583
168.73010547702313,137.4316837829191,31.10317482577573,109.42631543533952
171.8666544191232,143.0888351148766,31.206263756469134,108.7389907962471
171.62579961650144,142.0129203847185,31.687973361712622,108.77320222803054
171.49997169682374,141.2355505285612,31.939629201068055,108.20086093302942
172.65086835927679,141.5257299839377,31.761509926232257,107.62050202227641
174.85068701885385,143.44813469085568,31.586186123536393,108.00000612489875
176.0084243887837,149.01968562685244,31.384971098010098,107.42820282457241
177.05439291471342,148.64401583001163,31.395467262186152,106.07710920221854
178.00999405600584,145.50229251750955,31.567793964211255,106.10996887339294
182.26120950009985,146.7422933710294,31.414144786342014,105.71716259393293
184.59285112401022,145.24051597893902,30.908432624382513,104.56314629225241
187.89049723070863,143.03943787017369,30.472345323732323,102.80609759703644
191.3062609553626,137.96952439775907,29.701169150420647,102.84533908187186
193.46358213856254,138.38825432588294,29.399162223822508,104.01419694552501
195.74248946601216,143.86961112428537,28.875705995846854,103.13737941602906
196.7079971398336,149.7534478108916,28.93970928724505,103.33981787706308
197.90909335758502,148.33742588041082,28.536588448973554,102.1737185435619
199.10134869989338,144.11952141689977,28.127158282241446,100.73412488116074
204.9540494612549,137.41417378705233,28.104443730726373,100.51501867444635
204.7668929884706,151.06742246076675,28.47875667629492,100.41891457674964
205.69046147739505,134.3338843673365,28.5808648963771,100.74882239878237
206.67147122585553,130.24286541391973,28.574654194999827,101.10762512344124
207.59173800607968,132.81969847462676,28.694876131355386,99.87546999563486
207.3655156403469,152.99782996917784,29.147320862820937,100.37700694821285
208.37353397358027,132.5880811201663,29.092412707093974,100.0128059207015
208.38466990190295,134.13845887363658,29.070140850448592,98.86701055740977
208.21464128244878,154.3131243818426,29.410198089356946,99.22308508013029
209.14379257705093,151.25590870863624,29.501604943792124,99.48838809562449
210.02527532396317,154.01187541325456,29.693799314577298,99.84193428021678
209.9530180221645,152.15514216596893,29.83831391817462,99.62793945868177
209.83239314738563,154.08658461026553,30.07956366773236,99.69182713057802
210.9138112318609,153.23824318855583,29.885492650812658,99.41974482196663
217.70047644892628,152.18218279118014,30.041370476884893,99.57055015097474
216.6429773210962,136.41685736398819,30.1900282986321,97.67341362883857
217.49519765341608,131.16758801255375,30.42780953633639,96.51862091764316
218.51128000332685,131.7809777978642,30.325880573108023,95.29184134702224
219.6808072540212,132.90481345153904,29.897774783421095,94.95511875137439
220.6385540486733,133.36860017812103,29.880564517716287,94.0275452982104
226.48887622333731,130.9448296214244,29.488743671556584,93.22067466001957
226.74990494449906,132.09516837219317,28.966686229233034,92.7861330161686
227.86976628265614,132.4748963701638,28.57730823628077,92.02667702022734
228.94137012048031,133.4742321656995,28.266488455966357,91.86039332448983
229.06601632908982,133.85380258935385,28.017196038747322,92.92553951559076
229.20536347995892,133.70043507123825,27.738501737009123,93.23227455182193
229.06020616292227,153.18816093458477,28.028816371082428,94.60314413799603
229.13124635481645,133.95599827316522,27.88673598729404,95.8933580423815
229.11473649769073,132.21192488427607,27.91975570154554,95.632906104772
228.84638071548085,132.37115193328992,28.456467265965244,95.31445200674429
228.69173247581264,133.39751727737834,28.7657637453017,95.13843101639054
226.8946766726762,134.32908823957638,28.599963427162706,95.15524505420038
226.01491425618522,134.38930929662843,28.48236846942829,95.03480294009627
223.96000552778278,135.5102454947821,28.845718311057567,94.66616435137675
217.35350518977975,135.68485612224237,28.935467387092316,94.31694309645621
213.6330107408114,135.5761571028972,28.89059745954361,94.53434113514652
213.77497088225988,133.93567352234854,28.606677176646624,94.06788027678436
213.00371804653585,134.76822319838953,28.287331587766726,94.26463218503025
211.28145577944068,135.12363362498525,28.014422255367865,93.55381133183887
210.4991278053593,134.16546761659347,27.735483219008195,93.62654836409995
209.85280355797025,133.0036426165785,27.18868784503328,94.11075449537687
209.8403666296282,133.08788951422378,27.213561701717346,93.94226070008634
208.92958422274793,134.42944819558642,27.20093350691861,94.92752935447955
208.7892652057367,132.87534162653546,27.48157154094107,96.1878709667652
207.97271267177388,133.7955740672532,27.243773873536355,96.21830882066006
207.82950166201834,133.91564460310644,27.530195893047473,95.9781677489536
207.03848938334107,133.0685810345987,27.243370647708467,95.80344508327549
206.95535651661112,153.81607131894137,27.409636381168383,97.11211093516454
206.0138075528171,152.69528490903295,27.410132604068885,99.35368375498138
204.99896923313685,154.90214443495302,27.525591058261384,100.68261925864522
203.02605702337263,153.90661646904027,27.601196802303864,100.73856585272776
202.0693804704188,152.99845503885192,27.577233116351458,100.61757192124433
202.08702239515603,151.05387766767177,27.541949266876998,100.63640190434378
200.5068189700032,134.20231892839925,26.83282539831542,99.51374291308389
200.69414875125796,134.91586091184453,26.458165835805943,99.99228960438398
200.59271155337458,153.1203027622056,26.661040231572642,99.78429826200863
200.5031172421953,151.19811608686308,26.840228853931258,99.81625943505608
198.44593345737437,156.166933485475,27.13453935261208,99.42876731523482
196.49986872899797,157.2551946096749,27.206460349144017,97.252245066835
195.75995502857484,155.77451594314056,26.805510800675194,98.3328254505886
193.16199896220473,139.98593218478544,26.335958868108843,99.69418461899724
193.280112160811,128.58852984802473,26.099732470896296,99.70323373795591
191.20296258140354,150.59483821453668,26.46506474807511,99.2637361437471
191.17213455471594,131.43011588333786,26.526720801450317,99.68937372750433
191.11279280568698,133.67400377201443,26.645404299508268,99.00627921813773
190.09595694276962,131.96521572242972,26.78411456986596,98.63393240635324
189.02286735091147,133.59403717631795,27.03796692039912,99.16094316494299
188.97294738034856,136.25947570874152,27.137806861524943,99.54362046977688
184.96362019751575,136.66767457904797,27.509327766763562,100.63900609427075
184.78359285335642,134.74290944670292,27.86938245508221,100.62015712820573
177.7556149400108,137.55132265448222,28.340588870582952,100.82536617458594
175.7187241827161,149.33521574490663,28.50957832455377,100.68633235744849
173.76190815926307,135.82025165086216,28.516020944969398,102.31952927334936
172.7114092701791,136.390289350726,28.640267386538675,103.1562052102204
170.65953397728512,138.93076459067464,28.762268555470097,104.04787885560782
169.38762238951813,151.40433948535588,29.30036155076995,103.16949122905513
169.61046138447634,137.00172577829895,28.854683560853495,101.92351940149945
169.54314274286116,136.8931084587981,28.989320844083863,102.14075404050112
168.6216155070955,139.75334221970326,28.849291451555185,102.36953811087085
168.63506278336365,150.2047776043376,28.82239689901889,103.28730266260985
167.96697243783095,141.3966705775088,28.162442868319907,102.93830422038774
166.95884607454929,143.0826092456588,28.199853542994475,103.52411098786513
166.9586775606287,133.67547873286162,28.20019057083566,104.44820540051145
167.23225540248023,130.77256632862503,27.65303488713262,104.25158349864896
166.12643415117384,133.2654412381881,27.876929317379506,105.22907789662045
165.93745226064217,130.75775540506277,28.25489309844281,106.23301195849673
163.72865518850932,133.382041128847,28.618557307293855,107.06533541405028
163.673362719197,130.87650788329967,28.72914224591854,107.98535010730214
162.72665003732757,132.74074332404956,28.562013312936315,108.37798781924457
161.5650110785069,130.64428365971213,28.82236423374048,108.44505315424512
160.46230748848936,131.58613703624388,28.958993044691674,108.63012477026544
159.23609349421582,133.24368378105305,29.33746489221413,109.46294356269632
155.87455990901526,134.57009307843208,29.782126016829917,108.90292698320005
154.66967303232008,132.55259169804418,30.098624493021394,108.75137918957802
153.671559998447,142.8993910085106,29.997773268877403,109.02855348754679
152.4563091370128,136.2482882316539,30.329182694013728,109.73620525486797
149.41640940789216,138.19760502480295,30.063141013714674,110.06813242759677
147.1326511522689,139.7362048175687,30.40072639962755,109.10589840473212
144.9922353435537,135.35196818062488,30.466086501212718,109.44342864692923
144.9918037376276,134.95343793560244,30.466949713064878,110.24048913697416
141.60398449136267,140.49576550683162,30.867675728179023,109.78068812354195
141.37996761028705,138.2878626040178,31.315709490330285,109.94450835057009
139.29141063049852,139.21247341935833,31.219464929029577,110.23196598032789
140.38280824663562,136.82992579779403,31.175607398532822,110.71918581990161
139.36438570292387,137.96284431179237,31.06746092208072,110.59834035578051
138.31619274808216,138.21952813763366,31.02258304234784,110.08497270409792
137.1580124663721,138.36413455290037,31.20576087142851,109.79575987356453
135.00846641615212,137.42576427854652,31.239800851082787,109.53997436187942
133.97047969946257,131.62770164270972,31.18622254938634,108.35878922309965
131.86797331730338,132.60436520946956,31.167484201649508,108.51733764560763
129.62846809113358,134.8500422027458,31.41896506265776,108.25351325038645
128.536802482899,135.58785147182374,31.487568760515508,108.89262223084208
126.4076650319561,131.21602454234863,31.49577556016276,109.13613988531526
124.32225180002945,133.63195548206846,31.409349070015814,108.56153095987585
123.3770843118656,132.37357364408172,31.180784655036945,108.95939524454282
122.45248961076011,133.55255700276282,30.90971978097847,108.72168280345007
121.65752447624612,129.9608162563664,30.387813003519106,109.56965315678093
120.62244809314203,143.02467222610278,30.343933962759298,108.81032290092395
120.55251252168269,149.478745347696,30.48380510567798,108.51720402155979
119.49908273451712,147.3818722683597,30.489675556201746,108.50897193261764
118.44268776902337,143.8958981671757,30.501482640152574,109.17797159387575
118.49201476814156,149.15485449365644,30.4028286419162,109.21325314791628
117.59744454841747,130.47042669672368,30.082680332869963,108.6149112688827
116.5194252138598,134.9230756395084,30.143864135486325,108.08903284930908
116.44681065776747,133.13716679132185,30.28909324767099,107.48367559086945
115.49638571609627,132.08709477101905,30.10717532281646,107.50105182327806
115.58466781586428,130.93657046467786,29.930611123280435,107.72249126730908
115.65233047983796,129.89367992135163,29.7952857953331,107.7288473627569
114.55800134311343,125.87483547535413,29.90696574141686,107.45862294529083
114.66652036101208,125.0576803507472,29.689927705619567,107.01767124690599
114.70069511708051,129.46417753757171,29.62157819348269,106.46459313509104
114.6166809379399,126.71101543778349,29.789606551763917,105.80321323171029
113.54116425476292,125.66246352061034,29.8909202956999,105.85059744363859
112.43035386468694,131.6710827347478,30.060258269865344,106.14705585128277
111.40396289290413,129.038530631509,30.053408868543613,105.23326602309834
111.40476688247202,128.97749469679454,30.05180088940783,105.35533789252725
111.36290647514316,127.67101306566336,30.135521704065543,105.92000115078727
111.29966701701123,129.6504016422302,30.262000620329424,106.07689102472712
110.29565017111162,133.88538674315333,30.20762416561658,105.85656140892911
110.18923041357232,131.86040323588435,30.420463680695192,105.78995899195189
108.0262132531385,134.09951699871934,30.623864387148586,105.43436508069618
107.9810856357215,146.46199340142886,30.714119621982586,105.43044732033874
106.8306647189491,152.54995936140912,30.95324936230425,105.62478795971715
106.7485642226392,141.81864411688684,31.117450354924017,106.39831621603514
111.93663622366446,146.65076563346523,31.155799949905795,107.14856677991065
108.69556078700722,140.43768931958738,31.355308161223853,107.00943408367351
114.88787707105924,153.46050928666688,31.546451960550108,106.1153468843751
83.7423025006934,158.1848864827825,31.231348424099096,105.01409284910153
83.05248750972383,159.82736949492715,30.545532553616276,103.79457267723421
81.33194579684302,160.08385141039537,29.915707692393624,103.2816088462978
81.53292276253839,159.32043091292428,29.51375376100289,102.79197074951716
82.76675608444297,161.13203669740918,29.048155640589602,101.17082770394332
82.01541442975403,161.74851753775891,28.58034775357488,99.93786602324386
83.1358406641846,163.31282653733987,28.283848390742996,100.69795423614046
83.33609479655173,163.04438897796527,27.883340126008726,101.23482935488964
82.53862790982284,161.00357049917463,27.52867068835412,101.4172598902461
83.29697398501469,159.51565617254104,27.957492930910995,100.50205975763208
84.32005229446787,158.9044185841219,27.852001071648587,99.78387017482639
84.46858884288945,161.0670017865822,27.554927974805445,99.31582938337345
85.44726185324407,161.87810898708852,27.5139810156136,97.6936149823608
82.66463064731681,160.23026371496124,27.400973600167788,97.20379230841517
83.62185779419366,164.99157200365974,27.37025242082644,97.09984130307987
83.79396423189108,163.13988911778176,27.02603954543159,97.03982287127437
83.74277751456287,161.71047664711273,27.12841298008799,96.14984146733761
84.00770987691963,166.08329830446692,26.598548255374475,96.7230346217288
84.12345953882405,164.37054699584124,26.36704893156564,96.42468858132428
83.17437802637107,161.7934082377425,26.4118357316812,97.87221364794095
84.94489701927186,162.3506410749772,26.62000401015613,96.75774797347154
81.26701766908654,160.20262535828357,26.524498734015044,97.32814741860297
80.46146797124874,156.98369354796608,26.266539059666417,100.02789289918945
81.42813582623386,155.6076477159833,26.2353999330476,100.87778797980364
82.19358347584213,157.2739456313496,26.61806160864885,101.37230609870667
81.81067073932817,163.70357906596786,27.383887081676775,100.07944529502834
79.87678285419683,158.72381496818912,27.403759039877933,100.41921396043207
79.86267564682393,155.16494212120682,27.431973454623748,101.74962590663583
81.75994471017451,159.23494167254086,27.534187919302195,101.4031319867269
81.70314280792027,158.96934862103987,27.647791723810656,101.93431808972889
82.83322262628432,162.29966157900424,27.342666393153177,103.09382939808263
81.71198767052881,160.96996411398806,27.619524586197038,103.78761260964785
80.7980901226054,146.97756289665682,27.466730555722776,106.02475640213635
81.73033150194637,150.8677601493699,27.61141126961033,108.29017925955753
80.58394653475958,157.070083602666,27.860454582677058,108.14789208080654
82.44462608613489,152.713233581103,28.231978533820925,108.67582601614353
81.32953867075969,158.17653366872565,28.401269438629946,108.05364547060506
81.13183252548724,156.09410099527503,28.796681729174843,108.10784398622971
83.21108000966302,153.938658055669,28.765286934099493,108.29162969216554
82.16406270729696,149.68629765303223,28.793777129965374,110.59971727084033
83.0677152326723,155.5473388298384,29.08501136911709,111.4688706566424
81.98153730404402,153.48414022409816,29.1411095882523,111.3627525918802
