551.0,32.0,48.0,41.0
546.3576406204811,30.39362727927642,60.112399082961126,42.21274544144716
545.8141007565641,30.538414748745346,61.1994788107949,41.92317050250931
543.8335580021694,30.650859804166686,61.92682397661291,41.69828039166663
542.9087978285077,30.725436981994477,62.152244730857916,41.549126036011046
540.5440869603823,31.46291390900717,62.00662250993875,41.69918683437565
538.336516348781,33.75923968521594,61.545816825767545,41.98248218933202
537.4409177102496,33.543638239427516,61.71394068066772,42.41368508090886
536.151610429821,33.472567188092725,62.65980730420627,42.555827183578444
533.5583551636948,33.265384901495224,62.898237594702834,42.97019175677345
528.394536177096,33.95607313830928,63.26696272966059,43.24863408951862
528.4390051708635,33.94870582043688,63.178024742125565,43.26336872526342
525.9842377783481,33.919226850938905,63.0808841701904,43.322326664259364
525.3998724826522,34.62236622424547,62.58121185380391,43.584450825424376
523.2988889088294,34.66362425826831,63.452788115511765,43.50193475737869
522.709168049873,34.69708275118389,62.95524536146744,43.43501777154752
521.8505826103859,35.37207218180954,63.00404416639773,43.75341098434017
519.910632770584,36.20828740902826,63.53519872597744,43.75535308991482
517.7065515966368,36.13780608455782,62.89609689710838,43.8963157388557
515.4951761635947,35.995079693239106,63.96864195585077,44.181768521493126
514.4050553848427,36.016046721110754,64.45286868746842,44.13983446574983
513.4485011451242,36.80490173963318,64.66335200505605,44.26474959055452
510.7674848313289,37.69113093888012,64.90178369780445,44.20015817034141
509.0988365554237,38.377593448704445,64.81829831519224,44.53762411790409
507.09863723083123,38.41559768128131,65.38925565037619,44.461615652750346
507.09721842186497,38.43685548867965,65.39209326830867,44.41910003795368
503.9232688219023,38.15159178941943,66.57577173424235,44.989627436474116
503.92096307973975,38.10592546449537,66.58038321856748,45.08096008632224
502.93205521902564,38.017023954147405,66.80792023337614,45.25876310701817
500.25103722049477,38.76861876586294,66.89999449605753,45.512227395047184
498.22316737460613,38.59019433584322,67.43124895716421,45.86907625508663
497.82991992057356,39.237079829127694,68.2177438652294,46.35146624470434
495.71986835545516,40.20758679963197,68.84583591210223,46.20645784537774
493.1346486411664,40.132610437045194,68.60710608633269,46.35641057055129
491.1266313337204,40.141527906778606,69.0192372506271,46.33857563108447
489.9589843801943,40.950103389860814,69.546672101939,46.52928372066057
489.1622752516397,40.84087047325817,69.32112949310843,46.74774955386586
488.4684761786613,40.83575439279545,68.88953379109434,46.7579817147913
482.9223535926836,41.69402267450212,69.10459329429193,46.854309429504276
483.24557831950693,41.77314609275818,70.27584452994154,46.69606259299214
481.1668399126618,41.9080548291701,70.76792845978943,46.42624512016832
479.3727532441505,42.699627230500816,70.68490565249807,46.67869838966395
477.5688434958293,43.59970675386339,70.61561664234107,46.717093596338536
475.57218535765236,44.379056905359825,70.9326285745052,46.99654546544052
473.8938018468752,44.5389570102473,70.59426759686025,46.67674525566556
469.3466917122265,44.64827721459004,70.50268711850663,46.458104846980085
468.13453063680663,45.63937472978954,71.09486326696779,46.30805581895974
467.3796576049428,45.59821282064206,70.76607477811874,46.39037963725469
466.3843319893962,46.46970862275425,70.92175316266074,46.48236087958158
462.38848252140355,46.54744256855048,71.55808485266735,46.32689298798912
461.38600804684097,46.546372854031624,71.71723856141995,46.32903241702682
456.1300718026512,47.397773932684245,72.98802787748085,46.47444689418535
455.7136428054182,48.50776258267429,73.8208858719467,46.124148980287536
450.75981601045635,48.538519853202544,74.34720761096857,46.06263443923103
450.8919633278443,49.54336437581064,74.08291297619272,45.93603898931669
448.7754068145107,49.50155733116494,74.5619797204865,46.0196530786081
446.65909673917145,50.39873837967922,75.02344588377065,46.11086797527669
444.6729117506701,51.19409692050115,75.20782825521766,46.41414469641069
439.7982710964821,50.97192376989774,75.44790773543396,46.8584909976175
439.7751643133773,50.87156241166087,75.49412130164369,47.05921371409126
436.7623291560119,51.6818606309634,75.76896379089932,47.3555598839779
434.72797551110455,52.639947551558215,75.98563459561393,47.36540428533836
433.72973781690314,52.54649139253469,76.05269015001447,47.552316603385414
430.35743464811287,53.256150371790866,76.99662780471417,48.0665548725
427.2262291966292,53.11913327200327,77.39019588120443,48.3405890720752
424.8625594035012,53.98325582152182,78.18402390232106,48.57909975560776
423.7469700089826,54.01187211353628,78.43259015552249,48.52186717157885
421.8768401372919,54.96079707299987,78.20212543604,48.60937948408363
419.5709019220792,55.80503585906425,78.8472199470041,48.90429287168553
416.98102510443493,56.794905121894885,78.0330580784438,48.92252618064055
417.22636324179985,57.59356678110094,77.54238180371401,49.31132025856728
412.1306108278199,58.516397099747394,77.80743707103677,49.4509495334018
412.05282485428125,58.408463430020475,77.9630090181141,49.66681687285563
409.5494721860203,58.402521068202724,76.9771210277944,49.67870159649114
406.4387821512814,59.1494763937941,77.24960912319412,50.167754936667784
405.1125037071912,59.889672889608036,77.90695642459858,50.682571531815796
401.75900137412,59.83916783571526,78.57299949502985,50.783581639601344
398.4747371997479,60.76244773554488,79.06555116950037,50.96234739803334
393.48245384282666,61.79004322341058,78.87165975246224,50.94284804847806
391.4048683595772,65.30813320300875,78.96191000171171,52.03650952378058
390.47705735659486,65.10036077318927,78.76548786983668,52.45205438341955
389.81084327805166,64.81631016044324,78.04191149974147,53.02015560891162
386.98363134630046,65.6670254650129,77.53270208588684,53.37326942555794
385.51192399445796,65.52871799265424,78.42340127657322,53.649884370275274
383.3302805037548,66.28673097387595,78.64523489812183,54.20458508776068
382.20406176449416,66.17293963868042,78.81441920297428,54.43216775815174
379.7464839097169,67.19539764913046,79.55043432076606,54.47682203313299
378.6369238849227,68.08636115942109,79.66814292840617,54.79630645450012
377.44341402661973,68.00184001257898,79.94668787861725,54.96534874818433
374.09759780506863,68.81535712666428,80.29189943896482,55.453788147598615
372.8508402057204,69.73637781801372,80.65665245400838,55.740508948552716
371.9915395654022,70.36767753420058,80.23624538770919,56.61691786311451
369.767947226636,71.39040867440139,80.38917315003562,56.7185840403159
368.5415080066032,72.28736401333722,80.69093372954849,57.07579122299697
367.265968894649,73.24778401716371,81.08044035330907,57.316522815491766
363.54174073832843,73.09083136216731,82.01459925659447,57.63042812548457
361.1285591080877,72.89680262129426,82.45948920060525,58.01848560723066
359.5411209949676,73.68806905884728,83.43050053578611,58.63981762318399
358.43384384294376,73.45725793072774,83.41625875754349,59.10143987942307
356.1509820191998,74.24921261391418,83.50959781843868,59.75372280634649
352.60776962135253,74.92500098678121,83.85097981300265,60.650493660989305
351.13956862774376,75.76365512983428,84.5191124998766,61.24145467522669
344.96282669733654,79.17803236839,85.43203337094023,61.27703799196582
343.7264361495233,82.56989012425208,85.60227746372712,61.40093348876043
342.3660757476017,82.46461581657705,86.01584351499315,61.61148210411048
341.00246868403644,83.28735372533936,86.42617301364783,62.282890915061785
340.06878391422305,84.48597979929244,85.9593962707215,62.21978504970872
338.78885296313575,84.43556674650875,86.19322660845998,62.32061115527608
338.41382956346695,85.55329756251236,86.94327340779756,62.41638401200453
337.2513919607679,86.59528620025318,86.92396987488537,62.676585474833146
335.7360292452709,93.10620301422898,87.60653008482724,63.7437431731944
335.85905301023746,92.84912414757984,87.3604825548941,64.2579009064927
335.37182315415043,93.73969365841985,88.33494226706821,64.85751332146498
334.10689931562104,93.4176174827548,88.45940347462832,65.50166567279507
333.5678609113926,92.90008722503185,89.53748028308517,66.53672618824096
333.14315757559723,93.91730634096001,90.38688695467596,66.95346788274965
332.72477037367725,95.94418861698304,91.2236613585159,67.84154561610717
332.23730928831014,97.08132939916032,92.19858352925009,68.06545283011901
332.3023556265328,96.836173696395,92.06849085280473,68.55576423564966
332.22474784283116,97.69173622366525,92.22370642020806,69.36737057009569
332.21885262474973,97.65124905564139,92.23549685637096,69.44834490614339
332.4045304044539,98.65674784534647,91.86414129696256,69.9772197601584
332.20593515974195,99.80266952165107,92.26133178638649,70.22822597100065
332.10879775207496,100.80500280460674,92.45560660172048,70.77656215426867
332.3549797319822,101.6852902276893,91.96324264190591,71.58089862915872
332.44000981091034,102.71217827693505,91.79318248404968,72.09761549931356
333.6066033959937,104.7095750889869,92.03628927050181,73.25540978844765
333.57769094235454,105.50334420874465,92.09411417778014,74.26668638105363
334.6672183758732,107.61004873045141,92.5311510869076,75.28546088996956
335.97772906405476,108.44042924114876,92.54942000483987,76.2639901628703
337.15038738169704,109.36087861781631,92.85948784009497,77.07847588007482
337.006328040996,110.27097712147747,93.14760652149704,77.93158092216902
338.0496245140423,110.99382020374486,93.7525086440721,79.17738982630193
339.1858754186874,110.6746090188422,94.20089305798712,79.81581219610723
340.33121321053625,111.61170489569741,94.64829619839874,80.67969916650627
341.09979825824246,114.10341830783557,95.87000528754521,81.21403071134763
340.5021745335536,113.91048899735166,97.06525273692282,81.59988933231543
341.2117918331429,114.9830111128412,98.45700596805136,82.26583293164342
342.0232466843107,117.5675703676458,99.67726830588848,82.7830585023795
343.2986724925569,118.70734439461017,99.99672677059704,83.37382052965178
344.25719600817035,119.93972851596322,100.9644370307165,83.79380957829194
344.2608919482202,121.08993100912338,100.95704515061679,84.39984031466446
345.30685036767665,122.50640445315639,101.78122153047877,84.48298664537337
346.4285116450236,123.64040811242248,102.46802953243434,85.1451098834907
347.79222384510996,124.83953826901697,102.69199249785541,85.69823693589545
347.58245641518556,125.96410536785447,103.1115273577042,86.41285890362813
348.5502388429572,127.07554552017861,104.1577008575068,87.17171695432577
349.5607910944804,128.33046474221095,105.14668809606394,87.67197025186468
349.50654818104044,128.01892271908105,105.2551739229439,88.29505429812443
350.84794010075734,129.0414546051369,105.61749826615471,89.29509870865733
351.9312126925616,131.56956187775043,106.51775092383798,90.37247984601386
354.75637296340705,131.09844201906054,107.06348295987527,91.31471956339365
354.84738721186454,132.64811609230605,106.88145446296028,91.33697549420549
356.0786660242687,132.13683873182202,107.53804636144692,92.35953021517355
357.2848372004013,135.1446553475417,108.27142776904469,92.63534450346002
358.32310910729234,136.51857961575996,109.35637371703496,93.0489857287958
358.1638144853406,136.3320916957257,109.67496296093833,93.4219615688643
360.9879451455804,137.57283641484054,110.4183324088832,94.13628751484683
360.8377859758766,138.568986955824,110.7186507482908,95.36276681680455
361.9283182812437,139.87533443992413,111.78070960177376,95.99319531282151
363.0655084358879,141.2265582007628,112.77599702079223,96.56041551945106
364.26445808255113,142.49006931984198,113.67226060206994,97.32755615589683
365.54231374033384,143.96211272131623,114.4368877649421,97.70380783138582
366.923817873846,145.15494596122755,115.01207869358339,98.65634054722888
369.9942695221349,146.4159962179969,115.59595849811737,99.49663158424609
370.75819682119163,147.53973938767564,117.45301588873389,100.63405723361853
370.19993513388704,150.6427479383919,118.5695392633431,101.29181579332051
374.69544019372495,152.01687571109522,119.95765839051376,102.00326999686266
374.0637444196252,153.0564894072661,121.22104993871321,103.41663021224687
375.3088908034449,154.19328358464224,122.26557948835085,104.67786417477168
376.16106189179004,155.56514404185415,124.13246569840148,105.5053716470887
377.52385225278414,156.97934485279362,125.02025335925582,106.29033840805226
379.00979905313494,158.0938008904623,125.68805955094982,107.70112612511049
384.2491982722546,161.44539031728112,126.22733244778254,108.34332816152087
383.56118256735635,162.71466370479885,127.60336385757896,109.49612250256433
386.84531132839504,163.83545055082453,128.49736042982624,110.98567585767529
388.4656494370952,165.2450044107335,129.02554908964436,111.93543301507569
392.1087387513834,166.61430406878435,129.32391913028528,112.98910803358268
393.85299105882325,169.7642217174954,129.64919944007718,114.31684258550385
393.46326284498195,171.01260451142508,130.4286558677597,115.6601646289744
396.7204239395156,172.67512027607438,131.6616725178489,116.20880251925412
397.94086813700756,174.0390787044954,133.12235931049287,117.3824608500399
399.1731631901989,177.35115217866814,134.60077970913193,118.64433491173793
402.0749278513723,178.80242819704839,136.76951528907844,119.72791532612406
407.8513811646319,180.13386096922633,137.32790922009994,121.10214996761505
407.3184291830904,181.62422329920543,138.39381318318294,122.18918411429172
410.56692600713154,185.0112575035085,140.1001897426707,123.61848591325565
415.7064765153384,188.1525780377977,142.27415422879176,125.63788851303374
417.1054892968713,193.766216730395,143.69318190850296,127.06177085617026
420.50937836198005,195.0878914552664,145.40909582146435,128.68026742801683
430.44642421035536,196.4278217026266,147.10679189342443,130.3147644870386
429.49421549934783,197.99752281868257,149.0112093154395,131.54220441024177
430.8467063057052,201.65009592905238,150.72224998014542,133.06910274434333
432.17009319075163,203.06222306684083,152.54246921776314,134.71184147647708
435.82345818428,204.41930529953103,154.27876058940902,136.51918769044795
441.63910301148815,208.02893561389203,156.37955000816174,138.45464644383856
443.44896852001256,209.29255489517402,157.40073148590463,140.56832037606623
444.8198537415267,213.01708437729388,159.34951489010837,142.50036910629046
446.69423733359696,212.38242427380652,160.35243742217276,143.76968931326516
