212.0,305.0,300.0,136.0
210.52725513122346,305.3547706180574,302.9454897375531,135.29045876388528
216.23743581680893,305.62317603289665,305.07296478923405,134.7536479342067
219.050904690302,305.76262195862205,306.24135795754876,134.4747560827559
225.3279733008734,305.74216040507815,307.3019291248031,134.51567918984364
231.67808189861069,305.7157918930904,308.2485975533235,134.5684162138192
234.2198205373415,305.9071513670085,310.00320690076796,134.18569726598295
236.89896253698365,305.8255931067805,311.50166416215603,134.34881378643905
239.662888887076,305.82839604545995,312.85512219254304,134.34320790908015
242.63223995124395,305.70518559301127,313.8172161009662,134.58962881397747
245.83655996198874,305.66241364496096,314.32764655554575,134.67517271007807
255.90686902073233,305.3583027906476,314.9709282255406,135.28339441870475
259.206162397687,305.144453127175,315.32036605398423,135.7110937456501
262.5587627836594,304.911290124443,315.5758042005894,136.177419751114
266.36258998940264,304.91255594986535,314.9407235419783,136.17488810026936
270.00465876715896,304.9150172053553,314.61992299322594,136.16996558928946
273.84240547377755,305.0000284759968,313.90303595603314,135.99994304800637
281.23539136172053,304.70730224193494,313.0075176027803,136.5853955161301
281.54043960919364,304.7447742516862,312.3974211078341,136.5104514966277
281.5450068084202,301.37467671967005,312.38828670938085,136.31821675101446
278.3551113079434,301.19952583817604,311.8391700750892,136.66851851400247
278.1894301298991,301.21370651624215,312.1705324311778,136.64015715787028
275.0784781140525,301.19111522378375,311.4610068695115,136.68533974278702
275.3453980445953,301.16836751635117,310.92716700842584,136.73083515765228
275.99366287693323,301.1235806583511,309.63063734375,136.8204088736523
276.23862146344777,301.02094424734935,309.1407201707209,137.02568169565592
272.9819197936153,300.9493761152911,308.7598201863341,137.1688179597724
272.6672297868611,301.1718104205196,309.38920019984243,136.72394934931532
272.7679319564811,301.2519190007872,309.18779586060253,136.56373218878008
269.4473666016705,301.2226435820411,308.94207169870344,136.62228302627233
269.69033270496766,301.2559673557693,308.4561394921092,136.5556354788159
266.5820648770513,301.29437260401477,307.79657109083075,136.478824982325
266.6860615949771,301.38700888731444,307.5885776549792,136.2935524157257
263.64647007802176,301.4856219589816,306.80884935866277,136.09632627239134
263.7214142742303,301.686226997044,306.6589609662457,135.69511619626653
263.6108475255452,301.8666813953623,306.88009446361593,135.33420739962997
263.6281262408201,301.8914625845877,306.8455370330661,135.28464502117913
260.6169291004603,302.0204317228409,306.03755395058215,135.02670674467274
260.4792563199197,302.05263978101055,306.3128995116633,134.96229062833348
260.4176591015859,302.0918510338129,306.43609394833095,134.88386812272876
260.4615624053202,302.1216978681507,306.3482873408624,134.8241744540532
260.7947276499922,302.435436398493,305.68195685151846,134.19669739336857
261.23551114192173,302.57722053398754,304.80038986765925,133.91312912237942
261.8754333756894,302.5967461590694,303.520545400124,133.87407787221568
258.96675535191696,299.0186058315587,302.5805630631698,134.27302014273798
259.6419107572896,298.5402598863631,301.2302522524244,135.22971203312918
259.83478453694175,298.19189082423594,300.84450469312014,135.92645015738358
260.6512218165924,298.0691555175975,299.21163013381886,136.17192077066045
261.1019952453866,298.0329584375568,298.31008327623044,136.2443149307419
261.65805594749986,298.0754306678173,297.1979618720039,136.15937047022095
262.10605967947316,294.88190359337153,296.3019544080573,135.8407356448048
265.6059863436285,294.78699082837727,295.98918244589146,136.03056117479326
266.4610369581517,294.94062397116477,294.27908121684504,135.72329488921835
267.0919083084027,295.13369830935574,293.017338516343,135.33714621283642
268.26393962357054,291.78072818447026,290.6732758860073,135.41258909997057
271.9845203546196,291.56916736542394,289.82981972215975,135.83571073806317
272.2472250802882,291.62991407245215,289.3044102708225,135.71421732400677
276.26576925961115,291.5018083973705,287.8503635130638,135.97042867417014
280.8400802230324,291.44849466935733,285.26806994935515,136.07705613019644
285.1277531141445,291.4422397513742,283.22326451611036,136.08956596616272
286.7088525110241,288.0376687058507,280.06106572235126,136.39778086866025
290.8828527889749,287.977604921374,278.1731792216804,136.5179084376137
295.0750509646862,284.7703526835833,276.22339354862345,136.49780223482932
299.90432017022056,284.75179469761656,272.97060723429075,136.53491820676282
301.6357416285035,284.81340930650356,269.5077643177248,136.41168898898883
302.71155665804736,281.904441663082,267.35613425863716,135.9236837495328
303.87187806590623,282.14586180392206,265.03549144291947,135.4408434678528
311.388955226661,279.2052858218864,262.44856374751015,135.0983821188741
312.4137463796958,276.12619131893854,260.3989814414406,135.07681688134392
313.3752624841204,276.32686581625376,258.4759492325914,134.6754678867135
314.7640747405611,276.4134026963154,255.69832471970992,134.5023941265901
319.35567313861776,273.5026514796089,252.58546783338707,134.25355665021277
320.94639070068916,273.70032367467854,249.40403270924426,133.85821226007346
323.0272827568066,270.99835738664507,245.24224859700934,133.29548525650105
324.4808163429091,271.5492642221286,242.33518142480435,132.193671585534
325.7103800805916,271.96328910348393,239.87605394943932,131.36562182282327
330.67599690292514,266.99753431152874,235.72837472504997,129.73002256617826
332.5402427945512,267.80231125601404,231.99988294179786,128.1204686772076
334.26960110991047,268.4391454883709,228.54116631107928,126.84680021249389
336.03643555382314,266.3984435036771,225.00749742325397,125.38912269639826
338.22487263421056,262.0601492866507,220.63062326247922,123.14166882803801
342.94564497325047,262.6759443190316,216.54811692131958,121.91007876327629
345.29223820842077,260.72216819204243,211.85493045097894,120.53992875662723
345.3097550756825,259.0865939186261,206.6349488808173,118.62612946782178
347.71753904264295,259.96306167380567,201.81938094689642,116.87319395746258
350.0570024914076,257.92811078650675,197.14045404936712,115.9690856897169
352.3026066707672,255.88438521576342,192.64924569064797,115.16727680883662
351.86381291858646,256.68454454259154,188.7178745895601,113.56695815518039
353.8059408223032,255.03474520078726,184.83361878212656,112.14308698347473
353.89989659785357,253.5693201347156,180.00406516464705,110.43229504923919
358.280224408163,251.76524243918192,175.78428613118734,109.49957385314738
360.50489624813855,252.25948556149723,171.33494245123634,108.51108760851673
364.8494022685254,252.77515889192495,167.0251035071296,107.47974094766133
367.10557674354436,251.23151013886184,162.51275455709177,106.26962897702822
369.0843981010213,249.26967688538844,158.55511184213782,105.98373303674192
369.1267667708346,247.3055167755863,154.32502525455942,105.76670400839423
367.2711226050733,243.58880720140667,149.88021787831207,105.04402744898356
367.3091012097893,241.74203167268882,145.80525899971767,104.7385768372569
363.21308586458,241.72216619456725,142.20039146780437,104.77830779350006
362.6240639618729,240.06663226725988,139.50018476137788,104.21112513627406
353.16468515739194,238.4271883629382,135.45153340904855,103.66211145136884
354.5294025555453,236.7107161603131,132.7220986127419,103.33781535627807
348.6012025220259,235.2434689278864,129.7374115639779,102.5620380421808
343.1405930513352,231.66471604597652,126.0506479643043,102.41555253547307
342.3578229602496,230.30948321305152,124.02311159511589,101.53294164996348
338.08288607837517,228.7861633785079,121.9300451717652,101.03193459001754
328.8147399936378,225.60854399541594,119.42221144739159,100.37246472491863
329.2771742431876,224.47102191866173,118.49734294829187,99.18942702875611
325.25015028296167,222.9817080671828,116.27709489612502,98.74328940750772
324.45119876218143,221.55286112990518,114.49166587442369,98.2176512188012
311.6565864974004,218.52471608575158,113.30248119540343,97.57933900496285
310.8766952760591,218.9759183975279,111.54359857525924,96.67693438141022
305.0705250697788,216.047959194287,110.04804555831987,95.97890607314204
299.2774982642068,216.58646438469032,108.66359065404812,94.9018956923354
288.78748988235486,210.87157024947237,107.21614083516901,93.51598877272383
287.6735907850245,211.63993749312044,106.28464431225794,91.9792542854277
280.46340232016985,212.0893352053859,105.10385321106907,91.08045886089678
273.16277702540236,210.8754511644175,104.26738948913689,90.42068408054018
270.396766063162,209.8084981170407,103.67138202582325,89.49057548139659
264.6767389166213,210.3610416378918,102.9519541273167,88.38548843969443
257.55569313426713,207.91078594186033,102.13902406197077,87.2639911797357
256.4775639464991,206.70427113873149,101.31485834390006,86.69659669238669
255.2135426800454,205.39393137667884,100.88432880628206,86.35870414596656
255.66839768663905,204.1992606830923,99.97461879309476,85.80155538547763
254.1813363175629,201.7632559514922,100.02526176429873,84.8266053147813
254.52960578531702,200.5179249820942,99.32872282879052,84.40867519948003
254.6478581442489,199.28431901270093,99.0922181109268,83.98477074007864
253.2126059046616,199.63128924158366,99.08207550613679,83.29083028231324
250.52922789549518,195.72110148076692,98.71018869832497,82.50324156472963
250.90357895737958,195.71069181398707,97.96148657455616,82.52406089828933
249.57678925090784,194.4695222410402,97.77537431431861,82.16670837100196
249.6630699100147,193.16294153992504,97.60281299610486,81.94880267479301
248.33954726555422,190.67685884474534,97.42496163403435,81.27117476316943
246.93622282247395,189.40881203900307,97.42037415533355,80.99603200979269
245.66477135603307,188.14198576901265,97.15654778780599,80.7229552493642
245.92766607369586,186.84316074330772,96.63075835248043,80.52234353285928
244.62534458134067,187.2321186429467,96.44847352253869,79.74442773358133
243.37416040830828,184.90668928991562,96.17926965403885,78.85214201051427
242.20635430872483,183.68723535604727,95.76186029215853,78.53802831720373
241.0027879489112,182.61962344969083,95.42746533950728,77.93172445763813
241.47652624908412,181.71317309087885,94.47998873916144,77.01803720416487
251.17350427520518,179.45659888365282,93.96681129039551,76.13667744619518
251.22534140495165,178.4053033721763,93.86313703090256,75.56415492182462
254.18185426938817,177.24543601078375,93.27861725635239,75.2196366674483
265.1732063660468,177.44333567535818,92.49353746154122,74.82383733829944
266.6184950191649,176.41508513872174,92.23420360314293,74.24909496373436
270.6700931654631,175.45051128258905,91.9848776661538,73.56028589079733
273.3187387340099,174.47214350008974,91.89352797196702,72.91405073434247
281.26472450596435,173.46776427912909,91.54808923647859,72.33172037486038
282.60359372439336,172.69264297111533,91.44669577323619,71.30561801727227
285.3577391442728,171.85298431936235,91.05463958832448,70.42681799335469
293.612952231811,172.10850249893818,89.77114979336802,69.91578163420304
301.48721577582876,171.18748381154268,89.08196433338267,69.24792873765234
301.60419400641797,170.34726373296584,88.84800787220418,68.43988053457133
309.2341598735825,169.34455328156102,88.41861579455065,67.9735448279351
310.64145995396916,168.26518121835704,88.06161730662473,67.67468728149558
313.21844933034015,167.0271318295793,87.80220070310267,67.7035049844411
322.0601282700172,165.89987470473272,87.22537151635643,67.51422942090458
323.6450397348715,165.0912511662198,86.48744503982837,66.69958004474991
333.29940531877196,163.9637593102981,86.43757120839658,66.54720658954719
334.79737129872694,164.35852520082733,85.84575230427771,65.75767480848867
336.21903126702216,161.8950896848661,85.38464247944196,65.92012561690197
336.544892729503,161.12053582264355,84.73291955448032,65.0914153342917
336.78389323993,161.52185200763665,84.25491853362621,64.28878296430545
336.03724252799776,156.96455075484056,83.41423791839995,64.0674573135348
338.3803697453222,157.16134338370654,83.36307363487826,63.67387205580286
343.2857730709601,155.95824939238682,82.79365353694713,63.76971340010611
350.4651709258088,155.0577889819805,82.25416909207648,63.26741567678097
351.3788368178472,153.8871541895959,82.71363408561155,63.32188848393834
355.83670795356744,151.5313862266986,82.97668195594098,63.44402933884791
356.8010662476243,151.58758515371204,83.34866834538914,63.331631484821045
366.58478484246916,149.34172412390137,82.21757043879992,63.21426872366727
366.7006184257738,148.2592539614405,81.98590327219065,63.09383713417489
367.32455784499984,148.27336667433852,80.73802443373856,63.065611708378796
366.37317963968724,147.27261946838382,80.38043591270588,62.806761188630304
364.63009109500456,142.93775141683517,79.36527958766042,62.47383046290594
363.7124618128693,143.0163783203929,78.97081470344712,62.3165766557905
362.574319014521,143.07729363296033,79.02596977579014,62.19474603065562
359.16237981742177,141.07081391678233,79.18986037737258,61.76771360126759
358.14863316494507,141.4080712542479,79.00179230351192,61.093198926336484
357.1579125631987,140.43823015971913,78.78152425612795,60.83117186451723
356.39239580171443,139.49819746511608,78.11848049962981,60.51715997425665
355.7978706334632,138.5897608829295,77.12869582324038,60.155198125737996
355.12075633884325,137.62714873945433,76.32510832091457,59.92260632112255
355.67188479788416,136.44256653111722,75.2228514028327,60.150028077608
357.17366684763596,135.45395906434265,74.34783746082472,59.99869285366148
361.04061344406875,137.69210595533255,75.0646415885798,59.74774773199199
364.4293027004898,136.8108980801584,76.76566826034762,59.39056218618776
374.01722727588185,136.6457802843792,76.84823025925562,59.72079777774613
367.1117325720683,133.01225527459783,77.78045448942585,60.5484652085805
366.84622747188706,129.39132132461683,78.31146468978837,61.267797842967376
364.62564879718826,122.63505597123746,78.36462598150361,61.61634037667894
309.5253753530069,61.57055032483927,82.94230156227628,58.318191991712084
295.4927514435173,60.70674358621341,86.63035055938853,55.61358750135163
267.65237914030496,68.58789645969327,91.09679697610302,53.21153345605542
286.1277078642049,64.12528907827266,94.69848866721912,50.87220679142
260.5437848779477,67.50086172444603,98.27341516612182,48.6537204965601
262.3506833429392,69.08998465691599,99.22079350579801,47.756062266449746
259.1083029744336,74.06781922922941,101.1478615474316,46.91577851257812
265.2465238585926,73.01877657673644,102.62507129710887,46.72158856456489
267.08085530434084,73.01742054927006,103.57712076072238,46.72430061949766
270.8653809719375,75.53009650146524,105.30500226255802,46.347415133621766
273.1488405569642,77.61087638487429,107.7661016996593,46.87120110490679
227.83597030611537,76.82417022967832,107.66448741137967,48.44461341529873
224.94610534139366,76.23459565124834,106.2028668347225,49.62376257215868
216.30099453234547,75.45905416278094,104.1876143512871,51.17484554909346
132.02125914619228,94.42072308373113,103.99236916242886,54.2347958691902
41.061002993098185,182.63007756023148,106.27652630533964,57.45244207946692
31.725198398686885,186.45228454447803,107.10102169261148,60.00637885471705
27.643987810135897,186.10652521888517,107.44737796833715,63.30325247302822
28.932370713054055,185.1379853410861,110.20346411113673,65.24033222862633
24.049275819872953,184.43801959926785,111.74930297972527,66.64026371226288
25.79264942716169,183.62468381638058,113.8360358473602,68.26693527803741
27.904512964251182,182.91023492693395,115.30276413920416,69.69583305693067
22.809110185313415,182.31641886172025,116.82012999053015,70.88346518735807
28.3348829453305,181.48271536185197,117.5035788789559,72.55087218709461
20.655709843076536,181.1453699519592,118.00202633963119,73.22556300688015
24.670683045596718,180.55647486584567,118.94432407309606,74.40335317910724
22.438692786149005,180.08443707077097,120.38372511034402,75.34742876925662
20.194865382759893,179.68219322676003,121.80946615022249,76.1519164572785
24.159971295301894,179.52712746660777,123.1693650725962,76.46204797758303
14.50796104215862,177.8764698172233,123.74009048438928,76.64114742726974
20.1390170661221,177.8016019719972,125.01294663861849,76.79088311772195
10.429158619395281,177.75403869875078,125.50117168617172,76.88600966421478
15.023851980403172,177.48126853129293,125.80417027625198,77.43154999913048
126.4535904906412,71.7632036979387,125.39193667515305,79.13170729899767
121.58339581074381,69.85311154497887,122.33160084949797,79.75171030855489
154.11753244434837,62.234159017522884,123.72211336422293,79.16609493919685
128.06989680259625,67.34277367237786,121.8292965456306,78.47617529456278
113.66606176965875,65.3847754285851,119.27804915212974,79.25628003621073
102.70342019551873,66.11547646898902,119.4291129536117,77.79487795540287
128.63108452050497,72.27963252669525,116.99042274540426,77.82072545043168
127.58649948714243,72.57032492581016,116.02724334154871,77.23934065220185
104.76930227331461,72.17139115473759,116.23855556514602,75.00900271407646
121.09388412180607,71.37270341439032,113.53163877258574,73.61215350432873
157.509806244127,79.05622380024805,113.95819965091457,72.89679375720743
128.72795760722943,88.26321666937076,113.02625520459958,72.03150053499503
126.31714663023077,96.11952448957678,112.0551500159385,70.80070275122903
124.84813806671671,105.09153217069588,112.13192791032381,70.02412278484749
115.23589520008817,97.81405314662759,111.41079696535107,70.33221177710564
119.142691799028,107.84941339167837,112.1284798592174,70.16780216774484
115.14541537399163,105.29631721710504,111.5678381289702,69.57053146334489
108.70223388095629,114.82988407339661,110.28749975336771,70.33677965710416
