92.0,91.0,45.0,98.0
91.98794521192369,90.98812124753394,45.02410957615263,98.02375750493212
91.85310089248081,90.97982194805888,45.29379821503837,98.04035610388222
91.8905618835168,90.74517600606936,45.2188762329664,98.50964798786129
91.83104779527756,90.5724577523542,45.337904409444874,98.8550844952916
91.85467204436594,90.60869132740736,45.29065591126813,98.78261734518529
91.910365931705,90.54768091782542,45.17926813658998,98.90463816434917
91.89530221290758,90.65194397100251,45.20939557418483,98.69611205799498
91.7526534903457,90.62070817351322,45.494693019308606,98.75858365297356
91.7231059239368,90.72045517268715,45.5537881521264,98.5590896546257
91.66588636135036,90.78145759925648,45.66822727729928,98.43708480148703
91.57743675069412,90.89744921105574,45.845126498611755,98.20510157788851
91.54552697830175,90.75667667991927,45.908946043396504,98.48664664016147
91.69964232034829,90.80374311771078,45.60071535930343,98.39251376457842
91.67335734728145,90.80253149792313,45.653285305437095,98.39493700415375
91.60501071201048,90.70115731811035,45.789978575979035,98.5976853637793
91.62842177116417,90.70395486816705,45.74315645767166,98.59209026366591
91.69833405343103,90.78134808086375,45.60333189313795,98.4373038382725
91.84534035741285,90.73275562603601,45.30931928517429,98.53448874792798
91.60108740867499,90.85747200824599,45.79782518265004,98.28505598350803
91.5205900760653,90.8075842311184,45.958819847869385,98.3848315377632
91.67498485554478,90.79472334225345,45.65003028891046,98.4105533154931
91.66551733435303,90.49671945504059,45.66896533129395,99.0065610899188
91.7912681411397,90.33716839237456,45.4174637177206,99.32566321525086
91.76703359998794,90.31248026123043,45.46593280002412,99.37503947753913
91.85102938757765,90.2720545436835,45.297941224844706,99.45589091263301
91.98694592896359,90.48741529587477,45.026108142072815,99.02516940825048
92.08159014521365,90.56669208998149,44.83681970957269,98.86661582003703
91.93559312269372,91.68208380439064,45.12881375461256,98.85853036934347
91.88103720464534,91.7318021039864,45.23792559070931,98.75909377015196
91.76245150792423,91.69289521996835,45.47509698415156,98.83690753818806
91.63609331665667,91.64586440444624,45.72781336668666,98.93096916923227
91.57263384611664,91.4968847783075,45.854732307766724,99.22892842150976
91.54409663775226,91.48180183622841,45.91180672449548,99.25909430566793
91.42936803336347,91.52246923405954,46.14126393327305,99.17775951000567
91.43625141582748,91.5029512233252,46.127497168345016,99.21679553147438
91.4868038234446,91.50479348872432,46.02639235311081,99.21311100067611
91.60092718932351,91.62136558889918,45.798145621352965,98.9799668003264
91.5710973052281,91.48330189842171,45.85780538954381,99.25609418128133
91.71691052643874,91.21883047716925,45.56617894712253,99.78503702378626
91.53820423807053,91.38418895318449,45.92359152385894,99.45432007175579
91.47357678615546,91.56222478635627,46.05284642768907,99.09824840541224
91.45059381468803,91.57654349604613,46.09881237062394,99.06961098603252
91.41072720720729,91.74344809952197,46.17854558558544,98.73580177908082
91.36122433930572,91.68030867855245,46.27755132138857,98.86208062101987
91.43425764324992,91.78002355039186,46.131484713500164,98.66265087734104
91.403492403289,91.67507945676954,46.19301519342203,98.87253906458568
91.35844820985093,91.7202898586495,46.283103580298125,98.78211826082578
91.34767517186411,91.63472666067587,46.30464965627177,98.95324465677302
91.36203428004147,91.64909376271507,46.275931439917066,98.92451045269462
91.46227568228149,91.57392371190328,46.07544863543703,99.0748505543182
91.54141048221581,91.65250533197667,45.917179035568395,98.91768731417142
91.59412587202603,91.58122998791264,45.81174825594794,99.06023800229949
91.50781217322978,91.57084434225685,45.98437565354045,99.08100929361106
91.45574642490541,91.53379548984208,46.08850715018917,99.1551069984406
91.5201828110997,91.76489135207362,45.9596343778006,98.69291527397752
91.54693698820566,91.71051321039059,45.90612602358868,98.8016715573436
91.32593064629047,91.61472635527248,46.34813870741905,98.9932452675798
91.48416996984163,91.53798350126132,46.03166006031674,99.14673097560211
91.46458355111001,91.6727041040445,46.07083289777999,98.87728977003577
91.53033918031085,91.66780790495991,45.93932163937832,98.88708216820493
91.47376021889447,91.6368923728673,46.05247956221107,98.94891323239017
91.43891749974722,91.48548894259719,46.122165000505575,99.2517200929304
91.50811635928076,91.56521169873916,45.98376728143849,99.09227458064643
91.54129705996046,91.56187051244765,45.91740588007909,99.09895695322945
91.51319751929174,91.58765519592724,45.97360496141652,99.04738758627028
91.35505112143048,91.57242035435513,46.28989775713906,99.07785726941448
91.54559075786784,92.72050864829532,45.908818484264316,99.03288599431782
91.62896818967545,98.30768501470115,45.74206362064909,99.07798508964424
91.65859629236981,106.08364436418103,45.68280741526038,99.21747366583573
91.65224988271899,111.59165749005447,45.69550023456201,99.4145549112526
91.81600128550039,111.83999834079108,45.3679974289992,98.91787320977937
91.7935917373303,111.8564597920337,45.412816525339395,98.88495030729413
91.97021491518257,111.76023309413551,45.05957016963488,99.07740370309051
92.13727156452086,109.84480071782316,44.72545687095827,98.44893470072762
92.29013155519817,110.18424443893964,44.41973688960364,97.77004725849466
92.41721241507987,110.34706898213206,44.16557516984026,97.44439817210983
92.54366621473625,110.43378284266885,43.91266757052749,97.27097045103625
92.54005016015365,110.6030807560144,43.91989967969269,96.93237462434513
92.66299569355027,110.74248100657553,43.674008612899456,96.65357412322288
91.53096157843706,110.69418937168487,43.76792485607892,96.7501573930042
91.58155070445162,110.70504289307819,43.66674660404978,96.72845035021757
91.66125040083998,110.87819627458384,43.50734721127306,96.38214358720624
91.72563718616004,110.9495911435113,43.37857364063294,96.23935384935135
91.76579180083,110.90224074420217,43.29826441129302,96.3340546479696
91.91162845496012,110.87716869712781,43.006591103032775,96.38419874211831
92.00976471610235,110.73462829153448,42.810318580748316,96.66927955330499
92.20078586632994,111.72899641893255,42.42827628029315,96.83574419659772
92.08135431554248,118.82026994704566,42.66713938186807,97.70939244206482
91.76819650066184,125.9755352491663,43.293455011629334,98.57313216469257
91.7191969974912,128.66569532645468,43.39145401797062,97.57542640703625
91.82483978287001,129.71666707806986,43.18016844721299,97.65205021655706
91.92940927108128,128.58040568917892,42.97102947079047,97.74861229400315
91.9568988235539,128.82562960006996,42.91605036584523,97.25816447222104
90.81467882961847,128.78458179320734,43.034890129219264,97.34026008594626
91.00966979288852,128.8227503809516,42.64490820267917,97.2639229104578
91.17040485236437,128.91583252681397,42.32343808372747,97.07775861873301
91.18253787094565,128.94575993998635,42.29917204656489,97.01790379238825
91.13209478156182,128.85025123680725,42.40005822533258,97.20892119874648
91.09526904568817,129.8783361762434,42.47370969707987,97.30854491714436
91.02212404731432,128.85665453131196,42.61999969382758,97.19337269192394
91.08654688127505,129.0013456337826,42.49115402590609,96.90399048698274
91.15956019997344,129.8730008965535,42.34512738850931,97.31366205998023
91.35919520961052,128.80688865529612,41.94585736923517,97.28954495443696
91.4603949682029,128.69918486255693,41.74345785205038,97.50495253991537
91.45028052628982,128.82691932211003,41.76368673587659,97.24948362080917
91.49726467168594,128.8601737281112,41.66971844508432,97.18297480880679
91.50088494883568,129.93854625695735,41.66247789078486,97.16875160741526
91.54017746604796,129.05207032031348,41.583892856360265,96.79951538200362
91.68059432011201,128.71688464138106,41.3030591482322,97.46988673986843
91.60621576390824,128.97848013875293,41.451816260639745,96.94669574512473
95.59523589285355,128.69798704406455,42.01478071316481,97.50768193450148
106.24547502902715,127.75568546847751,42.24748377772,97.23896695198532
114.51075579763204,127.3181279920624,42.945218778689664,98.11408190481555
122.87831149075889,127.48192799981825,43.63825419404056,97.78648188930384
131.38552712950664,127.30045169737971,44.1115754201049,98.14943449418092
141.43115107699688,127.0778958000924,43.816310721272835,98.59454628875554
149.27639055120986,127.07425607063826,43.53159044845761,98.60182574766384
150.55481920415014,127.34688423445746,43.170650608561715,98.05656942002543
150.83861243958228,127.55259124543383,42.6030641376974,97.64515539807269
150.70637119906422,126.8306297557735,42.867546618733535,96.92338591243427
151.71674747655064,126.75803701448879,43.00668675366266,97.06857139500369
161.16042433410496,126.28598334308528,43.59935451526063,98.01267873781072
170.96904025473026,127.39936495719543,43.67922137640603,97.97448203207884
179.5774716217235,127.45819627031452,43.97769408651023,97.85681940584067
179.01696552491256,127.68991381047647,42.905751803845455,97.39338432551676
179.19256148527512,127.90436934511804,42.554559883120355,96.96447325623362
179.13704120959687,128.1830633931031,42.66560043447683,96.40708516026345
179.03039690248568,127.91272028777226,42.87888904869925,96.94777137092518
178.9382276283459,128.23953209242498,43.063227596978784,96.29414776161974
178.94775647784516,128.14444571064894,43.04416989798027,96.4843205251718
178.79489725778606,127.97580795861404,43.34988833809846,96.82159602924163
178.8631987056669,127.86108350942496,43.21328544233681,97.05104492761978
190.72955681942958,127.4169501363453,43.326667879984065,97.93931167377909
199.30356056933837,127.2340081383537,43.640296657780326,98.3051956697623
207.97974364939924,126.22166570905975,43.83616656113374,98.13635102041582
210.13553024323602,127.19366687990042,43.91364272633269,98.38687335517076
208.96420121175709,127.02023043640966,44.05677916305379,98.73374624215226
208.97312107337763,127.19814541551983,44.03893943981265,98.37791628393192
208.89221136359308,127.55885347065151,44.20075885938179,97.65650017366858
208.9605458506227,127.7079982873567,44.0640898853225,97.3582105402582
208.9741098493937,129.35172592512527,44.036961887780514,96.25798627078413
209.0628613631374,129.37892795514392,43.85945886029318,96.20358221074684
209.21122107283662,129.01732562230598,43.562739440894674,96.92678687642277
209.22605532285755,129.03601082449495,43.53307094085285,96.88941647204476
209.22702846891488,129.1264807150003,43.53112464873819,96.70847669103412
209.10759369239088,127.71608589206762,43.769994201786176,97.36082541058059
209.06775789472192,127.53329645138155,43.84966579712407,97.72640429195275
209.11566008531665,127.68824905268733,43.753861415934644,97.41649908934119
209.08336344486742,127.53899315306055,43.818454696833115,97.71501088859475
209.0368353237598,127.59383021876035,43.91151093904835,97.60533675719515
209.0833231313035,127.81155018630139,43.81853532396091,97.16989682211306
209.07937650885256,127.83635814131259,43.82642856886279,97.12028091209068
209.1446197471015,127.73498045859424,43.695942092364916,97.32303627752736
209.01518303194712,126.75974152461548,43.95481552267371,97.09325699933507
208.95231990536956,126.72517311484668,44.080541775828806,97.16239381887266
207.6249920234341,127.79970019327223,44.55052232842894,97.19801487329237
207.52518889051552,127.72439636802709,44.75012859426607,97.34862252378267
207.5266468540401,127.81491131591225,44.747212667216914,97.16759262801233
207.31503080780683,127.72160385734742,45.17044475968345,97.35420754514199
207.2684167090875,127.89660676264208,45.26367295712213,97.0042017345527
207.20569328169,127.92908327352633,45.38911981191712,96.93924871278418
207.19281834070856,128.0101026095124,45.41486969388003,96.7772100408121
207.26199700267972,127.92760663758222,45.276512369937684,96.94220198467241
207.48713272200024,127.87177208011192,44.82624093129663,97.05387109961298
207.51982561432362,127.63827359599199,44.7608551466499,97.52086806785285
207.49118822944976,127.76228498611695,44.818129916397616,97.27284528760292
207.4836740469053,127.59975666902936,44.83315828148655,97.59790192177812
207.44875213364975,127.65153155531189,44.9030021079976,97.49435214921306
206.1917072866198,128.6766731581099,45.213180592374634,97.64798015329998
206.34514580420202,128.46115140900608,44.90630355721015,98.07902365150761
206.43851670857995,128.42887452552742,44.719561748454275,98.14357741846493
206.46238372474673,128.4448969610335,44.671827716120745,98.1115325474528
206.45926676023944,128.35017051591586,44.67806164513528,98.30098543768807
206.62932317662955,128.30289321426724,44.33794881235505,98.39554004098528
205.63479091876275,127.21103510278904,44.11991151383714,98.3721544496901
205.66452728671905,127.46606895147278,44.06043877792452,97.86208675232263
205.84892169076204,127.82553726742783,43.691649969838494,97.14315012041251
205.780001553197,128.0179618930436,43.82949024496862,96.75830086918097
204.7648594289903,129.16352769824846,43.68537322016307,96.64157053199023
204.82520933602902,129.34797600003205,43.56467340608559,96.27267392842306
204.88319714699648,129.4970082617378,43.44869778415069,95.97460940501156
204.7621149559071,130.4587398575951,43.69086216632945,96.20748338614735
204.95756942472522,130.4437190809888,43.29995322869321,96.23752493935991
204.96543831768983,130.31273338989018,43.28421544276399,96.49949632155713
205.01183019141368,130.18288172235225,43.19143169531629,96.75919965663304
205.04661384269195,130.13965225753282,43.12186439275972,96.8456585862719
204.7894683756798,131.1264477859051,43.63615532678401,97.03530749785726
204.7799755779631,131.08500544899084,43.65514092221741,97.11819217168579
204.57232595125592,131.01006068063734,44.070440175631816,97.26808170839281
204.54269012486867,130.88119605365625,44.12971182840629,97.52581096235498
205.4744109494786,130.9441324281569,44.457086903240224,97.39993821335365
207.44150192199209,130.94487112521762,44.912362362016324,97.39846081923223
207.41817476429435,130.8334893850008,44.95901667741178,97.62122429966584
208.30632592426807,130.82008248597978,45.389451239262755,97.64803809770791
209.39428932318327,131.95033894812047,45.42818055194263,97.60218128393677
209.66856461716918,131.88937687688053,44.879629963970814,97.72410542641667
209.8173612926559,130.61800606314074,44.582036612997335,98.06000382565041
210.86075382074722,129.62323347215317,44.701762557131616,97.84303800730865
210.6112093709157,129.3692518798456,45.200851456794695,98.35100119192379
210.5975394154974,129.2119105157492,45.22819136763125,98.66568392011655
211.44033345510496,129.32615501271732,45.769241065342186,98.43719492618035
212.31974458294107,129.5032953335759,46.24319967555029,98.08291428446319
213.30667529429138,129.42788055323524,46.50523643125,98.23374384514449
213.25976298299878,129.5824031208686,46.599061053835186,97.92469870987775
214.60279908673772,129.5670364645243,46.1527850817663,97.95543202256636
214.5589096314036,129.1437390837653,46.24056399243457,98.80202678408438
214.6050602529595,129.01260370230617,46.14826274932275,99.06429754700264
214.63793428637808,128.6403284626909,46.08251468248555,99.80884802623316
214.7118468356118,128.56041324176437,45.93468958401815,99.96867846808621
214.73286067678484,128.65034851550743,45.892661901672064,99.78880792060012
214.84447897674477,128.84262323098176,45.66942530175221,99.40425848965144
216.07458408281917,129.01496629493715,45.45431864250805,99.05957236174066
216.31607615586077,128.9434107395947,44.97133449642484,99.20268347242555
216.23285450002328,128.92270415060594,45.13777780809984,99.2440966504031
216.179675248229,128.65697397777393,45.24413631168839,99.77555699606708
216.31249943040905,128.341968060623,44.97848794732832,100.40556883036896
216.4441598652689,128.3085535496857,44.71516707760864,100.47239785224353
216.64828259551507,127.66102313361142,44.30692161711622,101.76745868439212
216.5932313179536,127.34439870767346,44.41702417223914,102.40070753626804
216.76814045850674,127.85258783558045,44.067205891132915,103.65089282482685
215.82073312724236,127.04658333171943,43.68355288764056,105.26290183254888
214.70447526857566,126.51701112143266,43.62111827242782,106.32204625312245
214.50387517789983,126.81640849319496,44.02231845377955,108.03237162578104
214.19030263735624,125.63415303409069,44.649463534866726,110.39688254398956
212.47265208043177,122.997559658039,45.69860325975337,113.2839079071307
211.82508814779555,122.28803350300188,46.99373112502583,114.70296021720493
211.57789200385062,121.37329711131754,47.48812341291566,116.5324330005736
209.9683024076282,119.9711970716036,48.18216265601125,119.33663308000149
211.20991320218246,120.19466842840693,48.27685136239448,121.46760066188662
208.64572140671896,113.40992351048226,48.18467747395871,124.5959755390104
208.18836622529247,113.32928112516797,49.099387836811665,127.41086120798786
208.0016825650627,114.90873490215805,49.472755157271195,129.6728182993935
207.7227315681595,113.66311026665707,50.0306571510776,129.41446289662565
208.4909012356387,114.65286316130485,51.25022800532888,130.19086729653975
207.040920148512,114.81616152169539,51.36127805134079,129.86427057575867
207.04725935981,112.97385731626234,51.34859962874473,130.76267792318865
208.48876152007142,112.54838515460295,51.26448920477216,131.61362224650742
208.38020265329703,112.69726298480293,51.48160693832093,131.31586658610746
208.4766657877256,113.1607265107386,51.28868066946374,130.38893953423613
208.5406041025652,113.62834177210857,51.160804039784566,129.4537090114962
208.36953183262258,113.7349337338943,51.50294857966979,129.24052508792474
208.0651323055768,117.80419942095583,52.111747633761325,129.44126837087634
209.39714192801642,118.29724375908141,52.24124159291136,128.45517969462517
210.95525324512732,119.66950740606198,51.906633823760004,128.49226726573445
230.54246121758928,92.32839874466413,51.598841510550876,130.42692394548874
231.79170601537746,91.38428947499423,51.89889332070169,132.31514248482853
231.75192102864423,91.08777316577851,51.978463294168165,132.90817510325996
233.09777505537966,90.29337698227808,52.12776578930922,134.49696747026084
234.48317017775585,89.85180544499616,52.223490174526624,135.38011054482467
235.90964326461236,89.82422507629411,52.251459249540815,135.43527128222877
237.23246035047467,88.51142585255147,52.48803418071344,135.17866062681685
241.36493016941967,89.52689459652005,52.871390699127915,136.0304885243145
244.21990616454087,91.10230329351391,52.96518646052482,135.78154500614644
244.29669576890527,92.59005945151542,52.81160725179602,135.70600997785536
211.35662960009543,125.90954526968632,52.080506847391845,135.6782710835374
211.5076670781365,125.8488143617306,51.7784318913097,135.79973289944883
211.55006460785938,125.66330267819993,51.693636831863955,136.17075626651018
213.0421256035782,125.63208922866184,51.59226219646308,136.23318316558635
214.3923126106955,124.7066231582379,51.77370809230767,135.202295396355
215.53031545490632,123.12546807908649,52.3679920210467,132.62402632033667
215.67170986865366,123.88965882308571,52.085203193551976,131.09564483233822
216.85502658114697,124.55231210874743,52.53542384731787,129.77033826101479
216.83841050913577,126.95832318989974,52.56865599134029,130.56992845292615
217.97836849627456,127.34717788003294,53.10665615665808,129.79221907265975
217.9925784995891,128.9701789529011,53.07823615002898,129.36251052334268
219.2621071309242,125.61690700549028,53.34877085687532,127.64027850961475
219.33886992910752,128.9769784689512,53.195245260508685,126.49922810604264
223.63658223008477,127.49130818542447,52.91085256191409,123.92988073752278
224.73199884252082,127.48318861845304,53.44819112193731,123.94611987146564
225.40981569097485,128.22783334960903,54.830462739118325,122.45683040915367
226.13416891839748,129.99217331871915,56.122431993743355,121.66882618040367
227.13564477270808,130.16486312539536,56.87136256939564,121.32344656705129
226.91810459239025,129.86364541340998,57.30644293003131,121.92588199102202
228.09354850721724,128.56763998419387,57.73187134305203,121.7415766067795
231.25851918422245,128.2307810360246,56.96403197817789,122.41529450311808
230.3622926575875,129.1307859331218,55.979022622380995,123.39274711799044
226.2702198606492,126.95825965677427,55.83987972149452,124.96337017243118
227.1928054176862,126.44880494807438,56.78949844828801,125.98227958983097
228.6422096985412,127.441079605073,56.71695100366595,126.82399139292161
227.4665965095187,127.80460669582415,56.230972576379685,128.93414201675054
227.49652004391606,125.29298228411567,56.17112550758498,131.0981501237765
229.20074297643805,127.32471767526124,55.652186672308986,132.81369340102134
230.58845608509614,128.13611412279852,55.78187377600747,134.09601382696147
230.7438899300633,126.31827576120735,55.47100608607322,134.80576155803166
230.52859925517143,126.2541964980269,55.90158743585694,134.93392008439255
232.0078341350504,126.2325859048545,55.88326560507579,134.97714127073735
234.9271621694063,122.63497558243449,55.92550180826184,133.35102350773053
236.52411903717243,124.08084694854892,55.649308839285986,133.37700154205805
238.24413462526257,125.44981788521451,55.122473973739275,133.5522559793605
238.40457405669122,127.80073433497572,54.80159511088199,134.66316175055113
240.21768469223696,127.83366369641179,54.09205325648546,137.51398244437397
243.15002101737468,124.71938966920771,54.11748698806342,137.85242411692866
243.3732794133298,126.13910126954926,53.670970196153164,137.96337525641707
245.0471592781038,126.22141007633631,53.267183545005715,137.79875764284296
246.5567001335936,125.9756499211382,53.18247176785907,138.29027795323918
247.95931920879974,126.25014923960127,53.317141801730685,137.74127931631304
249.17427235276696,126.3297559096532,53.821675780977365,137.58206597620918
250.62308050249652,126.49636265309374,53.86525223655903,137.2488524893281
252.16902578852478,127.26404437529976,53.710544527601286,135.71348904491606
253.20553842311602,127.86085023746271,54.54985547145222,134.51987732059015
254.4546132253753,127.96761541070077,54.96183653445638,134.30634697411404
255.6180475196731,128.24096554048344,55.549356258356525,133.75964671454867
255.3427501160104,130.08512475406758,56.09995106568192,132.98827381318597
258.1159049845914,129.88901537715964,56.384787015490744,133.38049256700182
259.1087571687495,129.81453924069342,57.325369328216425,133.52944483993429
261.8406599809018,130.1032110080821,57.75173126007495,132.95210130515693
263.22185698283374,131.43062764636244,57.9335949626558,133.2415257350409
266.35650967409936,130.8062898740803,57.56760513305136,134.49020127960517
267.9096122099067,130.62854455237687,57.424664493005835,134.84569192301208
275.37625356959126,130.1663315842172,57.32076589920641,135.77011785933138
275.23172731958607,130.06623177786918,57.60981839921685,135.9703174720274
275.233180542538,130.03384149956057,57.606911953312974,136.03509802864465
276.647745173191,130.17680877974865,57.76407966389974,135.74916346826848
278.19341984645604,130.22671912437772,57.65767640428713,135.64934277901034
279.7481623394409,130.00392141208715,57.52981112708001,136.0949382035915
282.7272554986529,128.86919894744972,57.543217199720544,135.37858693733415
285.75428668977827,129.24401173797807,57.440513759994346,134.62896135627744
286.93779680746275,129.92167158673294,58.03651689795677,133.27364165876767
288.5256027914835,130.07962816210068,57.814843612979246,132.95772850803223
293.8094616551793,131.49245951988064,59.02893727496749,133.07751863981724
284.86648021501424,130.48684552342883,59.10341479936551,135.08874663272084
278.45060244698465,130.59735392723263,59.938989671696945,134.86772982511323
273.94660313695374,130.79737086734394,59.91532115180766,134.46769594489066
269.71243097506897,131.21449179328386,59.370655697147114,133.6334540930108
260.6139338170979,130.62099338029384,59.67171533640998,134.82045091899084
249.98312430947715,130.85575077222728,59.89716415218881,134.35093613512396
248.23783769577483,131.05451098370543,60.38541395977429,133.95341571216767
240.85121044597784,130.37195740807525,60.133008303245724,135.31852286342803
232.97060091279093,132.1066463141026,60.79169158541651,134.86965220821392
244.4339987594202,132.51637801868156,59.04387476436567,134.050188799056
243.1753570344134,134.29450635501462,58.578212055959234,133.47687828480997
245.31560296615086,132.77733876634545,57.26415382276806,133.5447798318646
245.8898621225472,134.81597797999518,56.11563550997534,135.35594840767712
246.2134203015705,135.40596750425513,55.46851915192879,137.12600950242603
247.63291478608812,134.96552420871558,55.59357855426798,138.00689609350513
247.44423953428839,136.46639686802223,55.97092905786744,137.9841170725509
250.32421778936504,136.52375493816686,56.18170067024825,137.86940093226164
250.27501089097777,135.53879851609628,56.280114467022756,136.85184911302736
251.9645046951246,134.18296817812043,55.8756713196355,136.58896532807267
256.79522731326153,135.6957298995813,55.104904103103216,136.52700122506482
257.2245683130907,137.2974562211503,54.24622210344491,136.27248669815353
258.56530651335083,137.72604761752547,54.494696540755434,135.4153039054032
264.588607975694,138.5104643641941,54.136277431436085,133.84647041206594
264.69400175699724,138.7240658490381,53.92548986882956,133.41926744237787
266.06193511019063,139.0471897994767,54.0727708988892,132.77301954150067
268.5661947216923,139.6066995977494,54.81717093278341,131.6539999449553
270.9968331065935,139.72473950281002,55.702999945010845,131.41792013483405
265.0271510581411,138.5187377985691,56.098972917977086,130.94407576233124
261.5123366531159,137.43137765215917,57.356596521937625,127.34679084906116
250.3257934195376,138.29883623619116,56.88144480397852,125.6118736809972
249.51354360432865,145.4507714123089,58.505944434396426,122.59798549233953
242.4482885131507,144.80243002807137,58.60132557604464,121.0876424526731
238.46234504130177,140.6661942951986,58.21327818468446,121.00017958336063
231.49417073440802,142.36543446835907,58.25652573476448,117.6016992370397
230.4688970162982,144.74568159794387,57.57735948300609,115.5709186658482
232.1539247291644,146.36653220424148,56.89554022194345,117.70568978259263
235.4791506689881,141.2220726359946,55.66031600403913,114.45653976472869
236.10966429121348,149.58032053157808,54.39928875958837,116.21094284987328
239.06013947341782,146.80124789682256,53.78298742720112,116.48443908736296
244.66364453584634,147.6302591052043,53.11810594164332,117.46194883042423
243.51453564805269,153.5284510718502,52.77823359119621,118.85601552730441
254.48800226702127,140.39492750935676,52.050110671117636,115.94719846523574
256.93417790131264,141.14617251707477,52.35245104864798,114.44470844979969
265.06848577082076,140.3154736520691,51.568783400280005,110.94445681626163
271.86577329442616,141.0606971455577,50.55519667933616,109.45400982928442
273.50643599504474,142.81244548435322,49.750655597868565,108.42729747146296
280.0023242911171,142.59166923218038,48.99772583465287,106.42108061002281
282.6676962773161,143.6762326506348,48.477807789945395,106.65736673695926
289.15508044193973,144.1526560511506,47.50173405605031,105.70451993592766
290.6084987633278,144.4975591108328,46.96366861150619,105.01471381656324
297.90317277459474,144.84960281181054,46.47015582545708,104.31062641460777
300.3031789095259,145.09237913991535,46.33097180986504,103.82507375839816
300.4881714506159,145.3265920621815,45.960986727685004,103.35664791386586
291.97606519050987,147.19451650121997,46.831853426280475,101.92841986744843
288.34975119213783,147.4717737873391,47.177997342426124,101.3739052952102
279.60751830563476,148.87290993731295,48.561419219604936,100.87178212323781
277.35022294858135,148.724360373891,48.442106440139376,101.16888125008171
272.7043972072463,150.45029094420278,48.456914684605664,100.03623091900909
266.02080867782274,150.20190724578828,48.00647166910917,100.5329983158381
264.66924102309804,150.58212886815465,48.40725688417668,99.7725550711053
269.7497546499237,150.16913978101815,47.43912236255053,100.59853324537832
270.7833419849246,150.13207619819966,47.66536432939893,100.67266041101533
279.11682580594476,149.88484686231203,47.0874953195786,101.16711908279055
279.5942720435417,149.3523357152356,46.13260284438471,102.23214137694342
285.6052243385631,149.2217638125215,45.58227928663848,102.49328518237164
289.2518861089979,148.9629747631355,45.15426513516565,103.01086328114366
294.0354294589524,148.93515625216406,44.74079459836481,103.06650030308649
296.2062358336858,148.71866814580147,44.96301728647321,103.49947651581172
300.93958218966964,148.4395445662018,44.664759330537805,104.05772367501106
304.4824511403289,148.32131728759595,44.463783853884664,104.29417823222275
306.40601182828493,147.80924134519884,45.206235692490566,105.31833011701697
311.0298257062804,147.76793641666222,45.249525623614545,105.40093997409016
316.8394078397301,147.3061713108569,45.25381010783695,106.32447018570082
321.1451657853649,147.27565749734578,45.99478348120229,106.38549781272309
322.15359657431964,147.0944870600344,46.330025794903804,106.74783868734582
326.77496842209274,146.8591696419255,46.54035296749727,107.21847352356367
317.8982487019918,147.49602048185255,47.677234090094366,105.94477184370953
316.4262394221878,147.6227688398578,48.24591152670662,105.69127512769906
307.46728195328666,148.23222243653527,49.49238295247467,104.47236793434412
305.9712823131066,148.72814209063597,50.098701260782505,103.4805286261427
297.4897004359557,150.36477183045753,50.38950674502327,102.58903461365115
296.20489554295466,150.82362829013758,50.5853267537749,101.67132169429108
287.85302858071935,151.61390412602697,50.742739017221425,100.09077002251226
286.6132347020991,152.24685071549942,50.87899320800974,98.82487684356735
278.0592725875722,153.60998768309406,51.6970970865,98.42572010131573
276.584468784601,154.0023332233335,52.31137360965908,97.6410290208369
269.2493487830796,154.15711878122332,52.97566259076568,97.33145790505722
265.9165471195734,153.139988689978,52.61786734880245,97.02458523122266
260.2189478806358,153.49433659600922,54.69110918236657,96.3158894191602
256.0938444535378,152.88175107363605,53.51984210475481,97.54106046390655
261.23417495011637,153.01714793842308,52.65327570344121,97.27026673433252
268.3473012631857,152.06373658449664,52.435323193224576,96.84237275619836
269.7433639113717,151.97316511485542,51.96787801228714,97.02351569548077
275.78443598615127,151.7139470109422,51.482459788043684,97.54195190330722
281.34161641799636,152.23042757331953,51.96134206338546,96.50899077855257
282.3170930770314,153.84698926691357,52.32204295284633,95.58752159889552
285.49534477407695,154.69421888999386,52.87825049880925,93.89306235273493
291.677108371368,156.8892063776752,54.24683993995495,94.08045958928149
293.695569352239,157.32753247616273,54.839336609888136,93.20380739230643
296.03021008078764,156.24040811958992,54.79352425831455,93.06632155269025
297.0861010691241,157.01645350265238,54.99066000651183,93.82314851143545
290.5766647582811,157.05137140532773,56.39207438071125,93.75331270608474
289.42908317878863,156.67632599767916,56.34111529268888,94.50340352138187
280.9572346873671,156.8319632924377,56.789856486246336,94.19212893186477
281.283352369178,156.61074431197645,56.137621122624566,94.63456689278729
273.12772492849405,156.70546901135688,55.964322113421986,94.44511749402643
273.59480257907455,155.58456801558003,55.03016681226096,94.33772662863731
273.03294701691334,155.00833338820473,53.822079057371795,95.49019588338794
268.5986370558175,156.12282727528685,53.37721197438987,95.58957986051709
264.4406637911087,157.63512000853973,52.4040870454067,94.88726225861146
259.9210594830924,157.87811022798996,52.262090862345936,94.40128181971099
252.49539577249237,158.50566619754582,53.39920806828658,93.14616988059929
252.18708590375834,158.4298922843728,54.01582780575468,93.2977177069453
245.14334039526477,158.7496494430648,54.30820050642231,92.65820338956131
244.71282955577894,158.7959913383118,55.16922218539396,92.56551959906733
245.39454763559152,157.1492596602062,53.80578602576877,93.55116102171893
256.55179751965886,151.4069986387106,52.185726672268686,93.53877172324643
257.5889288038532,154.74815122057402,50.11146410388008,95.94309128940935
266.3057012527116,155.14348444296502,48.579011078882594,97.42400939787288
267.9010404364144,154.6659391811502,47.65519735478698,98.37909992150254
277.32825840968155,154.61795062911017,46.919201139553195,98.4750770255826
281.1527407309226,152.9755643386222,46.030434578091906,99.50645024621826
290.0403997276487,152.9754551825617,46.2783797191246,99.50666855833927
292.5850874245807,153.67509967938622,45.703497501512686,100.36462615281627
284.41726791729576,155.66690757800927,46.22151144664781,100.90033180398014
287.5719626144803,156.26958789313025,46.74169563947662,99.69497117373817
283.0044730787557,156.73276836945254,46.80434651731125,101.03669226949718
300.2424403645192,160.02876609498517,46.65904595414138,105.88824148788426
291.36924105506694,155.38706457949036,47.909136343825224,110.45841359623944
290.00682303284316,147.92749789153572,48.189110007237204,115.59809744800616
282.80538541456974,146.70848531617543,49.97137082055329,118.03612259872676
275.7853148897579,145.07531863652048,51.05682584104853,121.30245595803666
272.78782597391194,142.5555948243873,51.7370719299022,126.34190358230299
268.1619888072149,141.936649154012,52.762214245632386,130.32197226227487
270.9744884629937,141.32890547459562,52.772805083335975,134.35525469573815
273.40587864152036,139.4717484641164,53.66208774871768,138.06956871669664
274.6153232633294,141.7450854305002,57.133877820874375,139.41357409970368
274.76254906627344,143.04235336279945,59.86609846877771,139.8457104888967
279.8376351172797,142.18946473199344,62.04141427351041,141.5514877505087
280.75277444786184,141.5903299999826,63.35560413085102,142.74975721453038
285.09275520472625,141.18907254160933,64.23058548337083,143.55227213127696
286.0930311625701,141.82122278974987,65.44204267780256,142.2879716349959
292.60454094969657,141.6179731195399,65.27858979206962,142.6944709754158
295.04948714350087,142.72986124071153,63.60663681759863,143.68863414621023
299.97512633802376,138.94521840608712,63.364399345025525,141.64887889898642
310.6737465561062,140.38331636634842,60.98214792602391,141.94184781465768
313.7060652791825,141.04989174689564,58.04893555497958,140.6086970535633
311.54468427722617,142.08929688019063,56.25133688773304,141.5900671225529
305.7394627458827,141.840474185726,55.69262943052239,139.04542488150773
304.33486863637955,142.8319145116738,55.5061302675725,140.05823161156835
294.9803230175512,143.2234910145561,56.17362899191825,142.28201069135568
293.658354010665,145.22824622635488,58.817567005690705,141.32335278031104
286.00347789025614,145.39119193105557,61.79073527783087,140.9974613709097
276.8269186709719,148.36510175375935,64.48373961214857,141.3136873672024
274.0536277278007,148.92421024652606,66.84637988206187,140.19547038166897
271.1672680528038,146.84211091889233,66.2012166041281,141.15072772297273
267.96523586465105,146.4209421039314,66.18205513545871,141.9930653528946
263.55656886845065,144.2841079830651,65.3287580009119,139.8196461766621
262.071431956855,144.16368571720392,65.12203889758743,136.8834977818687
255.77629340239184,146.08907115015447,65.1898980245903,133.0327269159676
254.3050939809414,148.28985321671868,65.05672822170123,131.70673142862915
247.571333168337,149.439452609196,66.30876205408012,132.46140459188197
244.41799598112348,153.11739762908942,66.44224535359314,131.27870562700912
236.80078513129325,152.6607594110688,66.31877673066207,132.19198206305038
227.46824571236147,151.53546654671328,66.4869143128419,134.4425677917614
223.52416098597473,150.09545048093258,68.13773684842943,137.32259992332277
216.12296319794893,149.1484487047833,70.18250622900588,139.21660347562135
212.4814888091198,149.19516140427208,70.9604267479848,139.1231780766438
210.55918224849566,147.90404157336138,71.5404618926065,138.44083976183862
204.00116655048637,146.2622287876074,71.59823439877943,138.45990061088517
200.95474722879342,148.70475655877613,71.15939405346863,136.8406845628961
205.9076546768016,147.88448267563354,70.9570980810071,135.24672602132964
202.47708752649567,147.54391856302132,71.40302260367636,132.72024935758282
204.04294502140343,148.6514628853728,71.44938209011906,127.32708623662161
205.0557424397141,151.13797163199794,69.4237872534977,122.35406874337133
210.55734654470615,152.73320515534078,67.39426397432725,119.16360169668562
220.44728533431203,152.53528334203438,65.07140116930086,116.64994286093423
224.15091223329134,154.19493619031326,63.329724491092875,113.33063716437647
228.42115149785,154.62268862169714,60.297353654931115,112.47513230160874
232.58730262203858,156.69869790201062,60.03393636895724,111.0127420617828
242.5542185241029,157.19876880884152,58.74510595403794,110.01260024812106
243.1041768911164,160.4941506864148,57.64518922001099,108.67536416622825
252.32441538167512,162.29921115020682,57.32223102597854,107.65346020822778
252.17197949456823,161.49758338547875,57.62710280019232,109.25671573768392
256.3519382160303,160.203501961623,57.056561028183324,109.24842002842371
261.97655826612856,160.40168770867479,56.15344907632225,108.85204853432016
264.7149929996098,160.52759176311142,55.80691303487942,108.6002404254469
273.89234835753234,161.10833573815307,55.34070097453102,107.4387524753636
273.64474504880314,161.27422416236453,55.83590759198944,107.10697562694062
281.4266546118589,161.23618178277184,55.476527786342515,107.18306038612603
283.408191557376,161.19742123226055,54.04245979739032,107.26058148714861
288.5409413929258,162.6882892277956,53.79857560343116,106.78424936536362
293.9553429324423,163.4479511475128,52.946614359666754,105.2649255259292
300.2714751583786,163.41710620441557,52.6004867895664,105.32661541212363
299.8960355798312,163.04917952884492,53.35136594666116,106.06246876326497
307.0230900431827,162.91447782662317,53.95269826640279,106.3318721677085
311.085285779082,162.96527845045205,53.299038185406964,106.23027092005074
314.7655660007281,164.7864954277522,53.37085700604415,105.06529672009353
317.2833133911694,164.77479517185463,53.25862466199719,102.62706601347088
326.2590198686226,164.9794016853063,52.2746530940173,102.21785298656756
326.0544789588407,163.5584520590246,52.683734913580984,102.6587917584575
333.73074246362427,163.50757280843175,51.81810672180882,102.7605502596432
334.5356918754834,163.06333901582207,52.60924194361437,103.64901784486254
333.5016672626758,162.8411710521885,52.24957088112235,104.09335377212967
331.4361942421118,163.0793033254261,51.524485263576565,103.61708922565444
324.33998593319717,163.125309564414,51.26592314715334,103.5250767476787
323.2149716957497,164.24426885591166,51.113279929098184,103.68982985763341
314.582855541952,164.55850744857165,51.56046125610804,103.06135267231343
314.6476361262122,164.7078029038828,51.430900087587545,102.76276176169112
306.47076837544336,164.76396705220134,51.024036503368706,102.65043346505405
306.5913166703008,163.3012841988339,50.782939913653856,103.19011421437251
297.9299819388866,163.5835117140267,51.3798016626405,102.62565918398687
295.7390054581975,163.58052930627346,50.97879486401898,102.63162399949341
287.2375248327618,163.2098306599721,51.28937239423423,103.3730212920961
286.1234505019613,163.4667512917066,51.11666770349708,102.8591800286271
277.7636667861892,163.7885871854187,51.1038293944564,102.21550824120291
274.2991857108741,164.89419629562235,50.89069091512125,102.38499023078411
267.8885111732319,164.95468074645134,51.814582315192965,102.26402132912617
267.01897631379694,166.3225125201246,51.15995489218952,101.92205492365304
257.81339904711376,166.37590174480175,50.55211680769851,101.81527647429871
253.33904545255865,165.27516649233007,50.03965733504222,101.65145531380045
245.38685686671175,164.72652018859003,49.465932075108306,102.74874792128051
244.06415173237883,166.1954773788184,49.751262239382555,102.17091364521545
236.71285987406227,166.44617741785447,50.31423462288678,101.66951356714331
235.6852144461382,166.1315082978477,50.010487257490965,102.29885180715686
227.48800117134445,166.28306084557045,49.8641107159907,101.99574671171138
222.65709904188344,166.88357527239594,50.10190777615068,100.79471785806038
226.4478194331074,165.6899365759105,49.548151324637885,103.18199525103127
226.3012161816137,166.21135356500463,49.8413578276253,102.13916127284303
233.29945751848336,165.8462690929238,49.991089764464235,102.86933021700469
232.9998853408597,165.46152296767735,50.590234119711575,103.63882246749753
236.1317104585059,165.77639746213055,51.5044318386076,103.00907347859115
239.34809561939318,165.82868877958268,52.26941076169146,102.90449084368693
241.79145229543485,166.7780457777608,52.20457512596218,103.41671570550767
245.26226703727286,166.56146149607872,52.514924198954304,103.84988426887183
246.29069366386474,165.327609684901,52.88710634728143,103.8885524897164
249.6098473532058,165.62579719733122,53.556884749790676,103.292177464856
252.1165840518874,165.68113485365376,53.421055275185026,103.18150215221092
257.6556190856442,164.66803061977572,52.08241850102793,102.77285229662783
259.19850122544716,163.33307782592266,51.40243470691235,103.03697739884367
266.41135987204603,164.58716503796524,51.364076398661396,102.92669613891633
267.5815603341029,164.83234673167266,51.419290465055234,102.43633275150151
270.2010471326738,164.77610861810075,50.959097766090196,102.5488089786453
275.0316186590908,164.6322292016856,50.83024800854463,102.83656781147563
276.2065815197466,164.44601376284749,50.86537327513011,103.20899868915185
281.05340373982165,163.1959446829346,50.736155104948345,103.3180302814855
282.0188487598759,162.8863010467594,51.19572488049796,103.93731755383591
288.0391460169023,163.9425880828107,51.19255159871645,101.82474348173335
288.85942519013247,163.3465633032212,51.928505715902745,100.64028057726574
292.9008319571128,163.61533902551227,53.33307287447108,100.10272913268358
297.31981281771976,163.6917023889797,54.04744599104284,99.95000240574868
296.90642604812103,163.12945835650902,54.874219530240325,101.07449047069005
303.90317771910605,163.3640265543656,55.45347365280616,100.60535407497689
307.30318707323823,162.5556113850716,55.94875771749079,102.22218441356497
312.2087721645912,161.03101175947123,55.99394103666134,102.80729528929659
313.72678888061836,159.4258601347239,55.431399538536624,103.5441066048616
310.18169043780847,157.66126322509413,55.0974303535685,104.59857840059188
316.5827709400365,158.54950201756867,54.71781736809771,105.3066104194398
316.2622440735418,159.54974636494205,55.3588711010871,105.79451058306198
304.5613132453728,159.97841400324288,56.201478969534655,104.93717530646035
297.2143886857889,157.60800579362535,55.844728664773754,107.16955848837394
285.9961163606667,156.03334672481031,55.46497354151612,110.318876626004
308.73983637405996,158.2138978424631,53.749021110693455,113.68215455469212
307.5924173231624,158.68642648636998,53.44972276309774,115.33123371626913
295.5952176250592,157.5764779103261,53.92780152089961,114.9382063529786
291.94957595669985,156.9877924956249,53.37241658185243,116.11557718238106
219.90010931235915,154.69334148980886,53.20737997593877,120.70447919401309
212.06911036706305,150.7428942138256,52.74913616530203,125.91866679577484
215.1532675982151,149.6681507288652,52.088918427814264,130.82220212810375
219.40431059714933,144.54380464351433,52.02578962028967,132.6319371084616
223.57835407938458,138.16938501849665,52.19136353832681,134.0292285151535
224.3180806063769,139.02558861872558,53.572845006022916,135.17775583637643
172.10523195793567,143.51513351946608,53.52048757562276,137.80733878237132
172.53616510403702,143.11217394859807,55.597655808997345,138.6132579241073
179.54401181772863,142.87872758765982,56.52081546403073,139.0801506459838
179.96630506614943,144.02849026732673,58.68718204294288,139.79157836240373
185.8109527167389,145.44181322828803,59.23674579820224,140.02464720459065
188.31223691806454,143.70739944563923,60.37981971950187,140.4206536079128
191.28416346954472,144.55887284963111,60.633508029443576,138.71770679992903
194.09229368534187,144.80258847413825,61.17443560706515,138.23027555091477
198.1378611984356,145.25394457153487,62.326476754016234,137.32756335612152
198.65174284401456,145.44320384688052,64.38691187456638,136.94904480543022
200.98067892299304,147.36049109883263,65.96652083220206,136.23321085932236
206.80912968626237,147.33671015600225,66.85286532801007,136.2807727449831
207.51338993307465,148.21721790339703,68.59624228194298,134.51975725019355
208.63278190161242,148.79728557213076,69.51373599629994,133.3596219127261
211.31823714064507,148.63893316860054,70.45293617468641,133.67632671978652
215.75213135796199,147.36907327179603,67.93685473318955,136.21604651339558
223.40541941150596,148.0367893483924,65.3092174297971,138.0503490611267
229.46656368508766,145.63248302704653,62.63956140739204,139.70808419556565
231.8667814810982,144.83847462549272,60.96738736234056,141.29610099867327
233.11648470411455,143.97850940281214,58.46798091630788,143.01603144403447
236.981711542744,141.6602477400738,56.942228787814784,144.55020399512824
240.86539271669065,145.09644630826045,55.36930302380749,146.96946173458406
242.73654114007508,147.36186599164054,54.73074017388298,148.64609036151256
245.9054369098401,141.4599696433977,54.62543872585603,147.984902874992
248.79931653371457,151.1382260383955,55.04743427472118,150.3625318731457
254.85900238726143,142.00730749896636,55.51420023457941,152.89169686831406
255.3426400162168,141.9654517779916,54.54692497666868,152.97540831026356
255.52217873212476,141.16029689324046,54.18784754485276,154.58571807976585
255.47185327362865,142.13366185908092,54.28849846184491,152.63898814808493
251.099958657954,134.05961424319398,53.53625055498506,152.96035481617673
241.35771037317028,138.66861034574436,54.083098165901326,150.05491226395972
233.62710889106592,139.03895929911732,53.92084106672906,149.31421435721379
227.40268189662706,140.88686686902514,53.9250407558266,148.72956279234316
221.29709275328185,133.9633995087126,53.724705726158376,147.06210586751985
275.08095018854635,118.91617003943725,53.79600815308737,140.25175887551353
227.38842596284306,139.83406006543083,53.85049660336811,137.1440188239837
226.27950153210563,135.5992481394055,53.1329338443125,136.80740781444285
229.6215650653112,144.1428350283607,52.284252884570165,137.22657235653867
229.94561747795836,137.34525555454786,51.63614805927577,136.27917807194146
298.8253302788046,120.01796690552692,52.27362756902782,133.45126023563375
302.55371754975334,123.24871201364564,53.379156917632486,129.84387131623038
306.2906991933531,127.33312102573277,54.37085090418957,127.31882480789379
309.00106951600054,130.0816032105651,54.55612516243484,124.62486788999924
310.2087792572833,129.8658365985786,54.90799022381097,122.28911657003052
307.80309676259697,134.67581591922254,54.240148101955484,120.887968595585
312.05658405587354,131.19314781811613,53.85577502663707,119.73070328656314
313.7585998440333,128.98031922740168,53.135726843928595,118.78839368076966
316.90340147692297,128.33712735091763,52.161436257302974,117.41712109416096
318.8129850404655,133.6272336457623,50.96290013562856,117.31943252611386
320.7339924124329,130.07957072572987,49.718983492716795,116.62046406310957
321.04701022285735,131.5310428944286,49.09294787186788,116.28352408971253
322.6434063267887,130.42377970707503,48.450205675505714,115.94800045291913
324.2565750944211,126.69051978692815,47.75767610494182,115.81309639911022
326.92525390224466,122.77531260048454,47.459443735288005,113.56526028001082
333.604751876976,130.98243719210262,46.50957198667197,114.52378497795995
336.45386473170055,128.65872805014385,45.76887649369158,114.21367304540891
337.7529091957358,133.93753609122246,45.631880113666796,115.9615197034804
346.3806460716312,132.27608258359717,45.76295528381151,116.80063401559732
346.3893659214008,131.5165563235807,45.745515584272326,118.31968653563032
345.8431163699739,128.50716576923935,46.83801468712606,119.29903477321544
348.00578605474783,130.14180685953647,47.619397411824835,121.13647468686781
348.8211087887966,131.67704191941513,48.582513169831216,120.65976579321448
355.33497485022195,128.83700680292816,48.57530986733977,118.52751873397287
354.8602873315369,127.61817671843309,49.524684904709964,118.39192803107801
358.3911957630791,132.1582172058926,50.22734759756409,119.66448646407713
356.45129421104366,125.15224210383464,51.48815049922501,117.96243545373315
347.4189447651694,125.46246009290824,53.852792040324545,114.72532325047777
346.5476698876089,126.36227347504452,55.59534179544548,112.92569648620523
340.7251343961903,126.09059373559937,56.77961329032076,113.46905596509552
332.2752224606258,121.91059238365621,57.81746587156961,111.25441114239513
326.5029962504064,124.95070332426022,58.84554881741648,110.4323739984831
317.1222510701797,125.17098083505894,59.164379467730285,109.99181897688567
308.40161841631715,125.74793531374756,58.17015297694165,111.4715517050104
302.37890431372847,125.68714361069846,57.023831986978266,111.59313511110861
301.29664215514174,127.44529955965582,56.56796575697146,110.69721376037413
291.23217863778524,126.78235911435564,55.90180133630808,112.02309465097447
283.3034477793816,126.52951685919521,56.115439736089705,115.1360830474663
287.28055707556706,126.34235488429066,56.130814681983516,115.5104069972754
287.22174453322026,123.47287037996233,56.248439766677166,115.92484336117417
287.6810814684884,123.29973891579503,55.32976589614089,116.27110628950877
287.38108602462154,122.1621086374044,55.92975678387464,115.88693518743351
289.4721023341175,122.66122233481892,54.4119941651584,114.88870779260446
291.22512311244526,120.64574067136485,53.52923478727175,113.67310676197467
258.2684376735054,132.45470266005867,52.098167561316,113.36671905129931
259.8834694794963,133.7006085848073,51.42880214269357,113.43560539516147
260.3695904176281,137.48271481545183,50.456560266429925,116.07126773378054
260.87284065383756,138.36092462593365,49.45005979401104,116.88593768550581
262.4718352268244,136.30431955816195,48.8171520878115,118.43406638127517
263.86743091797223,135.5259695621192,48.60216448986306,119.99076637336069
264.19547794982293,134.1363833981188,47.94607042616167,120.17511928874836
264.3042696547775,135.98933680005968,47.72848701625247,121.64075434793791
265.3541470711533,135.86081142706973,48.23169572700609,121.89780509391778
266.5343327297046,135.16826252286143,48.48698536273465,123.28290290233437
267.8375721629734,136.65668076388593,48.52065292489559,125.58635927768226
320.0503498896272,123.12295924727471,48.375256701793454,128.5891501808573
325.8332522650631,119.27859339080112,47.66675002991157,130.84923285430955
327.02142149568505,122.28224945630556,48.024322667204224,133.04365401891064
326.88965284810587,117.55988093309851,48.28785996236262,134.1730894654801
329.66277928330555,116.82031480426295,48.32698164144442,135.65222172315123
330.7594946659368,116.42722991291714,48.94808684467152,136.43839150584284
332.15120662144716,117.71952186282606,49.001692027995304,136.6908367003696
334.9592098406436,119.49710968738111,49.068902843103416,135.97726967800997
335.9940488080312,120.52964472068817,49.83184973077984,136.7448244338475
337.32838113956234,120.82769874718205,50.020591026588,136.14871638085972
338.7787688726754,118.15881949041886,49.97210089980251,135.78190421550488
338.94293222404355,117.48349057830079,49.64377419706621,134.28640344979843
341.87839573348236,117.50026114812019,49.41048554995532,134.25286231015963
341.7326144104878,116.60628287361781,49.702048195944414,133.22669065787554
344.2026778140173,117.84901098591799,50.37130141685173,133.54592444725833
345.7722241124121,116.1126256460868,50.053526634366136,134.19737731261665
346.9894232020049,115.83073183400168,50.44406145243391,134.76116493678688
348.4049358731636,115.41943847979307,50.45308487134944,135.5837516452041
349.8196237567432,115.16589704041435,50.47570747508853,136.09083452396155
349.6166992190755,114.89511776907864,50.88155655042393,136.63239306663297
349.6254911001856,116.72704363680695,50.86397278820369,135.84328742800906
352.7589044611824,110.7004920109916,50.323389317915314,136.44390417622944
354.3303482163245,113.06482970595863,50.04248010015124,137.43918537133572
355.9426938229109,115.36711030951876,49.68893744556664,138.57692128139175
360.2529013716775,111.08019651066206,49.71157928453522,138.5076919426033
361.80383274448303,112.90686503477585,49.490156200577296,137.73479455602882
370.39659881726436,108.17325671248446,49.4969059963115,135.74048990641364
370.25802204314857,110.13329063704003,49.77405954454309,134.65740289332763
370.0386452048841,114.19753351903331,50.21281322107204,135.00836597100906
368.8339175212178,113.92545080969025,49.782845065568885,135.5525313896952
370.23417617406625,112.8752638871236,49.82178526778559,137.6529052348285
369.8159879045112,110.95641268965396,50.65816180689572,138.62039406584833
359.31258733733836,110.70001728115568,51.370707340263706,139.1331848828449
358.74560390860194,106.94975330858725,52.50467419773656,137.87554838073856
347.5872918624664,104.20303048791017,54.36881529950546,134.60364416902027
339.90600183055716,100.42442378200795,55.19083964716309,130.52841300789618
329.43708482964513,100.34243832455014,56.08122257644099,127.82846234101945
321.52872538454375,100.97508967271779,54.854447112937706,126.56315964468416
320.1321359138991,105.0582001920736,54.847007309167346,126.79879484115156
265.2035146829951,127.62285787999924,55.35220697031657,126.53185599890386
265.30009390190037,123.97175153684577,55.15904853250611,125.4072296256079
265.98023321390184,123.47642793117284,53.79876990850316,126.39787683695377
267.8800054646337,127.27109191728658,52.77879418354458,129.92682397074748
268.11443535641257,122.49917873219856,52.30993439998693,131.03345975319704
268.01076637551455,114.33508134867569,52.51727236178291,130.44181627047465
269.4895001271268,113.34744838933005,52.37495961106558,129.6019274366588
269.8615655761944,120.03752878520578,51.630828712930494,130.22436737047872
318.8719204033628,99.05706488513171,51.477094717114895,130.24230560268913
320.29756914636243,97.2535295923773,51.41950648911351,131.05566693020018
320.37845003301544,97.54289571373415,51.257744715807476,130.47693468748648
320.30472632840224,94.72742219579415,51.40519212503389,130.52156204871952
320.39338356945984,94.97135906253212,51.22787764291864,130.03368831524358
321.7821820680317,96.2982316127541,51.236532748489324,130.16619531751408
323.2567862773776,96.44580103722559,51.07563668784799,129.87105646857108
323.44395591225464,97.64103804638209,50.70129741809403,130.26177247837668
325.05080393114076,97.08258440444408,50.26770505992014,131.37867976225272
325.0043329494962,97.03189919623159,50.36064702320929,131.4800501786777
325.0810595429925,97.37380950792186,50.20719383621666,130.79622955529715
326.4351784038354,96.9328289511366,50.27787425654782,131.67819066886767
327.87197720335115,96.49814814633925,50.1971227431236,132.54755227846238
329.25253417354475,94.8174556152763,50.23987573464659,133.10507040867802
329.1164506983452,95.97225762184647,50.51204268504568,133.6080978488274
328.98256559580443,94.59146095678213,50.77981289012722,133.5449496205497
330.26705828048847,95.72513370077361,51.03947827294452,134.10625488475213
331.8075630111182,95.7791021418656,50.799839668689685,133.99831800256817
331.492529789428,93.44219356843855,51.42990611207009,133.00110633610072
332.7779343206878,92.52889577361807,51.691613011373136,131.99518596391886
332.73251974385454,92.8427436570681,51.78244216503969,131.3674901970188
333.0172158622855,93.10088235371532,51.21304992817776,130.85121280372437
333.31018568505806,93.49631203868061,50.62711028263261,130.06035343379378
333.4178039992746,95.63476733130713,50.41187365419958,131.3352035388868
333.5448868868483,94.10777441761076,50.15770787905212,131.59885976227525
333.79388973676373,93.1157329342778,49.65970217922128,130.79339399519446
333.90690024146517,93.01860438835953,49.433681169818485,130.987651087031
334.07878542438425,91.50226532536206,49.08991080398025,131.2525664360678
334.10538215295696,92.92746484542118,49.03671734683481,131.16753847915658
332.7637674458405,91.28949175037508,48.95675253572876,131.68029044390977
331.44744301142475,91.44627466868526,48.82030158937647,131.3667246072894
331.52576844099457,89.96934925310518,48.6636507302369,131.55842788782718
330.33739022816377,90.04290667055346,48.27833928287502,131.4113130529306
330.40981388555514,90.33453816512834,48.13349196809229,130.82805006378086
330.44662123146117,91.01814828399239,48.05987727628017,129.46082982605276
330.5168979005715,91.3879700737537,47.919323938059485,128.72118624653012
330.72787488389446,90.46188612866591,47.497369971413605,127.86535043519356
330.6007246620129,91.7092712494616,47.75167041517673,128.05871569060238
330.65227681938126,91.7245215708295,47.64856610044004,128.02821504786658
330.57173040426994,91.93234775986855,47.80965893066261,127.61256266978847
330.61483229724854,91.89389318445458,47.72345514470548,127.68947182061639
330.66181790931404,90.94895019109677,47.62948392057442,126.88966714508342
330.72483636692186,90.80084460417572,47.50344700535885,127.18587831892553
330.5341861159344,91.19538633052646,47.8847475073337,126.39679486622404
301.3478796815668,92.99017216051887,47.42801351175255,128.1553456484498
301.3356772014869,92.24906403400385,47.45241847191234,129.63756190147984
300.2068451045424,86.45666734266395,46.99738371112482,130.37155946545388
301.35565758029327,89.07827131145115,47.414727094920075,130.5582881984733
296.92917744062476,88.9521960155438,48.09211337635635,130.81043879028798
295.33624725348915,89.04010700159607,48.53693204190888,130.63461681818345
295.07833639353294,90.56016733405106,49.0527537618214,130.3410465950166
295.2550535441145,87.61832823303406,48.69931946065817,130.72145231344567
293.86578494668606,89.9808996715677,48.72713461120732,131.49775352499387
293.9593784941434,87.27509305328763,48.53994751629273,131.38467841038818
293.94704897279235,86.53972999338214,48.564606558994825,132.85540453019917
294.01912727875975,85.46476930870007,48.42044994705998,135.0053258995633
326.1506391990437,85.60339368462999,48.718099226143,131.92109135989256
296.0748223988941,84.4399106126036,47.968368829666275,134.24805750394535
297.4974552392777,84.32496530588124,47.911073189973955,134.47794811739007
297.20763845650004,83.70546179685286,48.490706755529324,135.71695513544682
296.9621745225663,82.08684075600159,48.98163462339692,136.13576774396276
298.0721893880226,82.18030130639929,49.5949156861939,135.94884664316737
297.68364542427355,82.023201045175,50.37200361369194,136.26304716561594
294.69876779892843,82.66582624550568,50.62122714145282,137.8380626264193
294.5453343484304,82.3469302371318,50.92809404244887,138.47585464316705
295.5532490148022,81.5415057036361,51.81425148293157,137.18471693693212
315.7261194677282,77.0149446960437,52.060942375635136,134.64000129538675
294.3586520611756,84.27371644288233,51.78531365637509,134.45931231249787
292.99623249702836,85.63950092103339,51.65032096651879,137.44740699249738
294.2267150671161,85.41057232272468,52.08963131729203,137.9052641891148
292.4735623932093,90.6063527845081,52.68119003219233,139.1726897972013
289.4442103706964,94.77668147890617,52.852765413032465,139.66272540468378
290.5901694080563,85.7207995215453,53.51452580485021,140.05241852018054
291.78550767738915,87.34277321760493,54.09501331236317,139.77963517424007
288.6390361599422,90.29436979086356,54.43262501087594,139.83177336410404
288.3245044460003,87.37151643101714,55.06168843875969,139.70854794523962
288.26722830352907,87.11976021404162,55.176240723702065,140.21206037919066
288.09511815703894,85.38287889564039,55.52046101668232,140.68257738904154
289.3347259195415,85.5718362262873,56.05741436358552,140.3046627277477
289.53059691929946,86.4383621909255,55.66567236406954,141.59193649529132
288.0447016296147,84.28530499564418,55.60561988993538,142.86620783235023
287.8475521499223,84.48324023874726,55.99991884932014,142.47033734614408
287.27628412715876,83.58915513403885,57.142454894847276,141.20805412846747
285.75557385263977,85.47546912944088,57.13118673587881,140.48811484566977
287.30797821361574,84.4081775115649,57.068492314678316,139.58058378067028
287.0991480050656,86.68253130172155,57.486152731778546,138.05979300830086
288.5599231623132,87.14002602489889,57.57800332618438,137.1448035619462
289.9635646426531,87.52527434976751,57.77253859217879,136.37430691220894
285.48065946994603,84.91147113411076,57.75595085808742,135.61364795718546
278.3609969215681,84.37928404939535,57.081061488555875,136.67802212661627
283.2380257736701,84.78147512911471,56.28579261627732,135.87363996717755
278.85013142971286,84.48592613402236,56.1799816478505,136.46473795736225
281.55370908199814,85.08012273250951,56.7071875794531,135.27634476038796
277.4230367528694,84.6016484017985,56.09036264807034,136.23329342180998
280.054056794228,85.6612290771216,56.752820452467205,134.11413207116377
275.63871524498745,82.95018062157399,56.753280172714625,133.6494133967699
277.1770353806516,83.01029984403287,56.613338789201435,133.52917495185213
272.7888534930551,81.81103618912744,56.592252877616176,132.99521903273694
276.9338985931382,83.85742621773741,57.075335841515695,131.82683003020554
277.1048907471635,83.7449120756965,56.7333515334651,132.05185831428736
274.4692314569129,82.53475378264454,56.17818481848427,131.55893225265027
277.57804384691167,84.47947555523618,55.75315278065895,130.56578507855312
275.132577888094,80.47969808059,54.895253851737365,129.94209375801
278.14111917067555,82.2106457125956,54.578596561228075,129.33041113132572
280.91720828119526,82.44998096906228,54.69794586636779,128.85174061839237
276.9656457200798,81.41199556647314,54.10819220870219,128.09675183027178
281.0922331214761,83.20956822853324,54.28382793480671,127.31121001578396
278.47327123750017,83.68622057833521,53.91903603173597,126.35790531618002
274.6185396088388,82.37807670080039,53.28514296065894,126.19307429511643
281.31044010278555,85.20489630089494,53.73891126316461,126.074462811087
282.3829640165072,87.14931926608725,54.36769675410979,124.95945019909095
281.91939215816456,87.42470711106597,55.29484047079508,124.40867450913349
283.35411989562544,91.09239119035774,55.20254366530935,122.62762368942208
283.0738318586319,99.96246346730328,55.76311973929651,118.63593297796433
283.0385320582611,98.48568196784798,55.83371934003795,116.18658694053406
278.2797677786104,87.7082785006699,54.68335540475587,116.40560888572293
282.08452838892464,99.98873642851446,55.024191989314176,113.0456471771989
282.7703298053926,92.89309172921246,53.652589156378326,114.20173037608541
283.1311833728402,97.71770898769225,52.9308820214831,112.35256925167941
283.2462076734054,98.29120780624349,52.70083342035267,111.20557161457694
284.83328960871296,97.10492704718055,52.066432493829865,111.03837018861047
281.33697679595605,91.2320452232888,51.48028153789322,112.67909839446001
284.05066681487017,90.86695476974067,51.13265877829131,113.40927930155627
283.9658129366435,90.41198335714515,51.30236653474471,114.31922212674732
283.5923111787017,92.81657132637261,52.04937005062824,112.07062621165976
283.203150039535,92.67822032427648,52.827692328961696,109.80633878526788
282.70611720199264,94.03431639896885,53.82175800404638,107.09414663588312
281.39959162405376,91.13193274386228,53.93565850658532,107.90061263941863
282.54978964713985,93.41166813528622,54.148192608249985,105.85407200440756
282.6783781206266,95.0370081964445,53.891015661276526,105.09000307277337
283.1693415382249,93.81052619738084,52.90908882607982,105.07199954565615
283.71484792619407,93.92875591699024,51.81807605014151,104.83554010643735
285.3252653513093,93.73155831597992,51.02864967724052,105.22993530845798
285.9844735566783,94.43300535901146,49.71023326650252,106.25051440783383
286.14094676654554,94.16603403091784,49.397286846768154,106.78445706402107
286.43356452632355,94.3961924808834,48.812051327212046,106.32414016408995
286.85737968524006,92.69446752714194,47.964421009379045,107.32683751736334
287.0309942745663,92.63624703554918,47.6171918307266,107.44327850054887
286.92799930306677,93.2914591051729,47.82318177372566,106.13285436130141
286.86666209201695,93.72598404138932,47.94585619582524,105.26380448886857
286.1139536886303,93.95491267954777,47.08110985617014,104.80594721255167
286.51704895187135,94.76153200354275,46.274919329688025,103.1927085645617
286.7212447737186,97.25369195120886,45.8665276859935,100.51914939448667
286.91666641444095,97.80422382846193,45.47568440454878,99.41808563998055
287.16462271853084,98.13711090735907,44.97977179636908,98.75231148218626
288.3657273417886,96.25198689408515,44.80110653911081,98.07547153021932
288.2051313399646,89.38897836366564,45.122298542758806,98.5380333581643
287.9645645537722,92.4932889155254,45.603432115143576,98.99819370589307
287.6704938226261,93.93411943736916,46.19157357743586,98.35457561750458
288.47189327229694,94.12360955144513,46.827729674212335,97.97559538935263
288.34488566686025,93.94646150261352,47.081744885085804,98.32989148701586
288.4013332135485,94.4433356601352,46.96884979170919,99.59025540859557
288.4203123132605,92.71096891838339,46.93089159228522,100.78446797548762
288.7658900774536,91.66910385523663,46.23973606389908,100.58094761386994
290.0234816681119,90.84078525287762,45.996752701582956,99.9653849995874
289.8719880737832,90.74472853603477,46.299739890240375,100.1574984332731
289.87718708527365,91.02373291419673,46.28934186725952,99.5994896769492
289.7707335910766,91.22212660749364,46.50224885565365,99.20270229035538
289.8048652585025,90.01845820777615,46.43398552080184,99.35330725501298
289.8349423411539,89.79414588216008,46.373831355498965,99.80193190624509
289.5913731165922,85.22872320216807,46.8609698046224,99.87992698494796
289.3705671687958,86.35933199781823,47.30258170021524,99.89156764681032
289.3604136230441,86.32336875935758,47.32288879171857,99.96349412373162
289.558788513425,86.71699564380759,46.926139010956845,99.17624035483158
289.5785593103145,85.61187501750146,46.88659741717777,99.12273908210523
291.3232221143768,85.68756560891097,45.65954506190231,98.97135789928622
292.6562253125806,85.25824959320246,45.232173313572325,97.59135528262573
292.8916758936611,85.92083371658869,44.76127215141129,96.26618703585328
292.93742848363905,84.42106493223024,44.669766971455374,94.89859867523907
292.61559685559314,84.57015015338385,45.31343022754719,94.60042823293185
292.95464887058085,84.57559735058392,44.63532619757174,94.58953383853171
293.91500264738556,84.36278251279694,44.87156472051652,95.01516351410568
293.8175859571228,85.56130439482597,45.06639810104205,94.7853888597077
293.91247179025873,85.39776735780475,44.87662643477022,95.11246293375012
295.2901440211853,85.32650506590741,44.29005724199906,95.25498751754479
296.88815610846984,84.64679489652775,43.25464138023062,94.45379954350351
297.1632654045106,84.72662841381066,42.70442278814912,94.29413250893771
297.4052202684828,84.63776663913758,42.22051306020461,94.47185605828386
297.38527667672633,83.18215250789672,42.2604002437176,93.1571795944402
297.5479498312546,83.380685197458,41.9350539346611,92.76011421531761
297.3556721946272,82.59030725640534,42.319609207915924,92.25778042005425
295.95271237965824,82.65207957862106,43.04299718682934,92.13423577562283
