244.0,343.0,23.0,76.0
244.72131518646572,342.28436907316126,23.059532904808005,75.92909857593804
245.47123720425702,340.8332850514191,23.061951318155,75.82674172156311
246.89447048064235,340.6630961116424,23.217200493504425,76.16711960111655
247.5891822901952,340.6935899046776,23.336329760973385,76.10613201504609
248.22644160538962,339.4280879038554,23.571704944173177,75.61734838951318
249.024352858548,340.51190628826515,23.48319867694113,74.95702785977838
249.70171227731012,341.223994818588,23.62479887493845,75.0291698346542
250.519121670244,340.7016469297798,23.48993385310581,74.57391184823547
251.28300923023207,339.27275832661815,23.453167571097254,74.44967137862358
251.26161971749332,338.4390296375422,23.495946596574743,74.6285602908692
252.03216553412557,338.59731865510656,23.446749928585767,74.31198225574053
253.61976730117686,338.4986208162086,23.24453980461974,74.50937793353646
254.32660151845073,338.98657278067003,23.31643815762515,75.01904079216666
254.9827601708701,339.2229365847189,23.498241153040823,74.54631318406894
255.69974888689921,338.3631891028081,23.555034153850094,74.77503771502299
259.3707576815148,338.0875622726962,23.688328128981297,75.32629137524694
259.4336950840601,338.1930414128579,23.562453323890757,75.1153330949235
260.7951730622814,338.01122876894203,23.839549972743924,75.47895838275517
261.60778086267976,337.41366635348606,23.724627981879433,75.1637896037349
262.49711300537814,336.0221252668309,23.449667540839567,74.9394640883314
263.2445852487493,335.51035780291545,23.4501743534655,74.46754771679409
264.8644912535791,335.80949757161943,23.187896127497794,73.8692681793862
266.43504173175154,336.5056586156338,22.99768260518036,72.47694609135742
267.3284976631051,336.7521997147673,22.66295404477023,71.98386389309039
268.1637688849302,335.6892883699238,22.4314303308474,71.23164912332248
268.8314393231481,335.17338306764987,22.520168462172855,70.83938072010919
270.42182682655266,333.3442650148289,22.17968858772644,70.23717412720704
270.36294770974564,335.1169786455612,22.29744682134054,69.50240583941827
271.77977763807223,335.8596989211255,22.25792197156634,69.4140327917291
272.4073073731345,335.83944370495504,22.39794812449236,69.45454322407011
273.01409206849377,335.15933664425654,22.58261410619794,69.4165219730429
274.47649980209894,335.30676016523836,22.459972636744105,69.1216749310793
275.9066323893418,336.5318836753977,22.38899808172096,68.06607322049194
277.2229418773354,335.9914657443426,22.5130532169547,67.76857202699162
279.73675637958235,332.75853390864256,22.99093471210823,67.35254757383235
279.80381830195296,332.69981550816755,22.85681086736701,67.46998437478241
280.37626408447863,332.9920586923143,23.090330575960852,66.88549800648892
281.7205725380506,332.2560081824253,23.150391806129804,66.98325995761033
282.445045661789,332.5093679081815,23.078272554149464,66.47654050609805
283.18459598658853,332.01114476479586,22.967458552844406,66.10470014457516
284.5596472458102,331.9323327870808,22.939287282134202,66.26232410000532
284.56008759462,331.1692277257151,22.938406584514578,66.42583292565423
284.6624698702751,331.22335331519105,22.733642033204376,66.31758174670234
286.0915064515383,330.928836472024,22.59505475106355,66.90661543303648
286.6758425842967,330.026795396345,22.791989302988803,67.34509076695244
286.69724538026765,329.82491124378544,22.749183711046808,67.74885907207154
286.66877893922253,329.6067824914205,22.806116593137055,68.18511657680142
290.02442197352957,329.7573122722145,23.033170464691953,67.88405701521344
289.95560366059743,329.9594521240262,23.170807090556227,67.47977731159006
290.4878774142096,330.197214410189,23.49053817828849,67.00425273926446
291.27742828069137,329.4397264728876,23.294750769891202,67.135914289301
293.8630287402306,329.8268480124074,23.650078961710022,66.3616712102614
293.844591560597,328.7107668269031,23.686953320977313,65.83976532692773
293.8725562054336,328.5249617346983,23.63102403130403,66.21137551133737
294.4449149096328,326.90365536867296,23.86084774688708,66.70490599542507
295.91616162637,327.62125336430944,23.68987407022533,66.65546988255844
295.958732091008,327.5780768902537,23.60473314094932,66.74182283066989
296.64681651683884,328.30482707668307,23.610205970068538,66.66996413859218
296.6877913007679,328.5504761713903,23.528256402210456,66.17866594917767
296.70519961012553,328.04948176881646,23.493439783495234,65.80844466815614
296.64177291724815,327.9391207500492,23.620293169249948,66.02916670569071
297.4086889589872,326.43578830492186,23.458203899722392,66.29234596804434
298.8424068235396,325.490582558862,23.33589359200595,66.81019474946984
300.30501020377204,325.1880827481145,23.166153798310788,67.41519437096485
300.8549065652014,325.55371161405253,23.449634155497428,68.06720971913406
301.6002381797764,325.9882894949166,23.356705264854405,68.59578829591295
302.2806681337486,323.78760045168383,23.399419743479,68.78644322267182
302.29729439430025,323.6215042305427,23.36616722237563,69.11863566495398
304.49661860925346,324.4687750633503,23.20110548232943,68.83528956262559
305.2457128129462,325.04793245308633,23.10706214135453,69.08111984956398
306.16682857720167,324.0667672203137,22.67075656724578,69.63752436070692
306.1723210630798,322.57679202818855,22.65977159548963,69.80578300783803
306.84553726170253,321.0028476340957,22.721374577155693,70.13760103820071
306.78765223778464,320.6812204206193,22.83714462499144,70.78085546515348
307.4518958459381,320.8932561639088,22.933804672675677,71.78193124256578
308.2268015990666,321.8098818376283,22.82513473576835,71.38982146447627
308.2517847417647,321.66156290029846,22.77516845037217,71.68645933913601
307.64436388950617,317.29123772701575,22.553143974361838,71.8059126025372
307.75457066329625,321.19914951140527,22.332730426781776,71.16243690304556
307.85149115958745,321.1214300787614,22.138889434199267,71.31787576833327
307.9074071734018,320.25225526345787,22.02705740657065,71.63632190515871
308.57576655863073,322.080316512869,22.11268832561905,70.82489878534905
308.5365080044415,322.2513256658919,22.191205433997517,70.48288047930332
309.16449263218624,321.9357840946865,22.344263936860187,69.70493586336187
309.0481378934796,321.27616967657593,22.576973414273528,69.62336009190416
309.88273314076304,321.2136752424351,22.311705652160004,69.74834896018582
310.5183905968907,322.76287181288114,22.441212874633205,69.45160008875062
311.22623849455834,325.26274458620315,22.42450566445395,68.64882029757484
312.0075081760449,320.1836620580194,22.24923996329907,69.09606972121459
312.50272753417323,320.45548351076525,22.649211458886157,68.55242681572288
312.30717055449276,320.6478733176441,23.040325418247082,68.16764720196517
314.15371603705904,321.7946575382238,23.522333700651394,67.26577850998477
314.72579620956316,325.58805796025524,23.76579826977028,66.61710223655736
314.71458962885157,324.1459688322062,23.78821143119339,66.73571629043809
313.9690965260572,320.201350965677,23.89431432812551,66.31565217155672
314.64945914402574,319.50091664909485,23.914391147883194,66.33571874902633
315.4592011570199,323.64436681849617,23.67635960245756,66.33753329359956
315.98519389803346,323.6196407198619,24.001539878062495,66.38698549086813
316.8279386990939,321.1882380629997,23.699813415416486,67.09850138616811
316.8043286760314,319.96596156032876,23.7470334615415,66.76613161900059
316.93504094811004,319.0710797514637,23.485608917384237,67.17132419225408
317.76343815900634,318.2960696948302,23.214423738637095,67.33573506247568
320.5145821012769,321.34970781466166,23.24421422041477,66.76053718913157
320.6455257663419,317.5280491027687,22.9823268902847,67.52706697419194
320.7336299577146,315.254156247368,22.80611850753936,67.93030625641907
321.4330491032249,315.1794097261926,22.7913208244763,68.07979929876979
321.4496435768096,315.5187246957174,22.75813187730696,67.40116935972016
323.48883408961774,317.58557107998706,22.806637950293034,67.39436368978326
324.1214361565231,316.808180927843,22.917851803180863,67.57272600737289
324.83163011924563,315.8750330727107,22.878453128254304,68.05803246711905
324.84142418353093,316.0080707762493,22.858864999683593,67.79195706004175
324.8344767236234,318.94280305407517,22.872759919498684,67.45463080528546
324.65901471873775,317.2513039430467,23.22368392927005,66.70217780339974
326.1128504414294,314.902340733456,23.064315293131326,67.27765000871428
326.13575604134144,314.98016132470985,23.01850409330726,67.12200882620665
326.22625753266016,313.5573977205019,22.8375011106698,67.21473106795011
326.8469911048917,314.3022620172932,22.97045643027053,67.09942493843141
327.51295967697473,313.67690689371545,23.01372393063567,66.97493054105558
327.5548019083296,314.3963882631314,22.930039467926015,66.91018645583051
328.80437482442164,313.59646376456067,23.17443446702186,67.13826503733202
329.6058437678632,314.8399206291756,22.950971922709464,67.41030199324325
329.6064181918581,314.3127510537855,22.949823074719525,67.0853615294326
331.02111803044426,312.1828563990267,22.869679362462918,67.22126689157659
333.17552878001845,312.28601542839795,22.68616630441351,67.01494883283424
333.0249801527806,312.1563629221329,22.987263558889303,67.27425384536419
332.94932456898255,312.95726919044205,23.138574726485317,67.05044420069856
333.6589313624163,313.62537022249677,23.096931036024117,67.09181203299545
334.4325309661842,313.5552573567387,22.927133021846203,67.23203776451157
335.2199355828883,313.368576863762,22.728628308256056,66.22909423064698
336.59901296355855,313.65952773026913,22.687253865069543,65.64719249763272
338.64855234651327,313.0071312925579,22.636193285231748,65.60264597769793
343.4725580004293,313.7875738609244,22.4226017575334,65.38953509526972
343.6118020066504,311.7311326237359,22.14411374509107,65.4798854477666
345.7297723799619,309.92248615565927,21.919324037673885,65.08602734471407
346.4140245224651,310.8245839777753,21.878154626984283,64.6091665747989
347.10478437797263,311.39391014338946,21.816426305059657,64.79030563266099
347.75307216917446,310.9895589200776,21.841094370395446,65.59900807928464
348.4251688245366,310.6921565794148,21.830107750397012,64.86060606988445
348.40015344487205,310.229249637631,21.880138509726162,64.46392525432526
348.4670621169425,310.164606105956,21.74632116558535,64.59321231767537
349.1524755277273,311.1626774509307,21.692650417985632,63.91422570169598
350.5082534728352,313.10236172694124,21.594104777402098,63.954372524123166
350.46204441002396,310.5773795469856,21.686522903024496,63.78322666626261
350.36572699325984,310.14306991802243,21.87915773655278,63.3473189764955
350.3789371226581,308.2072749617807,21.852737477756197,63.313433523900194
350.2597427712114,308.04929144978104,22.091126180649688,63.62940054789955
353.00986415288247,309.0940422825928,21.82971235239822,62.849606116048676
353.67850681310176,310.2310429800866,21.78625304563287,61.869430734734294
353.714008842432,310.2663528274299,21.715248986972313,61.798811040047696
353.7296938533261,309.0718059341467,21.683878965184192,61.6344062708465
354.46634497205434,308.89571368340313,21.484409043408423,61.98659077233364
356.3988219060558,308.7037958441187,21.445147974346018,62.37042645090257
358.40190002693663,309.8497624191567,21.278960493589665,62.63847247483008
358.4129223804295,309.2848689891278,21.25691578660399,62.48748022577568
358.3735576242084,305.97509533655693,21.335645299046128,62.71589989110041
357.65895252756496,306.3883259162927,21.481938756796595,63.17235546716544
358.33032377413167,306.2853993074449,21.431286194802148,63.37820868486095
358.98319282137385,308.10680001589105,21.419645819570164,63.617700425725786
358.9670113560051,309.02494438243167,21.452008750307648,63.07870746816097
358.9530798558604,307.3743862523692,21.479871750597088,62.509195343775765
358.93945877455764,306.6932400878775,21.507113913202602,62.58888692555371
358.9541410658851,306.4901333247967,21.477749330547645,62.995100451715246
358.8706107188548,306.01558275868547,21.644810024608276,62.654713786048205
358.8073035005231,306.87961443302396,21.77142446127167,62.21433074268127
359.4833725852435,306.3957528079455,21.702987531789603,61.898352752879404
359.5472269261853,305.3595022653224,21.575278849905963,62.692906443055314
359.58767038133635,305.0569410087088,21.494391939603933,63.2980289562826
360.37374265807404,305.02041659601656,21.21635509736747,63.371077781667005
361.75501825754196,307.41372183803537,21.033940663219326,63.74474082720512
361.81475699232504,307.37052955738284,20.914463193653187,63.83112538851013
362.4962809846407,305.24878172956164,20.84249976351086,62.910282826196806
362.44957115951075,304.02357164041956,20.935919413770815,62.80736397378824
363.1156155863324,303.8894637818899,20.880745692867325,63.075579690847526
363.080434906855,303.464797703086,20.95110705182219,63.924911848455366
363.03364202533976,304.83268047590246,21.044692814852606,63.775326299161065
363.8080648806106,303.86385490074156,20.788525387961027,64.42029916583289
364.4509124576954,303.1429970161471,20.799975892043992,64.5648692767692
364.50383299823346,303.3228782871686,20.694134810967824,64.2051067347262
364.45143724669424,304.0016655574444,20.79892631404634,64.13988632198401
364.47049222257743,303.65370181748045,20.760816362279915,63.542461023954615
364.4280895112874,302.596090282103,20.845621784859937,63.08935921489561
364.40005591078517,302.00410325904676,20.901688985864432,62.99405913008707
364.3617122548467,301.2083601818866,20.97837629774142,63.30660008481077
364.3654560839598,302.5802200989775,20.97088863951515,63.132472147463446
364.32360870345383,303.2783990186071,21.054583400527154,63.01829573671653
364.35292778747726,302.5509417405131,20.99594523248031,63.19112217362204
365.6847332247346,301.921463062267,20.899283602689703,63.16660490775217
366.3752106263793,300.5239819266253,20.799684682583074,63.3988554126699
367.09218592322196,301.16213713954176,20.6485677889743,63.40537868691354
367.7260985951739,300.48570506742163,20.660896593151882,63.47808868307243
367.7295324344866,300.389260229094,20.654028914526418,63.670978359727656
367.6006794818518,299.06287322724774,20.911734819795985,63.755694572439594
367.578881154057,299.21992406440546,20.955331475385613,63.44159289812406
368.2472285335631,301.51139200934546,20.90493090082141,62.71753956158818
368.914300994373,300.5233859467461,20.84585576747434,62.143412110241755
369.6026990649892,299.2363705566295,20.734876811789327,62.185808519379904
369.6019838054124,299.25609155840203,20.7363073309431,62.14636651583474
370.2907876457533,299.3024621150145,20.62255540124999,62.053625402609754
370.8953353129089,300.1740146400274,20.673914394954416,61.5709746805996
371.59957112432875,300.4408293835422,20.519966919903762,61.037345193569934
371.6324268430819,298.67346780611905,20.45425548239746,60.83973086042941
372.2990678866131,297.1574830921409,20.361071187687465,61.3915047036808
372.9869324019275,297.5853381356671,20.231588630967334,61.7820410905371
373.52896586842786,298.2214597944768,20.396949659102862,61.75922573405404
375.4738147015697,299.1553071209124,20.263655966489402,61.1436657390728
375.5119473168789,297.0827564619614,20.187390735871023,61.565956924499964
376.2018168771346,296.9759138331374,20.053196809484948,61.77964218214798
377.41713128231925,298.3173400329976,20.11480819285314,61.58902997616512
378.0479959407629,296.3605637158593,20.09762074742546,61.76895699606277
377.94995026034644,296.3250864411339,20.293712108258404,61.83991154551358
377.9813580772529,296.2368075394462,20.230896474445608,62.016469348889075
377.99482005824876,298.5482489290856,20.203972512453834,62.40457778872226
377.9643217635305,298.486404698188,20.26496910189033,62.528266250517554
378.1000565985662,294.4083820221005,19.993499431818954,61.8597845863499
378.06011802313736,295.3956123618917,20.07337658267658,61.13148621166515
378.05235949464753,295.0516711700899,20.088893639656256,60.58209158551031
378.6101353516218,295.85532924930686,20.20308906646011,60.20452256782882
379.3352608332667,296.8434731278955,19.97930095719126,60.681160518693474
379.96832968266943,296.11175259633967,19.942311966983944,60.915452873207
380.02397245209875,293.75455335327814,19.83102642812536,60.702643437521985
380.00009506792827,293.61995803136296,19.878781196466296,60.97183408135233
380.52591720192333,296.8066083037149,20.058574815209738,60.75572297031576
381.01909465211554,296.8999465108701,20.303881729755357,60.56904655600532
382.80998179965025,294.60934781477,20.422592826753412,60.21626342544906
382.7538749429443,293.71145198538636,20.53480654016526,60.78141508101972
382.6983349544337,293.5215323795303,20.645886517186554,61.161254292731854
383.35274547545583,294.7054825769137,20.58524321872793,61.28970938513636
383.3319795931368,294.8491613567448,20.62677498336595,61.00235182547419
383.3240273377573,294.88487344027936,20.642679494124977,60.93092765840507
383.3942623349572,294.29868636580727,20.502209499725183,60.85846323301187
383.3948582985567,293.06718170794323,20.501017572526113,60.83899085273526
383.4315520476674,292.90304819538034,20.42763007430467,61.167257877861026
383.4561194010992,294.3360245023036,20.37849536744109,60.7898523171951
384.18774499419203,293.8997924297789,20.153246931115667,60.42431371238431
384.1430784906089,292.7347103533132,20.24257993828187,60.29711805792674
384.03484421566867,292.0998716284007,20.459048488162303,60.33829244411011
384.06947892657865,293.19008759581703,20.389779066342378,60.62394829483233
383.97952056625445,293.0578014960045,20.56969578699085,60.88852049445732
384.03902735028197,292.3495446472252,20.450682218935793,61.0621324321212
383.9859159357462,291.8665262402131,20.5569050480072,60.784970477571264
384.0449887623493,291.7424269913711,20.438759394801043,61.033168975255315
384.6288877165118,293.03194915243677,20.51352993057981,60.93926154133149
385.31836129791077,292.3824000284238,20.37718102029032,60.99576153684909
385.2978469941379,291.9805102616801,20.418209627836042,60.55863131128943
385.386667422217,291.51080436771656,20.240568771677832,60.262606725659396
385.3286165724709,291.44889474820314,20.35667047117012,60.386425964686325
385.3042811034987,291.5920135144162,20.40534140911451,60.10018843226017
385.282582536909,291.69374103360957,20.448738542293924,59.89673339387342
385.22454333603423,291.19878792698364,20.564816944043386,59.660075304735955
385.27175119929234,290.06329700824136,20.47040121752724,59.480444126559725
385.3328713292188,290.83612341301165,20.34816095767424,59.155816521717924
385.45906950128,291.46873563666395,20.09576461355186,59.104761616208464
385.44045417226727,291.3983894059203,20.132995271577315,59.24545407769577
385.40149430893626,290.7791432525235,20.21091499823937,59.27242297179339
384.7338517919097,290.7158796373165,20.332870600975053,59.39895020220735
384.6736086629488,290.6224793764087,20.45335685889681,59.58575072402305
384.68182362029904,290.11101278533874,20.436926944196305,59.38646796275124
384.7044655476759,290.73557958074184,20.391643089442596,59.3564097916521
384.72688403291886,291.31669831814355,20.346806118956668,59.41199404359968
385.350336014286,291.3711038974215,20.317698966952182,59.30318288504371
385.32145753851114,290.23794406691695,20.375455918501906,59.13807220182903
385.3245917569005,289.6600373643975,20.369187481723188,59.079471785421774
385.437250746032,289.7161397032746,20.143869503460145,58.967267107667524
386.0076132894198,292.8755366796429,20.210902204060424,58.68726209181011
386.01352456139796,290.26380543774826,20.19907966010406,57.88578376905225
385.9678532716217,290.20537853041844,20.29042223965655,58.002637583711916
386.0260895810288,289.1853671410138,20.173949620842354,57.64932213470174
386.0947708744413,289.7791082844534,20.036587034017415,57.65134911365537
386.1145214166302,290.2830260743793,19.997085949639562,57.830553500600026
385.6357093497615,289.0981211179249,19.765832927829553,57.822609102413935
385.0018637063043,288.5658882594807,19.848974203718473,57.70252480827686
384.916298742486,288.78978357302356,20.02010413135505,57.254734181191154
385.11545355464614,289.97248572444744,19.621794507034835,57.25149181338746
385.0972598880959,290.0651074394981,19.658181840135278,57.06624838328618
385.67110435238925,290.5474716583527,19.682298562974246,57.27332559700258
385.58380744114316,286.8829269431246,19.856892385466352,57.551230040171774
385.02155562618486,287.5335397257679,19.799055284572304,57.43234520569571
385.0377893658,288.109099484607,19.766587805342034,57.46081769808518
385.54270350620243,291.1955453043458,19.93616601506899,57.184958511266814
386.21213589261544,291.0076649962024,19.77586015325567,57.56071912755364
386.14670539809987,290.5013068876179,19.906721142286745,57.392435600841395
386.110963983254,286.4560602130912,19.97820397197848,57.21604662425645
386.0573785831595,286.4656350871071,20.085374772167484,57.19689687622463
386.1313348352902,289.474494145102,19.937462267906067,57.08638756781137
386.0995301537605,289.10967749892023,20.00107163096554,56.638844942514424
386.04103473478426,288.49096580166497,20.11806246891797,56.70432535312458
386.04562588414274,288.5425598141963,20.108880170201022,56.60113732806194
386.1423919549745,287.87008641870676,19.915348028537444,56.77272307634543
386.0798968195575,287.9435244980385,20.040338299371413,56.62584691768191
386.08640771778835,290.11943384401815,20.02731650290979,56.96390901748998
386.0072517986192,290.27692893973324,20.185628341248098,56.648918826059784
385.9453887203874,289.4044433341744,20.309354497711652,56.04301858910715
385.9681712929122,286.96960420541905,20.26378935266209,56.23663507118876
386.08027037600976,286.82385960819374,20.039591186466964,56.52812426563936
385.9996004283008,287.8124497104013,20.20093108188489,56.89306589083773
386.09905711939894,288.37826287487826,20.002017699688675,56.94064078036872
386.0386599539572,288.84635072007103,20.122812030572028,57.18073417444852
386.0771392894938,287.52628032499825,20.045853359498928,57.45709263418787
386.071562501672,286.8067082906045,20.057006935142503,57.711799789991446
386.0440716612728,286.3866870042682,20.111988615940806,57.36356844562842
386.5845652533905,287.0468477996232,20.215305950983534,57.2275513741964
386.4771885892007,286.447795701906,20.430059279363128,57.24141621083652
386.4203612592236,285.9852408785238,20.543713939317335,56.97819218294378
386.45075992590233,285.2019527170488,20.482916605959918,57.3581380698143
386.41474281392414,285.142110556706,20.554950829916248,57.477822390500044
387.11178071623624,286.3504383583586,20.354850964888907,57.44911866638831
387.06597002122766,287.16418794681204,20.446472354906017,57.01155616340267
387.07684724725215,285.3789807395379,20.424717902857132,57.025932082458006
387.03722121321994,284.8707280285186,20.503969970921528,56.85728006006444
387.02838098323434,284.85916315192355,20.52165043089268,56.88040981325463
387.0314140360364,285.57431784626664,20.515584325288557,56.63493328219439
387.6788090208644,285.6883214541365,20.402007004009533,56.40692606645476
387.72633451142093,285.7648861431974,20.306956022896436,56.25379668833297
387.0817854392089,283.5619244195328,20.424067822953422,55.971774758193945
387.7366337336532,283.2236040984765,20.284442015037783,56.64841540030644
388.37302539664046,284.25986876034057,20.18887854506854,56.93032578858865
388.3420125340847,286.10675660483514,20.25090427018,56.77509436019105
388.86626092774276,286.21111906454723,20.3808296754808,56.56636944076686
388.8341490667623,283.3023397429715,20.445053397441697,56.49496274485888
388.9272746537377,282.74673758404424,20.258802223490907,56.428232508453036
388.97360897909425,282.69895486542265,20.166133572777824,56.5237979456962
389.56109153995465,284.5836944504357,20.164462922231124,56.27420218919252
389.44383204326044,284.7036664056694,20.39898191561955,56.03425827872496
389.4014596361884,281.1267427706367,20.483726729763564,56.165038038734416
390.0875980128634,281.8801587659852,20.28536449819387,55.83212056981779
390.12877699555645,283.7226357519027,20.203006532807805,55.64386112477096
390.26878846049635,285.9011185381837,19.92298360292796,55.932424460767976
390.27646320673375,285.4714320081022,19.90763411045311,55.63136174460824
390.2987137725381,282.64527766829997,19.863132978844472,55.50439297474934
389.6891966612771,281.30064307328064,19.928932810455414,55.88719338296593
389.68076046660553,280.7253495509567,19.945805199798524,55.877883024704765
389.65638947769384,282.3307149171924,19.994547177621932,56.14736315310803
389.6544224790051,283.000307323705,19.998481174999366,55.97298284786147
390.1988835061152,282.5239011636576,20.071943306945318,55.76341098179014
390.1749853310131,281.996279245043,20.119739657149502,55.657935077209025
390.20818770359506,281.4034749940654,20.053334911985573,55.68346666364235
390.256926685376,281.40544881978633,19.955856948423662,55.67951901220046
391.3954044519352,282.0987958048056,19.993736719405092,55.45024269421182
393.70326505405643,282.5014959914441,19.99732010358623,54.64484232093489
393.5398601263188,280.0728603648601,20.324129959061587,54.92863373786558
393.0148298185104,279.90383797750087,20.2208571145705,55.266678512583994
393.02705529711517,281.0454560763841,20.196406157360983,55.296058972848414
393.75109737405774,282.1429276113944,19.90460891136398,55.41368971860392
393.77566549268613,282.1704887029674,19.855472674107197,55.35856753545782
393.80442780852707,279.8899019358557,19.79794804242532,55.31569557389727
393.89618496203383,280.07327632648395,19.614433735411843,54.94894679264077
393.97784451270917,280.22581234556066,19.451114634061174,54.64387475448733
395.1723993827672,281.0126758010353,19.328941518639017,54.203616155885
395.21282154558065,281.0833331830595,19.24809719301204,54.0623013918366
395.25339406570214,279.8009530979489,19.16695215276912,54.3841067831635
395.1854499586131,279.76427672409307,19.30284036694715,54.45745953087513
398.0939470393614,282.16507156762776,19.12642310956692,54.168331367098745
398.19247280747265,282.1870456729204,18.92937157334433,54.12438315651343
398.741554079261,281.0742996725105,18.947785428075054,54.1167223607187
398.77650983264795,279.3772072900667,18.8778739213011,54.16050171450027
398.7857409336185,279.4729308269036,18.859411719359912,53.969054640826386
399.38823634715015,280.00093087243033,18.767508619918097,54.026142277394385
401.677870704333,280.0858002396007,18.637162342805908,53.85640354305357
401.1413832496084,279.461690443591,18.602700299010944,53.997186181828894
401.1804220121709,279.54073220343196,18.524622773886016,53.839102662146935
401.2140871786415,279.6452144522189,18.45729244094475,53.63013816457307
401.21540469070226,280.3786617284174,18.45465741682328,53.26417805114443
401.2344906617102,280.8499461523571,18.416485474807413,53.41727680313854
401.2457042900934,278.6704214505098,18.394058218040957,53.38770246804009
401.22530146362226,278.68382799536914,18.434863870983225,53.36088937832143
401.1362698703204,279.3486221608761,18.6129270575869,53.127987602915965
401.7649854691122,281.00366314794434,18.452099094272818,53.10771533158795
402.42074286920825,279.6949703061906,18.233973433135745,53.53832273698548
402.5363957656949,279.1019529641661,18.002667640162407,53.62880327772623
403.16586469719095,279.0823694759078,17.83634838553062,53.6679702542428
404.3054936779806,279.0345123624991,17.73735776522217,53.76368448106024
405.9831619877405,279.52952347869996,17.651068399395832,53.86334466655638
405.95049132291643,279.72077775171766,17.716409729044003,53.48083612052092
405.881280179504,279.2826359967879,17.854832015868887,53.271844377711545
406.4550065684522,278.58569626972707,17.79221321321097,53.58088985659485
406.4050593914463,277.492977523011,17.892107567222787,53.59015394946337
406.8782657460245,278.08757169886775,18.03574148317166,53.49101222285525
406.89189654720883,278.72457401639355,18.008479880803122,53.30826861377341
406.8694287699208,278.83202129789197,18.05341543537917,53.09337405077653
407.0183243114117,277.70848021874895,17.755624352397415,53.16861687679533
407.14590758444587,276.55052091904736,17.50045780632898,53.32143503512132
407.1598734985628,276.0243867412332,17.47252597809513,53.29465235177816
407.1258285990622,277.1744414294682,17.540615777096328,53.15085908036623
407.6734735784365,277.14972132491306,17.52268711430063,53.20029928947645
407.57574770621267,276.7345036840599,17.718138858748315,52.95299863959624
407.64669223703095,275.9422541488891,17.576249797111643,53.4597021767085
407.67484358706463,276.5496567050677,17.51994709704439,53.32730372308882
408.2510266534832,277.2145931379237,17.447072771036016,53.076922664205696
408.80953268093265,278.3444852893594,17.404656165630882,52.96632926032167
409.3387956111656,277.37541605539326,17.41837553127269,52.75997727603862
409.4106442071866,277.30513888894245,17.27467833923073,52.900531608940206
409.40872268668573,275.43332292516016,17.27852138023241,53.43738566806176
409.8465737338573,275.26842711126284,17.479445024813497,53.76717729585641
410.2040323881407,275.750678838469,17.849529522821452,53.88767564801875
410.1177557478452,276.2597947108501,18.02208280341242,53.96294480183293
409.9961938457452,276.71689536214967,18.265206607612438,53.048743499233765
410.036611435311,276.2688693989562,18.184371428480848,52.85565015143692
410.0912590108855,275.6571775815234,18.075076277331874,52.9941143874286
410.1012251536375,275.63469517046025,18.05514399182792,53.03907920955492
409.5613606276007,276.20611043817087,18.049695442592743,52.981426275442274
409.5626686267384,276.82899171050383,18.04707944431749,52.819920422281626
409.67977632044096,275.7383778221753,17.812864056912268,52.83733335832938
407.5478766198479,273.3257650278315,17.765142542830326,53.35103803174891
408.10326986949264,272.496360132233,17.738676588731078,53.925527277755585
408.06134888301784,274.6613406153455,17.822518561680734,53.96359951945193
407.9610493921135,275.3469936143023,18.023117543489377,53.686379701145384
408.04592831686,274.61245533437716,17.853359693996325,54.061644094748345
408.6467026723619,273.61647191372793,17.747856756810044,53.86151938841161
408.6290553308789,273.6956986391429,17.783151439776162,53.70306593758161
408.70088515951494,274.2566545021282,17.63949178250398,53.67081321282545
409.17012338043276,275.49269024662647,17.787583360631217,53.371877763754505
409.66644806500796,274.4598903974451,17.879961751092235,53.26742194289444
410.3037806600187,274.5122817721991,17.690527007406857,53.16263919338644
410.25893409864256,273.47773002265814,17.780220130159083,53.07119461777076
410.2762184054015,272.9321873592896,17.74565151664127,53.08166662149404
410.3351477412906,272.8886008520162,17.627792844863002,53.16883963604083
411.61328902846947,275.06910305018295,17.229937942018015,53.12469058273287
412.33536501807356,275.21200729231776,16.85707645747894,52.83888209846329
412.3796804687263,272.0900642425753,16.76844555617348,52.720509954420606
412.44278043882593,272.66906567308587,16.642245615974204,52.61957160488605
413.10622111036787,273.1649383030949,16.368671842576795,52.68113391455442
413.1908177422167,273.2163312222827,16.199478578879102,52.578348076178834
413.78390286247264,272.0691730884591,16.057859241912322,52.783562536736
414.35541819388015,271.7271253946387,15.959665909630885,53.467657924376795
414.4242145399572,270.79563938918494,15.822073217476827,54.27793075383638
414.91390034521163,270.8956778230381,15.904298511337895,54.07785388612999
414.9049072270813,270.79203676730475,15.922284747598482,54.285135997596726
416.06325827336536,271.7069936623746,15.732710918517427,54.582350470944085
416.56080352049565,271.6537336764622,15.801852332924238,54.6888704427689
416.66309924966816,271.4235240132077,15.597260874579213,55.14928976927785
417.2349074939995,268.8065918996871,15.52335006568303,55.034625597486404
417.80603578312343,269.45026516694446,15.447799476378716,54.813985051915125
417.22806252166527,269.41464389731055,15.541565589072901,54.885227591182954
417.1909918368694,269.8879036631115,15.615706958664592,56.068585454497
417.6193514467362,270.8467649580749,15.842004600071355,55.23387972571045
417.05014239776665,270.2928449622594,15.904951892002288,55.26624891133336
417.0418599412544,269.9054250878261,15.921516805026783,54.96398640367573
417.09845038077265,269.9816351321768,15.808335925990228,54.81156631497439
416.6166754290991,270.407861485668,15.703006524109973,55.02799291321944
416.6737584282581,270.53370473835315,15.588840525791907,55.846276000444476
416.70249197775956,266.9139637982859,15.531373426789,56.609482957467826
416.6886812695734,267.36828083331125,15.55899484316126,56.78990814596177
416.57461046726365,267.53079134491816,15.787136447780789,56.46488712274797
416.9975663565741,267.1069727176335,16.033039799578518,57.31252437731737
417.00107960198085,267.8814718462914,16.02601330876505,56.87189813200872
417.03793055231193,267.73079896450804,15.952311408102876,57.17324389557541
417.0600476796096,267.40314265740204,15.908077153507474,56.72366003930939
417.1217386004922,267.4024506206432,15.784695311742293,56.72504411282701
417.19981580047016,267.1498994616181,15.628540911786402,57.2301464308773
417.8193411616353,266.56039621385906,15.489117271685135,57.30952584416642
418.27244386410115,267.9474338455189,15.681037109710754,56.73170106676118
418.21652519517824,267.5857575773633,15.792874447556535,56.36146473589014
418.8126405862885,264.81630299215107,15.691107692497127,57.5385177976698
418.7979891135345,264.7192099895452,15.720410638005047,57.73270380288152
418.6954781927664,265.11971308090506,15.925432479541325,58.04012881346684
419.2786618748625,266.81614550930345,15.875676325816467,59.11370879853937
418.70011805919336,267.5809902452164,15.901969099573257,57.58401932671353
417.5800019087411,266.63185063042823,15.922713783455187,57.26281093926718
417.6351430331451,266.8064123210715,15.812431534647185,56.91368755798066
417.75626191315274,265.08649148646157,15.570193774631854,57.05767876964718
418.25351118404586,268.63565568454686,15.671797256938643,56.535962518034026
418.75696737309346,265.4718876476797,15.755541580421204,57.410215083879365
418.276294329336,263.9249879757516,15.612339779390615,57.19037076209912
417.7382609786571,265.13204620236195,15.589643910473946,56.973779449427376
417.17272608671425,264.92777007099403,15.625428340170773,57.38233171216321
418.7798444201104,265.0998366822612,15.716328314371488,57.03819848962888
418.6923389205887,267.9078530390128,15.891339313414846,56.915016704364234
418.11775120523555,265.86527889837333,15.940401182674211,56.59971073985547
417.6349745638483,264.117028615064,15.80936972060383,56.80645707193939
417.67289277991085,263.37413041501094,15.733533288478764,57.19520576433324
418.2808588385865,263.39234924745796,15.618706574904138,58.25987350321582
418.221682082327,265.5558180021362,15.737060087423034,58.38870054037874
418.0402336719493,265.9724178214101,16.09995690817847,57.555500901830975
417.0419187946118,265.24498370733056,15.87048424902633,56.78426671616286
416.97367806516064,265.5392201536708,16.00696570792857,56.19579382348243
416.96053970323493,265.580955033506,16.03324243177999,56.11232406381205
416.90271945436155,265.58875645671026,16.14888292952674,56.09672121740342
416.86687520852325,266.6453780345717,16.220571421203296,56.170237233934586
416.8776055501926,267.24726340169155,16.199110737864657,54.966466499694924
415.83331207856565,263.6043081671427,16.131007805716028,54.70396240488397
415.8885837330241,263.5062963338421,16.020464496799114,54.8999860714852
415.9173866940631,262.4338005505424,15.962858574721137,55.97089654355933
415.9027254503881,265.7767575267588,15.992181062071158,55.81377072415297
415.9271420472149,265.3700883667023,15.943347868417572,56.62710904426589
415.98219334848744,264.1106064609195,15.833245265872542,55.85499378698475
416.57925088568345,263.7701057555132,15.723204425945578,55.45192096333219
417.7572349840703,264.0374978469054,15.519896110965586,55.99346672144462
418.1961183055489,263.769497761039,15.72229216980924,56.529466893177464
418.7223737445288,262.960746368909,15.761292601818607,57.05545836746836
419.355836811078,261.07747331131696,15.594023124975845,56.423377857629745
419.4007957562849,260.7042087323117,15.50410523456207,57.169907015640206
419.3525209293583,259.43817670430576,15.600654888415205,58.60553002260805
419.39050278200943,261.68963318138606,15.524691183113008,58.57647868498377
419.868450076368,263.681429758983,15.685421900246942,59.05938675319427
419.74572565761673,258.75859108916734,15.930870737749457,59.893480724523
434.5513356904748,255.59899630740733,17.175452549678486,59.35582542634407
417.27234665775273,259.1645026498983,16.976927546019624,59.176113355182764
417.9928471846187,258.91800633423435,16.688236205186143,59.6691059865107
418.7420991554595,260.5147734812117,16.343602568911997,59.93718260877861
419.90369512755706,259.9052233305929,16.32278319859229,61.156282910016216
419.9294332156846,258.83247619589525,16.271307022337325,60.96586152085609
418.84910360493313,256.6720562273468,16.103348453432528,61.793774772341365
421.6336315046638,256.65710477865,16.398218696740727,61.823677669734984
433.4502800227697,252.88827478024896,17.519071348740695,61.10995443713314
431.30405674151467,254.93170440952767,18.242326651530526,60.59228643829584
421.3339634388551,259.7405762032937,17.852766740350983,60.54148238793955
433.30164541228595,254.82184364653855,18.86361596431935,59.68771328537986
432.4579204579688,254.26259357758636,19.356532309707404,59.61167986003794
420.2423778209636,258.7185396773268,18.534683177346846,59.11743246268066
420.9268374672215,260.4596323124519,18.346142789612422,57.99600500199293
421.2463926988766,261.84917052472633,17.70703232630214,58.699909731860984
419.15264426758415,258.8833479021091,17.25789928776722,58.835767600695604
431.5164714353338,256.6657227647407,17.89046394314626,58.66006896799999
423.56201237784654,258.8726529900745,17.531497772411747,58.8941754561064
421.47877694368583,258.40071038334696,17.063372146596375,59.83806066956156
432.7023156052518,257.3518884648092,17.881658360630077,59.60916815292055
432.925805589409,253.7315047036709,18.609942907218343,59.79834858578148
431.4790692459491,255.00092316618563,19.120568467629024,59.64235878726113
431.2505141336363,255.4590826786074,19.57767869225472,59.9246599662258
430.5635788451995,256.99025479928,19.74052133351162,60.49539953173024
430.2911562879256,256.84714639394514,20.285366448059463,59.55948762394807
431.37791160125846,256.4545048990124,20.549412336435683,59.12599235629245
430.713449969646,254.7080126804081,20.660927001216713,58.96675099816933
430.13992573105196,252.35825794379852,20.59081124822275,58.797603550660526
429.6036359257673,255.5447267646515,20.449915293043496,58.49204373769706
422.22317190444244,259.2556179559011,19.525650518424158,58.30958111701443
424.340874992125,261.2315994523858,18.851545101052686,57.91891888203867
432.3210291715668,254.95792133661092,19.259944660382864,57.60514746356317
431.6151658726292,254.48096263280365,19.49945759327899,57.3868512061986
431.59796426091856,255.21857599865865,19.533860816700262,57.085105484339024
424.2663189311515,258.0578656987974,18.989638603730604,57.25556949656294
432.2909822493431,258.25544136904637,19.212404988198813,56.860418156065094
434.5811034640242,252.81261316991277,19.27512718340522,57.29940414905319
432.0870021541887,254.16795372918034,19.59077556541791,56.925000149347156
431.46163073230304,253.53266308997675,19.672954744532458,57.027017763097604
432.0643501661443,254.16299333839285,19.63903122267821,56.93787261209373
430.8718322010477,257.4767812350928,19.6848146050674,56.15842818820376
433.06649125694247,257.1006667702734,19.932853575557864,55.7513178472726
431.82264142233106,256.7076134619976,20.104499465006036,55.379397573936885
431.27813120089525,256.0257865665965,20.03770246148703,55.58723391834854
433.6440865195858,256.83552567224757,19.936115318660246,55.125336580684916
433.1280475586047,257.93568031360536,19.8190561086615,55.223301561891326
433.1137587620623,254.3567199890753,19.84763370174629,55.490713353219974
432.5713369994399,254.1281396775579,19.779719250226183,55.94787397625477
433.0477046685751,253.44262065245198,19.985040924196394,56.16085501422606
432.472769230271,253.00465122662132,19.970086949074062,55.87196901415686
434.2587324883738,256.1420712868474,19.879438331471096,55.39925872470925
433.677867176285,256.0138830702064,19.889141753815363,55.65563515799123
435.3616625279167,254.55391621740682,19.989152629686785,55.10796728445567
434.7550979571326,258.15785418248635,20.052433384091344,54.79918167727821
435.3963771326696,253.44562740480305,19.916449629798993,55.051038458391695
435.4763563188287,255.0985080264001,19.756491257480818,55.18843331600259
435.9565552348632,256.4754880233309,19.9428795347239,54.72804554076501
438.184501935272,255.09186909693474,20.061292467936283,55.20813022654242
437.08062514076437,254.7348212689178,19.96387398490226,54.769639846551655
435.9189295150427,255.10825247452493,19.998162719368715,54.02277743533742
438.8141415057003,253.43627145291717,19.8801356235496,53.96330134725524
438.19569166246794,257.19561440214625,19.985537588140417,53.2336017800402
437.5679486141471,257.61889173387715,20.118079280179902,52.387047116578344
429.1027078772734,256.62040076752123,19.237627802893115,53.27084573985063
429.41150313516187,254.73227179216107,18.62003728711627,53.71717791402131
429.4784144349334,254.33356247045182,18.4862146875731,54.514596557439816
430.65594428398475,251.2047173707895,18.359288835901495,55.20195214068682
430.1286055176487,252.36360645663063,18.29243332278916,55.12724006057341
430.75770156650543,253.37250581536398,18.15348737014611,55.34793363324751
430.62831840242626,252.41401160281316,18.412253698304397,55.02524364478576
431.75963315568447,252.53093033558957,18.38959847438989,54.79140617923295
432.4977225911266,249.78410279820537,18.029663642319104,55.82008509874764
431.83645150413906,248.56728681926714,18.227929108646663,56.00516364132917
432.89041655752766,252.86436082118922,18.381094365740882,55.32484941103483
432.97935283260585,256.09826344175644,18.20322181558446,54.47544871599566
433.00424209748127,252.07344022961135,18.153443285833657,54.76672778778237
434.0133687410483,252.71917881474315,18.358334244593184,53.475250617518796
433.9932094723729,253.2467191955207,18.398652781943998,52.420169855963636
434.56278073475426,253.13948378209503,18.342116094065958,52.634640682815004
435.20068446765896,256.4262056417926,18.15094744577758,51.484391051024545
435.32266365658336,252.33929284653206,17.9069890679288,52.204991981143564
435.463323880345,255.34280041111282,17.625668620405467,51.550918795353795
435.48637180821333,254.33721235517066,17.579572764668775,51.44982192221632
435.57456729975775,249.90626242649336,17.403181781579956,52.93473656699154
437.2211926919633,253.53516017159566,17.325237837625977,53.1793237045204
437.7243041208066,252.61621920492743,17.39283147263361,53.9433891451627
436.57030081462256,249.2504026843323,17.52900912655999,54.15953531102801
437.02017408838503,248.54821987386384,17.7207498308921,54.47241368010785
437.528722672794,248.86153359342273,17.803106830733526,54.94524040964937
437.9991894457361,249.10318459216,17.969858689218388,54.46193841217485
438.4375291018496,251.6895666863629,18.197053173098087,53.7046694081958
450.3293268923759,251.56681521897485,18.552962877978445,52.8529221027022
436.80739901750474,249.03208020390028,18.30713790634439,53.556043217431196
438.5637373112977,249.32655523038903,18.085885016124134,54.06423439690886
439.16147040656784,249.2039392935746,17.99075772526848,54.30946627053774
451.5580031768771,251.07749764951572,18.54571002322231,53.868612754991034
454.62348818997316,252.08583022895627,19.05041300373562,52.957893097227554
453.8497188439469,252.346236903833,19.495840718120796,52.43707974747414
455.75032456504465,255.04488600633832,20.105456389877666,51.45060865641579
453.31825780945894,253.89331210856258,20.5715660961363,51.554744549510886
453.7967014479882,252.90571655690022,20.724017301331266,51.311258688328586
452.48450540384255,253.74620023797374,21.13130440905099,50.738843816467295
448.776275616426,254.01900212495582,20.794962113683937,51.30078316681747
451.8543245432129,252.95232330835023,21.296859834981635,51.214808941738184
449.47193966833925,253.04199096499602,21.592218971505332,51.035473628446596
456.6551461876724,252.56099953736995,21.7858074026328,50.87745637063763
456.1258593173826,255.71470443896843,21.723239760871383,50.17575347914583
459.390555899179,256.0842128565062,21.853138497914216,49.43673664407031
454.5921595439774,254.90807668324433,21.536740655768618,49.58607775669434
455.19981319196046,255.50403858950096,21.419486125494284,49.49220670987277
455.85562088445846,254.68368464712486,21.202494735984292,50.03829059913896
454.00110852185946,252.1310366912508,20.516775153911006,50.748842203615794
458.991534457453,256.0275320419631,20.40673356719906,50.63314839011625
461.70456652996023,256.1337380661215,20.44631171253117,50.420736341799525
460.78861287626916,256.55703954910905,20.09667110397431,50.664907333794
462.58772855603564,255.64029847207408,19.762591882516944,50.32228806248012
465.73707183051715,253.42019956581805,19.926798439061265,50.45389047132062
462.5141128890564,253.86144011288292,19.880844436237012,50.653388024815186
464.0856645418346,254.41710433743714,19.989816982649415,50.62608485969636
464.12703058079416,254.97206970613277,19.90708490473042,50.60173623695977
464.25359256348423,254.67295386336264,19.65396093935024,51.199967922500065
463.77701470294915,254.60918360887544,19.51930588529631,51.32750843147444
462.1660431440406,255.02029714360458,19.479582049931526,51.59250367974345
463.3328666399602,255.10905556109398,19.326552744612503,51.41498684476468
464.02626269865533,257.0324635698432,19.02477011479685,50.823199289990406
464.1543761815959,256.91176074928,18.768543148915686,51.064604931116676
464.7717531250936,254.56774979958746,18.603718178921063,51.47291116249862
464.66467731429884,252.57949565313828,18.817869800510586,51.158255454379486
464.7627373715511,252.1211739195683,18.621749686006012,51.00273863708295
464.7448681092712,251.96313492441416,18.6574882105659,51.31881662739121
465.33031815459117,254.69417689944692,18.558147951438848,51.2145318348904
467.4585001880786,254.48726741098298,18.574868571743895,51.6283508118183
465.90541508075404,251.76495033572024,18.45756523881652,51.70052904971638
482.5505024860301,257.5483156814239,18.44270535667528,51.9411681716161
482.58962548432197,260.21078230596385,18.364459360091587,51.99906372627374
481.9598562091969,261.64020373090494,18.548025401362516,51.292165894349814
482.47994399240497,260.41830732537403,18.577048123438466,51.59756212842777
483.09255601429794,263.5027581015768,18.42591456331455,51.87320347799503
483.66395511590525,268.9056544334531,18.358406632274875,51.82031353599177
482.0782040344015,263.60473122592845,18.3099792393835,51.68906143137823
500.21085534113774,270.80662936576323,18.44359208189768,51.20249753193893
495.85735853900053,268.3688594516919,18.622381103639135,50.7479094959984
494.2378431926112,251.8250108204423,18.67314422015636,50.8901751371296
485.1171331248934,266.86767827074186,18.79750944964258,50.6446953757412
498.4931865237849,270.0419436302967,18.6563695828368,50.68279672006594
493.76029966835404,265.7424580103819,18.560205514626773,50.782267711831885
494.74155878037385,264.7058011726217,18.72193581390183,50.73133286403759
497.4502699306557,265.5955269029753,18.626093617075625,51.080513444825336
496.8888011313962,263.9828892443131,18.68144839274828,51.10304029361066
484.46461740698027,268.1176875095345,18.944985186106813,50.31578352787717
495.71324608357446,260.91348459115517,18.75775262639327,50.9132216353419
490.803577041375,264.662543037772,18.968989166554923,50.88807260984831
498.3444082346002,268.347937742275,18.881563490360925,51.01440155597059
483.9391797448164,266.1428586206847,18.768268860136093,51.1395595606634
496.3753637424472,266.21825350445323,18.528829729351642,50.98876979312638
499.5952433835285,273.16394820195154,18.476139848325438,50.9360307672589
499.0557540030102,269.08500202444446,18.492314508178545,50.59149031280434
494.70183197962325,258.7102555221232,18.734820369698586,51.23580512746915
494.4855373389088,258.1178172627532,19.167409651127542,51.348911540263046
497.04117885043024,247.68462681546606,19.46210683868182,51.67256763456781
496.5350844642523,253.88003894011683,19.383153218491362,52.37545209582401
483.3927578398394,267.5392050171063,19.27280665693707,52.55191141099077
482.34102777097263,267.6482919185387,19.17561466755214,52.333737608126
496.06316476313026,255.89053627463798,19.117531336061454,52.84484874755486
484.41240196470864,264.30255842384264,19.283152730462902,52.546450308032504
497.084200744351,256.177037329096,19.249555000674047,53.3914056447892
497.5178561394919,253.07038680281642,19.494159250043154,54.045131499093614
505.33974156976933,254.4789353464271,19.610058365645962,54.60510654962029
505.0242052522735,251.1984106648449,20.241131000637694,54.351384111822284
505.2174267745951,253.08666275257502,20.99825595825815,54.005583943153255
507.9876206789171,254.11751444177773,21.21893904342527,54.24830892227231
507.1837955605082,253.7173667966913,21.66693406319627,53.88894899539842
506.53877195964844,255.5348813412741,21.79448989945809,53.741394002605986
508.62439911421166,256.2721569183911,22.273794804697623,53.42948265196358
509.71456809345,256.40288141784254,22.4267852305773,53.16803365306062
509.5525808788701,255.98359505054972,22.750759659737007,52.84100516317134
508.86805925476614,257.879410129098,22.95319800432081,52.5491897169475
512.4078227629717,260.9288573159689,22.86939034775859,52.28006147641301
511.7907959761785,260.44415254623925,22.942867077142,52.08889417166945
509.99540012023647,256.29804012450614,23.05635463474931,52.26740932182333
509.3593969074193,255.24464922001104,23.16467338352887,52.04681577710419
511.25395450454766,254.67711337107897,22.862743202541374,52.01949247054529
511.7600857180754,257.213158988412,23.007164867413827,51.57413760359064
512.3412342042999,256.76255967051844,22.997635922895242,51.32256821144743
514.4798036264002,257.15662338898625,23.316297125523935,50.534440774511886
513.3635940876602,257.81751082327906,23.262543569888447,50.355752222483915
513.4482509806936,254.9069887713252,23.093229783821595,50.479064194637644
513.9689263897749,253.98425552502093,23.190254314036036,50.047779990492415
514.4735378230184,256.92423586354454,23.31483262693271,49.83682521036374
516.4655836895897,256.74218396109273,23.862371417722905,49.068021384284066
513.1330754714104,256.7535805402403,23.73999731604403,49.04522822598887
512.0758108773041,254.52061364008512,23.596981428441442,48.99607187466872
515.8815014338294,254.81256008309023,23.864577870329818,48.41217898865849
514.3315901054838,256.9395238476974,23.5993461143565,48.64499067633054
516.1396873480985,253.8433640719648,23.344602358132953,48.11440876978361
514.1853019671133,257.54290392616224,22.820139431162136,48.47348801703582
514.678348018491,253.83467856300012,22.93846136277251,48.159040502798476
515.4612423198715,255.79577636173858,22.4745664026665,48.644419475941675
516.5967992461353,255.59701647835615,22.405181640275906,47.94107469763805
524.4313774972238,251.34750901366598,23.077250216104915,46.6353545802148
517.6598925994537,254.8167214497098,22.553550572200727,47.27129017552035
522.9712881969286,254.44880032670247,22.753182810655996,46.92489007819446
519.9940990450946,254.8374652556775,22.22360149201924,47.22822015729513
527.43381712711,251.74293983181803,22.406238040397525,46.96209698541017
529.4905898333978,251.37654838339895,22.593361344744626,46.61971270301766
521.7280876405326,251.39815490297468,22.016975955015454,46.576499663866215
522.4759473754982,251.26876769427008,21.584017888598712,46.835274081275415
522.6106711113634,248.7029755953436,21.314570416868335,46.67203317823005
531.7289218842272,251.55507879793433,22.01177909281581,46.22719072351398
532.9679394946808,247.6989108765254,22.706479581439886,45.47889800758226
532.8505486518495,251.5514808267143,22.94126126710238,45.18471543528032
521.5323054650356,254.25181754295826,22.291692808114323,45.07632719202339
532.7951629627926,250.71656258213156,22.76993318944004,44.82739676650052
536.5597855466867,250.51934906642398,22.592515117854543,45.22182379791567
536.6342294979069,250.51177988474052,22.443627215414356,45.236962161282584
538.7546370368367,247.08092208554066,22.405278439172758,45.794978307255235
539.1982037417084,249.02010276435834,22.576256367858853,46.14906230333837
542.340691379897,248.9150155857929,22.68880147292026,46.35923666046929
542.3088517327242,249.7563331020845,22.752480767265812,46.819158022036945
542.296392045945,246.4478640092934,22.777400140824106,46.96147503199295
542.3360875334475,248.21835523509964,22.69800916581905,47.74695272843995
542.29050403914,246.9326640489466,22.789176154433974,48.13494444509841
543.8978101520105,246.95735065292178,22.87138564378764,48.085571237148116
543.805137869776,246.57670618484974,23.05673020825654,47.747206476963605
543.8689625626876,245.94892479761398,22.929080822433498,47.90482619177783
544.0377548891886,243.60487642429905,22.591496169431345,48.20083318495962
544.7899883620835,244.2504657831295,22.18348068433133,49.10255738867822
545.4142287892014,244.6801062738276,22.037422781345516,49.345699358532144
548.6751150963245,246.5098722439713,22.135972146426944,48.99632840790853
549.1335410085227,242.91221751677264,22.319166764500707,48.49131276501391
549.8004875460311,242.6021039356007,22.081191715990126,49.11153992735778
550.9469874123932,241.75414439760215,21.989707107041056,49.706701441467295
553.7515598281649,242.5759580768122,21.919481583484103,49.170857944644425
555.2744679089797,242.49238850562008,22.169995621679647,49.33799708702868
554.6127602870374,243.48330466488014,22.38780619156724,48.461769442505386
554.7222280205629,239.44260974702786,22.168870724516328,48.866332725562316
554.6668461658331,239.47400729736842,22.279634433975907,48.80353762488121
557.0854861592496,240.35460491629934,21.841414420262115,49.241872373578936
557.0499791109642,241.30570582805427,21.91242851683289,49.53653785164986
557.4146286513409,241.7190431169037,22.287085757137778,48.70986327395103
556.8448399542078,239.54177835858047,22.32812919366935,48.67025695966018
556.9774695814012,240.58960148733098,22.06286993928257,48.771964842482696
558.7312080571625,240.55762468940327,21.841908269420088,48.83591843833813
560.4758311350436,240.44017831491044,21.630321756083717,49.070811187323784
562.6488573956551,243.7243536259325,21.65321940056967,49.05588581384323
562.0144394677006,243.06379834204827,21.829630869222946,48.192147607100466
562.0396611619942,242.66832200958413,21.77918748063582,47.90010917780794
561.9214963634859,241.80491066298097,22.015517077652497,47.47120438137229
563.030124338049,243.49704397565822,21.949791853760445,47.31423384386885
566.1303978063193,247.01843892358107,22.183236022346268,46.70543505314967
565.4643020228357,246.3539247630289,22.447888240763184,45.89938467715326
565.4401130301926,245.48421915448316,22.496266226049354,45.518042564204585
567.1545192487274,244.45067478466856,22.234375126494477,45.47385041215712
568.4837127838127,241.6100032335149,21.67689244402984,46.953384739052744
570.6335852877083,248.434689411147,21.62638058639089,47.11402012178387
570.5090454470331,248.99080965295573,21.875460267741296,47.06553996102578
570.5880941885325,243.53409052573502,21.717362784742676,47.30484852389808
570.1502370960965,241.92353065049855,21.524948719107396,47.32158352284924
570.1158286999805,240.87877108757647,21.593765511339473,47.2811027293359
573.4017446601829,244.80023285299865,21.41564127228471,46.89750482673357
573.3856895474474,246.22434780633722,21.447751497755764,47.22003816358984
573.4013910251157,244.67478686189136,21.41634854241931,47.13264739194157
573.3765680814029,243.7310367852514,21.465994429844848,46.899446536349885
573.454739879321,238.70371952634383,21.309650834008597,47.43359705187071
573.7007427276718,242.98019250061367,21.88049365352048,46.32059071682602
576.9173962230888,245.83495529455158,21.787096527836123,45.89432334990825
578.0047813354674,248.0403110697359,21.70994636410535,45.67885192159287
578.4544275299753,246.48229020993418,21.85497801085139,45.6619215339113
578.9561164013312,244.4074229438215,21.89820348026355,45.62524321764074
580.5166607442881,244.43106459055397,21.917576114545092,45.57795992417578
580.786252754556,244.85221144034477,22.424859622631754,44.73566622459419
582.1711450614263,249.7939534730031,22.78393736167161,44.23876921761857
581.2483691967129,245.61994625680748,22.545752374840298,44.25183678497802
583.208526409935,245.39428238547475,22.7772495896385,43.665211617332844
582.8187400009357,243.76664914767716,22.52349183822772,43.82048638469966
583.4492160324253,247.32984864842234,22.29378130810126,43.91277811317761
583.0131525182683,247.3383134441234,22.13727574732764,43.8958485217755
586.5529296204382,248.59324426398888,22.237489287349383,43.43734909471938
586.5494245271632,246.12683522609206,22.24449947389956,43.266720045074976
586.4907955943391,245.7641724222542,22.361757339547662,42.9737388660368
587.0717433131788,245.1682737228136,22.215886233308257,43.149511933478216
588.4363781512897,245.4839955303982,22.53489732060092,42.51806831830905
588.3663572194171,248.1654401516316,22.674939184346265,42.21668101646704
589.2994630019281,247.80325118563607,22.82925651030082,41.930794502969725
590.7321417048148,244.9649490766699,22.989973535247717,41.5552498594614
590.700415565058,243.9658640295802,23.053425814761436,41.54163287781395
591.2194689220656,244.4207505581034,23.022093618810743,41.638634338832055
596.8111558676219,227.98418801283302,21.91544915669934,43.273898199469066
608.094003243013,225.0102959832105,20.617188926718445,45.17074234999002
608.8072767056678,221.14658627901798,20.208473308876403,45.77334260610242
607.930691841166,219.3767415655072,19.922845344601587,46.254835493206485
596.8783423915419,221.86724196564174,19.558172911685944,47.40184505625484
605.2344235386485,201.2179430569701,19.3491330096177,47.442636893235964
606.101315543229,200.85102999581156,19.671979038115733,47.14814799672341
606.8216465683859,198.60890099787306,19.261121986392098,47.51318599824039
607.5620642953628,198.65026028279905,18.808050825646767,48.458231721596846
607.6854281864798,200.71171416757892,18.561323043412543,48.46838008343627
607.1598685885225,200.27669908644495,18.583458933845545,48.30942694022264
607.6196064878045,198.72691288794343,18.691082001925153,48.32770273729494
606.5611180413845,198.8473942284633,18.749474871748777,48.086740056255216
606.5967226320337,195.36100237964746,18.678265690450363,47.87138603176363
607.7513443553785,199.9169657145163,18.414035340805647,47.96201829872809
608.1104272144989,201.1085630708575,18.714940020426724,47.61696438176938
606.945816139319,199.70420181595938,19.005150305836604,47.36716909414079
604.3234189121921,199.09811843751967,19.144458356859644,47.55823857037403
606.1914817362139,199.3815076724489,19.51366736769111,46.991460100515624
605.6603280418061,198.96871647854738,19.551241899957606,46.792309631769506
605.131642464689,198.87460990566603,19.586088156156194,46.98052277753223
605.0989141521761,195.83209496568136,19.651544781181897,46.910388716593395
606.2991919468309,199.89508064463251,19.303007815220255,46.992491852083084
608.3097185661574,197.43178374628556,20.386975024015726,45.793061111838895
606.4032938808753,197.8371999146385,20.108521027335694,46.005054616944086
603.3421685182817,202.08463907833388,20.104797585509417,45.678141845571055
608.5505536652066,234.1303569164853,18.83376470696083,46.62306112252203
609.5322406310859,235.413876283237,17.877715280772122,46.07067140015776
610.430272195078,235.21972962427068,17.063941277844425,45.47667559303367
611.7240722426536,235.2303113052568,16.394631876859574,45.45551223106147
612.0493112474504,235.06721849076595,15.744153867265979,44.83494032083985
612.3058570499246,235.38907706927975,15.231062262317622,44.191223163812275
612.5491550798179,234.2487950971722,14.744466202531255,43.74906142203313
613.6133217582667,235.4636115249643,14.400927819821375,43.104223540636724
613.6141651646324,234.93480623418947,14.399241007090055,42.40796074941115
613.6855056805108,235.28298572850815,14.256559975333149,41.71160176077373
613.7614610749221,236.08099037144632,14.10464918651062,40.97005783650686
613.8870581366461,236.16567819147886,13.8534550630624,40.800682196441755
614.8042326564035,237.9074627875552,13.687367912932935,40.65363678305965
614.8833335938754,238.0677543144945,13.529166037989404,40.3330537291811
615.0233185502824,238.26978565149247,13.249196125175358,39.92899105518513
615.0994499305773,236.77964176613716,13.096933364585496,39.66658102860547
615.1193289891603,236.19842073071786,13.057175247419439,39.22071744910519
616.4073686178912,239.00368879044802,12.872340480152982,39.18975180676709
616.4509506808181,238.32749724239693,12.785176354299121,38.955624117137624
616.4571112669593,236.71933041471317,12.772855182016942,39.018645087538154
616.100658451837,236.68898951545165,12.69676256838651,39.07932688606122
616.5480346144806,236.67375335186503,12.59047464614771,39.10979921323447
617.0041598570284,236.59735602562154,12.465168858939247,39.26259386572143
616.6577120858068,237.7760371020731,12.371255815261598,39.26565747118098
616.726720923359,237.11174746681124,12.233238140157058,39.02399338918149
616.7363796551575,237.05256803509587,12.21392067655998,39.14235225261221
616.7382797849455,236.32179975011846,12.210120416984163,39.04294773394002
617.5795085504274,237.12819812709287,12.085644490316858,38.9881325842876
617.6555861301323,237.85731757682368,11.933489330906953,39.081724473509524
617.7170969103604,238.53254910844123,11.810467770450657,39.2801170544857
617.7002300024768,237.3269552094588,11.84420158621797,39.3664333553513
617.3352443552154,235.47006793825966,11.797368471386974,39.19618585098133
617.6896652336869,236.38256466203492,11.86205309092557,38.918245156394
618.0746723794929,237.21353680744312,11.86282882037836,38.79788090770692
617.677988371197,238.64556659256218,11.887097214276302,39.010219828244026
617.7176288082418,237.10757572850127,11.80781634018675,38.995976487350404
617.8052254292469,235.4675702813792,11.632623098176609,39.19244312479002
