477.0,262.0,36.0,102.0
476.50150032554114,261.35966718751314,36.996999348917676,103.28066562497368
473.3465547504705,259.84919488234186,36.8672167573478,104.15505232141254
473.08777838193765,259.4210865729809,37.38476949441346,105.01126894013436
469.87277085815595,259.56606648969836,37.27983221841431,104.72130910669951
468.939462525195,259.71941976666346,36.974177273842,104.4146025527694
465.6690100026062,259.5885807712395,37.02804762153352,104.67628054361731
464.6039567626039,259.62471358112407,36.991094171043336,104.60401492384814
462.2702985425542,257.9808310594581,37.3276964343201,105.72642287876874
462.2440608285373,256.49758343882553,37.38017186235402,106.50542161649932
459.99702933417086,257.2424986831036,37.47509177936148,107.21516266380596
458.6859743974816,257.59970476249634,37.885774812469066,106.50075050502039
457.43900294227524,258.02038919954407,38.17103370986358,105.65938163092495
455.3752938756609,257.0185590165673,37.89479770903972,105.46121492985235
452.0895220194916,257.65548760072716,37.884365597281715,104.18735776153255
451.9430951732524,256.90821464833846,38.17721928976009,103.5063170828806
450.66667455054915,254.52604515805535,38.55892998743865,103.92839496799104
449.57998264331474,254.6701836132048,38.548251678951054,103.64011805769212
449.5554162845612,254.2957265834115,38.59738439645808,104.38903211727876
449.5706545389972,253.1889156371653,38.56690788758614,104.41130085158471
448.51888829908125,251.72237603045528,38.479318258545106,105.15325795613182
448.52110797035095,250.8664126687519,38.47487891600561,104.66502273038937
448.55742692138836,252.22752724830426,38.40224101393086,104.1358870573677
448.58438568884867,251.5546481075646,38.34832347901021,103.2974387926725
448.4976163807971,249.83705450216763,38.52186209511334,102.39017377140843
448.49821910000946,250.16393399403302,38.520656656688686,101.73641478767763
449.49903660105906,247.19367973263235,38.67097665027616,101.22105832341882
449.71283194292135,248.32435982475891,38.24338596655159,101.1069613350447
449.8272160549491,248.24646560939397,38.014617742496156,101.26274976577463
450.0412418664267,244.33494265039934,37.586566119540926,102.67762517647395
450.1623957421382,241.97690475923525,37.344258368117906,103.0964983635553
450.04712270494457,241.12935155174625,37.574804442505226,102.64139189735718
449.9940676491673,240.19615750387558,37.680914554059754,102.35990976366696
452.46971581213006,235.8337249490885,37.021133285721454,102.50174475806662
452.7820645783458,233.28814758206678,36.396435753290035,103.3211803152364
453.13870550414026,231.868185815677,35.68315390170109,104.02486251483472
454.34486480641397,231.5737040601469,35.40413752107173,104.61382602589495
454.56231152640925,231.31326265732278,34.96924408108113,105.13470883154314
454.5971753940004,230.63159914018314,34.89951634589889,104.36196649329008
454.549635410562,228.83846362952158,34.99459631277556,103.70064541194279
455.8011825954094,226.23151869049278,34.60762018686914,102.56618055863561
457.05582528162466,226.40753193380715,34.19122747112101,100.12126141532441
457.23805563733083,228.87367173323125,33.82676675970862,99.28990375470023
458.4364458007413,232.43271160571663,33.46195197666968,98.267720641075
458.36503284746095,232.33708520888055,33.60477788323033,96.44822916944435
458.39419901823294,226.9382184893107,33.54644554168638,97.30894855731995
459.8051577062837,230.44374219031909,32.72314632341039,96.29375562878
459.6802855773559,225.12776670133303,32.97289058126597,95.11088313076297
459.61969041846845,227.62389996881674,33.09408089904093,94.03226959876902
459.6002593664932,222.88905882489894,33.13294300299141,93.78376289766129
460.412204742883,220.63002028124194,33.44984745602971,94.42024957333973
461.32280087186376,216.9067803949966,33.58429278674704,95.99981657979379
464.3351787797988,213.63230717140635,33.50143126067612,98.58750016710817
464.1091239980085,211.92857818379628,33.953540824256685,99.97893720150705
463.99947925014584,211.2500610821372,34.172830319982054,99.29187507076706
463.8484826929724,208.02319419267928,34.47482343432886,99.63069981192697
464.81990674434996,207.2267603219513,34.58061018979578,101.22356755338295
464.6942578328252,206.78774229830813,34.831908012845375,102.10160360066932
463.6850321758153,205.0270552216847,34.759990776532405,103.5326092035834
463.61873924112126,202.13355396277308,34.892576645920514,105.10073495783666
462.36996417256296,202.11530624106814,35.25594422811611,105.13723040124651
463.31242294103,197.94511757268958,35.512376526373245,107.05355823242971
464.5206134853231,194.53084070849857,35.26930997354657,107.36216835353297
465.55112137256384,192.46458216566583,35.381545000753206,107.14818383582227
465.4039928633616,194.61455781947862,35.67580201915773,105.02049700632496
465.3678363327136,194.37441506872275,35.74811508045376,103.35342555376165
466.4701268511788,193.06287675093506,35.668445940221794,101.72667839594016
467.32320832409505,194.50824601227077,36.06253541848368,100.93619229736314
467.26373832420467,192.68652931970445,36.181475418264455,100.38739397638594
471.42425937160283,191.35284063644127,36.22213827008486,98.87391886960393
471.5208176846558,191.39690677035583,36.02902164397893,98.78578660177483
471.5436277945403,189.3237025492513,35.98340142420987,98.80267445387351
471.675770733881,189.7023328712358,35.71911554552857,98.04541380990452
471.65536476009277,186.48651969484308,35.759927493105046,98.3313465674027
471.5949668376088,187.558406061389,35.88072333807291,98.2409670319263
471.8520242774719,186.1925986199971,35.366608458346676,98.91829796602246
471.85252548826907,188.1648313757181,35.36560603675243,99.08316131736095
471.95126823751633,184.63223341701388,35.16812053825792,99.97735080567824
471.90810666020167,179.27072646243255,35.254443692887236,100.36941619195971
471.81525250415234,180.51648419538418,35.440152004985805,99.9512558040588
471.81158426430807,176.36708845582686,35.447488484674366,97.89626666841205
471.75626940675596,176.68791522577934,35.55811819977867,97.25461312850712
474.849180334161,175.79513740914098,35.47531312634754,97.00582983465749
474.93076066657636,175.24541302907596,35.31215246151683,96.07599626810153
475.01991721823015,170.0651610449909,35.133839358209244,96.37136903038584
474.97261731405297,168.85298629044638,35.22843916656358,96.78168684687151
474.8062847757002,169.1200318642515,35.56110424326915,96.24759569926124
474.9466465338922,170.07094386944414,35.28038072688514,96.36574884809951
475.96353596711754,165.93764021091954,35.263201574853746,96.56595730747162
477.08603386193636,164.5471846242279,35.03736015159454,97.32771411447644
479.0451989125648,163.12018188667145,35.1709579551512,98.1557556371826
479.10006831063515,157.9736478444943,35.06121915901047,98.24772061280657
480.1462091507551,155.7368097244505,35.00848326705989,98.64230527631528
480.0386620594678,151.09610740393367,35.223577449634504,99.74680362128106
480.19804758109535,147.8902224749167,34.90480640637944,99.96685825540177
480.1915925014765,145.89590938378853,34.91771656561704,99.83297604047536
481.3738748386596,147.02775070023935,34.61273020689675,99.62887172321958
481.4378486125374,148.20074097494103,34.48478265914128,99.33401004024375
481.3809605011528,147.73151309699853,34.59855888191041,100.27246579612878
481.40415936096736,147.47941739767467,34.55216116228138,100.77665719477648
480.23797848394247,145.45126924305202,34.8181394497476,100.70018657085467
480.1993845825293,145.82512460922172,34.89532725257385,99.95247583851528
479.10292265276604,145.17701743947404,35.027374523374576,99.1878135892847
479.0249962035564,145.1902964028381,35.183227421793845,99.16125566255661
479.05690787981706,145.446983319358,35.11940406927244,98.64788182951679
477.9012448407482,143.67652662559618,35.384411767660545,98.09615845754107
476.89166870431205,144.19364657828416,35.36032921199405,97.06191855216508
476.89032098497825,146.54657491815357,35.363024650661764,96.41207494344215
476.9210407608601,145.52788185416196,35.30158509889808,96.43070530371091
476.97448629989515,145.62331305113972,35.1946940208279,96.2398429097554
477.13039825300984,143.65094249941444,34.882870114598504,96.15808490191219
477.20320404517975,143.85080909080327,34.737258530258735,95.75835171913451
477.34718423868037,142.86524369543724,34.44929814325751,93.73330219698562
477.45809147899007,143.07367641417898,34.2274836626381,93.31643675950218
477.31513343668314,144.6060498497566,34.51339974725194,92.20562498710854
476.3294381759168,144.02763346036676,34.54160742098751,93.36245776588822
476.15876087957275,144.0995178970183,34.88296201367551,93.21868889258513
475.1293476773293,143.83943685114303,34.97742939883329,93.73885098433564
474.12971039821133,142.1449913051045,35.003188781694426,93.18071172566343
471.1044362879502,137.51854099275084,35.15579735816924,92.60371294362483
470.9629169652756,137.2097720446561,35.438836003518446,93.22125083981433
470.87374694276645,136.78949108432482,35.617176048536734,94.06181276047687
469.9306733234476,136.6891277979418,35.51366085672952,94.26253933324293
469.96422804004385,135.97054529272702,35.44655142353706,93.70902580847692
470.04802524118503,135.99290983864557,35.2789570212547,93.66429671663984
470.07765283334373,137.37810977646706,35.219701836937226,92.87177378370356
469.2906027172097,136.6543003225705,34.828356522113666,92.35394714440504
469.38261681467753,136.0378567379887,34.64432832717793,91.63585468126783
469.35133521430083,135.3424867515346,34.70689152793141,91.08922345071188
470.43260586992614,130.44302996429016,34.47500497344313,89.30420848462676
471.323437212278,127.20453771022613,34.594210796483274,90.07858746952307
471.25439701265657,125.74367436858492,34.732291195726106,91.08618788320479
471.2664848632022,123.53354151766473,34.70811549463491,91.64431838571977
471.21184634031385,123.01559316383687,34.81739254041156,92.6802150933755
471.0857327290279,123.27723421752772,35.06961976298353,92.15693298599379
470.97279564984836,121.56356199621325,35.295493921342526,91.67929201938982
470.95147187826467,122.78071609285902,35.33814146450993,91.19467745577481
471.053905341882,122.87751839945246,35.13327453727524,91.00107284258794
470.9273839131905,121.56710130136145,35.386317394658256,91.68486262025078
470.9518087845479,120.73924126604032,35.33746765194353,91.3891796008313
471.0631781772082,114.32462665353117,35.11472886662288,90.59444526740303
471.14457959875864,114.02861091344785,34.951926023521985,91.18647674756969
470.2571076648098,111.1779341981703,34.79041804882296,89.14202280773782
470.2475906897365,111.80991868118456,34.80945199896949,87.87805384170932
470.4204580693914,111.4374168089757,34.46371723965974,86.73669877938417
470.6506806190083,111.99164081326083,34.00327214042586,85.6282507708139
470.76474233806306,109.31335985583704,33.77514870231643,85.46606002592061
470.75997858347694,108.57579912101741,33.7846762114886,85.10800792640703
469.83052717799296,108.60473488393697,33.81538589868114,85.0501364005679
469.90354406803215,109.0327925540829,33.66935211860273,86.02193018732027
470.06846936940906,109.44140235385416,33.33950151584898,85.20471058777775
470.95244602439647,103.80654222196887,33.39316938971831,85.54470374848353
470.9172081777458,103.20781089100606,33.46364508301967,84.91469762999719
471.81521791470453,98.88740444046728,33.48729884738884,84.45714433964147
471.8283744219276,99.29388513897041,33.46098583294271,83.6441829426352
471.80540741569536,97.85900711657382,33.50691984540722,82.91124750232956
471.93825618060174,97.02369640245925,33.24122231559447,82.79025830549114
472.0629846530018,101.93730095314811,32.99176537079423,81.88869939917187
471.17803331844704,97.85225381647481,32.99397036387941,81.22030529239629
471.2205918908389,99.1501859514452,32.90885321909572,80.38254888310615
471.4040526412524,100.03092121507524,32.541931718268685,80.36559520595337
471.49968753509,97.22957777577616,32.350661930593496,80.75506506368419
471.67995638771987,96.05976559620309,31.990124225333748,81.35475222095047
471.694505926426,94.78752760447604,31.961025147921433,80.41498281736162
471.6932108494393,95.10723261223518,31.963615301894883,79.77557280184335
471.0824287733432,93.44727818783768,31.466250952584893,79.6576246476341
471.1437340272798,90.35805553831142,31.343640444711788,79.00268318973627
470.3479427542212,91.6560537983264,31.238489337479734,78.10342032305542
470.51119005476653,89.9440709764572,30.91199473638918,78.16355737162513
470.7254552248465,89.26791379401996,30.483464396229245,77.83892461197428
469.0851093189111,88.45061669634765,30.434930714924548,77.8089060607312
469.0271912931015,88.1012717745026,30.550766766543745,78.50759590442131
467.45664957768844,87.21162185320549,30.340994416696127,78.61146785667863
467.536443623688,86.1950636403675,30.18140632469703,78.97142508905267
465.9366236951491,84.9179310496364,30.030122012641236,79.85022818594804
468.4655977931839,84.60002772561329,30.02821478354818,80.48603483399424
466.82196052952673,82.28326286594918,29.92663858763103,81.730713830091
467.44202991844446,72.40402618456403,30.396916470278885,82.67460392754374
467.2077959673775,70.93479866055351,30.86538437241296,83.88063739384074
466.999360203188,65.29550188877181,31.282255900791878,84.61035554088708
466.8801210928674,64.19301879032172,31.520734121433087,85.03920307170142
466.82651604549227,58.42222123321153,31.627944216183344,85.8614213812117
465.79935039573763,59.011718857120265,31.88200387113363,86.48269777795325
464.9029924446924,58.4658297932171,31.86096670147743,87.57447590575958
463.8537929187325,59.10833094119956,32.13036723465023,88.1184721285418
462.9498487128974,57.2019332435279,32.09660322267368,88.24796267659171
463.7983785977174,57.91090940448079,32.242438007358466,88.6729049090107
462.72529949376366,58.94050598275234,32.53698523995464,88.4653227277789
461.8063562676544,59.85205082539232,32.52090872146626,88.49619601320587
461.9075838794572,60.77130418793484,32.318453497860645,88.51180392130233
460.9166757578905,59.90452414734703,32.44958938457307,88.39468364605693
460.14036301757596,60.069735977632476,32.15084136476117,88.06425998548605
460.1125910569123,60.17016073731751,32.20638528608849,87.86341046611598
459.3174163744026,60.266924718947884,31.9573585226659,87.66988250285523
459.56101507704204,59.522911262249785,31.47016111738703,87.325803068866
458.5795240870179,60.51583876587632,31.61477265725569,87.1583185017926
457.76340254160317,60.216414521071684,31.428423155998924,87.75716699140187
456.9548314590106,60.64909654313131,31.221784640959008,86.89180294728263
457.0578638848975,59.01615582034161,31.015719789185255,88.35001671564638
455.2740855238967,59.09230815076948,30.933757460804422,88.19771205479063
455.15126946840707,59.24145164785988,31.179389571783695,87.89942506060983
455.3185037666032,58.232574108272146,30.844920975391354,88.0958827837172
454.4900827854036,58.22282535501051,30.68373494635722,88.11538029024048
453.49923199807915,57.24730914913601,30.85006131023738,88.25103749122071
454.4053558899464,57.2137907589087,30.858149305851647,88.31807427167533
454.3865850175005,57.37405109387363,30.89569105074333,87.99755360174547
455.25924239966304,56.65488251005263,30.967923451662067,87.61834360414377
454.29387781341103,58.739159335214744,31.08520780591566,87.07667959032044
454.2274196296649,58.33695565109321,31.21812417340785,87.8810869585635
456.05603399281796,57.66880488974336,31.204371837881027,87.3956502858736
455.1955560101733,56.71325387789582,31.110774563200334,87.49219906959866
439.0152267085583,57.0594713027533,30.815196599462475,86.7997642198837
457.82240533014647,56.0048070806598,30.979453057412165,87.11011105925519
445.27305201480647,56.55625858786601,30.7886324762022,87.81360284569206
457.8663756228823,56.07031637161178,30.98364788299869,86.97251137656139
438.965957873377,57.942151444042366,30.889877756693313,86.83785129125411
451.53263521351874,58.2385977121749,30.96884978621211,86.24495875498904
437.49274293108056,57.527278128386925,30.34720427541703,85.87375854283553
438.45119449118334,56.49518966367272,30.207563502851777,86.16067312462357
449.9341268784209,55.508212362836005,30.366386855629848,86.35580556266214
436.7020546931958,56.322977160354526,30.06312789737347,86.51076952287221
437.5729955318556,56.27430080122291,30.1024376586442,86.60812224113545
440.18602188877406,55.94430550154023,30.22627159640015,87.2681128405008
435.7008740163484,58.26840445043331,30.22174793619135,86.20984270473869
434.9116255413967,58.1346607914416,30.020463104363625,86.47733002272211
438.51377027908956,58.06491878919842,29.935925748981553,86.61681402720846
436.77960709902163,59.78917034692845,29.843474827314786,86.72908819355094
436.7460204389855,58.65072847887012,29.91064814738712,87.22566625369726
438.4262956026166,59.51554366884767,30.127316238492796,87.28464508292612
436.6647530576319,58.691053920816074,30.06360558538144,87.1402267074489
436.69254712877466,58.57805966547353,30.008017443095977,87.36621521813399
437.58784050909844,56.85721512403119,30.00981817702075,87.22312931187396
435.82192044848676,51.40642902740666,29.96089761202097,87.38241944645358
431.46833703583235,55.55963367369479,29.709266115660547,86.2430488112127
430.6718690044091,55.934006829978124,29.53127163903993,85.49430249864604
389.71041676839695,56.61780900316192,28.874631557959173,84.12669815227844
388.18450766818654,55.50515921949683,28.475351701486005,82.90089966271466
374.6712779302386,55.45578339759616,28.2890560886272,81.29885411346883
370.7085403549447,56.62900432385812,27.84174540473487,80.62696942784093
390.7720949375088,53.07421533490401,27.47859309925848,79.45238972665501
393.3513027143354,55.665117413239344,27.220580487768167,79.17098851214729
405.5095505585139,58.18916945708477,27.275415536602008,78.9971505718946
390.1420561491042,54.76449416005913,27.168168491236724,79.35339887874909
391.70150331185334,56.580984608209576,27.302074920588854,78.97321873729871
391.71051912174835,56.37887784015971,27.284043300798842,77.75401252945959
393.3513666304209,57.16640425446758,27.213740480056735,77.78465579914527
393.4618141781922,57.6802429310317,26.992845384514155,78.36183412378284
392.7055264976659,54.13630242466648,26.896351400094005,79.01343775462263
386.26926785316004,55.58500733987352,26.836086165764176,79.34922355504393
387.0936273803214,53.200784813206454,26.80764843752138,79.25682463013834
393.40684192854377,55.06207940576975,27.128786731950587,78.77112729273026
389.4542761961012,52.14360876406772,26.94700924952673,78.13854141828716
389.54975090256755,54.812919438410816,26.756059836594062,77.61507139653727
388.9711557800523,52.34589863962974,26.319142163857933,77.76678924079957
