457.0,229.0,35.0,78.0
456.26753856357135,234.4875109096997,33.223861822130885,79.2779578303585
455.29560005264693,233.7073886720476,31.69939237508286,80.83820230566266
454.95576892311277,232.23302441715072,30.649561207674118,82.05743738897937
452.0174644372335,232.19314077077712,29.61361302878947,82.13720468172653
449.51567740913015,230.1149253313139,29.485477229460535,82.87249565696249
447.99496095150573,229.1355671269916,29.089396493113874,83.11245523980938
442.0688231596784,230.76754370270817,28.93673366862938,81.56349328953902
442.0223811860109,231.58358897146192,29.029617615964376,81.62150524912472
440.10248805715423,231.72716697964813,29.48417128269392,81.33434923275226
435.68116106177985,231.91655688661547,29.84309517974321,80.95556941881759
435.4740478400054,231.7403387982847,30.257321623291965,81.30800559547916
435.3973239097749,232.97762199609846,30.410769483752986,80.54377106257397
429.53909328910026,233.43876101637764,30.2122400218591,79.62149302201561
428.88616483018967,234.94221823522355,29.832753649416468,78.29992187458762
423.33452822271465,231.52590948822288,29.31909099184645,78.49429029857761
423.57511503660015,230.96989434321875,28.83791736407543,79.60632058858585
419.684256943988,231.87789306234285,28.31794292818445,79.45066127456069
415.6697134700858,230.4802070097603,28.10355836464458,80.59733907745695
412.6101757328119,229.9974233863021,27.57793910112931,79.90173263985764
411.1413048878818,231.9138405422392,27.23231101649663,79.35226810247637
409.5264020942598,233.52496545221635,27.20700953705956,79.38512534920312
406.22698874830536,234.38616952724607,27.295593371870588,79.29027791341807
405.37483337985947,234.3406387545638,27.372081186748126,79.38133945878263
400.52464408738354,233.11381459278138,27.28937148553821,80.20447306798718
400.5431777319334,234.10074274120115,27.2523041964385,79.87135644902597
399.65015536867685,235.4528468183679,27.403032241148185,78.80246497649588
398.7980402022165,236.575611116163,27.484440939651975,78.17975801532252
395.64442595600826,236.48888009255077,27.330009994807057,78.35322006254698
393.4207428801164,236.3421064736472,26.93212557251662,78.64676730035416
389.4279691857214,236.31989994914585,26.857548910474094,78.69118034935681
388.61699240600274,236.73440140380723,26.868204634447316,77.86217744003412
382.902095407824,238.44885176972804,27.10027920454414,77.6326251156955
382.1495684179997,237.3674675016137,27.004710068537918,78.19477053626942
377.9366490797389,239.0732226116453,27.396032890488527,77.99706665803457
377.7408331332602,239.1330952670837,27.78766478344599,77.87732134715775
377.42355912116045,239.39729566219242,28.422212807645394,77.34892055694031
372.3660121932892,239.76139953580844,28.814165798885405,76.6207128097083
370.11222811580103,240.7163391896441,28.47025835393742,76.32799203534503
369.47724140034734,240.75859255410768,28.133463085786993,76.24348530641781
367.33746345312596,241.0016836455271,27.614566800276478,75.75730312357898
365.1965283244008,241.28106501638166,27.146980760427994,75.19854038186986
364.51137513389193,241.17651287055085,26.950586125140056,75.40764467353148
359.22209857155514,241.72858604046735,26.56621181287149,74.30349833369847
358.490083818608,242.13163274940044,26.48685498832707,73.4974049158323
354.0057930589895,243.18574719520237,26.272878932035496,72.91960228681656
353.9083332714189,243.09842905034253,26.467798507176777,73.0942385765362
352.2530694025153,242.2515331719717,26.729693954235884,73.26371418790383
348.32997560416936,245.65962824706966,26.918496205645546,72.57343231393365
348.25118213981636,246.54473635521637,27.076083134351546,72.3282200930069
345.31049023441625,246.07745472598126,26.860142646161258,71.73845227672956
345.19140584365846,247.90804199639604,27.098311427676908,71.10125528257733
340.822416587144,244.81080434325082,26.793473992602166,71.26718662346526
339.4235234824462,243.87898405425923,26.583194019956814,71.6267941104281
336.3880881477378,242.34860320720057,26.632475311566083,71.67676111564157
330.5790361050602,240.51469667740625,26.194565102259602,72.33057060156482
326.3978166449461,236.28551663513616,25.506303201583982,71.73822986520109
326.62419097109654,240.76781682344927,25.053554549283085,71.6987136599083
323.8043573243936,240.07281974597373,24.778311966757798,71.60998034587661
322.2529297736066,244.98608090390863,24.936259644272592,72.09063401421413
319.99396264827664,247.68640371842173,25.00763997252303,71.1365423075973
317.196358607456,250.7283107017636,24.723372470835333,69.46233502841035
315.9850395146294,248.4797247127326,24.26441283909123,69.63711028037665
312.37456056904495,249.84494187475377,24.310580013054093,69.77659224321675
309.01841576112395,249.11670362046695,23.833929293778915,69.79528068476696
310.4747516709246,247.47418506456987,23.780003232476858,70.22157203826198
310.4118174919287,247.84298371301412,23.905871590468692,69.48397474137346
305.3792662019649,247.5797535398225,23.98724627507862,70.01043508775669
303.2388153366441,247.5928536605393,23.96244278682686,69.98423484632309
301.0381384120999,245.08573151315957,24.06056837316984,72.12966029925228
298.86209654355554,242.30571913480588,24.012377451753878,73.28941039745496
297.1419211810063,240.7871828537327,24.487982934390352,74.84411033837034
296.11891696987857,241.41230945749183,25.020792365977492,75.10705612152044
290.5023066641281,240.0178190561815,25.56710881981215,76.36933633018873
289.5619079335904,239.67413532423924,25.89324594600668,77.05670379407326
286.1253671773101,239.21766461419597,26.484692993610224,77.96964521415981
285.2120325545524,240.0306595756771,26.7171485021441,79.53208276516052
279.5033625489171,238.7924443222514,26.789502390644188,80.38780096875892
279.72231796611436,238.54328455310872,26.351591556249712,80.8861205070443
278.336300193276,238.33585979747818,25.857070331874542,81.3009700183054
272.5514883090969,237.22231463544256,26.01613279724257,81.8979801562352
272.53808797441275,236.51188604845913,26.042933466610904,81.67735446174653
270.08836670788776,236.98108700697009,26.025842355179236,80.73895254472461
270.1517410840084,236.81774783952835,25.89909360293797,81.06563087960807
265.22684721611824,236.1335765127073,25.98380445393464,80.80646071911961
265.1927794542646,236.28484421150287,26.051939977641908,80.50392532152847
265.11833608634197,237.3273198558105,26.200826713487253,80.04131922018784
259.53389487288314,237.27330840090426,26.040185180316907,80.1493421300003
259.6848109496336,239.32431469245608,25.738353026816085,79.28151140477824
259.02946178361844,241.18166616259964,25.449834730530547,78.7652417211225
255.41908712221954,238.2822232349444,24.737674770598673,78.21780015024913
249.86526796444173,239.75820970222918,24.8853716615779,78.39723905127278
250.52310692868588,239.87285062089535,25.140666846316677,76.5969841007134
245.94035162553075,235.51996958713084,25.005634659922062,76.00220337553756
245.23769904247362,245.62177707208423,24.871782554610526,75.80763293416615
240.5334245493143,231.17177489130202,25.076711693435158,74.02890447075055
236.8074797816191,240.34470422771955,24.96673993012407,75.34388517453957
236.09003919252757,240.87681582814554,24.872540178115145,75.80874290387953
233.86005552754418,241.04473151741993,24.730608561712597,77.00687784078713
230.67024341354517,240.5535799314188,24.91668946634644,77.9891810127894
228.9886825592076,240.66053133792002,25.148296863162027,77.77527819978695
227.37508896414684,242.04459369440548,25.24152884367428,78.14110869642528
224.39404015092933,241.55943546277445,24.908075295598984,77.53753736605974
224.30432079688345,241.2431105789522,25.087514003690742,78.1701871337042
222.8832790570118,240.39004228058337,24.786658035834197,78.30485400664193
217.3812214417292,240.3167849379551,24.81586723216587,78.45136869189844
217.29214266507677,240.21467310880803,24.994024785470742,78.65559235019259
213.2802111417659,238.6667415713343,25.13468367587673,78.59817376265374
210.93623851599452,238.67116161931787,25.087384771924743,78.58933366668663
210.11419854943523,238.82286843798775,25.15404582917214,78.28592002934687
205.27017442547978,238.619898704785,25.39607361457001,78.69185949575242
205.04689740694715,241.3511388219049,25.842627651635254,79.56758538200634
204.10754823940533,240.61334925849545,26.116129496228304,79.43796801833463
200.62688021902989,240.3815422068999,26.6439791794736,79.9015821215257
196.51091194587252,241.24607394411953,26.752746019585288,79.79715258832707
195.62252832214978,241.67322484705778,26.90437641695891,80.56798763252253
194.01538289170315,241.82235539471824,26.8409025175686,80.26972653720163
191.58686816445967,240.95922077612173,26.79750378684929,80.36251971265919
190.71072621128403,240.959112076636,26.915784822936438,80.36273711163068
185.86414381267915,241.0313361659339,26.791932766838727,80.21828893303487
185.96139566100703,238.96921402332163,26.597429070182933,81.07883681401687
183.49570315237293,238.812375108865,26.607230461291216,81.39251464293011
181.77784800259127,238.98784750572997,26.752606271832434,81.04156984920022
179.5168330798658,238.05814137392838,26.346109737109185,81.25813998607862
176.19197542751073,237.8219505377671,26.44196677842437,81.73052165840119
174.3976255299232,238.76714678749664,26.736792527857425,81.48706618181312
170.82334005493956,239.55327882622993,27.289812497189423,81.56368984950541
168.23352515488787,239.71912624152938,27.489127802459677,81.2319950189065
165.30979937013143,240.78131971204124,26.700482641682875,80.76663226045525
163.90846099469357,240.72450043905042,26.227206406592295,80.8802708064369
159.99867590289185,238.63933506652356,25.892218273927906,81.78877822498345
159.12632660401138,238.34024331123933,25.999266162335616,82.38696173555189
155.06041595263665,239.1062658065128,25.89053164936403,80.85491674500494
154.24873261362876,239.01987255657906,25.889534883183416,81.02770324487241
151.7886523049859,238.5157783377624,25.929300182924166,82.03589168250575
150.8923146143459,238.42505971147392,26.08013506835671,82.21732893508269
149.9884483565908,238.38788696332136,26.240673581544595,82.2916744313878
145.5938986244542,238.46018059187807,26.773747606846783,82.14708717427443
144.7147524918895,239.0779871233696,26.873091333740277,82.57042264952727
141.89027869496837,240.117360720902,27.52167286331586,82.15846414255137
140.16675079672098,239.04931411007288,27.623105758468995,82.62174591353882
139.20858379826663,239.44919220598345,27.858178650518894,81.82198972171767
134.10607005444535,240.92220606189835,28.018211204635854,80.55012783214214
134.32803777505632,241.38999683440477,27.57427576341395,79.61454628712931
132.91974551300305,241.50617211818337,27.11581549144423,79.38219571957214
128.05200018619016,242.18941006466065,27.09616925912682,79.64157597427473
127.1492960812251,242.0934841505472,27.272383571798933,79.83342780250159
125.55795922078764,241.99040694892233,27.184772524474518,80.03958220575133
123.34454381785717,242.007912666621,26.702158851018247,80.00457077035404
119.28308769012585,242.03157979708888,26.689250529493336,79.95723650941824
119.10378365052536,242.02955542970804,27.047858608694334,79.96128524417993
118.09550635311285,241.4387740265172,27.431546665413354,81.14284805056161
113.01840323795682,241.3746150840987,27.645535590816337,81.27116593539856
112.88349879467926,241.41765172525376,27.915344477371455,81.18509265308849
112.08521794146763,241.52474289891634,27.845775699604417,80.97091030576331
107.19348649359509,240.4263000258941,27.658383401600943,81.50598685284974
106.39119714793438,239.56172572320503,27.596944754362305,81.56911811966778
103.24096843537272,239.73934588851313,27.234222528693447,81.21387778905157
100.00452966136193,239.84644482702214,27.090665617495397,80.99967991203357
99.18847529045651,239.71020673763684,27.07434000657195,81.27215609080415
97.28204635933803,240.29826291051978,27.58317042741225,81.74805746573666
96.96498990154056,239.39258674566608,28.217283343007175,81.89131791872278
98.57345897607797,239.3750585421608,28.363747009245266,81.92637432573335
99.24542529198075,239.50899654160958,28.704682431342086,81.6584983268358
100.72251177274919,240.17605936105912,29.1250013940628,82.01161865006553
106.59502492350408,240.20057998054395,29.27941202368037,81.96257741109586
107.4925436578624,241.24823070425433,29.186393738145554,81.56929514685685
108.6423008634987,240.38088575954288,28.581592198022744,81.60927216512991
114.58935914818301,240.58307066751104,28.477620965912585,81.20490234919365
115.00954281641629,239.5522169942214,27.637253629446043,81.58996459733977
114.9672485444511,240.3098796975414,27.721842173376405,81.74146707483449
116.37645834079022,240.24813721154032,28.24448333134254,81.86495204683659
122.2719371366554,240.2936991329815,28.226268486011012,81.77382820395431
123.28676081559139,239.1549614623803,27.876810334767274,82.37111433852837
127.43925863297812,238.79723242435716,27.983459405244666,83.08657241457468
127.35189777607441,238.59246830390248,28.15818111905211,83.49610065548401
133.3025617615131,239.9256551278727,28.181287740291342,82.53321766356034
133.14946023391283,240.0526298971891,28.487490795491848,82.2792681249275
135.019816091936,240.30025605263006,28.131087261824224,81.78401581404557
139.24835478468611,239.60438188846098,28.067012867891044,81.4971635440703
140.1681449500434,239.499313965544,27.900775821974413,81.70729938990428
145.253723490986,239.53623306410074,27.769469988750515,81.63346119279079
145.17020470231017,239.83589907847028,27.9365075661022,81.03412916405168
146.09501406443343,239.0918635910195,27.75125241337991,80.85783656742902
150.20307070532536,238.93620622394002,27.827512147772087,81.16915130158792
150.91636594950734,238.64908230381292,28.065224115784478,81.74339914184215
156.595905046661,238.87947828330516,28.44389510054377,81.28260718285767
156.47397376572354,238.8719336242922,28.687757662418658,81.29769650088353
158.77675659043862,238.75219862193768,29.12755356941882,81.53716650559262
159.70154440297193,238.96117717665484,28.971165132410242,81.1192093961583
164.41700080964887,239.1076108243317,29.64652982810128,80.82634210080461
165.2642130641546,238.96077591439752,29.644517780130535,81.12001192067294
168.09904699527104,239.16958608573856,29.064587013901466,80.70239157799087
171.14563388452862,238.2863708291793,28.011756765068906,80.78870758121514
171.8867633263913,239.34544685059387,28.191731468757496,80.33278912579985
176.95532185892202,239.46486316970908,28.008620697717856,80.09395648756947
176.9926425960445,238.4897934654793,27.933979223472875,80.39183192576877
181.4363288024806,238.27866191560383,27.322390195606964,80.81409502551972
183.08157324719974,238.38651506191582,27.33195514281598,80.59838873289573
187.0883695478832,238.29390928332046,27.55400745753287,80.78360029008645
186.93639428396529,237.9720276039255,27.857957985368685,81.42736364887634
185.92639087361007,237.95804423157273,28.20942677824479,81.45533039358189
183.78053798002892,237.67424862987468,29.150452151297166,82.02292159697798
182.11657701108743,238.0229081027903,29.077288600277612,81.32560265114677
178.81548292410457,237.96165308842023,28.922465887630445,81.4481126798869
178.022187226435,238.42333185161738,28.82086178993128,80.52475515349262
175.21087284523233,237.81936371554735,27.750850395616204,80.05953138645256
173.13230990972065,237.9014391807139,26.966725279121746,79.89538045611951
172.40880021183062,238.7119098618822,26.78329864066508,79.90488512801957
167.6295883556204,238.9674905493224,26.578347438271525,79.39372375313916
167.53214457299694,238.84950356219443,26.773235003518444,79.62969772739513
165.91238750490243,238.08745974072704,26.7664945754889,79.53065808822062
163.49932991862158,238.3063328758717,26.727828095766505,79.09291181793128
162.26194850653354,239.44740380457156,27.58793737146508,78.42542350900902
157.9811302344651,239.21394048866563,28.04556277894546,78.8923501408209
156.7818711000817,239.10576612550295,28.80830334785953,79.10869886714627
154.8896449254368,239.10281215932702,29.287387276641923,79.11460679949809
153.28522151315215,239.20182055891792,29.17339133996598,78.91659000031635
