333.0,90.0,30.0,30.0
333.61241468561695,89.99200140183004,29.720052518529855,30.015997196339924
335.72786489478216,89.61669890298425,29.252041324970342,29.825879887838774
336.2971384459322,89.70743448113986,29.04384421446693,29.64440873152756
336.84190025790156,90.24069731286693,28.87853294854596,29.502095426091174
337.43008333657644,90.38586552255094,28.621533654758416,29.211759006723124
337.80876706594677,90.34359780246254,28.774914852768518,29.29629444689993
338.9221715861242,90.33786876991762,28.377101848955594,29.30775251198977
338.92898618259255,90.8092544422308,28.36347265601883,29.273374514054076
339.5513778532091,90.34957875094784,28.026327922444494,29.285087288961282
340.0490017843191,90.25888989226345,27.933567607653874,29.46646500633007
341.95774523373296,90.168803866529,27.731508443262392,29.64663705779895
341.80877049194885,89.98871242058446,28.02945792683063,30.006819949688026
341.7669854410181,89.99954866443119,28.113028028692106,29.985147461994575
342.3418047028184,90.07751103170578,27.878202642884915,29.829222727445398
342.87273514039043,90.21628051942402,27.724990264903383,29.551683752008934
342.992555330326,90.24831915010127,27.485349885032164,29.48760649065443
343.52935778468134,90.19742672909803,27.308818358803308,29.589391332660924
343.628068897929,90.1932956232574,27.111396132308073,29.597653544342162
344.1754772311581,90.2854554107582,26.909420766978457,29.413333969340542
344.30757980707136,90.22422817845631,26.645215615151905,29.53578843394433
344.4465083720263,90.31875575304326,26.367358485242036,29.346733284770448
344.93085038859596,90.35224508175442,26.275748035168476,29.279754627348133
344.95743429967484,90.40553191889298,26.22258021301067,29.17318095307102
345.45591430107964,90.44728269881632,26.097684975171568,29.089679393224326
345.51524793016347,89.9943276861213,25.979017717003885,29.126816439208014
345.49308567734073,89.66568175363452,26.02334222264941,28.916653923208273
346.0476607134771,89.4422790599244,25.77908894549479,28.498562515510386
346.57881272426863,89.48398991397839,25.571282830407004,28.415140807402402
346.6101695279578,89.39983494712439,25.50856922302865,28.583450741110408
347.0115373018827,89.49926543044222,25.557332359399062,28.38458977447472
347.37143198978345,89.43062019089982,25.68673031943521,28.521880253559537
347.8515783050316,88.9661994972022,25.57982465510535,28.59733467478848
347.98008062651365,89.30193465976225,25.32282001214118,28.778717057383453
348.0055155801746,89.45866685969348,25.27195010481937,28.465252657521006
348.0873864335193,89.53836767010927,25.108208398129804,28.305851036689447
348.15284248325605,89.08345332262601,24.977296298656366,28.374890351522005
348.25817599582655,89.09587684443551,24.7666292735154,28.35004330790302
348.2924639664575,89.06752662989297,24.69805333225348,28.406743736988105
348.4080068567512,89.0340352329937,24.466967551666183,28.473726530786614
348.81585717415993,89.0567916593011,24.484381477504463,28.42821367817183
348.40017433157715,88.6561599665076,24.48305679617675,28.396786697265426
348.4801696489568,88.79513175645509,24.323066161417437,28.118843117370425
348.4815184071393,88.31375101941876,24.32036864505241,28.256288757602107
348.52903798692245,88.27012162384344,24.225329485486068,28.34354754875274
348.5177548006226,88.35349152676801,24.24789585808577,28.176807742903605
348.49955957810994,88.35353512809145,24.284286303111145,28.176720540256724
348.5295744376133,88.38884175434558,24.224256584104367,28.106107287748475
348.628121201445,88.39493769492448,24.027163056440937,28.09391540659066
348.606774900387,88.41116851495077,24.069855658557,28.06145376653808
348.6260274844435,88.42281214513224,24.03135049044393,28.038166506175155
348.6140509068236,87.91728828548635,24.055303645683765,28.229829004691716
348.5269034760362,87.85424310458166,24.2295985072586,28.355919366501098
348.5377979105595,87.37601573241412,24.207809638211977,28.4848933412083
348.4702210974011,87.42803857870015,24.342963264528787,28.380847648636248
348.44792446705765,87.36887236223546,24.387556525215743,28.49918008156561
348.4200667011624,87.41101417171464,24.44327205700624,28.414896462607253
348.4612005905433,87.42075073659223,24.361004278244422,28.3954233328521
348.4453322697875,87.00021294031141,24.39274091975601,28.406296591380762
348.43755358680215,86.88270381986591,24.408298285726676,28.64131483227178
348.48675160946135,86.94166170488306,24.309902240408245,28.523399062237477
348.08857267201034,86.91153140887498,24.27490136118736,28.583659654253637
347.63022394092883,86.89393549658321,24.359872220390617,28.618851478837165
347.5956912111091,86.4893509949825,24.428937680030003,28.59438412324581
347.5419108390152,86.50871114927516,24.53649842421786,28.555663814660498
347.5123577638233,86.14302705084319,24.59560457460166,28.451534115223147
347.41009641338235,85.81258040825061,24.800127275483504,28.27759130936525
347.0083024281466,85.70439883176732,24.768294268782157,28.493954462331818
347.4025825753306,85.73515797978216,24.817996381027406,28.432436166302143
346.95459507237706,85.77895170659744,24.875864979320564,28.344848712671606
346.8938557784431,85.78512580469312,24.997343567188558,28.332500516480216
346.9588329735537,85.37655620767246,24.867389176967343,28.310210327318764
346.9404691150093,84.94845789306969,24.904116894056024,28.32940332920347
346.97586666672225,84.98931490123422,24.833321790630187,28.247689312874414
346.97561653518005,84.97025752871555,24.83382205371462,28.28580405791175
347.01556217591207,85.06808007113818,24.753930772250516,28.090158973066472
346.5911594842431,84.56314300981411,24.77096049030444,28.26825743043066
346.63555349456,84.8934427865042,24.682172469670718,28.44246708197298
346.6139922321153,84.77134897193459,24.725294994559995,28.686654711112205
346.5942052610144,84.32642250138143,24.764868936761847,28.735953129197224
346.19417583932847,84.3495041984194,24.722975570873647,28.68978973512129
345.85055254603117,84.38625852320749,24.569656376337143,28.616281085545086
345.85635122317296,84.03384342333233,24.558059022053445,28.484143759980736
345.4200389247158,83.95648107515329,24.595945585060765,28.63886845633879
345.4392658431231,84.59179082827455,24.5574917482462,28.2059878505272
345.4740821335858,84.66297341187784,24.487859167320785,28.063622683320638
345.0779842831772,84.78528040439221,24.452951564050597,27.819008698291885
345.04221780564734,84.46544856988338,24.524484519110363,27.63591868941699
345.0413474715146,84.93540078661265,24.526225187375875,27.517072490961056
344.58344085716493,84.99139831404102,24.62279734010084,27.405077436104314
344.2502054750258,84.8619899698786,24.470224434314627,27.663894124429145
344.1521655507283,82.54575912663856,24.666304282909664,27.372608616898674
344.15993267132893,83.39268832362404,24.65077004170834,27.317216903905038
343.6534751335508,83.49435336986778,24.845560984932174,27.11388681141756
343.69154370396154,83.91722252971744,24.76942384411066,27.08621255713429
343.29807828887607,84.01699102306077,24.739934261712342,26.886675570447604
343.32851339832195,84.1771303918525,24.679064042820634,26.566396832864157
342.8224314376671,84.92170288626394,24.884349672737464,26.69100842682691
342.4059369012587,84.1253492978877,24.905252970754567,26.659544053979992
342.3595063405562,84.04388810934033,24.998114092159494,26.822466431074734
342.37133695414775,84.14674735392799,24.97445286497644,26.616747941899412
342.40090298590525,83.89920072290796,24.915320801461508,26.299484266524257
342.0023572993733,84.27400639934163,24.90595345490854,26.356331633273776
342.05644350744177,83.95411747724151,24.797781038771532,26.18891018082748
341.59295651025076,83.36776177693189,24.92188973355157,26.558756281844722
341.5904630652253,83.37149271278669,24.926876623602467,26.551294410135107
340.7249504650292,83.36663774858889,25.036743927082384,26.561004338530722
340.26570327079406,83.42894482141736,25.14276399437725,26.436390192873787
340.64890224356776,83.40686173935968,25.18857232353526,26.480556356989137
339.8062854819095,83.47576075863265,25.246558909118903,26.342758318443202
339.3464050627762,83.60243456152044,25.353935407839824,26.08941071266761
339.34284196409317,83.67719712243816,25.361061605205954,25.939885590832166
339.3543597222474,83.74168831574924,25.338026088897493,25.81090320421001
339.43098891523096,83.72628657209866,25.18476770293033,25.841706691511188
339.0487179203992,83.60829948818396,25.145759815970976,26.07768085934057
338.2562911928634,82.35442967852798,25.117343308932686,26.165515535487682
338.2634875750773,83.14783241622447,25.102950544504935,26.193833865470744
337.4442322975665,82.71646490541809,25.125905683094274,26.248791178867364
337.82059366695455,82.29425520829369,25.182184974831152,26.28420854260326
337.8188392878657,83.95512499190593,25.185693733008705,26.20426071078105
337.89554082702307,83.25576532038193,25.03229065469407,25.984478295172586
337.04919002809515,82.8536902950863,25.118234853404893,25.985249646191356
336.7076078851279,82.41392037454402,24.99664881241683,26.060039160353362
336.74206550851676,83.32172895922206,24.92773356563917,25.85241945268888
336.3490437374032,82.91617179546917,24.91412280541633,25.863879477744717
336.3714400033362,83.34772038711789,24.869330273550293,25.800400903770253
336.34603936571443,83.52130428649475,24.920131548793897,25.453233105016523
336.42240870299054,86.80716913192208,24.767392874241683,25.227665231086302
336.47076218046874,89.22223953649411,24.670685919285233,25.12141687141281
336.5380884118341,91.52331922442687,24.536033456554485,25.223974922774445
337.0337518446709,93.20644697451888,24.328310047575677,24.992133249369715
336.7095968993756,96.845659245293,24.199937631832896,24.70384946482293
336.390257689285,99.89688366379723,24.06848789383099,24.762425893278444
336.15096922546746,103.11729241581664,23.778093465968745,24.473379233219482
336.15662643278574,105.78744867545925,23.766779051332165,24.45198864027297
335.7528771734073,107.42332235472273,23.814946065591723,24.21756729973567
335.74411816879126,110.497526068082,23.832464074823747,24.120446991601376
335.72137237743425,113.22015462466004,23.877955657537754,23.961313723427192
335.3614905492279,115.78131259604102,23.844345278912094,24.112616025934027
334.19039679982956,118.48892210970581,23.920858428897564,23.983970479164046
334.50828087182936,120.83246807319456,24.039496875680882,23.82331809688416
334.5130686289157,124.25328896103512,24.029921361508258,23.765365081855084
334.84002676546845,126.48897127595987,24.12868388205081,23.81007321389422
334.83409996588614,129.61517056746635,24.140537481215453,23.5971697365635
334.9370736139255,134.5290040699176,23.934590185136674,23.542418376359663
334.9114461352885,137.10267158689757,23.985845142410817,23.628724687469674
334.96080517010444,137.80377469964262,23.887127072778824,23.726179407421906
335.02058950824176,140.37894328993855,23.767558396504224,23.824545680607947
335.03407880498435,143.4806730297836,23.74057980301907,23.61694075807884
334.6491407378803,146.03300555143565,23.76466884727242,23.732785344457376
333.9576896963672,149.9468627790458,23.65158820537161,23.384984513872418
333.8658160837524,152.4344839496296,23.835335430601177,23.594855350800515
333.40147475766656,154.19106986921767,24.017088344643724,23.81633220226954
333.53558657922594,156.88777702783415,23.748864701524955,23.695881768161023
333.51170530231775,159.62114413241966,23.796627255341406,23.459276275779843
333.99531714062294,162.30512472844052,23.573586295180462,23.300594098884044
333.94332244134364,166.04051328095005,23.67757569373907,23.211546388751678
333.60251410539917,168.57874032703313,23.620790112118666,23.303908071151138
333.00696304749954,172.77481065095645,23.333957402883964,23.040408960991734
332.572003849798,175.13263542049128,23.473574473970167,22.706567367822743
332.8824580494091,177.05972151518924,23.57988732528922,22.488501431132512
332.2024510407156,179.65387232979316,23.489030265502382,22.378248572033026
332.1921106722706,182.1631899958066,23.50971100239234,22.415478017678907
332.2072915304094,185.1812876192044,23.479349286114687,22.16472276422791
331.808084382951,187.51472395766547,23.55903383502611,22.52895830934424
330.61811205368144,188.8212999912586,23.761729001148638,22.81880556538006
331.09076236841355,192.30986408006646,23.549942522417258,22.443304744360084
331.2902716730748,195.95478854227773,23.87517460305019,22.395962719491855
331.31020416999235,197.53561237600059,23.835309609215027,22.148659993756542
330.99160068383367,202.67447336996892,23.748481371162523,22.007430950999208
331.29852879488004,203.10356976221408,23.855060275385785,21.86967329282487
329.4596575785628,204.1413250131089,23.93327857361733,21.953877271676898
329.78651519810137,209.6928717788822,24.002027611739404,21.68774789811691
331.14401607793013,211.92031825439457,24.164198783726363,21.548614344558928
331.15937142879835,215.35700159806092,24.13348808198993,21.15157708389395
331.1022553831431,218.00800184596778,24.247720173300582,20.83892465047279
330.0603533545933,221.33421421873908,24.202969055370517,21.281683821695314
329.44031694102694,223.43845414519623,24.011193248914378,21.36874986954738
328.9376905055169,223.2862599259841,23.587762479631287,21.673138307971644
327.283165775744,225.29178099827675,23.333758741218173,21.937760000936986
327.35378678506254,224.7765327195862,23.192516722581132,22.255403998926898
327.32593390120206,224.41081601703766,23.248222490302062,22.271160155054012
327.72602971186427,224.41869616522786,23.164830255112598,22.255399858673623
327.67226792887686,223.58513022312158,23.272353821087492,22.492045005456948
327.6765177420756,223.93929398992705,23.263854194690026,22.504390475123806
326.8198245591795,224.33136187449384,23.535770659530165,22.44098965646625
326.8210568985828,224.1774609582481,23.53330598072356,22.748791488957682
326.83778371219336,224.0583802687545,23.499852353502483,22.986952867944943
326.69794904918507,223.11625581797045,23.77952167951906,23.407072703402974
326.51183693389726,223.10932917421155,24.151745910094633,23.420925990920747
326.4548980780095,223.8026455361364,24.265623621870144,23.532600936582217
326.3248892801538,224.1835506740558,24.52564121758155,23.523496477344693
326.0017839178198,224.1680819557581,24.41521375407121,23.554433913940024
324.5954155420797,223.76042615747915,24.20636204117514,23.614348394403944
324.68181927979805,223.33578940013373,24.0335545657384,23.710554282384056
324.68398936494447,222.51010358154878,24.02921439544555,23.858183062842297
324.644992203748,221.95066325039835,24.107208717838525,24.222932684154788
324.2270121232858,222.36549571921282,24.18206483521776,24.15437179007097
323.8477438101762,222.3679903560744,24.179397766286726,24.14938251634785
323.9292198832362,222.7108519386333,24.016445620166675,24.224742468591565
323.5391396859278,222.7491937687659,24.036904035806433,24.14805880832637
322.8688072841372,222.02905365198572,23.859933223886788,24.070703426385897
323.3085114957551,222.02572741736145,23.735336151753323,24.077355895634412
322.649631714915,222.09322872846283,23.54719378511556,23.942353273431664
322.7258294659408,222.16819187478464,23.394798283063984,23.792426980788036
322.74903188604475,222.61636360667498,23.3483934428562,23.639182830847897
321.31567766823747,222.60746266419574,23.2552687241929,23.656984715806388
321.2753272849461,223.03089066117644,23.335969490775618,23.54889759498611
321.70425512131783,223.43751368029712,23.216456278011883,23.473994016724433
321.3591116282469,223.15561776251303,23.17146337869207,23.30250596683106
321.0126776017703,223.08450431656178,23.1324586260088,23.44473285873358
320.63015568403983,223.07285873073513,23.1640075042915,23.468024030386868
320.3122694823321,223.5136717368386,23.06542110801609,23.320756817870773
320.32807680201574,223.1618683567861,23.03380646864882,23.29387535377789
319.9365540556368,223.1987696650978,23.08728504283881,23.220072737154446
319.92088441153516,223.18369467574863,23.118624331042106,23.25022271585283
319.53643643012066,224.0925738748127,23.157302965350365,22.892898974766187
319.2083140565954,223.34702250696125,23.088350670267992,22.93360762620334
318.8264455874043,223.3241119277976,23.12733338410807,22.979428784530697
318.9356427812138,223.02300635066098,22.90893899648899,22.85555012996582
318.5367896968382,223.06466357300098,22.9859446716808,22.77223568528579
317.82582303386096,223.11564673511936,22.966679396265175,22.67026936104905
317.83490157334126,223.03711339597524,22.9485223173045,22.827336039337293
317.8532483459376,222.99182867026715,22.91182877211189,22.91790549075345
317.58879635761946,222.93928953830388,22.71900465170647,23.022983754680013
317.7035435575336,222.55528611682806,22.489510251878155,23.070648300097
317.3633616555171,222.55444352421483,22.45240583604471,23.072333485323423
316.37673922800377,222.51228011864796,22.274925458690937,23.15666029645716
316.4605991595644,222.0342418860383,22.10720559556966,23.39731240546523
316.51015416087665,221.92735230807514,22.008095592945168,23.611091561391582
316.5413286129659,222.34369214191315,21.945746688766643,23.496713401189808
315.812712674973,222.39461965136798,21.971928400025924,23.39485838228017
315.7965886450587,222.3334565623055,22.00417645985459,23.5171845604051
315.7529460957641,221.9298970255939,22.091461558443676,23.607530806361552
315.7688799937915,221.25673141975412,22.05959376238899,23.514721704303813
315.42005091242197,221.69046117356962,22.039637632899836,23.364876488900997
315.440135922261,221.68095314654093,21.999467613221825,23.3838925429584
315.3465642335393,221.66717690234444,22.186610990665088,23.411445031351377
314.66846389453576,221.7567300345214,22.10678196094472,23.232338766997437
313.9494976923547,222.12427187129757,22.11682057604154,23.211201988077782
313.5497346493182,220.64140131737983,22.202571549419954,23.32184264513493
313.11743657180193,221.75799702311667,22.350301968380585,23.239248441877344
313.04255940409905,220.193100575194,22.500056303786366,23.497395122099284
312.665290427606,220.62894903734417,22.530267512692294,23.35002494187912
312.7134296392868,219.97485825970688,22.433989089330638,23.21321558186302
312.70196212862584,219.90749800946307,22.4569241106526,23.34793608235066
312.3377938390591,220.24721128272847,22.4639584282481,23.389811797357808
311.56014786775233,220.55604615277576,22.57511073691912,23.494211874234537
311.530622580216,220.3143360140732,22.634161311991786,23.252167104389116
311.12744858129423,220.63268177621373,22.717906349565148,23.33807854037817
311.13063807535354,219.16735003052082,22.711527361446485,23.367643385901395
310.77867026962934,218.99912984934522,22.68982513136028,23.70408374825256
310.8092343469699,219.4132717575571,22.62869697667913,23.606369019943674
310.1195507656722,219.39492670869674,22.551922982375995,23.64305911766438
310.1287114951131,219.86923935825982,22.533601523494205,23.421863115810467
309.3752677864778,219.84639933970843,22.59314032765817,23.46754315291327
309.33638720208234,219.812156429357,22.670901496449165,23.53602897361611
308.9354540554357,219.44720432197428,22.74513147927933,23.538296877918423
308.8919918265748,219.46507974312757,22.83205593700112,23.50254603561185
308.8774549544988,219.5986610772393,22.861129681153056,23.235383367388334
308.5752855935088,219.5739452246617,22.739545045176616,23.284815072543566
308.54185549166414,219.20971827082587,22.806405248865964,23.288488624229345
308.16592977470066,219.25106789090037,22.83236276727711,23.205789384080347
307.71641424479236,219.977540566917,23.00638951952563,23.202852647183057
307.6572153299463,219.35977863999787,23.12478734921779,22.982970587436835
307.3589140254736,219.32699586156744,22.995284392616938,23.048536144297724
306.65712881074694,219.70561611780298,22.948655992514034,23.0163950466047
306.3263757687226,218.9122628135532,22.886303201591616,23.155383905161848
306.28562234478613,219.31934317022447,22.96781004946459,23.06628603486376
305.802912295526,219.32689025130568,23.208284167640105,23.05119187270136
305.7152805155838,219.28904395402776,23.383547727524647,23.126884467257206
305.6429067535132,219.37341704796657,23.528295251665828,22.958138279379572
305.2139892704675,218.28801001301562,23.65407416422034,22.932784188670787
304.7046076919962,218.73243477289512,23.9392079921366,22.77756399793804
304.3317955905125,218.70051760382788,23.94919186096205,22.84139833607252
303.93050297838886,218.79888811849736,24.014969028077573,22.644657306733553
304.02957440607236,218.42426337453276,23.81682617271057,22.659188753624843
302.66612110096173,218.78313510332455,23.616336849547153,22.673294279387413
303.0352698436219,218.81808968289033,23.606972112759234,22.60338512025585
302.0690962995678,219.0954610763352,23.356281435946684,22.77632158833969
302.22919345082164,219.18129455503717,23.762570466330537,22.60465463093575
302.1964231874467,219.51927915507696,23.828110993080404,22.658821027982878
302.1462889399915,219.14455595725258,23.92837948799078,22.676247652469826
300.38722016109494,219.20541319900914,23.777192494239454,22.55453316895671
300.80127188090313,219.09366009028275,23.678659012975253,22.778039386409514
300.90611726300716,219.031834684447,23.46896824876716,22.901690198080985
300.5343707868574,218.7502091152731,23.48222827255883,22.734708407920902
300.62481196080813,218.37218353462362,23.301345924657312,22.7629575953133
300.3398694626241,219.14230450187245,23.145821205366524,22.67353509213354
300.65853425391396,217.38464650336496,23.23004670590999,22.58107567353212
300.32319749320584,218.04291227711218,23.17930332684317,22.707377927003748
300.1602329530333,217.7611293762255,23.505232407188277,22.54832838144923
300.03866982646474,217.87879383881796,23.748358660325394,22.312999456264322
298.8772281866767,217.53386060925556,23.895378945580745,22.277578250615516
299.1884680461425,217.61170135077498,23.99992081912443,22.1218967675767
