302.0,74.0,36.0,70.0
301.8910178471265,74.27323809115155,36.217964305747046,71.10120747353707
301.8169629245241,74.82019966319639,36.366074150951874,71.67488074039301
301.66699780665726,74.56502296683232,36.666004386685515,72.18523413312116
301.55798995788916,75.25180356125419,36.88402008422163,72.50289628723712
301.4736298891448,74.83221783211815,37.0527402217104,73.34206774550923
301.4257756167433,74.67318098991484,37.14844876651343,73.66014142991584
301.4271784764551,74.57922167030947,37.14564304708979,73.84806006912657
301.3578957220775,75.5187157822563,37.284208555844984,73.6929480276636
301.19608339723334,75.57889586391744,37.607833205533275,73.57258786434132
301.1639307315209,75.65342814172703,37.67213853695819,73.42352330872215
301.17581067640685,75.6594143316268,37.64837864718632,73.41155092892261
301.02836922532515,76.41622714504241,37.94326154934975,73.62408174175647
301.85064851331197,76.40797552520456,38.033060490278864,73.64058498143217
301.7837140126385,76.25917660480944,38.16692949162592,73.93818282222242
302.56571111228635,76.18813843188342,38.34575653822518,74.08025916807446
302.6843809693921,76.34792448126952,38.10841682401355,73.76068706930226
303.6450334627929,76.37878206432772,37.92631956695076,73.69897190318585
303.6167810895592,76.4681211354293,37.98282431341814,73.52029376098271
303.6130041842536,76.55709384716764,37.99037812402931,73.34234833750602
304.4836152115525,76.54736336472324,37.98018894169372,73.36180930239482
306.31805856826367,76.63530342471347,37.77358863706817,73.18592918241437
306.20075383805374,76.71233889248839,38.0081980974881,73.0318582468645
306.15714214133834,76.65724252250313,38.09542149091891,73.14205098683505
306.1697748496539,77.62715488838182,38.07015607428778,72.93212502336536
306.2627369513174,77.47262553281928,37.88423187096076,73.24118373449046
306.41410667047177,77.34123162462129,37.581492432652006,73.50397155088645
306.4064829772459,77.38837019217563,37.59673981910377,73.40969441577775
306.35160908390617,77.37954235268352,37.7064876057832,73.42735009476198
306.26022574553843,77.39995696668134,37.889254282518685,73.38652086676633
307.12635992134204,77.11827042900603,37.88692594574315,73.94989394211693
307.0350891092677,76.94030263575497,38.069467569891884,74.30582952861906
307.0003458062183,76.88307091557655,38.138954175990676,74.42029296897591
307.04865812658016,76.84816925267816,38.042329535266916,74.4900962947727
307.0471005694478,77.62267310438585,38.045444649531596,74.68986029657444
307.0160867437308,77.6700827806635,38.10747230096567,74.59504094401913
306.9391344758684,77.67245317362472,38.261376836690445,74.59030015809671
306.9611619585006,78.50633800704111,38.217321871426115,74.67654969862134
306.89213000000154,79.45281104601767,38.35538578842415,74.53812851235394
306.8291072271117,79.41259615011214,38.481431334203826,74.61855830416498
306.8710663411977,79.32992303953012,38.39751310603186,74.78390452532902
306.84031001125385,79.26490963877292,38.459025765919634,74.91393132684343
307.67315060964177,79.26039988571112,38.555519553946546,74.92295083296702
307.6749712810466,79.41952775492628,38.551878211136824,74.60469509453671
294.11580887502765,82.31556354751062,39.281660298939464,74.09033205421508
267.59240859609844,83.35362859392714,39.40179405590176,73.77842418807859
253.47523660023074,83.55528435425468,39.449067120537414,73.37511266742351
233.37985494579132,83.76260634205295,39.23889880450224,72.96046869182699
206.05524146007477,86.36460242146795,39.73563952126905,72.99703971893243
195.77981783017754,86.13087431496871,39.2157674288145,73.46449593193091
195.91274295151447,85.96040338185918,38.949917186140624,73.80543779814995
195.9114503568149,85.75855037195461,38.95250237553981,74.2091438179591
195.91818299296136,85.62699272606528,38.939037103246875,74.47225910973775
195.962388610135,85.3050936413876,38.85062586889953,75.11605727909313
195.85391751736728,85.20042681871712,39.06756805443499,75.32539092443407
195.90827437587143,85.03958596852377,38.95885433742674,75.64707262482081
195.8153980979837,85.96078676866239,39.14460689320222,75.58621904864157
195.72739229684834,85.65222135561518,39.32061849547293,76.20334987473598
195.64624544276484,85.55429855584804,39.48291220363987,76.39919547427027
195.54940794616095,85.67483207376591,39.67658719684767,76.1581284384345
168.3170613849519,86.95809136283752,40.099001143369144,75.39301916615452
154.84688722267427,86.90695319943785,40.078127570086146,75.49529549295387
154.99852247816216,87.78709617622233,39.77485705911042,75.53357140055388
155.04805041660742,87.77443509981379,39.675801182219864,75.55889355337098
155.15395714975142,87.6441855586296,39.46398771593188,75.81939263573936
141.45121424087503,89.69621080207017,39.97784100650303,75.30089315248242
122.25125329845145,90.09843167412399,40.704171514714965,74.49645140837478
107.6850064117622,91.09447300184408,41.123636486643306,74.29893305302522
109.3920302099361,90.74228809068573,41.30720860525142,75.00330287534192
110.37863507279235,90.14314978637653,41.14634200641946,76.20157948396033
110.34849939856699,89.6584471744472,41.20661335487017,77.17098470781897
110.25102094036549,89.46693652345544,41.40157027127317,77.55400600980249
110.21094342339595,89.29122223288192,41.48172530521224,77.90543459094953
110.18498954174018,90.91205027832315,41.53363306852378,78.3799965965604
110.02260406304188,90.5900000786112,41.858404025920365,79.02409699598431
109.82693383916374,90.17339061230408,42.24974447367666,79.85731592859857
108.87697090672933,90.81684800383782,42.24966189725389,80.47040958682268
108.7298993578186,90.53134758272056,42.543804995075334,81.04141042905721
107.69143548424896,90.47866722759316,42.698260614974444,81.146771139312
107.57826127411968,90.67166097784758,42.924609035233004,80.76078363880318
107.48626889966714,90.53395910697313,43.1085937841381,81.03618738055206
107.40527286736588,91.60024506154699,43.270585848740595,80.83570712013888
107.43386298449522,91.58138348808227,43.21340561448193,80.8734302670683
107.40154317972232,91.67996197440974,43.27804522402772,80.67627329441336
107.52182558622304,92.59750233414978,43.03748041102627,80.77088982280745
107.46166655965357,93.49934797050918,43.15779846416523,80.8941656761166
107.56712421686827,94.51291465566038,42.94688314973583,80.79787721336974
107.60338209302466,94.42496404511516,42.87436739742303,80.9737784344602
107.66515103909056,95.4769098127889,42.75082950529126,80.79704140002099
107.85790336095897,95.46712621600847,42.36532486155444,80.81660859358186
78.6795494848453,96.5891915567172,43.239027429995204,80.4885780849573
63.24473154715875,97.8411579165275,43.28843650331615,79.91090954046496
49.05547760644717,97.97389421091151,42.8879826245196,79.64543695169694
48.97247926241954,97.88431886911832,43.05397931257485,79.8245876352833
48.18701296138493,97.94978471412384,42.71159913900259,79.69365594527227
47.99160575011098,97.69818464769466,43.10241356155049,80.19685607813062
48.0915446215253,97.68957387885474,42.90253581872184,80.21407761581045
48.06259168730173,98.55586888476952,42.96044168716898,80.39794362985738
48.22071721009736,98.48812215893551,42.644190641577715,80.5334370815254
48.15241093359096,99.05680576065134,42.780803194590526,81.3127954700513
47.99611436153308,98.91886791857384,43.093396338706285,81.58867115420631
48.00473473052493,98.92302512028802,43.076155600722586,81.58035675077795
47.924070402428306,98.79641453141231,43.237484256915835,81.83357792852937
47.98159290438908,99.61480882984328,43.12243925299428,82.14282526614355
47.91257288225097,100.5983756748668,43.2604792972705,82.12429898457773
49.06022845881631,100.55672165518426,42.91587468271933,82.20760702394281
49.07538977667581,101.5232911027493,42.88555204700033,82.22047664032178
50.006535012132865,101.64807256024983,42.96893767652283,81.9709137253207
50.132964057452654,101.8815815300338,42.71607958588325,81.50389578575277
50.04248144716766,101.6136825775138,42.89704480645324,82.03969369079277
50.01933474513264,102.36674934559454,42.94333821052327,82.47677738898562
50.96529748155389,101.97016867408365,43.00184837938491,83.26993873200739
50.91977525800984,101.86257705530767,43.092892826473005,83.48512196955939
51.80292313649046,101.74475062065306,43.294414952223995,83.72077483886858
51.713233672666775,101.9693891917531,43.47379387987138,83.27149769666852
51.793729227517865,101.81910321883312,43.3128027701692,83.57206964250847
51.868886645026755,102.55020827848799,43.16248793515142,84.08274087374635
51.827954529539724,102.3986533112107,43.24435216612548,84.38585080830092
51.91767861415837,102.54512376598939,43.06490399688819,84.09290989874353
51.88169397326628,104.77454164708848,43.136873278672375,83.58658350146338
52.83187046827122,104.87626603207576,43.20658516484059,83.38313473148885
52.82341300163235,106.13689788773235,43.22350009811832,82.83014933163338
52.8674516198433,107.53046086497855,43.135422861696426,82.00346993395772
52.88051588081163,107.70278819416345,43.10929433975977,81.65881527558793
53.7425347271451,107.8800915803923,43.32652108140268,81.30420850313021
53.85787211645243,107.87619861487092,43.09584630278803,81.31199443417299
54.75873947337617,107.81927314925926,43.230043198414656,81.42584536539628
54.69220882647661,107.55660298590979,43.363104492213765,81.95118569209524
54.65559939811011,106.92219639889,43.436323348946765,83.21999886613483
54.63891313570559,106.57871322980691,43.46969587375579,83.906965204301
54.70497303366689,106.49747377499602,43.33757607783321,84.06944411392276
54.774020975818516,106.09410894827197,43.19948019352995,84.87617376737089
54.781732228938765,106.65717059319601,43.18405768728945,85.74011423479321
55.88881415373649,106.68281606865031,42.97235296314249,85.68882328388462
56.118509129510294,106.26697932457668,42.51296301159489,86.52049677203189
57.217936807330936,107.0109689298952,42.31636739904839,87.03477730448964
57.01489678725906,106.65186171758077,42.722447439192145,87.7529917291185
56.905118346742036,107.2324431835184,42.94200432022619,88.61573592789621
56.82798868852164,106.88458797564454,43.09626363666697,89.31144634364391
56.765825260275676,107.80019396091289,43.22059049315891,89.53339607404442
56.768210257999755,107.7378945362353,43.21582049771075,89.6579949233996
56.765784893909846,107.72626976787043,43.22067122589057,89.68124446012932
56.67289556285753,107.852771071883,43.4064498879952,89.42824185210421
56.67782216877542,109.0423844426163,43.39659667615942,89.10927380320217
56.62028002990543,108.99708733948884,43.5116809538994,89.19986800945709
56.55897817812139,110.16004010103372,43.634284657467475,88.93271286619844
56.546798801662796,109.93701759470238,43.65864341038467,89.37875787886112
56.67296756497014,108.78621893500576,43.406305883769974,87.55252392025557
56.76226132138534,93.07041439301335,43.22771837093959,86.45872427552382
56.89920767249408,90.74979775525439,42.953825668722104,87.0724812777365
57.82386636080855,90.68969044965465,43.12248359671802,87.192695888936
57.58695709156096,89.68345460743113,43.5963021352132,87.1825108532611
57.354634309237035,89.20076160043953,44.060947699861046,88.14789686724431
57.229493569397135,89.00431777571308,44.31122917954085,88.54078451669722
57.1116024238395,88.86697785710356,44.54701147065611,88.81546435391623
57.00841501860856,89.72122463702922,44.753386281118,89.17803907424411
57.03695420449415,89.28907348557456,44.696307909346814,90.04234137715343
56.96173319708066,90.07101222116285,44.8467499241738,90.57007509230209
56.96462314802468,89.77072262378789,44.84097002228576,91.170654287052
56.871501416745126,89.33242673211821,45.027213484844864,92.04724607039137
56.863942657102115,88.51858864883752,45.042331004130894,91.54825646130989
56.91668573519701,76.78794017778307,44.93684484794111,91.69357890457545
56.66758090559593,67.42684149170788,45.43505450714325,91.33641838368825
56.58050857662665,67.37431894959963,45.60919916508182,91.44146346790475
56.538322459179895,67.33818064234485,45.69357139997532,91.5137400824143
56.553445202935535,67.23587897238883,45.663325912464046,91.71834342232634
56.58360389033407,67.1190420074754,45.60300853766698,91.95201735215322
56.605220408722936,66.99844575723262,45.559775500889245,92.19320985263876
56.53736364758863,68.05980951141856,45.69548902315786,92.20851850615396
56.36912461959423,68.96827078964282,46.03196707914665,92.53220761894578
56.306317946396874,68.66229129485953,46.15758042554137,93.14416660851236
57.59088134503641,59.078246310548295,45.7507588203961,92.85150984793054
57.724410211396005,48.37152390160863,45.4837010876769,92.75521387405571
57.645202805922594,39.98496131789838,45.64211589862373,92.36886368985449
57.76536031761757,40.06614671361142,45.401800875233775,92.20649289842842
57.90014199282826,39.77262898894666,45.132237524812396,92.79352834775794
57.83815079405423,40.901526383170435,45.25621992236045,92.67512651696094
57.79318315842165,42.291406306389575,45.34615519362562,92.03518275141437
57.91784074025301,43.43846925740047,45.0968400299629,91.873078937142
57.835372773731436,43.42581303841973,45.261775963006045,91.89839137510347
58.84069364722215,44.53217161713983,45.37969305546307,91.81423305710173
58.887852591081696,45.627309296759925,45.28537516774397,91.75332984451695
58.866426960204564,34.24832908041617,45.32822642949825,91.11597702759363
58.989323188050854,24.745086827781726,45.082433973805664,91.0580778833028
58.928401847936705,23.922473598182464,45.20427665403396,90.59014389296223
58.9400393556226,24.223913242424054,45.181001638662174,89.98726460447905
58.93974228929807,23.19529465524733,45.18159577131123,89.94530867952993
58.93961722351678,23.034167163456928,45.18184590287382,90.26756366311074
58.85914538121262,22.888655704623616,45.34278958748213,90.55858658077736
58.605841996541976,24.116752922560224,45.84939635682342,90.21274981974912
58.341621601277886,24.086120126700322,46.3778371473516,90.27401541146892
58.325971547503705,24.820953659694723,46.40913725489996,90.92840756091525
58.289725329265586,24.612131688712616,46.4816296913762,91.34605150287946
58.18131715017601,25.44951177313358,46.69844604955536,91.81286529861589
58.1188257786569,25.399358805512733,46.823428792593575,91.91317123385758
58.14748688077009,27.119003482991147,46.76610658836719,92.78545857011053
58.090252539056465,28.318027097677927,46.88057527179444,92.55499468302884
58.092224953394386,27.896932539337087,46.8766304431186,93.39718379971052
57.98290863363394,28.080586465191026,47.09526308263949,93.02987594800264
59.09820053007531,28.28558320694067,47.041531080397604,92.61988246450335
59.21513778050047,28.3004843449935,46.807656579547285,92.59008018839769
59.360262335658895,29.213708272298035,46.517407469230434,92.92907092560088
60.446409530119766,31.970902918436096,46.51049946292176,93.91084078116398
60.38709928211031,31.936229149504108,46.62911995894066,93.98018831902796
60.31153582795497,31.578021483702088,46.78024686725136,94.696603650632
60.25865528473217,31.427005382274572,46.88600795369695,94.99863585348703
60.28428145736765,32.21190538968551,46.83475560842599,95.63088967159618
60.1961303864166,32.9596632841354,47.01105775032809,96.34578243894464
60.217992323619974,32.628005336300234,46.96733387592134,97.00909833461498
60.16701301553543,33.395377157215236,47.069292492090426,97.70719946019659
60.14313870030045,34.28209163016501,47.117041122560394,98.1785795297865
60.17946514658967,34.984080077878716,47.04438822998195,99.02712154758254
60.16802289311059,34.64741061084476,47.067272736940104,99.70046048165045
61.27559498491275,35.34631968035835,47.12597222258795,100.57648601187543
61.24420294820037,35.24738858593191,47.18875629601272,100.77434820072831
61.06977050807946,36.27089816454639,47.53762117625453,101.01893691670121
60.92378614398109,36.64652192185628,47.82958990445127,100.26768940208143
60.8676636996283,36.61662788715628,47.94183479315684,100.32747747148143
60.77049449668533,36.74474195933253,48.13617319904278,100.07124932712892
61.90772988803069,37.9819895048706,48.159573185344215,99.89462500504493
61.786151016781346,38.08143177364008,48.402730927842896,99.69574046750597
61.66080996589104,39.062493022439824,48.65341302962351,100.03064065814087
63.84693210769581,39.214284165235014,48.893707000469504,99.72705837255049
63.67142998461162,39.14221441088,49.24471124663787,99.87119788126051
63.58983573334934,40.24654525434515,49.40789974916244,99.9767357621837
63.45293636837788,40.945693885706035,49.68169847910537,100.89701019335365
64.5221569015649,40.69483377240013,49.880033695744956,101.39873041996546
64.40099007387371,41.952191532110106,50.12236735112732,101.23156632536899
65.55456170114836,41.78506168857069,50.164531443057335,101.56582601244781
65.43462660741095,43.156298318252986,50.404401630532156,101.17828002602398
65.29986915620682,44.23945751157173,50.673916532940424,101.36537376347255
65.10650094052775,43.93937818328848,51.06065296429854,101.96553242003904
65.11228620433587,44.086742335240984,51.0490824366823,101.67080411613404
66.10282648860756,46.72326906803555,51.439779012091016,101.14130493844903
67.29856678697374,46.71368192723992,51.41906645071769,101.16047922004029
67.31043075587986,46.49821531824865,51.39533851290546,101.59141243802283
67.34999044545636,47.62005134677315,51.31621913375246,101.72433875979434
68.47982792191866,48.40863631321677,51.43372337029396,102.5243480163732
69.50145083562987,48.09115381000892,51.781406561979246,103.1593130227889
69.4013479956589,48.83753788713956,51.981612241921205,104.07278555438941
70.62373282990472,48.849594866443844,51.959921845652616,104.04867159578085
70.58865515629371,48.986690427464985,52.03007719287464,103.77448047373856
70.48794505158644,50.536986485593864,52.23149740228919,103.09343845464615
71.60326136616708,50.443339775052415,52.41391860635417,103.28073187572905
71.56384157646546,51.08062487528087,52.49275818575739,104.42511088402422
71.59747367988668,52.00600840560942,52.42549397891497,105.01142358362915
76.42352136542569,55.358679484874735,52.55140460376271,105.63958592204283
76.4119893521162,54.74314631250902,52.5744686303817,106.87065226677426
76.32236336292212,55.19525172538977,52.75372060876984,108.44072370278147
76.23490217960293,56.27523900766799,52.92864297540823,108.7810876755868
76.13486125636835,55.57322668233793,53.12872482187738,110.18511232624692
75.96311568830626,55.227422407829316,53.47221595800155,110.87672087526416
75.86922580793062,56.05828139694226,53.65999571875284,111.7634000239944
77.06067711462791,56.83766197942801,53.84169755297666,112.76924330664129
78.21524247674844,56.20780506952143,54.11500832470439,114.02895712645446
77.99352958877171,56.354066620793745,54.55843410065786,113.73643402390982
79.28114075050951,56.428457800940365,54.59224066475916,113.58765166361658
79.24445432309629,56.76641841154191,54.665613519585605,112.91173044241349
79.30319014654813,57.04133268913321,54.54814187268194,112.36190188723089
79.20089225784405,58.5959926216931,54.75273765009009,111.84136657140519
80.42906655574131,59.79812153144567,54.88112117671503,112.02184087431951
81.72055778297575,60.81748724343853,54.88773638701047,112.57270711509811
83.00373994204935,61.10460971583178,54.91913438831691,111.99846217031161
82.87594875853924,61.12218196156634,55.17471675533713,111.96331767884249
82.8963955226331,62.450958283266885,55.133823227149406,111.89959950344337
84.1024531986923,62.41956035956552,55.31390159454834,111.9623953508461
84.03287172126531,63.4225752581382,55.45306454940231,112.55259925415591
83.89593977181485,63.438604365059874,55.72692844830323,112.52054104031257
83.80630189558764,63.652775476121676,55.90620420075764,112.09219881818896
83.54630146732661,64.94572889851719,56.4262050572797,112.11468359341164
84.808492495305,65.05691522455483,56.519538535444724,111.89231094133635
84.87740353927302,66.5619957996674,56.38171644750871,111.49822039859245
86.24430904805943,67.97873876150165,56.25582014411407,111.27264918910217
86.00554890333399,68.49529602895326,56.73334043356495,110.23953465419893
88.6882456897435,68.07543813368213,56.558992323993735,111.07925044474122
88.6457913236116,69.48514106909778,56.643901056257505,110.86467875083328
88.59558737786458,70.64080901610217,56.744308947751556,111.15649537481863
88.68622915263454,70.8006700951976,56.563025398211636,110.83677321662776
90.05660364614697,72.51264329197451,56.42362445237677,110.01417486426394
90.05287407399723,73.87587028573077,56.43108359667626,109.87459830761952
91.43982399025168,75.14643649478359,56.24214182733844,109.91842395268502
92.7708786252954,76.43668914524866,56.16237591020479,109.92026200470865
94.0351673528586,76.40190085443771,56.21479296347049,109.98983858633056
93.96130910240328,77.56211528519398,56.3625094643811,110.25232889274196
95.40653759620636,78.19653902321917,56.06136966612056,111.57279860603722
95.17316556676307,77.92500250236694,56.528113725007124,112.1158716477417
95.08448755278535,78.90681179325661,56.705469752962586,112.77174741773771
95.01187317361807,78.54422594215947,56.85069851129713,113.49691911993197
96.38985649574003,79.74289787680291,56.74003144073862,113.7448748243305
96.31215040259434,79.62199131850127,56.89544362703001,113.98668794093378
97.62036639699019,81.858832981128,56.93225587217928,114.81949308356226
97.6080405781047,81.39096488827447,56.95690750995024,115.75522926926934
98.96350669101432,82.53152135461264,56.926157536571495,116.15429858903347
99.00290943689208,83.6141751030099,56.84735204481596,116.67447382375569
100.33245710376383,83.29973669043653,56.87997274675189,117.30335064890244
100.106377410718,84.33305854650436,57.33213213284356,117.93817532041163
100.04456080523447,85.595712558496,57.455765343810604,118.13146323103777
100.07537924595258,85.74523533014306,57.39412846237439,117.83241768774366
99.97767482324514,85.66643778529418,57.58953730778926,117.99001277744142
99.7544286035902,86.9536834275296,58.03602974709914,118.13934483572842
101.15678256455283,86.83241512639857,57.965075791408694,118.38188143799047
101.08542397367309,87.84650893713183,58.10779297316818,119.08976198077454
101.06828091737064,87.77494256604112,58.142079085773084,119.23289472295595
101.06991932093933,89.05269627414633,58.1388022786357,119.42896363173921
101.16374698243668,74.68055436873888,57.95114695564101,120.62940888943713
101.37744944422124,64.27152794926789,57.523742032071894,119.29827153852861
101.23491376057501,64.16661341795844,57.80881339936434,119.50810060114749
101.0995570978062,64.33747521567355,58.079526724901974,119.1663770057173
101.01315946767195,64.37322078192834,58.25232198517047,119.09488587320772
101.01464859303113,64.36800125924589,58.24934373445211,119.1053249185726
101.07982088559034,64.26354768776002,58.11899914933368,119.31423206154436
101.06856842124508,64.29274633215454,58.14150407802421,119.25583477275532
101.04220320488176,65.70981617697822,58.19423451075086,119.17359658285086
101.20258358847647,65.68267354443174,57.87347374356141,119.22788184794382
101.12090742400659,67.06216135685806,58.03682607250117,119.2157439171676
101.17557110860379,67.34066017701892,57.92749870330679,118.65874627684587
101.02500856098531,68.7495265289816,58.22862379854374,118.58047546346475
101.05784300379659,68.53958567688748,58.16295491292117,119.000357167653
102.37784972513856,69.92996522288732,58.27148244095015,118.96813904636622
102.3166694723248,71.25156883236163,58.393842946577635,119.07488546307243
102.23912146757792,71.01123646243933,58.54893895607141,119.55555020291703
103.61316550593236,70.82407153840296,58.56420447754613,119.92988005098977
103.48025463865227,72.47311306698786,58.830026212106304,119.40088589662017
104.851355099667,73.8457324154014,58.85379345551431,119.42161536523056
104.89238266615678,73.59082046219616,58.771738322534745,119.93143927164104
106.21615633481548,74.95113705667504,58.89690456325407,119.98351966071999
107.69142536822255,77.63660423004623,58.72201289268524,120.16387810646836
107.72994586810681,77.50455595237452,58.64497189291674,120.42797466181177
107.6502020080484,77.49482686898574,58.80445961303357,120.44743282858934
109.1365797509676,78.8197872842494,58.61252633275369,120.57833420362056
109.17100412403147,80.2465613415742,58.54367758662596,120.50418757898493
109.09246926977724,80.26481446333922,58.70074729513442,120.4676813354549
109.05878967655879,80.34527138468155,58.768106481571316,120.30676749277023
109.18395799573925,81.92717876369224,58.5177698432104,119.92108844341908
110.60772710487922,82.36212929702151,58.4383859238352,119.05118737676054
110.4671878347465,82.46584349830701,58.71946446410063,118.84375897418954
110.28196093904839,82.5412649237196,59.089918255496855,118.69291612336437
111.74394595215118,83.93782068622203,58.926062309905575,118.65991867897381
111.54912061797592,85.43145122035179,59.315712978256116,118.42945149428385
111.57983122930258,85.40143041016383,59.254291755602765,118.48949311465978
112.83493234693016,86.650056825174,59.504070794,118.75222155829181
112.76321342081587,87.74833751936292,59.64750864622857,119.3238093468357
114.08773444016188,87.74961648020381,59.777466242790936,119.32125142515392
113.8433329118194,89.01778417878074,60.26626929947587,119.56612651456163
114.99197350266448,90.31585930684591,60.76223668160628,119.76322482225186
114.78200553624164,90.59591056549353,61.18217261445196,119.20312230495662
114.54951458968007,90.4227812802331,61.647154507575095,119.54938087547748
114.41092400291946,91.82243147091634,61.92433568109632,119.56691066367428
115.6972283727896,92.9786084176324,62.173588133159726,120.07641796204584
115.54939563120594,93.20395693736609,62.46925361632705,119.62572092257845
115.4076774017179,94.37437218022959,62.75269007530311,120.11699184594113
115.44622118187604,95.4143957250269,62.67560251498685,120.88113929363713
115.26689397470162,97.38812637091024,63.0342569293357,122.64186533688292
115.04570177079012,97.64596700221527,63.47664133715871,122.12618407427286
114.9485072743462,97.30769583330981,63.671030330046534,122.80272641208379
114.71463534695464,98.73736067789116,64.13877418482966,122.84284508669998
114.59704021594511,98.41808959231221,64.3739644468487,123.48138725785788
114.47304318401478,100.18748868072643,64.62195851070935,122.86410195528266
114.6616119278039,101.76984759956233,64.24482102313112,122.61608731727209
114.85980160927616,103.23683020624242,63.848441660186595,122.58869843552719
115.06068618886249,102.43854742577545,63.44667250101394,124.18526399646112
115.11728572774857,103.55426908211113,63.333473423241784,124.86969319010424
115.20287228984239,104.45975066198679,63.16230029905414,125.98268427464524
115.16394129990178,104.12375578011434,63.24016227893539,126.65467403839014
115.23258170738325,106.3278743647571,63.10288146397242,128.14341327595469
116.68279805338088,106.2414712644027,63.17033974890472,128.31621947666346
116.4828403819337,106.96475685560708,63.5702550917991,126.86964829425472
116.50367024704002,107.08798050909996,63.528595361586426,126.62320098726894
116.55476295212577,106.90147755725643,63.42640995141495,126.99620689095602
116.79139329459419,109.094725110767,62.95314926647811,128.5231337395885
118.51549682011967,110.21057330245503,62.475787017638986,129.26228215842428
118.60637366034814,111.33048086273806,62.29403333718206,129.99581792066226
120.18918811464046,114.77789413710889,62.109299388244295,132.0436762508612
120.52810050791356,116.07377366358564,61.431474601698085,135.4669786818159
120.41872499232221,115.34691959387844,61.650225632880776,136.9206868212303
120.41290585382221,120.13327604365809,61.6618639098808,139.6296611245555
120.08650843538716,119.09025337344613,62.314658746750894,141.7157064649794
119.6939837088459,119.69809631491526,63.099708199833415,143.651683624425
119.26855050408948,120.41879869492135,63.95057460934626,145.4038298880592
120.54352019231865,124.5680738944189,64.6345696509913,146.8070827433742
120.35556723612892,127.45134135198117,65.01047556337076,147.57319057877572
119.99441315495994,127.03023403584487,65.73278372570873,148.41540521104832
123.35764989782993,131.2949987216232,65.62425763342988,149.81279692968337
123.40648918420138,130.49147038969141,65.52657906068698,151.41985359354692
123.50259253150753,134.47215416198014,65.33437236607465,153.50508920405147
123.37778393248367,135.50341105854582,65.58398956412239,154.81821256351344
123.04410101397538,134.9094272384059,66.25135540113897,156.00618020379326
122.86002120780606,137.6944748233053,66.61951501347762,157.292136999982
122.8230133559085,137.09012198146218,66.69353071727272,158.50084268366828
122.910529712422,136.2392510032953,66.5184980042457,160.20258464000207
124.6252804388259,137.371352963054,66.58237255983752,161.4317567288842
126.17569898862482,137.03853358092215,66.99378223720144,162.09739549314796
125.85221813959404,138.39048494006084,67.64074393526302,162.92265415871702
125.65826854428678,137.9885994146543,68.02864312587752,163.72642520953013
127.5666647484712,138.0730144259935,67.78290203966425,163.55759518685167
129.6366484031946,141.2367093501898,67.20718526520528,164.3587064084349
131.4455771772744,140.72885420166116,67.15489759142885,165.3744167054922
131.48312509769255,140.6460184114812,67.07980175059252,165.5400882858521
133.30015602209602,143.68569012237697,67.02606815260785,166.62140136570505
134.97159845002278,145.43725458727747,67.27812923315734,166.7132183723071
134.73423462251102,149.5128234133094,67.75285688818086,165.76360689932653
136.37145442897912,151.13895985215476,68.07395229129997,166.1068690376911
138.20501774121897,152.58344794892142,68.01302323396291,166.82409041130046
139.7063305018433,153.9939447583064,68.62585090915123,167.6185499889674
139.48493082871667,157.31834762374814,69.06865025540445,168.24537082771457
139.37732455973972,157.3734349010516,69.28386279335837,168.13519627310765
139.16870453705263,161.06462129849203,69.70110283873251,168.0667568083826
143.02808373195674,162.2283564343062,69.30913058867577,169.40267960662996
142.74711212076107,163.89223651026097,69.87107381106713,169.75061420484315
142.65367345989245,165.55670724324685,70.05795113280436,170.11238016120535
144.35136691660028,166.93869337097075,70.36181221021656,171.0476558965854
145.9939065482069,168.86135019558142,70.79487358233311,170.92048288269388
145.67847823170473,170.46625658445458,71.4257302153375,171.43467265106642
147.3459206266274,172.17859927745968,71.83347132088745,171.75261316045143
147.32911163573436,172.54756185713126,71.86708930267352,171.0146880011083
148.99645191117085,172.7954356591398,72.27679910133293,170.51894039709123
148.80600004949517,175.10948119093686,72.65770282468429,169.63533556574959
148.76737935947193,177.05481757180374,72.73494420473075,169.48311251406898
148.7550970756471,178.87732713748676,72.75950877238047,169.57570660710792
148.4913801959646,178.59668767348023,73.28694253174538,170.136985535121
148.18860915756352,178.719874280731,73.89248460854762,169.89061232061943
148.07905239145092,180.24996094729988,74.11159814077281,170.5943927348849
147.94875202570273,181.5272455806305,74.37219887226914,171.81783463243937
147.82441674084615,182.96472242427964,74.62086944198234,172.74320495098772
147.49188353200242,184.56177691899242,75.28593585966978,173.3672056982512
149.3615272279557,186.2539710165144,75.3855327985986,173.82170183404264
148.91262378652198,184.55326071555476,76.283339681466,173.37589974449224
149.1146549954251,175.8531106191101,75.87927726365982,175.3498161023666
149.09142082858213,166.00565041656932,75.92574559734574,175.6544294957046
148.6343152732392,158.47751977770298,76.83995670803158,175.1775258047366
148.29711085658448,156.58315712584118,77.51436554134104,175.07373902131232
148.19246056175768,150.6753535671623,77.72366613099464,175.18069123922396
147.81096018497703,139.61523123158298,78.48666688455594,173.8522214138601
147.80666493156457,137.77055131101554,78.49525739138082,173.63933257692588
147.73820032725075,124.27227282541112,78.6321866000085,173.34073516436067
149.60834248847004,124.50735501077645,78.78927524271359,172.87057079363
149.81437292571997,126.32369602739766,78.37721436821377,173.13118485693053
149.75176195616035,126.10158137176452,78.50243630733297,173.5754141681968
149.52593082450562,129.58961711932125,78.9540985706424,174.3963535303237
149.5426900334812,129.15579947932986,78.92058015269127,175.26398881030642
149.25272902397148,129.1374274159885,79.5005021717107,175.3007329369892
149.0672467557851,130.6072813934589,79.87146670808346,176.30210156811765
149.00830607227508,132.60605105310492,79.98934807510352,176.26669249637885
148.92138595432823,134.40859184785455,80.16318831099724,176.62529459888063
148.69849219739294,134.0902445403832,80.6089758248678,177.2619892138233
150.5051312882373,135.63600964211156,80.98470800890385,178.15946937609138
150.35096209260954,137.378329322589,81.29304640015938,178.6834688082758
154.27470388819478,133.09550630877177,81.48888064037611,179.205797004523
154.22693535202927,124.69216248422207,81.58441771270712,179.8817562647968
154.03593388018044,120.2774082582829,81.96642065640484,180.62290842269917
153.6609899408742,109.97031177712509,82.71630853501726,180.92887444423536
153.57770151012392,107.49090051358463,82.88288539651788,181.80845961121744
153.3658020710997,100.77385975529943,83.30668427456631,182.9577192027617
155.11377412173266,94.26978489552903,83.92981084820897,183.60865689757657
154.9518465493602,83.732369136877,84.2536659929539,183.98622745362144
154.6491509168278,81.78438695176557,84.85905725801868,183.7315772805717
154.49159702664105,83.53211864652334,85.17416503839225,184.39362358905362
154.19552215553836,83.34727256995905,85.76631478059764,184.76331574218221
156.1018748879798,85.10521852011918,86.14199893304614,185.43581345919333
158.15815388805595,87.16414413437441,86.23418577294458,185.52270707073367
160.33684453271044,89.100819785966,86.08442553880836,185.85697682272325
160.23937700758765,90.87315763986857,86.27936058905398,186.52216808782248
160.089837993022,90.12212578890794,86.57843861818525,188.02423178974374
162.04860323747494,91.54554557910677,86.91094602160561,189.42743010167226
161.95215706065952,92.738062684719,87.1038383752364,191.3186604141586
164.18938235838584,93.91581168553225,86.93652205665032,193.2702966893986
166.2628830222299,95.37157874039252,87.12206560424943,194.69130745496528
168.14707697113417,95.12167613863767,87.71010788723407,195.191112658475
168.03799747784734,94.5231875527688,87.92826687380776,196.38808983021272
167.63884690234966,96.23041614564026,88.72656802480309,197.36885455795706
167.27218937925778,98.10345288608244,89.45988307098685,198.0462628030666
168.89281383562118,100.1547214029404,90.66482621807137,198.38991782916202
168.36130149397871,102.18640938623905,91.7278509013563,198.79885724328952
172.90859947278568,102.22841630371457,91.62700622317828,198.71484340833848
174.97211226106225,103.85541166615974,91.9938695104619,199.95474154728493
174.5668176503769,106.39488647910517,92.80445873183267,199.39413527147872
174.07934012682983,108.70575596183173,93.77941377892678,199.2967615897407
173.69021430328658,111.47072174695083,94.55766542601329,198.30680387548995
173.50663030970688,114.0151573943009,94.92483341317268,197.75704489113605
173.1258666321447,116.09621376548392,95.68636076829706,198.13241708375506
175.10300971484605,118.25986988556133,96.2882845484626,198.3613147891685
177.41302696107215,120.01842091247883,96.23826423296651,199.41422691228962
177.02686120917622,122.30760838458701,97.01059573675838,199.42037078793277
179.3137486429532,122.34194196274163,97.0348517391555,199.35170363162354
179.17518917623352,122.41997715546282,97.31197067259484,199.19563324618116
179.00301481769117,124.45203443193347,97.65631938967957,199.7314992576911
178.6417429597369,126.47770667559081,98.3788631055881,200.29394312587033
178.3975848113488,126.47032246103994,98.86717940236429,200.30871155497206
178.37185104418916,128.277149196687,98.91864693668356,201.33828759433217
177.94116962928229,134.97498417218736,99.78000976649729,201.92014696773907
177.62447559915285,134.3115905471068,100.4133978267562,203.2469342179002
179.61573806998354,134.04002875986907,101.14387520843596,203.79005779237568
179.4063961189012,133.91232822093178,101.56255911060062,204.0454588702502
178.97818804197135,135.85880098523805,102.41897526446027,204.89710473505164
178.67414368280436,142.5110666676118,103.02706398279432,205.9082146787735
181.13172831101446,142.5762413096091,102.90909960854482,205.7778653947789
180.8165535385304,145.139325334116,103.5394491535129,205.44495284826021
183.2134361888497,146.87214234037123,103.54496402291593,206.77859900579136
185.6447318105052,146.89715780103774,103.50128117141236,206.72856808445835
185.77566256011687,148.7119151853425,103.23941967218899,207.91647347889594
185.6616099657438,147.8510580440826,103.46752486093517,209.63818776141576
188.23167312935894,148.0619892005912,103.18681173629041,214.0757386509841
188.23931134957402,145.40302131723504,103.17153529586024,214.47429997948467
188.06864061053022,135.03928913315332,103.51287677394782,215.50206080186985
190.34392202536807,132.03632143847886,103.90817713146453,216.56213300402635
190.0054860698712,116.55834864842575,104.58504904245828,217.7088158134851
189.84803686132335,115.03436919306748,104.89994745955397,220.75677472420165
192.10527008113067,113.7773414536699,105.43214403997524,223.2708302029968
191.9251832049108,117.8851449053179,105.79231779241499,225.24039735379847
191.55482676096102,116.71597355522655,106.53303068031455,227.57874005398116
191.32102938199014,118.4308529851069,107.00062543825628,229.32353751183837
191.27027156879717,123.45251035571842,107.10214106464227,229.69648170198823
191.29270734177769,123.58856584143325,107.05726951868122,229.42437073055856
194.027005542802,123.23849304309726,106.79926024340953,230.12451632723054
193.94167498953715,125.93103273560575,106.9699213499392,229.9557058766414
196.56423104334928,128.47734393952354,106.94160471901539,230.07987894550627
196.77793703371165,130.01012223466023,106.51419273829067,232.23243019863045
196.8179713373619,131.97723176114633,106.43412413099016,233.54015357002174
199.47358138257857,134.13115237158559,106.38245242731573,234.49186073590218
199.43540199049204,136.87405929785518,106.45881121148884,234.27851727929104
199.31077649453943,137.047528124201,106.70806220339402,233.93157962659944
199.0587443754889,139.06738907389465,107.21212644149506,235.16189616749426
201.66138240442808,130.36527498910868,107.30360392765904,236.67586370493933
201.37650419691698,127.57130341388947,107.87336034268121,236.94345196655166
201.25314824646065,124.81030535362144,108.12007224359388,237.1312138718914
203.82867192628663,113.17944143066995,108.3103124224941,239.02779156358565
203.5554047062649,109.36646816955276,108.85684686253757,241.28155862642572
203.05447645645756,98.40630103062227,109.85870336215226,241.54388202182395
205.52458263172906,90.62965533898505,110.3543805108652,240.7895049073306
205.45959178590238,88.08868638506785,110.48436220251861,240.43783111442175
205.12334122179197,76.54575318346815,111.15686333073937,241.80059917411785
207.61820242595581,72.51579134907152,111.62950685709029,244.39815690823252
207.45795651129984,71.56640701417922,111.94999868640224,246.29692557801712
207.27288654135378,62.60499722680977,112.32013862629437,247.59488564972358
207.0691585491326,59.07159408403922,112.72759461073672,249.09472358952428
209.61800035208796,50.069902339707085,113.22581376627798,250.3103987938327
209.53029646977916,49.42157021900019,113.40122153089557,251.60706303524648
209.15927839115056,35.11742230312525,114.14325768815276,251.99430706949536
208.8687067108398,34.4077658463969,114.72440104877427,253.41361998295207
208.4271460724442,25.611999522238847,115.6075223255655,253.9241466282745
210.71285182347887,25.36335886274182,116.75268491547156,254.42142794726857
210.16079774643308,19.239025091609875,117.85679306956314,255.1823603392641
209.54889914225888,8.201241231554832,119.08059027791155,254.16088497596354
209.22072819891008,10.577124943093054,119.7369321646091,255.1899006846657
208.6690649011373,13.112676762531237,120.84025876015474,255.92602652904804
211.12072411160796,15.529249721599172,121.77414726570089,256.93008753739974
210.5529795826385,15.624071631929013,122.90963632363983,256.74044371674006
209.98719867924396,18.49999645750023,124.04119813042887,256.8737350368422
212.61276513102348,20.867297901070657,124.69683812307872,258.0459050459102
212.35582316218003,23.51337504708104,125.21072206076559,258.6890355774001
215.06207238262073,26.270114469075992,125.75183162601081,259.1291647395368
217.58423449201175,29.788555846998804,126.676946245279,258.06172082174135
220.42829315114645,31.919509089594044,126.95873199341925,259.76971740296057
220.5108131712504,31.18709907153857,126.79369195321135,261.2345374390715
220.08116996057285,31.20473572235622,127.65297837456642,261.1992641374362
222.8645375131705,34.4907916011461,128.11894013173358,260.65984924221885
222.58776995911106,34.27398969554204,128.67247523985242,261.09345305342697
222.45185438074986,43.45579522042203,128.94430639657483,260.87635035733047
225.46945131486206,45.57951086331204,128.959485496301,262.679292039501
228.53685327335046,50.17390766369485,128.9016811547809,265.6444975896489
231.37723360807527,48.99338642530239,129.34024236294562,268.0055400664338
231.298491743311,51.26611644356268,129.4977260924742,269.6214992066404
230.9945902385552,53.39812791314583,130.10552910198575,271.5452200900716
230.73609966266645,56.16338727953382,130.6225102537633,272.24109199917484
230.39633095610714,58.392883870972184,131.3020476668819,274.0276403738787
240.08251069429923,60.84685707469282,130.77999351879865,275.40312907587105
239.97227401578297,63.88951011687095,131.00046687583114,275.61222600276756
239.88576517508773,65.83818719083231,131.1734845572216,278.0161656407796
243.0874669016995,62.29509257957753,131.10943111540342,278.7630048518838
243.13056549714443,58.540863775994126,131.0232339245136,279.92234870904616
243.0013002778854,54.5172678514561,131.28176436303164,281.60504546695057
242.45855557378144,47.93622153170554,132.36725377123958,281.98011489645967
245.583569543951,43.76005719310248,132.5351571071786,283.91451229738766
245.24976490398808,39.72524427591637,133.20276638710445,285.5351048442403
251.59847067132006,36.08025454025773,133.47393746122725,286.34079301116424
251.34978361942763,32.37896254016405,133.9713115650121,287.242618240124
250.98156807313376,35.20777909592516,134.70774265759988,288.10756334663085
250.75396342780624,37.889555554052095,135.16295194825491,289.29204697778755
254.1318986050864,40.96679477311457,134.98031638479895,289.71080333076696
253.9071880287261,44.829847866317635,135.42973753751954,288.56083763294674
267.49800740235304,51.17977608657998,134.51707848981903,288.99547104219874
264.2193355155392,50.900576287051905,134.5167901774596,289.5538706412549
263.94326655585166,50.67300638760085,135.06892809683475,290.009010440157
267.74323765962185,54.337705188182696,134.05101589462438,289.2616428443233
271.0106209592789,60.536257788206996,134.06960717051717,289.9712533946887
271.095550823886,63.13237133615408,133.89974744130308,291.3430340442533
271.1062976979289,66.35429313309038,133.87825369321732,291.48017817921044
267.82223759412796,69.93817828010793,133.86376824407483,290.8950135419197
250.96906451133415,72.8203659447083,134.70090171849182,285.13063821271896
247.50168409151482,74.21723777275821,135.13111080522305,282.33689455661914
238.16613589232819,78.27737650239348,134.38826705291245,280.68793048090987
228.7812134066539,85.52985880689698,133.85513519154068,279.05161709371646
209.16774721302562,91.82828040467132,134.6750325855146,279.25711889592867
208.8063953770009,92.57254579414291,135.39773625756405,277.7685881169855
189.14728093770032,99.8372610012122,136.2604276040563,276.05767021354984
188.8835690443811,105.00783716463562,136.78785139069473,278.5149459524822
168.921776813923,114.95020236213531,138.04569925076163,277.96308385790746
165.1632688244251,110.52444940224098,139.10469560430505,280.35657015224376
151.24342533831876,116.55286005992374,140.89885383967624,281.322513205299
144.13879404939124,122.2078033473822,141.994962860228,283.12578018768545
127.50314446638254,134.16913117057476,142.2565539276573,285.6108910201708
123.62105812616905,136.23366235041328,143.3778766266498,288.1246786419283
103.4078039432386,141.84351505836352,143.61006606406642,290.3030795355093
106.43424262853053,144.5990485476352,144.29213604826796,291.52695991175136
105.80361932169887,144.35130096507146,145.55338266193127,292.0224550768788
109.10868385395585,156.6641672692368,145.7370156478038,294.57177067009405
108.42956389719649,156.9572756427723,147.09525556132252,293.9855539230231
107.57754831146278,157.3214739485425,148.79928673278994,293.2571573114827
117.55243916174854,157.54692880364945,149.4533951164318,292.80624760126875
116.88534745252092,161.615677487129,150.78757853488705,291.54139184273686
119.8449214104417,165.47775870404854,151.7455079656793,290.69430675553156
123.41111627561307,169.3209303049703,151.49423852744656,289.8890838457981
127.14479014034254,169.24635644363556,150.89185771992186,290.03823156846755
