89.0,148.0,55.0,46.0
89.12037750120456,148.47602988440997,54.7592449975909,45.047940231180085
90.11140591716139,148.61658815466382,54.34709368872189,44.766823690672396
90.82323863037333,148.8425493285236,54.482453413125945,44.314901342952794
91.7285203754751,149.65992362941154,54.2256926181046,44.23395543635909
93.3229484822465,149.63660363549113,54.133933113951315,44.280595424199944
94.29393890818784,149.38576732515904,53.73984416319921,44.7822680448641
94.54479995173453,149.31653524330633,53.23812207610582,44.92073220856951
95.73103627918339,149.3256253242002,52.41007019332338,44.90255204678179
97.40642629613697,149.40086939150495,52.12197350155315,44.75206391217229
98.54488562824781,150.83329214513088,51.36952612463362,44.93616097952471
99.65913419570758,150.89074869998495,50.65680776611409,44.821247869816574
100.83488380337614,149.90714954735822,49.808197716039444,45.28555700980759
101.0103587109792,149.89957044044064,49.45724790083331,45.30071522364275
104.3430650524999,149.8363090424011,48.759404964814124,45.42723801972183
104.48077568785979,149.98899032673796,48.483983694094334,45.121875451048055
105.502606690634,150.78857549859953,47.914191972382234,44.9965753911613
106.40438537244768,151.6272872884201,47.573615934029135,44.78213313679442
106.78319175709296,151.47181229561062,46.81600316473857,45.093083122413354
107.04015644312588,151.52520319631915,46.302073792672715,44.98630132099631
107.72083495516918,151.37046739606504,46.3782916425174,45.295772921504536
107.74510696652207,151.34410185919214,46.32974761981163,45.34850399525032
108.73887397837458,151.3016286040854,45.78594491593704,45.43345050546377
108.19466605999443,152.01414868364031,45.43783752190215,45.44493357714915
110.08775306136444,151.9389444998784,44.51411300041551,45.59534194467297
111.37941608372537,151.84711838867497,43.34980795118719,45.77899416707983
111.95828627983363,151.75006868147813,42.192067558970685,45.9730935814735
112.55504478033797,153.0370364856578,40.998550557962005,46.17537497497849
113.80848145757881,153.43174218409055,39.86388962612817,46.75817600076083
115.0119022958412,153.26302178804522,38.820094383590636,47.09561679285149
115.25270371152008,153.21445753134304,38.338491552232846,47.192745306255866
115.60074657882993,153.1515699897719,37.64240581761318,47.318520389398145
116.68388169861008,153.7301679419003,36.811931861267134,47.4971207683556
116.92992913056813,154.310106166579,36.31983699735105,47.66227746020576
117.09956693548175,154.3428258798743,35.9805613875238,47.59683803361515
117.24748812869214,154.99180975737937,35.68471900110303,47.61186774976919
116.63984036562968,155.06044143770583,35.591623455819565,47.47460438911631
116.65960845535636,154.98846123986948,35.552087276366194,47.61856478478898
116.56817575438392,154.86172299111206,35.73495267831109,47.872041282303854
116.63367045734296,155.45128193978005,35.60396327239299,48.00609603040437
116.46141722697709,156.15228551617298,35.94846973312474,47.91715638113948
115.76348672612724,156.13940107762883,36.02697887267662,47.94292525822775
115.66552993783061,156.13014097720054,36.22289244926989,47.96144545908437
115.42197350466444,156.08181412837916,36.71000531560224,48.05809915672712
115.34097396295596,155.92750245993145,36.87200439901922,48.36672249362256
114.67695525802712,156.4218512480091,36.86075450695344,48.71731221939071
114.09272434092823,156.2472484900802,36.68476777513602,49.066517735248425
113.40318912532712,156.17373456384223,36.71694818685843,49.2135455877244
113.29464961607468,156.74685621218745,36.93402720536328,49.41695623075613
112.6190914442436,157.38839995539752,36.92884243147684,49.4901698618846
111.94914176494177,157.8965446643266,36.91141138665698,49.83121084744991
111.96684622133364,158.58309588290214,36.87600247387325,49.82034064410436
111.29738782860316,158.6593751490166,36.853432312000656,49.667782111875475
111.1995288973051,158.6317696845213,37.04915017459678,49.722993040866086
111.00145622662299,158.6935168802284,37.445295515960986,49.59949864945184
110.22347624047065,158.493174628705,37.633816178209685,50.00018315249868
108.0527847417832,159.0642702404518,37.84532859120875,50.23461545713032
107.7548338116082,158.94389652898596,38.441230451558766,50.475362880061994
107.02362692705645,158.85811573052234,38.50659273145129,50.64692447698923
106.96684711611954,160.29858266533807,38.62015235332511,50.567459220715804
106.17667241378574,160.20408781827413,38.79912642732867,50.7564489148437
105.43519360610456,160.12348617092323,38.87490629340729,50.91765220954552
104.71065109656305,160.49869764324202,38.91311826879834,51.57810230859985
103.80960480050364,161.33565062339662,39.29364585811126,51.325761351096624
102.97399903451013,162.24406605500639,39.540928427629325,50.932859450346015
102.12728541049276,162.75220285571706,39.81239805081802,51.338543473770684
101.2226684810376,163.73174400488898,40.18905596908316,50.812037116072105
101.11785774510409,163.67320827534917,40.39867744095017,50.929108575151716
101.00504980591612,163.75326590575833,40.62429331932613,50.768993314333414
100.09881679881683,164.30786643777088,40.99971335347075,51.09683823036222
99.36736372472589,164.26662498390215,41.01446090246555,51.179321138099695
98.48403107526791,165.73827617901193,41.33146345918859,51.13534423226592
98.35611950770547,165.7602145442945,41.58728659431347,51.091467501700755
96.1662815449348,165.70896028060977,41.59419830635301,51.19397602907026
96.17776930348562,165.75099947878462,41.57122278925137,51.10989763272056
95.54225284618883,165.55808462216504,41.384644288527724,51.49572734595971
95.49319590181591,166.16238079347804,41.48275817727357,51.74764966948385
94.52905815576418,167.53145800005603,41.94506474023226,51.94143311461744
88.46495499367727,171.9799548193112,42.26182405263623,51.90302473493449
88.3691597891106,172.08723091139908,42.45341446176957,51.68847255075873
88.33356480181928,172.03983535845134,42.5246044363522,51.78326365665421
88.20833827580793,172.52337042959715,42.77505748837491,52.29956640649363
88.18600603993445,173.24527774090757,42.819721960121846,52.351110510873596
87.42551183736926,173.12682237812186,42.84383735525474,52.58802123644498
86.73693717949786,172.97242268827674,42.720082580352646,52.89682061613525
86.02403978206539,173.00952615576995,42.642233038965365,52.822613681148816
86.215639240363,173.58815483966927,42.25903412237015,53.16660112485692
86.19508421764306,174.17306261066034,42.30014416781002,53.497095188458495
86.39240925660889,175.48365493444925,41.90549408987837,53.88798958040816
86.41444933293494,175.5741234310801,41.86141393722627,53.707052587146464
85.71963883326018,175.56814402560562,41.74891276777663,53.71901139809542
85.77784876154887,176.30082129734512,41.63249291119925,53.75413138878821
85.15188334347775,176.08218047760147,41.385307545393445,54.19141302827551
85.15179470956303,176.77904870334618,41.385484813222874,54.29944030571556
85.22930402967538,178.17182695956515,41.23046617299816,54.52071254077431
85.42127684909244,178.05150294383958,40.84652053416406,54.76136057222543
85.24188627815971,178.7999220194866,41.20530167602949,54.76616648544211
85.27235135912534,178.79062658763004,41.144371514098246,54.784757349155186
85.40062480500504,178.7004487589266,40.887824622338854,54.96511300656207
85.45340594884996,180.70558568050095,40.782262334649,55.47109862028019
85.451756594085,182.03506678084955,40.785561044178934,55.834900244185796
85.42393604752385,181.26588689405182,40.84120213730123,55.85629922780912
85.45127317897163,181.00711125850222,40.78652787440565,56.37385049890832
85.28836528592845,180.76073309948478,41.112343660492016,56.86660681694319
85.2025088062154,181.99939120517215,41.284056619918125,57.4652525451192
85.85489252093231,183.39808524245754,41.529168198334425,57.767622486248605
85.6766785363452,184.16060568606497,41.88559616750866,57.8010743625487
85.46590461116963,184.17565267916143,42.30714401785977,57.770980376355816
85.17398071277839,183.3411808066955,42.89099181464228,57.86860131958616
86.08136686938222,183.1630728016787,42.6585960476447,58.224817329619725
86.11351197463642,183.52744655721165,42.594305837136304,59.08004987406853
88.60207197543842,186.40825251569566,42.404887002898256,59.702039513588446
88.47315278296212,186.10999827046578,42.66272538785086,60.2985480040482
88.28838030963392,185.8881739300843,43.032270334507245,60.742196684811155
89.01648435344632,185.78831831747138,43.20434546899877,60.941907910037
88.84078656097543,186.3130697484032,43.55574105394051,61.52654594489741
89.61746576800985,186.20313957892475,43.65116089473847,61.7464062838543
90.34966900709868,188.57266568123688,43.84043177826166,61.968386164332586
91.31458087370295,189.2940245002149,43.57076357380708,62.18582405513051
91.01565295700561,190.0748586961887,44.16861940720176,62.28315122678494
90.81298033022279,190.0552231105392,44.57396466076743,62.32242239808392
90.86021123476814,189.7819271440686,44.47950285167671,62.86901433102514
92.41270794324863,189.560374265839,44.74313972293182,63.31212008748437
94.17029440266072,191.86798905667018,44.618695709449206,63.78298386383434
94.71065040212804,192.5943176249141,45.238414312429335,64.03075732926123
95.40812690985479,192.54014876692386,45.55786174865997,64.13909504524173
95.33842666637237,192.4787026031151,45.69726223562481,64.26198737285924
95.14140694190777,192.1202601748887,46.09130168455398,64.97887222931203
95.94149455111723,193.66220297268848,46.233929062834505,65.38059182711136
97.70609508850987,194.331517757197,46.20719110897397,65.79319381855666
99.38525800272626,196.71108420885486,46.362925977062844,66.30515196002341
98.3542897852544,197.40211690199743,46.657523996613605,66.69042498913129
98.01398465639298,197.58895888084933,47.33813425433645,66.31674103142747
97.90777436809958,197.39749569192827,47.550554830923225,66.69966740926957
98.84934518890918,198.0156021473316,47.46030020053194,67.25634150969086
99.6723430891308,197.76945773976405,47.61412852279828,67.74863032482595
101.70188678380671,201.2818801496931,47.17465230851699,67.96300785510888
101.5580844894066,201.02310941078744,47.46225689731722,68.48054933292026
101.54494843701994,200.96833169115095,47.488529002090544,68.59010477219323
102.32096062452202,201.79416652826666,47.75694778503336,68.75887825590883
102.97132817718513,202.6364037105142,48.283640436383706,68.90183164809032
102.70754311978574,204.32350660229068,48.811210551182484,69.20419698318547
103.61148481478605,205.98230971175724,48.85488772083677,69.5897118835621
104.45870070172072,205.98586225466795,49.01856617265593,69.58260679774072
104.32864431083782,206.84257451309895,49.27867895442173,69.72988522866913
105.13795785564888,206.50854379268364,49.52727142060703,70.3979466694998
104.99340978346696,207.22445702599887,49.81636756497087,70.84754284859063
105.87006774878321,210.84356903749082,49.95604111836691,71.18127676172081
106.77420595052122,210.62531235985216,50.04810402929368,71.61779011699812
106.73439173118427,210.23391610020505,50.127732467967576,72.40058263629238
106.70023966161264,210.99401862870332,50.19603660711084,72.80197094383041
107.53349159797598,211.98454960887796,50.45831321268437,72.74968946178129
108.46529182025843,213.6090730913277,50.52704086823101,73.36529869710489
108.4221754611082,214.40973944860212,50.61327358653148,73.70672138209903
109.37624527921119,216.29307588967222,50.65446637713694,73.83871335358167
109.21930580920491,217.19614162535962,50.9683453171495,73.98458672078323
110.14982257360145,217.22419430064946,51.06671110381587,73.92848137020354
111.0730864674978,218.14229139905814,51.18036307060392,74.05246692796692
110.81780920450045,220.98329841404689,51.6909175965986,74.26224390519974
112.68314362042122,221.71423100590744,51.91132067751802,74.77591467785905
112.56502754290392,223.53411206867213,52.14755283255262,75.11002196451054
113.30159368722238,223.491197556213,52.67030393803634,75.19585098942882
113.06784583687289,224.27019546482853,53.137799638735316,75.64366875193795
112.73776874793253,224.24673979602673,53.797953816616015,75.69058008954157
113.15514323677684,225.75895904732664,52.96320483892741,76.72992209299446
115.41427965550955,227.59856629887736,52.51257177273213,77.11834736116317
116.45102012219675,227.33772381941236,52.47130789675413,77.64003232009313
117.29074667874384,228.50667557708942,52.83124581998853,77.34151984106767
118.28153761342716,229.61084639504708,52.89052380453638,77.17403805906677
119.24745084638403,230.5498476613549,52.99801378741335,77.33535197524185
119.03813040234853,231.45462850076612,53.416654675484345,77.56931870665646
119.78816696690605,234.34966414807306,53.970567261956916,77.94120455880538
120.73652003364407,236.06050923786634,54.14261953501517,78.65703119228742
120.59253299854275,235.90437355052637,54.43059360521781,78.9693025669674
121.57209537419125,237.77707639954548,54.563350201248994,79.40765956358551
121.32913249155268,237.6132810986375,55.04927596652612,79.73525016540152
122.05455234394279,243.72254916354552,55.71210834734222,80.19874654916339
121.95818955616602,243.25971655550825,55.904833922895776,81.12441176523791
126.1624992808068,244.1197390229346,56.09135269850509,81.55315138660796
125.9615714838671,244.00494372239655,56.49320829238448,81.78274198768403
126.11211099653005,244.60034078912486,56.192129267058604,82.76039794174685
127.20372864473396,245.4379988709601,56.18709987554865,83.26328768297438
128.15437169740042,250.55577786648536,56.4715095276906,83.95620847929817
129.20577813728676,250.06048314040578,56.56954204405403,84.94679793145733
129.96338141428538,252.38270263663276,57.27170962360913,84.73710720610799
131.12974671642792,253.33895604927366,57.16485712364724,85.05047848514941
133.20884742147578,255.047304672,57.464300052900306,86.09142557904558
132.9340403670043,255.90055700507833,58.01391416184328,86.63437539213737
134.87969462264869,258.9151190788635,58.65610753278054,87.4055040679061
135.86348606786117,259.8484425775936,58.9775411042018,87.82787353229213
136.97456253998362,260.68701354838623,59.05609656920793,88.45143999995784
136.62063218436273,261.79962918231513,59.763957280449695,88.53760197627304
138.81422817120546,262.48915433467874,60.02564948152996,89.48299375892876
141.1445799049595,264.2316803964906,60.050973898422775,90.68396951970594
142.0376696548199,266.21563439685775,60.626286577958005,91.43904587748365
142.86798582814424,270.5994579278205,61.34806173934551,92.2010288477029
142.48076084575334,271.61745339475476,62.1225117041273,92.57089942044774
146.99258995303458,272.53742808387216,62.79601517353495,93.15524046320547
146.96685564906792,274.5726929533307,62.84748378146826,93.97323793624784
147.64181792876812,276.95311791620236,63.954985703356876,94.12724097308258
151.36306318983026,280.1613725015262,63.9468603477349,95.14509696893714
150.92882378899907,284.70486164958726,64.81533914939729,96.03136945207882
153.02548489645852,285.5694128385985,65.66414743148815,96.82333232256121
154.059634016113,287.4746042812206,66.14291778261372,98.10708661818613
153.6072875896601,291.62219137132,67.0476106355195,97.5349328900482
156.9944605567468,293.93348670259866,68.01539483756842,98.07376231830591
158.09728996268996,294.8571405997002,68.41458286324165,98.83130136166238
161.43281302179344,297.38641852156644,69.61218096626831,99.01850833208546
160.9813996193347,299.9824116570571,70.51500777118575,99.1174975221119
161.62503606164955,302.3563121342388,71.88960230631145,99.69343140725933
162.58123066812513,303.50183508781896,72.67042458076003,100.09559698749878
166.45912887066294,307.136174580966,73.05105204853626,100.9633418740566
167.31268364648702,310.87893770808074,74.07549906412866,101.67248532154883
169.51656641464513,313.1990309752912,75.18601594728528,102.55058120660084
170.77901787017066,313.9062792997514,75.4518087679858,103.92678028943195
174.8120690068692,315.8975625961014,75.83354933806297,105.57610892571468
174.30143533182834,316.7470887347933,76.85481668814468,106.72428633388581
177.05305689967753,323.03068001085205,77.11442712138327,108.56423770411067
182.4773707487465,322.93631442688684,77.92007374378726,108.75296887204111
183.8160268515467,323.9184617008783,78.17245236593594,109.71836515180729
186.40464410099227,326.2722184738418,78.89215006238992,110.90778380122552
188.7527560271021,328.7444177505769,80.15257741194007,111.9200364495251
191.4597063219992,329.74702385193774,80.76748699134143,112.92922933140122
190.79144052276337,331.1193312245157,82.10401858981308,113.22442621002607
192.002293032295,339.86286001192826,82.74857627842044,114.13494488122441
198.07694473099207,340.0102842346269,82.96192413863443,113.84009643582712
197.081309353576,340.6022657338645,84.95319489346662,112.65613343735197
199.834229372555,340.8330081342851,85.65596177400701,112.19464863651082
204.15052412631428,345.897650827273,86.34959926530588,111.39159024935232
202.15161081998073,354.68231258522644,87.23964043060118,109.36119397030444
202.5652064091696,355.6204845980909,89.50362165799118,107.48484994457561
207.2244049740871,356.43005803943265,89.4820685025316,105.86570306189213
216.4765153205641,357.42359620134715,89.41966853189726,103.87862673806306
217.25618822233722,360.27007281040153,87.86032272835104,101.22761138456332
216.6040986003561,366.6084954478925,89.16450197231322,97.47847199784698
