474.0,29.0,32.0,102.0
473.2591556210655,28.33097752330312,33.481688757869,101.3010627986873
467.61346440881715,28.656590849300912,34.50162264216542,100.64983614669171
467.1981733223808,28.88502580968023,35.33220481503817,100.19296622593308
467.0075983059076,29.140272823572715,35.71335484798453,99.6824721981481
465.9407132793374,28.310808822693303,35.77525496160639,99.26953026038828
464.89443519530687,28.737429073598726,35.80072297580101,98.41628975857743
462.9576564964554,29.106923255270743,35.56358812421203,97.6773013952334
462.09939425526267,29.48113559069202,35.23962671139086,96.92887672439085
457.1844846343157,29.636649618733266,34.94984300917502,96.61784866830835
457.1822409485856,29.35330778404805,34.954330380635184,97.18453233767879
456.20838156960366,29.52631877763278,34.879635851423515,96.83851035050932
452.28979253500614,29.428024089994352,34.65235920421317,97.03509972578618
452.35109648677155,29.431007002575512,34.52975130068238,97.02913390062386
450.69650622402435,28.25392879007,33.813937429451,97.37079312727197
451.0007917891114,28.285320356233377,33.205366299276854,97.30800999494521
449.43272979022464,28.61224622868923,32.356714985553346,96.6541582500335
448.84586482425107,28.69340628329185,31.562869381443214,96.49183814082826
448.9515735643094,28.908794343975615,31.351451901326556,96.06106201946073
448.863833436636,28.90579779550562,31.526932156673272,96.06705511640072
448.8341635769936,28.88647956282106,31.58627187595809,96.10569158176985
447.62021674919635,28.948977786236824,32.06849967203271,95.98069513493832
446.17862757651636,28.987186856550665,32.9989599514339,95.90427699431064
445.0946738452254,28.892162833889564,33.1982516838344,96.09432503963284
444.74896267996587,29.185861198385197,33.889674014353474,95.50692831064157
443.57575952030095,29.28952044751108,34.25693998690519,95.2996098123898
443.4996133533467,29.39692262762265,34.40923232081367,95.08480545216666
443.41556127289806,29.34011482434738,34.577336481710944,95.1984210587172
443.32297391987953,29.53199252873705,34.762511187748046,94.81466564993787
443.2359271104565,30.258945147828967,34.936604806594076,95.34580458827716
443.88614654081067,29.552074281142353,35.63195718633927,94.76375508119693
446.08219670278106,30.0019394858314,35.23984438760542,93.86402467181884
448.0735654085241,30.313120443265298,35.217179306133,93.24166275695104
448.13000001865436,31.10459554466688,35.10431008587236,93.62941771298134
449.2325011841976,31.182234959105003,34.87354040274796,93.47413888410509
449.2346030404557,32.0474837052952,34.86933669023182,93.71149131411794
449.1599786944561,32.1625922853339,35.01858538223093,93.48127415404053
448.80759865747433,33.019949226597944,35.72334545619444,93.73712564292285
449.0695652504326,32.70698298204386,35.19941227027786,94.36305813203101
448.9501597554421,32.95670716666634,35.438223260258994,93.86360976278606
449.0837620220998,34.089193411783185,35.17101872694349,93.58223812661151
448.9877703505477,36.206083656727195,35.36300207004773,93.29797270084178
449.0931819784348,37.3022924232715,35.152178814273455,93.07969081097794
449.1661666996045,39.11218019175328,35.00620937193416,93.394341290559
449.25502626923253,40.18333693437853,34.82849023267812,93.22112427822043
449.4749237462877,41.06088527780935,34.388695278567745,93.42944014720493
449.5886785095005,40.97182968827481,34.1611857521422,93.607551326274
453.71511087196694,40.843024734159755,33.73593424063453,93.86516123450411
453.8269313411172,39.640008259182906,33.512293302334015,94.31830121354201
454.896444607688,39.738020121951934,33.328581212244686,94.12227748800396
455.6756057430348,40.76464281940279,33.719439883454015,94.01821303500519
456.5425823517572,42.63569144921949,33.94026860090011,94.1856796451535
462.3754428822553,42.51410097955086,34.04160190846474,94.42886058449076
462.2173711418033,42.534922305577744,34.35774538936871,94.387217932437
462.08306810316145,42.43358136886246,34.62635146665238,94.58989980586756
463.15048312314195,42.65516009160143,34.470888793505964,94.14674236038962
464.87405458159304,45.77858447575019,34.96417817237638,93.81054203575098
465.6871273751321,49.76884266375947,35.312336163351524,93.7272399719455
465.7381916786959,49.74519761535021,35.210207556223985,93.77453006876402
467.9525865506441,51.79386793767492,34.73785711283411,93.6336287246213
469.04123752548134,51.61525238002223,34.52824383828646,93.99085983992669
470.068130173819,51.55464541759378,34.443479534165725,94.11207376478357
472.17236436816466,51.21167421637645,34.17346064526566,94.79801616721824
472.04860760000395,52.306154541984846,34.42097418158707,94.58320852205178
474.8939589385986,54.052035341390564,34.65694958128665,95.04256564116622
477.88545243369765,59.03373636236209,34.63315644611524,96.9975513092765
480.20206907126476,124.22810057368318,34.02776523891835,101.54153216253849
480.3358112320751,149.13960330355172,33.76028091729773,101.34346047790697
480.3904518926758,146.91718281636625,33.650999596096284,99.60832072066398
479.4585680618128,148.29261860597322,33.48147412611081,98.89074227316148
479.5834388253123,152.54874133217743,33.23173259911172,98.45840294454874
479.5457471893689,150.13438497171853,33.307115870998615,97.25934272448688
479.6659725640237,152.2531394121773,33.06666512168892,97.00893292033713
479.69543284162205,153.4538548290871,33.00774456649227,96.59309766980454
479.51386298819165,153.62938076917553,33.370884273353084,96.2420457896277
479.5118694247554,155.74697274117216,33.37487140022567,95.96727302938896
479.48183274117804,159.97176881948457,33.43494476738032,95.42311441762249
479.48342784106126,159.85660519017608,33.4317545676139,95.65344167623941
479.3468420450245,160.76660313621198,33.70492615968738,95.80636073515888
479.3262980600333,161.32441783140032,33.74601412966979,96.67079356243693
479.2160819635141,160.1948456231263,33.96644632270822,96.93679070338494
479.41920915590885,158.86072605401355,33.560191937918674,95.60312795684074
478.181707066035,160.7994039968658,34.060664764082944,95.67483477830311
478.2319034881097,161.5969998775871,33.960271919933575,96.06428385832479
478.10654261947667,167.6564273451709,34.21099365719965,97.86410313613845
478.05162719518455,169.29446955102532,34.3208245057839,98.62528103848702
477.9411836342662,172.95010770554526,34.54171162762051,99.4399648580561
477.7637985230531,171.98147494521353,34.896481850046804,99.3300987151913
476.9066854784971,173.07428237928377,34.558693376997596,99.1964984092121
476.94164089549247,172.95296693312275,34.488782543006735,99.43912930153417
476.9575660911968,172.83841173299115,34.45693215159815,99.66823970179735
477.1096921452529,172.5271785185035,34.15268004348594,100.29070613077269
476.12636634959784,172.29120656056605,34.06715922257559,100.76265004664754
475.144279163636,173.13847700848652,33.97399896191231,101.12544378339362
475.0018983127746,175.67811930976097,34.25876066363519,100.16775693262343
468.643564813606,178.41846149156683,34.661296462812125,98.79178296873175
468.52763862699356,182.87853563513065,34.89314883603704,98.03186152228996
468.63519208423406,182.88673307464347,34.67804192155604,98.01546664326429
467.3443217922266,184.05063732484936,35.230505815628476,97.71693483279513
467.09960414048015,183.64714970388923,35.71994111912139,98.52391007471539
465.8278940180535,184.43772228748577,36.20793694693005,98.99818932456688
464.5423864037356,184.34038376378106,36.7079188220621,99.1928663719763
464.4005381219727,183.9467267789551,36.99161538558785,99.9801803416282
463.2718751258758,184.4327663564955,37.14969965834503,99.00810118654738
462.1521789265148,184.54852139229783,37.30092853950799,98.77659111494275
460.09867226458255,185.74189278776788,37.232809083467444,98.47741471395514
454.79759693091717,188.02208748399948,37.42470705885847,98.08112639826786
455.00004794039364,189.319025578967,37.01980503990559,97.56706564241621
454.2049763217979,193.5076248212511,36.54478544313729,97.4505184936872
452.2979717029257,194.56639820971446,36.248906694002514,97.3879157102001
451.61061226247,194.36150164615626,35.574909829090416,97.7977088373165
449.91551513509893,193.62921813155606,34.88027766002972,99.2622758665169
449.5101914070523,192.10585427314868,33.64017317024566,100.25825163745438
442.6317614930684,192.12957539459936,33.100582577369885,100.210809394553
442.8322370512768,192.37110834626435,32.69963146095297,99.72774349122304
443.1013030487754,194.23375582299315,32.16149946595593,100.03761144770212
436.27085414075884,196.170354327225,31.737670527061425,100.18862208350343
435.2090982040007,195.0613177516094,31.854734644687518,100.40024747884448
428.91093210465107,195.283411696422,32.3814226514543,99.9560595892193
428.744226276858,193.78207247963434,32.71483430704036,98.9287646001375
424.3816731032377,195.32197028912307,33.413951251762185,97.85546633178971
422.9723180871192,194.8570107575744,34.22866733178799,96.7813914426759
417.21541298758746,198.27529128940296,33.72150583465367,93.95182094441805
417.15149614225203,197.497602105348,33.84933952532455,93.55332893863503
415.17604380236395,198.72734083691805,33.899269148498355,93.04433900379615
408.4851497393211,196.87669042353895,33.672287662481196,92.85741994138206
408.54358786257467,198.7699182340323,33.55541141597399,92.9456261877234
408.56694841706826,199.9404140303096,33.50869030698689,92.54111189989067
406.8046322203759,199.63415460412278,33.17362880530776,93.15363075226428
401.2530737345611,199.56182346942,32.681548696227544,93.29829302166982
401.3514829677905,199.85000930839396,32.48473022976876,92.72192134372196
401.5605639187283,199.29734144192264,32.06656832789312,93.82725707666455
397.9619073515869,199.90431960336957,31.575832585507793,94.53531297293776
398.10480306292266,201.2036524124166,31.290041162836225,95.78291466263877
398.34328447072255,201.76164377186433,30.8130783472365,96.60257600745621
391.6133143534362,203.4814057804478,30.703354252869634,97.04009894141484
391.56956239010253,206.29841019273402,30.79085817953696,97.23422871347773
389.5802763026997,207.77774617101923,30.87527076709807,96.22263655052956
385.7563414553215,210.4573689460385,30.786048513536677,94.7319369746499
380.845655322465,211.36442985702723,31.05013795951413,92.91781515267243
380.7651274814013,212.0468888997887,31.21119364164153,91.5528970671495
376.9848225735596,216.92862361692067,31.275808837248203,91.15942090798157
371.2871087262562,215.41287047690997,31.453823445103414,90.45178949241917
371.25838188144724,216.8687671074104,31.51127713472132,91.26543444943945
370.2018545858673,220.73842143051598,31.74896127142356,91.02760762105879
368.3938149733778,221.93659185122743,31.61243343147516,90.50757031209956
362.8297874999491,222.48585039886163,31.54208879357524,89.40905321683118
358.20582699614306,228.0265026448792,31.542806350517726,89.42439286559954
358.3436976294771,228.80157064933655,31.267065083849626,89.72392961098197
354.75495901365963,228.95082758129354,31.04879468949223,89.42541574706794
349.5046341851993,227.7499285089699,30.50520261054868,89.98650693573789
349.42490167428804,229.3346149962982,30.664667632371128,90.49472865902028
343.08762748431127,230.40990952616266,30.396577523510416,90.19308795483622
343.355019478107,232.5420932025587,29.861793535918856,89.60823213739869
341.67193806000535,235.77353641330436,29.584653073206965,88.61030066428026
335.4648441352106,234.09553616305067,29.38219095793287,88.36154403196954
334.5813895159874,235.74763724207995,29.353966474459263,88.647609317751
328.1628571045164,237.28182975884334,29.60022202867261,89.1765983610038
324.4431812855595,241.03063277040513,29.796685192472353,88.92188081199437
320.7562663535507,242.47746804253802,29.927748803758018,89.64959339409452
317.9728976553785,243.7015808687574,30.024145136241273,90.84826178422988
315.22238248891273,242.70946501629578,29.998374498898656,90.99022649906172
315.1170255520748,243.8121671078233,30.209088372574563,90.62863638916406
308.36132586335884,246.3160592908367,30.822790936107562,89.30590825567985
308.36572879013715,247.225802917613,30.81398508255102,89.32130900049643
304.96078398142384,248.22012127706236,30.2840857696364,89.16761951418306
298.7368931803908,249.55403576657739,29.970201318738596,90.14598083599984
297.9354402595915,248.3483914570127,29.741819225209074,90.72598152000097
295.2389053552672,253.40330529761414,29.628828680970642,91.62827454457197
290.6621492023719,254.31279511612914,29.55182396863821,91.65539831116659
290.6016153317786,256.62254130894127,29.67289170982486,90.72605343785996
284.2228325702399,262.20912909900755,29.59182533352152,90.5574194857679
283.1391852318854,261.97663899772505,29.928914161877362,91.02239968833298
280.4080655805956,262.64128953036203,29.862157723715963,91.53609720330601
272.80772140007707,263.6337287105421,30.270225217023423,91.40029645141219
268.98371370189625,265.8774091435507,30.4997324069072,92.47681674025321
267.95706262691965,268.82082778233354,30.67889032156895,92.21241216856194
261.37204579133925,269.7155853665489,30.733278717141133,92.29656061092959
259.415882620594,270.8676194301168,30.89389219104154,91.8683489175888
253.91582037223867,271.0309103419777,30.657826751805473,91.54176709386708
253.08483996498478,272.35895763447564,30.456054299543183,92.61313904241129
246.2786579885928,272.9668260542717,30.941440909231844,93.27268468040427
245.11086234161849,273.3447431273198,31.38347609965116,94.41040663783731
242.28683174448284,272.2386706989877,31.278028481568818,94.70471522371713
235.70357026187818,272.68771589391577,31.003905359907694,95.72671713198531
233.0043570724964,278.1805203914492,30.61355348307685,96.31866464810739
226.00757853622565,283.4760998965756,31.09136876756805,95.3816069150333
224.9418392693181,282.3214413193017,31.296553077786896,95.7646298459849
220.04208078644143,287.86881144299736,31.418552006541155,96.28291124299255
215.98513987845357,286.8635486395507,31.75199651620688,96.34832752330834
214.1545193083609,288.5796906979722,31.508929799782965,96.82035126307466
208.3360829245136,287.7861163033387,31.41936189743575,96.45309327400132
202.61254525964148,291.14225484816313,31.181178654350866,97.53098856623858
201.57697889072372,290.5878099697626,31.293833132445705,100.59835658278031
198.6021439462149,296.05894947435684,31.2312821363042,101.68051934391013
191.67526844362067,292.4307745437841,30.95725046618756,100.86385053345276
190.69740919572666,291.0439233600028,30.911353303229234,97.63270592477622
183.3708801324301,301.34931981820597,31.879731047932722,98.52641075133943
176.3165805604426,309.0135511067458,32.09011891989699,101.06707695255923
176.02463023113617,307.6361975042767,32.67401957850985,101.79637769354346
173.77530272198138,311.16635705646183,33.0796630345357,102.92208171374062
165.09115104618056,314.42282394375655,33.88835183954287,102.61900339412419
161.82344950069657,315.75097121952405,34.18229642575403,104.12368117909378
157.53638659723438,315.3936614341773,34.32733334056883,104.83830074978718
152.21426727844386,314.2724212490846,34.37110985903221,104.96068869614922
151.23924240928628,313.80560302028283,34.19852426893254,105.89432515375269
149.19308212050151,313.52273389676697,34.02537378156927,106.46006340078438
140.66989369362017,316.438203962119,33.97105925585719,107.04188253738337
139.76590755608163,318.3514849904748,33.634185863716496,107.5050118151074
136.3561288141241,320.87871802806,34.018125052528994,106.74095793667192
128.6161340908989,330.8647568235676,34.508028494415626,106.04184806581031
127.69044083781657,332.11119393261964,34.21889913680947,103.5489738477062
121.56641235841866,333.1155878884851,33.86833806139577,101.5401859359753
121.58020978557703,332.0557441466719,33.84074320707904,99.53033253232466
119.5349247478051,331.6294222687163,33.860020619125955,100.38297628823578
118.28803873815274,327.70657665392673,34.305648904486105,100.03609258203662
113.8563276217107,327.649217965361,34.96373781878418,100.1508099591681
110.66343542704314,328.51101744965604,35.15466971827094,100.49216182052751
103.42522066673789,329.2667104785029,35.118043029532714,101.05406950702655
103.61668836660441,329.72055139065554,34.73510762979968,102.22703309543303
98.53814030065918,330.08397418896385,34.440255903404314,101.50018749881649
91.6386613140623,328.74935994338637,33.71664484474356,100.02011055229869
91.14347461554667,328.3446107271586,32.666661422579736,98.78925216555902
84.58112719604686,327.9843238995221,31.76594341835058,97.50619541465647
84.39695549255208,329.86953104255736,32.13428682534016,97.67352476948159
76.17442420419889,329.93387729316885,32.75529603340171,97.5448322682586
73.85697618638454,328.9731589433921,33.4151066086681,97.47872623763087
68.07999331008307,328.8863451830498,32.9772001169985,97.65235375831548
66.58381249388296,330.27622449650397,33.97643315597104,98.85885231826248
59.458117551350995,330.00076972938007,34.02796818835703,99.4097618525103
58.25127048511594,330.06043877691593,34.404319025969016,99.29042375743859
52.47259009148734,329.4635404884954,33.70669188862102,100.48422033427964
52.89410281561512,329.8327467540071,32.86366644036546,101.79259099467407
48.93711966788929,328.895060962201,32.5778800428929,101.61802440505522
47.85813701104919,328.0747629221781,32.69364045078346,101.21641557931152
43.793081339289806,327.9795171546972,32.66923667866534,101.40690711427327
39.58516492142902,328.6703705215056,32.92152438793862,102.06608666226855
38.39032357719482,328.45311555697833,33.25632052270309,102.50059659132305
37.22101790026973,328.1463794821692,33.52772166081055,103.11406874094133
31.634086758151803,327.60459646862597,34.2970280652094,104.19763476802783
31.6340419837627,325.0305626948287,34.29711761398761,105.12484818680858
26.472510266816894,324.4542158025689,34.002123307202105,106.27754197132805
26.35164499504554,323.952155552836,34.24385385074481,107.28166247079392
24.877592563069612,323.98221685148076,35.03868726411778,107.22153987350441
16.805749781086067,323.7224896632486,36.013219515683424,107.7409942499687
16.652415136929278,322.9710736721564,36.319888803997,109.24382623215308
12.653644532899985,320.6685560093845,37.6596457837205,109.41033873880687
11.092885990655947,321.4736490689694,38.53506403337562,110.04625145447
10.665223965404902,322.46183362718546,39.39038808387771,110.34098353212121
9.384173995434622,322.30713948972004,39.661650786818655,110.65037180705203
7.8862833063266,320.0379607618762,40.35725684570444,110.58837862407913
7.6961676970900434,321.7040686301685,40.737488064177555,109.56804054164465
7.414989354223586,321.97650369887737,41.29984474991047,109.02317040422686
7.494314356413426,323.1669724775321,41.14119474553079,108.9486822859837
7.4571448598889525,323.48327537103927,41.21553373857974,108.31607649896947
7.522807179026156,321.7822911668286,41.08420910030533,109.42325454523086
10.217431303928652,321.4547372885516,40.31157253370469,110.07836230178489
10.684150969213409,321.2061094889389,39.37813320313518,110.57561790101019
15.666975383593705,321.00563051852635,38.58835452506164,110.9765758418354
16.13370743055646,320.73072919935674,37.65489043113613,111.5263784801746
18.69295420120651,321.22032223816393,37.08872781369459,112.82335786448954
22.262523033869872,320.2944027556339,36.802378198867025,112.39093414604982
23.46704695751375,320.920864741074,36.666193987621284,111.1380101751696
29.249721040832192,321.0320876096911,36.36359802381067,110.91556443793553
29.24808958856137,319.9961303904699,36.36686092835231,110.7436384281859
33.71460530795238,320.5892433108528,36.399652323867144,109.55741258742012
34.84005530226675,318.12789239274815,36.37393582962427,107.80456394047188
36.02071979311999,320.96801304312265,36.212368198631495,106.52384534115023
40.65071010712955,320.5098762019191,35.66666024590734,107.44011902355733
40.50146829516111,321.0899657344879,35.96514386984421,106.27993995841979
42.86900495872854,321.6472812156695,35.57123144246102,105.16530899605651
45.348119181941364,320.2207735661917,34.90802444908206,103.72330284196535
47.598163080468815,322.19498948523574,34.63765496159196,101.88973015865975
54.66776015934458,323.7296036106503,35.085098313691,100.90430726638073
56.878097600864166,321.9987948036951,34.8202422782421,100.21010603270082
59.059755229830714,321.1509800836201,34.58330031380473,99.84254882610298
60.05025798481407,319.78083638223046,34.655926059978924,98.47557371660052
66.04521266076995,320.3930185967282,34.87868709613674,97.25120928760495
66.08256058572812,319.8951864014543,34.80399124622038,96.22487753993343
70.21275238459444,319.7566332136897,34.567487473941185,96.50198391546259
70.20797716839778,319.73294558006984,34.57703790633452,96.5493591827023
73.20246342618776,319.07555853194884,34.60756186817508,95.85763445313755
74.4171385324752,318.5511279424628,34.175374663199825,94.9093326245099
75.35073771220164,320.0922433842423,34.28395550489928,93.8028809421033
76.49622601019041,320.4001959272346,33.95489620752657,93.18697585611868
83.29373412857194,319.8025789580036,33.9899749494072,92.43505336906017
84.07646820837793,319.39360972411953,34.3615358523165,91.31596277430691
88.69789616802575,319.71413585216965,34.75715771961496,90.67491051820676
89.4484817288651,318.7979061927468,35.18159835767446,90.5817580773142
92.26761520379034,317.97663199062856,35.33899526374064,90.29241852957844
98.89088240567813,318.20849185400175,35.6063075948897,89.82869880283206
99.91215791922363,317.3445328874025,35.49241946405747,89.62795383977175
105.45505961935592,316.991612965939,35.94905275016113,90.3337936826988
106.12532221349568,315.3496253991476,36.55058182257282,91.67571455559045
108.9001614919911,313.95686899681476,36.91723125364942,92.48911803090024
111.85847923084228,311.17607620394347,36.971685762030525,94.0699769592539
113.73056636395413,309.39731933009386,37.255667550032555,95.61341267984024
113.68368597313227,306.9392893798141,37.349428331676265,96.4467777685443
115.56612584694675,305.56248778557267,37.69454955347536,97.1453804723132
116.57824806671582,306.3371591610396,37.7415278852485,97.66726049269056
121.84032422596988,305.3110616533893,37.61518154821494,97.63989431169638
121.86874229117232,305.2675421439846,37.558345417810045,97.72693333050577
122.9339321964917,304.982125807387,37.50509704762784,98.29776600370093
124.04876826566942,303.92685374351515,37.35979336136198,98.32394167935507
124.17806650085961,301.123658443228,37.101196890981605,97.68393415880956
131.9519791674817,298.79311316724585,36.031489954213704,98.20841945463778
132.5281468266673,296.63686651726493,34.879154635842575,98.4078283174165
134.99194989325258,293.3651561203248,34.02860974833233,96.7971266199761
137.7516405999537,288.1999194118225,32.5094021322262,95.12707864509233
138.66921903387774,289.23862394635535,32.622858336925944,94.9982826485745
143.5529297516152,289.3155563291999,32.5996649246914,94.84441788288524
144.37121971276986,287.87146180937566,32.909314375556534,93.84014817618487
147.19588814863843,286.24429151653004,33.07259196442845,93.21941245480343
151.01933480491064,287.41529882841695,33.15225756081535,92.80903755826249
154.17578087302485,286.9838077524717,32.62103026923407,93.67201971015301
157.2977267294498,282.27587671515187,32.166830273312954,93.43839558991134
159.21998871080544,280.4416888855216,32.158899337139246,93.27017822263429
159.2108401424145,277.4303568565933,32.177196473921136,93.54558189511633
160.96361282250004,276.7398860266313,32.511678357351244,94.92652355504022
160.59501827398287,278.1808581329641,33.24886745438556,95.93617151444629
162.36601320688013,277.83421198672534,33.65412094745467,96.6294638069238
164.05759630726783,276.25113004669765,34.25272721649387,97.80474145207191
167.9828157619042,276.0103088844074,34.47645880720236,98.2863837766524
167.86080898701263,275.9618435744772,34.72047235698544,98.38331439651282
168.8017639276963,275.75579086367026,34.8738625022776,98.7954198181267
174.8867399638171,276.2318277808444,34.96772960708771,97.84334598377833
175.15305902223946,273.3477952932332,34.435091490242996,97.5151932926716
176.33166065037503,269.74659584298024,34.09561012947103,96.64670461118104
179.63881431687406,266.0855971190288,33.478771356982016,93.9729211249021
179.6909832675738,266.9069961169916,33.37443345558252,92.33012312897657
180.77007087877843,267.9092674827026,33.140658159042744,92.24998032342401
183.65125659223216,264.95701083957067,33.1353502442934,92.39743009752982
184.64311969959897,264.75746096231063,33.0726567006017,92.79652985204982
185.5681145040233,263.5291011018434,33.14826673835064,93.3276499263867
187.41556540295377,263.5296675756707,33.32248263738881,93.32651697873206
193.04184691027555,265.937279414129,33.69613284553456,92.38669770941193
193.10823399698094,266.80752517127837,33.5633586721238,92.57723432244704
194.92541900392342,267.7918352320464,33.7916941017876,92.53996692268525
201.56808274352102,262.18157928851025,34.051006601681266,92.1507873991101
202.48441545808402,263.1798351939858,34.15240183784938,92.08833625345295
209.14683330903293,263.1269476722715,34.372534543986504,92.19411129688154
212.09060669499218,260.1575131993207,34.3064269023823,92.31154111246894
214.12313333609904,259.85831236179945,34.12331436578305,92.90994278751143
216.14701122259015,257.57691609679307,33.9680287536759,93.58026515664915
220.16719728857302,253.52248703282052,33.73973747401063,93.87704243229375
223.04127161841936,253.23239898418916,33.85098392778419,94.4572185295565
224.78166891954928,246.28610438703168,34.29706964115191,94.60572661917503
228.60812699349867,245.07498721758571,34.53871499856848,95.05432058173812
228.68189314231995,242.79178548817254,34.391182700925924,95.65186763312704
233.21332862751547,247.6950239911389,35.27982698405262,95.79690588071205
232.97496368216434,246.68057737106037,35.75655687475487,95.8173520395199
239.0346565545602,245.0039098317832,35.74120355800203,95.13600964206131
238.9073546959638,245.19609246039704,35.99580727519488,94.75164438483367
242.73221388432344,245.65460631707055,36.37155126493523,93.83461667148661
247.11644215081708,241.29272532908584,35.602882737622835,92.55864364036259
252.23279278024063,240.06619580605312,35.20935797194272,93.04386738779458
253.48602554534546,237.80382521092636,34.67062030105413,93.63315285940594
257.4323383581539,230.80477978425893,34.64387094617156,93.86596023895564
258.55957000868847,226.9322875040384,34.35872796376507,93.73366352474613
264.3084380849559,227.0817444467677,34.634658091691875,93.43474963928759
264.2115665434903,223.60939638845895,34.82840117462317,92.5275308181829
266.27249391938847,222.7205293618684,34.613484951073815,92.35179560724056
266.19774194405255,222.7855675335863,34.762988901745686,92.22171926380473
267.32557051943996,221.6834975770625,34.45523909742339,92.47795183039979
270.5676176851713,220.78597879816076,33.80925642626794,92.32695216810085
271.5731673586179,223.52794046383607,33.730374633380066,92.63968149876662
278.35151031811426,221.60782219382634,33.72055612246034,92.60938449362233
279.51469674462277,219.5195512316181,33.32883905727242,92.91661484238092
280.52276326385197,221.58908427276594,33.24466531078374,92.64146734402462
287.25386187359385,219.3437365616433,33.267977845571295,91.35265858586789
290.1126473510836,219.68578154894854,33.27588544672888,90.6685686112574
295.6571234492224,218.31157622161018,33.58001004365268,89.61928700153368
300.2341874678953,214.78445708854923,33.87239309321911,91.00561861550821
299.9883395853545,214.77272769431562,34.36408885830073,91.0290774039754
300.69810794283023,211.722011914728,34.86818021219524,91.35962475661245
307.3407871961473,205.100850615799,35.14485104736617,91.03991801266537
307.4391363618979,205.83294534095234,34.948152715864886,91.51353847984991
307.42451567399155,205.21028748263961,34.977394091677645,92.75885419647534
308.3905763302286,206.19306866345917,35.00474021712662,92.7527592727593
309.3746486998409,205.0500959117766,34.996467592128226,93.07883266189815
316.21857602760036,202.19524342685014,35.059401598221385,92.89534249106018
315.10714704104663,203.7574375112075,35.31935935711333,93.69675475077653
316.2163297864823,204.64837929187897,35.08006331543904,93.89394063863068
318.24477592171485,204.32586184010793,34.9783449647988,94.53897554217275
319.4130217277166,200.26389771942826,34.62684691079148,94.72292955154708
326.43674817117653,196.87151630637794,34.448354772336344,95.56385205687721
327.34308350326876,196.4922216505031,34.62576415820558,96.32244136862688
331.2579149112588,193.8501296107717,34.81265376038226,95.59421113447205
331.57904619698553,190.5614999596989,34.170391188928875,94.18304779329488
332.56226446257705,191.6526260346712,34.169257602283054,93.96609858788753
334.66019942139206,192.50720147962954,33.89774581401976,94.21912676265421
335.8435630222606,192.49975121374288,33.49190249609341,94.2340272944275
337.1101593208906,192.27404764204476,32.91245055157767,94.68543443782374
341.8055195308504,191.63993869010505,33.27001758368542,94.00399485129773
342.6826460087107,191.7976957953569,33.462193305655724,93.688480640794
343.51478363498467,192.41949045526206,33.74332538838909,92.44489132098366
349.307619184857,191.34855997719393,33.75393745620018,92.6540384158607
349.2771335647217,192.37203047539822,33.81490869647085,92.54299562863663
356.0708250360687,192.27832191145836,33.77540608309667,92.73041275651633
356.0563663889711,191.51889980530655,33.80432337729175,92.31187789950764
362.74163352412177,191.27820095058723,33.95717790514341,92.79327560894623
363.54131138383923,190.97628948376052,34.299386244540926,93.39709854259965
364.6759468043541,188.66689831700177,33.98650377806153,94.10310412701662
371.6372473098152,185.83169094646018,33.789727170516926,95.85185475284908
372.56955103620714,185.5589231474534,33.90737173093778,96.39739035086265
375.41309017060354,186.15953669836165,34.19682648078291,97.18834092192546
379.2637654100368,190.81904751328804,34.53038760927541,99.92168670311128
379.2286511437085,187.12608988968876,34.60061614193206,99.09241559966601
386.4342010351108,186.8171625910646,34.49222679242276,99.71027019691434
386.4354677845489,186.22861797147624,34.489693293546615,98.83727286295442
388.6243361779397,185.34872239387016,34.18712925797561,98.55947764256123
395.83084008040106,185.07842160069112,33.97095114536152,99.10007922891933
395.78591642971503,184.41699147068744,34.060798446733564,100.42293948892669
396.8083742987713,184.04693258963027,34.06826223539533,101.16305725104104
400.26143189744806,181.71419798083306,33.351318500464814,101.70241216035346
402.55616655998625,179.89523743171617,32.877065293282136,101.2251171406935
403.7211841448622,177.29695750338539,32.5891515938104,100.2953125865147
407.0165838879814,176.12087172820475,32.069218205442404,100.62386210425248
408.1623605709736,175.98196295514657,31.796395332499365,100.90167965036878
411.4335888381682,174.84001276410896,31.306881614442794,101.16793242699984
411.4685774563911,174.80649355121213,31.236904377997014,101.23497085279354
415.6196194226898,174.77014080523057,30.983002069350764,101.30767634475667
415.3964173384818,174.76835697779086,31.429406237766766,101.31124399963605
420.48444603994994,174.68255474511523,31.33676692159584,101.48284846498734
420.478223827801,174.61689443869614,31.349211345893803,101.61416907782552
421.4114754023135,173.49827676358188,31.50220332768869,101.83190929723415
423.22697086831704,170.7110744369341,31.922029618495138,101.33008811630938
424.253532986131,170.43463923441612,31.894946844410835,101.88295852134536
428.247220937101,168.27300059289885,32.04110769261365,102.13946742930847
428.0860531265954,166.531263691876,32.36344331362483,101.54350411817597
429.013410141268,165.97005060108583,32.54593059771483,102.66593029975631
430.7826036811242,165.10923742623893,33.12052944324056,104.38755664945012
431.7056440901997,165.09621539404486,33.36595834493802,104.41360071383824
434.8049998463163,165.51725564995752,33.456439359489664,103.57152020201298
434.902940369382,165.72325775480283,33.26055831335827,103.15951599232231
435.78001528560117,164.84519189077858,33.58305802630451,102.83899817498626
436.9895632519875,165.8745299529819,33.241979213474856,102.85833917052273
439.2984246976408,163.446968345142,32.76831569904715,101.49737332088415
440.6676978676972,162.72274833775538,32.07376159201486,100.90182110257696
441.74929281610775,156.90828849945945,31.933331409064355,100.394182495945
443.1145101268899,157.26134314979427,31.21586539930891,99.68807319527535
446.29304842609685,153.44341637905902,30.827969427881605,99.36501923409708
447.12015729575916,153.64833366305083,31.15173720020357,98.95518466611341
449.0711761725884,154.09335238426377,31.20599666440844,98.06514722368755
449.17036303671637,154.049001481071,31.007622936152544,98.15384903007313
450.10791317413816,153.412813227133,31.09664578166627,97.46210241759178
452.01797063303025,153.82111255935334,31.188420281983532,96.6455037531511
455.06453834925935,153.1585286648261,30.933392405511608,96.02463569021019
456.05879606633096,153.54708657864384,30.87740642133473,95.24751986257468
457.9966505701576,153.4673988529244,30.842618619086604,95.40689531401358
460.90078102910667,152.2940648884042,30.80061571587875,95.83147723815723
460.8321128506427,149.74199705919585,30.937952072806603,97.08092276949722
462.74885037825914,145.74409384434665,30.999702125949334,97.2862789824446
463.5168504638425,145.9726673900276,31.41536632974612,96.82913189108274
465.2755681366811,145.58197028630974,31.80355850873063,97.61052609851845
466.9937432930267,146.06524854702639,32.3092982762695,98.61501461720016
467.70240896979743,145.87717029139327,32.88656957862591,98.99117112846642
468.4838413324459,146.10801460283977,33.3342347569909,98.52948250557344
469.4574799565636,146.23570914238388,33.399099635879885,98.27409342648522
471.3963373013988,144.96101422417087,33.54076123720867,98.81379511741164
471.3174128823775,144.94038079489522,33.69861007525129,98.85506197596295
473.44814765238516,143.67695448512106,33.484002880440286,99.3584834229091
474.52627503446513,138.53202335034987,33.35443254627949,99.51492354245562
475.5201477498478,136.36839753142664,33.393230742918405,99.78908792549346
476.6377011821256,135.61271958393922,33.18927977634,99.26928792249097
477.84515906558545,135.907608042857,32.79439085883606,98.67951100465547
481.17076331848875,135.99559631872057,32.156406283723186,98.50353445292832
481.3223481349801,135.70419938013936,31.853236650740556,99.08632833009074
482.490122439657,135.2786790168802,31.51061356163385,99.93736905660904
484.01233009863927,135.52908052191248,30.46489686655768,99.43656604654453
487.1425636092555,136.16526779880638,30.121291495436807,100.13647870946056
488.0737712155131,135.3268776986232,30.234708631527987,99.83742656122058
489.96888168906685,132.61230016473894,30.39189137870482,99.34547608756255
492.9590913076708,127.47700956260371,30.32041010310631,97.79818136861432
494.14302190270644,126.73644892782248,29.89894833864806,97.3329032125637
495.2682742727995,126.26992101940615,29.58045876838642,96.33394385947189
497.15337658633456,126.77718760828647,29.634196564062762,95.31941068171128
498.2408249529647,125.95483119404213,29.35788600381026,95.06553733719225
500.1655424454199,125.27789155107197,29.28821668265391,94.52953379125552
501.2483804234474,128.0437830365512,29.00353929447479,94.64074652392475
501.3005126186064,127.1060106889213,28.899274904156705,94.6389799718601
503.38787650091524,127.94060332532375,28.47526055997244,94.84515140927189
508.066571165336,126.68141601094648,28.469962550021876,95.49310777424827
508.11576277504446,124.77802153266505,28.371579330604888,95.54092146797277
509.2897770932961,123.49131220741177,27.901887386947784,96.23600342563321
509.3614902331632,118.78932757168326,27.758461107213634,96.24286086855717
510.48172829103083,118.66375316465825,27.394830575341892,96.49400968260719
512.4022859417718,114.54567101964113,27.30092230316039,95.36215639939012
512.3615394689539,114.65164639452989,27.38241524879622,95.15020564961262
513.2695753450107,112.81325136726895,27.42074524266987,95.11819221215957
514.2596911211233,117.43245708262145,27.295178228061054,97.00776800715323
515.1858915414228,115.3141555333298,27.321766431132268,97.48639301839603
516.1022459958274,114.25170805811308,27.375294911850766,97.72505057930205
516.077623180503,114.91152911029458,27.424540542499372,98.29601356400431
518.9670645556621,116.09405280224712,27.344393594005965,99.73012338131576
522.0470703853257,113.6818506340887,26.939249718331098,100.71794919519778
521.9884143136719,112.1386998523064,27.056561861638457,99.95508440070452
527.7962922895549,110.51663459786829,26.937114255979598,99.367112127545
527.575671793704,109.93105445830923,27.378355247681284,98.63274553391585
528.3968522158638,108.28309457433056,27.639455295253423,98.12174351809047
528.4650208840285,107.55345271691061,27.50311795892395,97.67988426905735
530.322820199417,106.92498785083527,27.572238782381532,97.04445427409077
530.163857986273,105.72249767933528,27.89016320866955,97.56474832759301
530.9378178181287,104.98101765447812,28.24021116263107,97.14974075963434
531.7268000671103,105.88106615363407,28.560881305037796,97.24827840169233
532.5408615499631,103.47769110286885,28.838755221441236,96.33703785689538
538.1967717091327,104.50191021150123,28.916573746020696,96.18687278011706
538.1662595537325,103.7154657973358,28.977598056821005,95.86216961699338
539.1877414998195,103.68136825105458,28.828761745322012,95.93036470955582
541.1577207697587,101.5161116053616,28.673469443602507,94.58387864370354
542.0581833677626,101.46291210888373,28.74293897248028,92.81988291177386
545.8200903531581,99.25185708740418,28.605890142841556,91.70191909886866
545.8406570209581,100.3393632506066,28.56475680724146,91.355218080395
545.8870737611568,99.73295404279192,28.47192332684419,90.7454006761624
548.642569821737,97.23605398310534,28.39775439068064,90.30237761053887
548.7890374778913,97.72890316881191,28.10481907837201,89.31667923912575
551.6630576932473,97.05742077279,27.71249333214459,88.87440580300805
551.7710044715233,96.45752747930152,27.49659977559258,88.30246464590965
551.8777849131527,96.52624548671079,27.283038892333607,88.16502863109109
554.8955139187426,97.29374237064376,26.508800445728895,88.38377471808346
555.0202788100011,96.01017430802617,26.259270663211986,87.46590659622792
558.5435661229993,97.41626655314101,26.112232790058684,86.37860629420904
558.6684434046989,96.47895648834862,25.862478226659547,86.54645800079066
559.6230279526839,95.00706132209726,25.657820407830407,86.08122577901162
561.5068208050767,93.48284888939241,25.278494947549135,85.74139039991688
562.4670905540728,92.67358659654198,25.040231092493258,85.67763934268145
565.7922348974573,89.94971935354485,25.097708569456533,84.41760766494355
565.7278023366754,91.05807041635242,25.22657369102044,83.86110152156135
565.6214022903291,91.44364849911074,25.439373783712963,83.08994535604472
565.587865269162,90.99814205118818,25.506447826047136,82.3332207117686
565.5479232601348,90.75818049279215,25.58633184410147,81.17488877641051
565.4852109035636,92.13016613963518,25.711756557243927,80.05422074331166
565.4876824710412,92.33070707941772,25.706813422288704,79.65313886374656
565.7846001917605,92.10254554601906,25.112977980850033,80.10946193054389
565.733087717697,92.25949824695805,25.216002928977208,79.79555652866591
566.5249618881826,91.93409822875294,25.229162110158693,78.84944904292317
566.4371069874919,92.30431912311174,25.404871911540102,78.10900725420558
567.0786352349032,92.67130014527925,25.698246992841455,77.37504520987055
567.7755216104747,93.39256523530531,25.8758469381916,77.50388772631153
567.8383758196474,94.06360088979676,25.75013851984625,77.73827270636666
567.9140137054127,93.66176704314228,25.598862748315618,78.54194039967565
568.6762467746414,93.19982139574967,25.660541947088213,79.46583169446086
568.559965689035,92.99297665964616,25.89310411830091,79.87952116666786
568.5247214197398,93.0114480871747,25.963592656891592,79.84257831161081
568.462683345982,92.75612389364477,26.087668804407095,80.35322669867065
567.5148429729358,92.88278015419462,26.362489458814792,80.09991417757097
567.4514622256926,92.74156637700749,26.489250953301152,80.38234173194522
567.4174202561782,92.71222155837383,26.5573348923298,80.44103136921254
567.3628047568228,92.06067925407005,26.66656589104059,80.11339327203754
566.6747858130025,91.23664417163334,26.414542240105895,80.1334018983356
565.9459367973535,92.1158967652801,26.248509364051372,79.99862761839437
564.9369707679235,91.97010632202355,26.647670531561992,80.29020850490747
563.4053706854356,92.32454959478544,26.450407519628445,81.21155354783835
563.3406372180453,92.87394645477127,26.57987445440901,81.75247721014925
561.7341268695933,92.93269628159021,26.49333199650787,81.63497755651137
561.7132756874892,93.40286144448541,26.535034360716118,82.34117008949515
560.9538242775919,92.33370864088263,26.39661516145568,82.82215367764586
560.0294205945573,92.88157213466481,26.583816454168794,83.38803276343768
559.907495858264,93.06344273307835,26.82766592675526,83.02429156661061
559.7745680333711,92.70304320909587,27.093521576541292,83.74509061457556
559.6945225181732,92.05477589890725,27.253612606936915,83.35409687350368
559.6654920119662,91.8334307084305,27.311673619351033,83.7967872544572
559.6770626188379,92.25735115471363,27.28853240560752,84.64121491237569
559.6635834845359,91.5416909542643,27.31549067421161,84.36869321926198
559.641439831251,91.2004472969678,27.35977798078151,85.05118053385499
559.6211266395038,91.24449247922368,27.400404364275865,84.96309016934322
559.5645708884826,91.2909483737622,27.51351586631806,84.87017838026618
559.6149823647706,91.49534517884584,27.412692913742195,84.46138477009889
559.6673550017595,91.34174344614286,27.307947639764492,84.76858823550486
559.7069881954282,92.20552662944434,27.228681252427187,84.74703008432611
559.7841686983128,92.14218865608467,27.07432024665794,84.87370603104546
559.8843853159697,90.99674448669354,26.87388701134416,85.46139046257431
559.8617377152618,91.79940856773622,26.919182212759683,85.56391367602131
559.8192684309619,91.91427132784418,27.0041207813596,85.3341881558054
559.849687537781,92.0076184099575,26.943282567721283,85.14749399157876
561.6709630261755,91.36464794276743,26.710085430463224,84.72875800619349
561.6157372487885,91.16908321615455,26.82053698523727,85.11988745941926
561.6472463829951,90.94419712337586,26.757518716823995,85.56965964497662
561.5437372965348,91.86354808171996,26.964536889744636,85.4381981852684
561.5323994350252,91.37171253812238,26.987212612763926,84.71267580067136
562.4612125226809,91.14299466794546,26.828901037188178,85.17011154102524
563.1304961215716,91.23610826639334,27.193223660383083,84.98388434412945
562.9405401770433,91.37002967012295,27.57313554943981,84.71604153667025
562.8735407312814,91.65760122005986,27.707134440963518,84.14089843679643
562.8649169122776,91.15127530127154,27.724382078971082,83.4491366692793
562.9977359307798,91.48932729902428,27.45874404196684,82.77303267377383
563.0946289845233,91.44651232631414,27.264957934479835,82.85866261919412
562.3158838585051,93.02682225398897,27.14437392141748,83.0541912940414
562.4063049850151,92.13086513866483,26.963531668397465,83.16746236548477
562.4691857246214,92.29671950241458,26.837770189185047,82.83575363798528
560.7321290292457,92.55906642390889,26.97206234316817,82.31105979499664
560.1526814450402,92.81826882288058,26.466039780643648,83.45757272798879
559.9987509169134,92.71012687916782,26.773900836897194,83.67385661541434
559.2270425963521,92.42482548445184,26.63667667510404,84.24445940484627
559.1205635712304,91.83353479478697,26.849634725347727,83.74082718340458
558.12328027994,91.59444493352764,27.161216445154086,84.21900690592324
557.857235862258,91.84028254978901,27.693305280518217,85.42283646830943
557.5051073511281,91.81095937378507,28.39756230277795,85.48148282031728
557.3059815301692,91.58381386663285,28.79581394469563,85.93577383462171
557.099546949717,91.69301698965373,29.20868310560022,85.71736758857996
556.9273149819069,90.17381668249539,29.553147041220406,85.24714505708094
556.709965516902,90.87260584694502,29.987845971230207,85.60345149544156
556.5342594601042,91.1455603339155,30.339258084825808,85.05754252150061
556.3730165769883,90.62036273518297,30.661743851057558,84.34247880762022
556.4881095996067,90.50080634483732,30.431557805820866,84.58159158831153
556.5397227035437,91.27697402600586,30.328331597946814,84.78958524635749
556.6229295649064,91.54930331469903,30.161917875221484,84.24492666897115
556.8954736031568,91.56628438536342,29.616829798720573,84.21096452764237
557.0975920947153,90.98487941075804,29.212592815603667,85.37377447685313
556.992369879296,91.15943907942722,29.423037246442068,85.02465513951476
557.0381001116779,91.15708630003932,29.331576781678354,85.02936069829056
557.1421192955347,90.80968257738684,29.12353841396486,85.72416814359553
557.1776500612169,89.97739287195579,29.052476882600356,85.63589275748765
557.2022839044745,90.53551699251412,29.003209196085216,86.26994462563415
557.381610679148,90.62411590753075,28.644555646738027,86.09274679560087
557.4007171908067,90.38949011480761,28.60634262342062,86.56199838104716
558.1881912773124,90.38996132884284,28.786719537991956,86.56105595297669
558.1607249350142,89.7302897632791,28.841652222588504,86.1217845414259
558.0746073157816,90.4878032929154,29.01388746105354,86.36012511973952
558.0195108906885,90.21393917466848,29.12408031123972,86.90785335623335
557.9070432157109,90.7096358318693,29.349015661194947,85.9164600418317
558.0376636689323,90.91944060409645,29.08777475475223,85.49685049737741
558.0813411875948,91.1299893082552,29.000419717427214,85.07575308905992
558.2028793123673,91.15138251206207,28.757343467882176,85.03296668144618
558.1119326027336,90.49084800520443,28.939236887149463,84.6177126855757
558.2762129508617,90.10296953539279,28.61067619089329,85.39346962519896
558.4886452190283,90.52327563937507,28.185811654560197,86.29163364288873
558.4212166671682,89.92057852918904,28.32066875828027,85.75325680175793
558.508154874548,90.21040191580512,28.146792343520687,86.9121980513361
558.3999815293439,90.0766382105653,28.363139033928917,87.17972546181572
558.125795329481,90.31234241798487,28.911511433654866,86.70831704697662
558.1162255717267,90.09200065706594,28.93065094916356,87.14900056881449
558.9195005451658,90.08826221854572,29.09371602816067,87.1564774458549
558.8659973174189,90.03302152323963,29.200722483654502,87.26695883646711
558.8928439833369,89.62912968770266,29.147029151818593,88.07474250754105
558.8710759391704,89.70895977309128,29.190565240151496,87.91508233676379
558.8726184693461,90.95519090397596,29.18748017980013,87.2078933902895
558.9706367640991,90.64633516629577,28.99144359029397,87.82560486564986
559.0694165469995,90.69783434835335,28.7938840244934,87.72260650153468
559.2346140429096,90.14401917276263,28.463489032673138,88.83023685271615
559.1960079563106,90.19560297998035,28.54070120587115,88.7270692382807
559.1290779592703,90.59663002949452,28.674561199951853,87.92501513925237
559.1545963901034,90.32416805920047,28.623524338285502,88.46993907984047
559.2088482866723,90.57924191265823,28.515020545147777,87.95979137292495
558.5232055063825,91.49831182018954,28.112783968370934,87.89517369521866
557.902787442801,91.4698589493587,27.58840957430906,87.95207943688037
557.8380157992297,91.70989259861051,27.71795286145164,87.47201213837674
557.8210701029535,92.04105675622267,27.75184425400392,86.8096838231524
557.9332747391434,91.9741312435296,27.527434981624214,86.94353484853855
558.0360092742335,91.09645636802577,27.32196591144414,86.95795879182445
557.2989477928911,91.9448795090965,27.05874563521904,86.99845574859279
557.4034403560665,92.81108587433286,26.849760508868172,86.99910318582668
557.5146391469458,92.20395428923018,26.627362927109722,86.48415806851442
557.4657621580818,92.17217170314208,26.72511690483777,86.54772324069064
558.3358896684757,92.73930226220153,26.70536947895762,87.1339697174796
558.279777713037,92.69073168415886,26.81759338983504,87.23111087356493
558.3652978246289,92.86250969528203,26.646553166651344,86.88755485131861
558.2406033762829,92.1912564904856,26.89594206334313,86.50619127644589
558.228877253601,92.26433370057632,26.91939430870712,86.36003685626444
558.2571883446935,92.35182958515169,26.862772126522106,86.1850450871137
558.2865130457546,92.97731741695412,26.804122724399896,86.65197871691522
558.3501411847161,92.40057607275585,26.676866446476843,86.08201612871132
558.3433667525353,93.0244887474764,26.690415310838567,86.54720621568696
558.3630887390248,93.06147378511749,26.650971337859538,86.4732361404048
558.2798113247311,93.17647110829884,26.81752616644682,86.24324149404208
558.3326230074761,93.09268602957066,26.71190280095695,86.41081165149845
558.2941425843287,93.04302516638161,26.788863647251624,86.51013337787654
558.2576226559937,93.02870922553106,26.861903503921624,86.53876525957764
559.2021068224178,91.2804387055505,26.695843208977898,86.58949022372963
559.2133837192446,92.18293490626536,26.673289415324387,86.50505617492009
559.1419902614614,92.62099899434233,26.81607633089091,85.62892799876613
559.3660991819323,92.43856556388111,26.367858489948958,85.99379485968856
559.2864145378037,91.60762200114601,26.527227778206306,85.94962947044668
559.1427705404373,92.50304428194494,26.814515772939004,85.86715877055609
559.1788916601033,92.68242385677725,26.74227353360694,85.50839962089148
559.1202458186634,92.56105627974739,26.85956521648687,85.7511347749512
558.9564884764852,92.7010669433024,27.187079900843088,85.47111344784119
559.017027881633,93.69487270561913,27.06600109054755,85.19726196998022
559.1157266585111,93.25540808074622,26.868603536791497,86.07619121972604
559.1605551713775,92.58635493256295,26.77894651105862,85.6978240611121
559.066739477843,92.5580550905992,26.96657789812744,85.7544237450396
559.1848828803263,92.23564033544592,26.73029109316102,86.39925325534617
559.1791025608221,93.16559416083176,26.741851732169376,86.25784462906424
559.0752739298052,92.5030121786609,26.94950899420313,85.86630030007223
558.9331760198802,92.536528772776,27.23370481405317,85.79926711184201
558.8706504823347,91.88803919355112,27.358755889144355,85.37697001659456
559.0880381018327,91.64871888861668,26.923980650148238,85.85561062646343
559.0631603603422,91.45965242333327,26.973736133129158,86.23374355703028
558.1321577037126,90.92885947606108,27.115093599489224,85.5746816046753
558.0392831375311,91.13688711700249,27.300842731852022,85.1586263227925
558.0563529212595,91.56130097705315,27.266703164395178,84.30979860269116
558.0947840065108,92.34184670066585,27.18984099389258,84.4474400252347
558.3261608810487,92.13900105374437,26.72708724481684,84.85313131907768
558.2448028900845,92.696967212257,26.889803226745208,85.43371492172184
557.3236503496397,93.01168429212497,27.02435606720227,84.8042807619859
557.0773049985846,93.70651985419057,27.517046769312422,83.41460963785468
557.1530245486351,92.68104669003299,27.365607669211364,83.77495523783783
557.0935290084449,93.51987231928778,27.484598749591854,83.79025187130517
557.1810210819289,92.33489499383947,27.309614602623835,84.46485864897092
557.1959823155503,91.76696125713615,27.279692135381076,85.60072612237755
557.225242978295,92.61843038987072,27.22117080989154,85.6150926815688
557.249502382997,92.52070906057666,27.172652000487798,85.81053534015692
557.1575832972205,92.46674508053823,27.356490172040687,85.91846330023378
557.1402043257132,92.54707059821709,27.391248115055404,85.75781226487607
557.1361747183724,91.5615476172796,27.399307329736754,86.00727020577867
556.1715621751441,92.6863081862186,27.60325463530839,85.4830268487859
556.1828962677224,93.49865285625262,27.580586450151777,85.57992150626376
556.1779678547219,89.02918940179858,27.590443276152712,85.90612925151609
555.9489158621789,90.07579337429745,28.048547261238838,85.54027952795238
555.925821772327,92.65996125114398,28.09473544094257,85.5636585061517
555.6961917112083,92.76558222361089,28.55399556318013,85.35241656121786
555.6153177186937,93.29872369743588,28.71574354820897,86.02328893644679
555.3982770332336,93.48794791898061,29.149824919129195,85.64484049335732
556.0385129862575,93.0253911827856,29.62155726235243,84.81774971647644
555.7367176828436,94.27421043253827,30.225147869180006,84.06911428572191
555.4868755376185,94.42879451687986,30.724832159630324,83.75994611703872
556.216566322696,91.66406556671599,31.019330543225397,84.02776415611598
556.1677525833579,91.64298504090854,31.11695802190164,84.06992520773089
556.1257347207961,90.57130265897476,31.20099374702516,84.44789322393531
556.2087781881762,90.27830804067882,31.03490681226514,85.03388246052717
556.1825898271768,89.41021819748113,31.087283534263815,84.99234782435634
556.2972911676734,89.17302247327127,30.85788085327075,85.46673927277604
555.3656923106217,89.5933842201606,30.940374796592653,86.40671954977893
555.3677223957986,90.72547298630496,30.936314626238847,87.73381307413717
554.5221411014799,90.00554338982161,30.812957463758487,89.1736722671039
552.8294709912878,89.88574248359714,30.532651418399254,89.41327407955282
552.870484051923,89.60623273258554,30.45062529712896,89.97229358157601
552.959362221292,89.41528011453647,30.27286895839084,90.35419881767417
552.0589556656947,89.50625794319528,30.23389353377723,90.17224316035654
552.0333263290374,91.42276259386836,30.285152207091947,90.01220505485917
551.9251589654197,91.08417688264794,30.50148693432746,90.6893764773
550.9657826397903,90.72869881109193,30.571499841439213,89.55159287626499
550.8914468897437,91.23613790730997,30.720171341532307,88.5367146838289
550.7708360555202,91.32269349281839,30.961393009979325,88.36360351281206
550.8719630712674,91.07198244839702,30.75913897848499,88.86502560165479
550.9588929181414,90.9215459445358,30.585279284737,89.16589860937725
551.032950277818,89.96233434849623,30.43716456538376,89.25575749187101
550.8894530629328,90.2244861888853,30.724158995153985,88.73145381109288
550.8956251666345,90.66591054463166,30.711814787750725,87.84860509960016
550.7626682535639,90.93271546057824,30.97772861389183,87.314995267707
555.2862303677709,90.73167482242886,30.977055773700044,87.71707654400576
555.2891655348154,90.31266748497816,30.971185439611002,88.55509121890714
555.1137268059638,90.01149537945508,31.322062897314183,89.1574354299533
554.8306682865401,89.0893485852068,31.888179936161634,89.15987726939197
554.8120121671482,90.184888143635,31.925492174945546,88.82095816221081
554.7290289172735,90.60235177609931,32.091458674694984,87.98603089728222
556.598922967737,90.63777068652406,32.02977869293344,87.9151930764327
558.3906066137419,90.61267823652128,32.1202622894292,87.96537797643828
558.549648598323,89.55204694810354,31.802178320266883,88.24736136762584
559.5899502441362,89.3922110905443,31.559133279517678,88.56703308274433
559.8290198014616,89.89423360334808,31.080994164866848,89.40071118217702
560.5840890055334,90.07730492346624,31.41179619137734,89.0345685419407
560.3736609534184,90.27364396094868,31.832652295607527,88.64189046697582
559.3103600245742,90.3564352390608,32.11550376894159,88.47630791075157
559.2518296143342,89.67036527261423,32.23256458942151,88.00194498282721
559.2045816359272,90.0426062209243,32.32706054623554,87.25746308620708
558.3288564957622,90.68296269274005,32.245632017215094,87.80962895192593
558.4391847009078,90.47993090175999,32.024975606923746,88.21569253388604
557.7007708630385,89.4031026277971,31.660665830352535,88.528211629502
556.6770308753732,89.0208035318513,31.869136644150664,89.29280982139359
556.5978148431934,89.24707388040763,32.02756870851019,88.84026912428092
555.803285578966,90.76182510842871,31.76651075645855,89.51099962925176
555.1170495840971,90.50005641256561,31.284012495109714,90.03453702097796
554.9929852207807,90.93171852816229,31.532141221742428,89.17121278978459
554.3137411151109,90.47767508919749,31.044765718427463,90.0792996677142
554.2630466910316,90.4962157160497,31.14615456658622,90.04221841400978
554.3467380582921,91.38729388856568,30.9787718320652,90.11133913481822
554.4951393993153,92.59515054381023,30.681969150018602,89.54483971156566
553.8999912062721,93.1472008261013,30.036537006606856,90.27646767648187
554.1948632034545,90.77020508686273,29.44679301224216,89.52738258727399
554.170294630178,90.49852579399658,29.495930158795062,88.25784004771303
554.1747818050109,91.84559846259276,29.486955809129306,87.35943369508605
554.2584196642272,91.97511109195652,29.319680090696657,87.10040843635855
554.2061426817029,93.38899420042111,29.424234055745217,86.04868115721753
554.5152099058021,94.3714054087734,28.8060996075468,85.84682341064854
555.4242868854346,91.97699539200944,28.73674889096032,85.38923371614035
556.1749464386992,91.92061021526337,28.976450263551328,85.50200406963252
557.2481911430939,92.27313288517144,28.57696572802846,86.54396360308277
561.7269623836119,92.37318542316109,28.39207517825622,86.34385852710345
562.5541517381827,91.67991223841416,28.485992695426766,85.98210867028504
562.6162343657878,92.54235523320031,28.36182744021643,86.00209429387661
564.2291257482689,89.69987039695253,28.621807540498985,84.71553823588314
564.056624939033,90.13759442798613,28.966809158970868,83.84009017381597
564.9794365363921,90.35786091921233,28.84432771916765,83.39955719136357
567.4201865735323,91.48639054409634,29.106714109428054,82.85712676310915
567.1672830634415,93.73311587094146,29.612521129609732,81.78699896689474
566.1901595663633,92.4775081315744,29.86122584622063,82.59267216808323
566.0265982629866,90.99537990709183,30.188348452974065,82.11379839753336
565.3600968027496,90.7441214311221,29.80072422681534,82.61631534947283
565.3786031031152,90.07999015817884,29.76371162608416,82.22376986879414
565.3183013539582,89.51322637939184,29.884315124398114,81.6427727365527
565.3115923219557,89.93896615603376,29.89773318840321,80.79129318326888
565.2559831257497,90.64081300613175,30.008951580815104,81.08404494305043
564.387307731016,91.3743436764405,30.04365774518736,81.3196282275281
564.5322245268042,91.9920413756321,29.753824153610957,81.79087739342125
561.1151149820462,92.42100897619295,29.7554279299879,80.93294219229956
561.1744155366832,92.99113714218709,29.6368268207138,81.4885909837818
558.044306141469,91.98533174276541,29.090191233329783,81.798488188172
557.1672349443363,92.17147735661203,29.148090202025188,83.1224403860485
554.4664853367308,91.62719896797273,29.400987820726392,82.4947966311571
552.844443093121,92.16470244947256,29.221415715953302,83.13161796415378
551.879984826983,92.67121495299057,29.432668333935833,82.11859295711776
551.9368484295319,92.54623838527526,29.318941128838027,82.36854609254837
550.2049752434745,92.26524009159847,29.365614371700076,82.93054267990195
547.5756154458554,89.55822193515809,29.47210033050809,83.1923453563525
546.7201045631133,89.39184058614035,29.460039073941676,83.52510805438799
545.6253092102072,88.66727697930597,29.922013622769118,84.97423526805677
544.5414743081902,91.73949413478769,30.332986367676035,85.85658919360117
544.4326114199,92.59747956717978,30.55071214425646,85.91737736619282
542.7113582988679,93.08363004002317,30.430061531763208,86.7266548477848
541.9787657917934,96.4723541840567,30.104302082002,88.9039288792687
540.22482833074,95.8743237544469,29.980063636786348,90.09998973848829
540.2637723299721,94.60539634930046,29.902175638322156,90.80703054182216
538.5020657361711,94.08738811334376,29.74669737733959,91.84304701373554
537.4930558730634,93.30926852092355,29.913397061910345,91.54796615693134
536.5477367333546,93.08665138860718,29.953848874252866,91.99320042156411
534.7661301599547,94.28159484970311,29.802547349965778,93.31782817045882
532.8684071287897,93.80714673973428,29.851407421753763,94.26672439039649
531.927331450657,95.28277835542022,29.845897389780994,95.09078393550129
529.2011793525676,97.62463685606477,29.600448123059742,96.10482039711223
529.1466703572095,98.8523747702808,29.709466113776095,97.46753353136447
525.4328864049352,98.64057628732711,29.41537084949129,97.89113049727186
525.4676108991272,98.25916714262605,29.345921861107122,98.65394878667396
525.3602862183305,100.21300887918548,29.560571222700545,100.56766305102451
530.8704295110479,107.57418999044442,30.369381580717487,101.61743008644228
526.8927919060719,104.96622222139001,30.319091772301597,100.8291918607752
525.5399340241657,108.63134762138988,31.035503023541104,101.45615911106657
525.3020788341298,108.75361030039628,31.511213403613155,103.22308792324698
524.2160323860375,109.89604935474455,31.638020518233745,105.02878137767834
523.140202376735,109.26135622640518,31.71647962577699,106.29816763435706
515.0518180283227,106.63297589224105,31.15229907462161,107.36969099069032
513.9055098425565,107.24334350313875,31.347642475110902,108.246228739938
510.63849033238216,106.68559877642831,31.54179496362967,107.2484226827489
510.8986234732736,107.46376414489959,31.02152868184676,107.79490242879812
508.8559290727076,111.9220368572753,30.90523598447217,107.28172000105965
504.6269885033431,113.2425313837291,30.997418198303702,104.64073094815207
499.53660261671564,114.99680288149375,30.89909347921617,103.18800725109124
496.9329612383083,119.12821062027838,30.006044150693423,101.02552385885937
497.09052639528767,120.02218979774938,29.690913836734673,99.2375655039174
496.35974248182345,115.1823323022266,29.19735428757073,97.18651623840854
496.45822571850016,116.70296722670001,29.000387814217348,96.06219334891122
496.5864445300748,120.80823187309285,28.743950191068073,95.44118998206014
495.7261478655595,121.10868909224499,28.58070644958964,94.84027554375585
492.8349544722891,121.921593569329,28.74617845348382,95.08677151713667
492.8763568118325,120.7719505508768,28.663373774396923,95.50719589601682
491.959274532895,123.672181186231,28.614261656017298,97.2398413303273
491.7651128159228,117.63656887977041,29.002585089961666,97.86984244581788
489.0140446549548,123.41492019732075,28.735728400284707,97.85112583394329
488.95617453638187,121.98639417340817,28.85146863743062,96.87263534255801
486.65558703909994,122.99273327193399,29.640470896850076,96.76604351307857
485.65652992270026,124.11644366699089,29.719382264060688,96.43782558855352
484.50107756947665,126.87809979697748,30.114274812098415,98.57856196221817
482.3679065759506,130.9625839980771,30.473326553411773,102.13146429723528
482.20754959617057,128.4137689991099,30.79404051297182,105.21850120772322
480.91975539570706,128.68917256587724,31.309423943385625,106.72789904470173
479.5841975905238,124.70688798533754,31.889409931028954,106.32794971488836
478.4929137202858,127.05135182623648,31.975728074328412,105.8315212274434
477.2960574647774,126.73875797007635,32.27861622402223,104.36588457844064
475.2358413899036,128.29100628820882,32.24770763927994,103.33705830942063
474.2457456727992,129.16478145726796,32.167384554009004,101.58950797130234
471.10685300077967,130.8351183861594,32.34243815535801,100.28307802774953
468.16941918962306,133.84867516796075,32.16055668271845,98.29379719411524
467.20009105903233,134.38106386512237,32.11190514383082,97.22901979979204
464.26544781322434,137.2582530617099,32.06736783900783,97.38846520305589
463.4684928234012,137.9423354073703,31.68855155840866,97.99302677198051
458.637518046866,139.32580161298034,31.47865789523493,99.17483164725809
459.874641349373,136.4458482809668,30.991700638067613,98.97287026774498
459.984836699827,133.01747477460896,30.771309937159707,97.92782568230902
460.0582843616267,133.86444052226753,30.62441461356022,96.23389418699192
458.1823207420135,135.4936052232576,30.51670789134205,94.90538176573406
457.3558333608102,137.04406176282632,30.260710378244184,95.62241323760549
456.4089293865179,138.9800582485705,30.240078206344986,95.57930050708491
455.40900797063165,140.19397015741586,30.326472831550852,95.06492489596081
453.49863771566896,141.30842381132408,30.331736561410544,94.74375597817718
451.5421943569764,144.5567931101146,30.43807266989036,93.9568432939542
450.74766291317894,144.06333104051518,30.133082907132103,94.94376743315304
451.04369271762926,145.29253769847057,29.541023298231487,94.38781228632041
448.5433124098597,145.65653652800285,28.890813560523906,93.65981462725587
448.54944357265265,146.26468709456464,28.878551234938044,92.4435134941323
446.9447069332293,147.4419867867434,28.40030528048466,91.9327737264248
446.0744362610313,147.77803358667833,28.313060030193594,91.26068012655492
445.2538006955368,147.60910777839393,28.137682681915777,91.59853174312371
445.22004107684523,147.5782220042753,28.205201919298908,91.66030329136099
443.48242744490335,148.19891102578143,28.039791936708447,92.23924387158587
442.5611670455843,148.99891180492494,28.056854746663973,92.46470030198148
439.78333382660287,149.64946381757127,28.125621951823128,92.9925626876233
438.88439294262935,150.05505454270616,28.085789773681938,94.01909518344172
437.85563888658663,151.29544399448366,28.291795270159923,93.38981889549414
430.1685369487925,152.86559105233016,28.894660133410945,92.09594215634331
429.0614889741484,156.9474246794133,29.269528568936682,91.28918495722698
428.17483839794875,156.79374483293685,29.208147287014604,91.59654465017994
426.2356777131729,154.17333393559574,29.410634462581726,91.3236151538851
424.2273489479917,155.43425613418378,29.751760178755656,90.63953666380326
423.2983562250069,156.4426909984474,29.77543900713346,90.45697355286774
421.15885665128195,156.60365526987192,30.390148924957394,90.13504501001867
419.1903941889912,158.59442688750826,30.649450350991046,89.83112527329384
418.1093756585491,158.88165654300326,30.972271621701655,89.2566659623038
418.12787891903747,160.78044731746255,30.935265100724955,89.13289863463739
415.32377289641516,164.47580607257774,31.040072865263436,89.0800534986817
414.2744265051637,164.57591835806224,31.303144608690783,88.8798289277127
413.4733499193105,164.57627278182315,31.067752946355252,88.87912008019086
411.17099482937004,164.92822552808127,30.172691702731232,90.00847172884295
409.4631683876189,164.4468984477108,29.92227430241883,90.97112588958393
408.5707267169633,164.359490693946,29.865009916286432,91.14594139711355
406.7871051457986,165.29922481526418,29.74508600384199,91.11005668186408
406.96511159438853,164.08876742415896,29.38907310666208,91.69009794094275
402.4467904326865,165.78259674871228,29.212844030339994,91.98758785172657
401.35590385257,168.47981169786843,29.551062896424412,92.12382083586016
399.40592064258317,169.94944265451065,29.74760391086202,91.03627162534373
392.9518334628439,171.97805393859852,29.776682254171185,90.65879077607349
392.8238159586029,173.33976179651722,30.0327172626533,89.77041238651589
389.1918308208717,175.6778989909028,29.988340696189816,90.57539812918913
387.17550384040203,176.2219949441361,30.345535377316814,91.32493586262873
384.2183113195929,175.50717919759884,30.695119218357295,90.8996336221773
381.26762674048825,175.5792095428164,31.030673248583184,90.7555729317422
380.2513048042693,175.54363007050733,31.203973788374483,90.8267318763603
378.24948843308744,177.34009648108406,31.480572805689068,90.96083278025591
376.3647304338402,178.89686024861481,31.50915428462539,91.58823976475261
369.73962653473365,180.18780888969133,31.599819225870814,90.88627717645211
369.61349723692064,184.43603304721125,31.852077821496785,89.8761250959493
363.1171353502996,186.9606574364205,31.81263389666055,90.41209104527863
357.2459347162672,187.19832903425626,32.342981580093095,91.80542344704583
357.15144878588484,187.98081333911443,32.53195344085777,92.13865653565897
349.51398481735765,188.9577954705677,32.55574941559053,92.09108376804267
349.4576130953727,184.575863200836,32.66849285956033,93.23037164291154
349.6812968509311,185.4123836285985,32.22112534844358,93.48178848440983
349.74621339796676,185.698434171392,32.091292254372306,92.90968739882283
344.1089842568402,186.00261959608466,31.90946164344055,92.30131654943752
339.1794030537029,186.5617494816653,32.281652721131955,91.18305677827624
336.38026872385683,193.6609987372438,32.2153188627355,90.20196414265922
331.0429582166331,193.12868894852662,31.652049010986005,91.26658372009359
330.21682047922707,193.9947138100086,31.426374728601974,93.29043351152191
322.57862760232365,205.49781982805396,31.481333036974597,93.11636264358253
322.5712551112507,206.03208152247572,31.49607801912049,92.04783925473902
320.703579790385,204.4762038057434,31.45893250482265,93.27334661018904
320.7748806929818,211.03427259013858,31.31633069962907,93.47841865791658
320.8256973655587,211.15661421509515,31.21469735447517,93.23373540800347
319.82193912657135,195.1036095442839,31.32421196279324,93.07371296546292
318.7175650336711,194.7944426694121,31.635234564455505,91.79432113106819
317.72075494614364,194.0519323669563,31.743684712985704,91.394171709455
317.0253653336835,193.38387628639995,31.253026471448138,92.73028387056769
313.3930235911687,190.04968704550012,30.951572080741073,93.72405894556489
313.57573649098833,188.1181503467426,30.586146281101822,93.78680679828808
313.71583213858924,187.54462739405722,30.305954985900073,93.0394980055365
310.03651765282524,206.69895837500667,30.150220953103737,94.18124181634036
309.7150477934388,190.21995579239635,30.793160671876507,93.0841676814642
307.88172450054407,211.20659849951596,30.683489711191555,92.65037527844493
306.6260515314976,216.97174556035134,31.31485648364753,90.51997698495902
303.9793139911974,211.72275017354835,31.02484405253591,91.71215523904498
299.4264709182353,207.77581837516763,30.766198751126876,93.98741996740654
300.07715403597797,212.1123079677734,31.36534229583254,92.91647990295891
299.07598188762074,213.18264902455337,31.471448621321784,92.67203576062421
303.8080201391216,215.80382803408344,31.480839557985846,91.21906471743043
291.5604058218969,210.44807551638854,31.612054887129645,90.68564053498679
289.0526745288133,211.17622392229228,31.020715373027038,91.0982777566026
301.9024875546579,219.696276477058,31.417725983071954,90.83458192961447
299.89777450553447,219.91460243854985,31.69210727440207,90.39793000663082
298.88574002853215,220.54889922769942,31.849892716226037,89.12933642833167
297.2177077103234,221.53952297943584,31.483898235723373,88.99911848331887
297.34040021156125,223.78159808481104,31.238513233247687,88.200028798477
278.3394676395949,217.57751406714937,30.880437707183617,87.82154994380139
274.9210511242411,223.18652108904928,30.45824079197871,89.30683830534863
274.02055280222777,221.93608509545862,30.430980856943492,89.97945371346806
272.9557196999313,220.88810090947453,30.723305417723626,90.23808044162345
270.94003987095647,223.42277733137894,31.061940770794465,90.70781405513299
269.88509611766375,226.16626625334936,31.312595534468723,90.79853443992558
263.1312651514645,228.75028047425786,31.764600745588886,89.36069363275956
257.60875676166404,228.27129825999157,31.692886548152558,90.31865806129215
257.5586677370984,228.89797855627236,31.793064597283802,90.93046361437216
257.71825100481124,229.85896172039872,31.473898061858108,90.8842165136148
255.0789484760182,229.79927453059258,31.14474418666922,91.00359089322704
254.33288083930492,232.2704194107531,30.771921173562262,91.65617599250686
250.66193642128636,233.12770138972704,30.644017930417885,91.80906005435435
249.83601687932705,235.87749634661287,30.42857169322412,91.9113261039198
249.01119849235909,238.36667451432137,30.21341156174979,92.52736048473336
243.05158480996798,238.6697991300869,30.91496067420697,91.92111125320237
233.7054716056444,239.2303405414259,30.868840737209492,92.67386306508874
227.6576665958405,243.5709542137671,31.66221196981064,93.4111680429119
226.61904348323242,246.96597136499344,31.830752795870232,94.25595533708545
223.42688640751174,246.5890236416056,32.44361893972322,95.00985078386108
219.55984258999507,248.52787835884013,32.39473596931799,95.02362665211132
218.548708835238,248.35943103933494,32.47195616870124,95.36052129112173
218.8049300827375,247.0876914034494,31.959513673702165,95.95274387476547
213.1737170541546,246.2498332491323,31.51998197719787,95.67813389112126
214.17349939795005,246.1992977306677,31.458787821517085,95.77920492805052
213.32548508746183,247.33286738513243,31.216130287483953,95.4507517741306
213.3427459011881,247.2902933979426,31.1816086600314,95.53589974851022
207.39541275840674,247.29624722582633,31.49541524450764,95.52399209274277
207.31030779559865,247.45551040949198,31.66562517012378,95.20546572541151
207.18346278747907,251.08323337194454,31.919315186362937,95.68727518886504
203.05839132032312,253.84332488402111,32.386207081126486,96.00453044437315
202.96019835463417,256.5776537674205,32.58259301250438,96.4124680968321
201.9710804180482,255.74929829293455,32.59256669250241,96.10091685263002
198.12270313044917,256.17129578428506,32.43329518577759,95.25692186992902
196.94252391208767,257.6638884240721,32.84457850918835,94.22081170366707
195.97273564300278,258.810865414126,32.84236127412637,93.86865149679116
195.21980930487877,258.2236024141307,32.41148592930975,95.04317749678168
191.39075202454828,259.0878023514357,32.287074616321014,95.2604090905842
190.34253350705848,259.6209411170057,32.437055570836584,96.14058763990812
189.2257984998505,260.6558669066836,32.70879390644379,96.0324677393611
188.348619304012,260.4818711313008,32.497999841976714,96.38045929012674
184.4108440037997,262.02821909260103,32.50850608629891,97.22028554557743
184.46096483121045,261.46144519357244,32.408264431477406,98.35383334363468
184.2071087526072,268.4288790099903,32.91597658868384,98.36788684615192
182.14509881120597,266.42085954640163,33.035601259675175,96.37733295561247
178.09252788344443,268.1403476061527,33.23663336754505,96.89041170993684
178.05183342497975,268.73621697131387,33.3180222844744,95.69867297961457
177.21599542590528,267.95990086281137,33.01820629774663,95.27981321174286
175.1677985637471,266.1144789297862,33.194478138524055,95.05053519425425
174.0350707100415,265.1184895466507,33.49993707904805,95.08251719363794
173.16827400190184,266.2873572964156,33.267526160848966,94.71078602858671
171.15887026362805,268.3325755658372,33.37338290570193,94.53330022143813
169.3158100898208,270.4683168080002,33.14777519086555,94.17354579956307
168.31443344148659,274.0076108274042,33.20389835681905,94.8814782836148
167.2408202734622,273.9585583616264,33.393369298083805,94.97958321517046
166.16158520094177,276.75014484395365,33.5892404571394,95.28420720847176
161.42032453797526,278.53605430161485,33.219231981196,95.65340021389996
161.65335188939113,278.5813247733611,32.75317727836424,95.56285927040759
156.78239950589028,277.4296733527237,32.69873643274612,93.94762386663444
156.94947944718305,277.86717782909653,32.36457655016058,93.07261491388871
155.34354752669236,279.51397564211203,31.743080646607893,93.61237903239179
154.4625859932758,280.43891813704056,31.59195564042608,93.67554211554966
152.7659208893274,284.42937728081694,31.16291021748576,95.25056290508977
149.07078593205782,285.6345525631157,30.850203934985164,96.6917004390121
148.91026107070448,284.91634786158136,31.171253657691864,98.12810984208076
143.72015076426376,288.1327015146785,31.71761343243064,97.59571903877205
142.4906819933472,289.5032962698165,32.20729399985814,96.82378650290163
138.45313131095313,290.48955517856643,32.413370941007884,96.81852479131132
137.48410457577103,291.5031463581763,32.380473056326025,96.76229378713768
137.34689083494675,290.4112628016439,32.65490053797459,96.9765116018423
134.1624509147319,290.51215896111114,33.09093297951014,96.77471928290781
132.2655227147322,293.69898305340433,32.91938858324163,96.34917229272308
129.91597419217175,294.63555216333896,33.67147138824346,96.4495411929135
128.7430798654506,297.8328874522589,34.02862556112136,98.00940853733104
124.74931845331642,301.5138173717185,33.946599550064946,98.71709753373658
123.63037622193457,301.2372901053137,34.15849794480755,99.27015206654622
120.46188968698156,303.61654074275083,34.38227453815213,98.58711510937965
119.44315990218337,304.84581966885855,34.38767087769571,98.16062048721702
112.39705172754911,305.2601277737159,34.2973634934344,97.33200427750224
111.61915320260817,304.08214037406873,33.84055540395606,95.66276879807614
108.76625040528205,304.8156908105167,33.60493675180183,96.17614267411578
105.5877048159661,304.6297184104833,34.01145847364887,96.54808747418258
104.0458676142108,305.07455583564877,33.10269318128498,95.65841262385158
97.00122660508015,307.36161975155926,33.422982375161276,95.01828274185488
96.65585256599724,309.5841811292478,34.11373045332711,94.50053886685467
94.63021376876327,309.8780689951476,34.22737173698506,93.91276313505502
132.26033144191535,316.71620812392314,33.54087542679469,93.97375259468272
130.68588368963006,316.38049748722153,32.78795057804651,94.64517386808596
81.00490271451916,318.81314285751165,32.86222651890003,95.62033524570393
75.97295531435424,320.29194040474306,33.11574115528045,94.624816184031
73.9001621742477,318.06757960838905,33.35634799354118,93.21606861381058
69.34668994164655,318.5205546674054,32.7796038942025,92.31011849577779
68.31201979614255,324.94941254485497,32.93560903112821,92.84574881945473
65.40342646825773,325.5847505727108,32.98134530464991,93.49888955782566
61.53625299668643,323.6849621872064,32.97979328512178,93.43051684749915
58.60205991812328,323.4379367732149,33.04926869178847,93.92456767548204
56.50888061273379,324.03545662760837,33.353055020298,94.67081410782987
53.91830241737363,321.22680195029926,32.661836187931854,94.41574823936162
50.151883442467025,321.1719012528397,32.42967739862266,94.52554963428082
45.3469816036738,325.2176383565332,32.346553191650315,94.18841773454074
46.233824212555234,325.475304014862,32.505132495466206,95.60535093946197
41.5357327550994,325.3422311776829,32.124562987991176,97.82684709829746
36.47332072929241,325.6419327636058,32.34934365555595,99.20745260326149
37.42801642026072,325.813298716512,32.443711463717044,98.86472069744894
30.453054002244734,324.60451755466164,32.38931139408973,97.28104733381848
32.37313106383819,326.6477635387938,32.503345621859715,99.12583789198942
27.04256951673831,326.5212564124639,33.1373485585228,99.3788521446493
26.046343980120994,326.1055905919518,33.10916338052141,100.21018378567348
24.995077169973477,327.31018974683656,33.17974859277737,101.86488229198207
25.88538219651863,327.41538492182053,33.4559086503183,103.71126205264537
27.910312847590085,328.96322308346623,33.58220190666367,104.79174028784223
24.804512826543256,327.04296454808537,33.47656720587326,106.52651244430928
22.666439431872124,326.288407188215,33.495873545000315,108.03562716404994
20.489012337159643,326.62237650721113,33.55037635508448,109.5178642157281
21.380743824368416,329.3477061439671,33.939100547498086,110.58376644270953
20.492554173537147,329.355765332243,33.52100096207953,110.56764806615783
20.448344708577498,330.8432806526084,33.60941989199883,109.77912780896833
20.213761094601125,331.93776460283385,34.07858711995158,109.76714055086514
17.752193691347337,329.0514163819557,34.630753261843424,108.98338399569795
17.648760270999695,330.73768624126626,34.83762010253871,107.79539438167907
16.434673912209348,330.7440731444458,35.09430729197297,107.78262057532001
15.306452733492229,331.20534456680986,35.174731880358124,106.86007773059191
15.240597062168241,332.5140581625219,35.3064432230061,106.40702769527519
14.969516913278227,330.2485909154332,35.84860352078613,106.61727117737124
14.461033655820899,331.5603920649942,36.865570035700785,106.16692429135466
14.187911584512975,331.95548788935264,37.41181417831663,105.37673264263775
15.248028692108775,331.9184591572094,37.47560890267067,105.45079010692432
15.435650539807156,331.05408784180497,37.10036520727391,104.9932885231913
16.452142949822715,332.2358547365448,37.2402802923212,104.80265463879009
16.36126519299452,332.43290824548745,37.42203580597759,104.40854762090476
17.31570458704122,332.895739279307,37.683537224132486,103.48288555326562
17.389484188812006,333.19478327306797,37.53597802059092,102.88479756574375
17.583323811366107,329.025947610647,37.148298775482715,102.61986204209941
19.806677096710796,329.03029297317283,36.98129265597263,102.61117131704773
22.16292056520141,327.5630921408108,36.5422116665642,103.4088700079853
23.28820975532649,327.7890472586768,36.43177383438281,105.09710032032203
24.34244566446471,327.64233958192165,36.48552970603283,105.39051567383237
26.39733206966095,327.5872210520247,36.710539572622785,105.50075273362626
25.116567742410002,327.1148120041102,37.09900944663902,106.4455708294553
27.001732489697808,326.95816948262484,37.71589161175403,106.75885587242595
22.383041841057718,326.99166622822986,38.11612196083745,106.691862381216
23.541042995832413,327.2784177422517,38.01571122026802,106.1183593531723
25.062865899796694,327.435821641634,37.17764104269464,105.80355155440766
26.32812304797521,327.87069949640295,36.83299904487748,104.93379584486978
27.900733006390098,326.92626044068345,35.854973450204014,104.65547963415244
29.39335108594732,326.63947630694213,35.01516081313658,103.08362437958812
29.653083119172283,326.1352043568371,34.495696746686654,101.98446351431996
30.761716659840868,323.284937613786,34.36099300325767,101.43730698669766
31.831452847201504,324.81963914958754,34.293830553418644,100.4402138399768
32.85396999770352,325.4094065496086,34.30567405295318,101.31755684047323
32.7690512509774,325.5235754628114,34.475511546405436,101.08921901406764
33.801329343399416,326.312468624571,34.48039588556958,101.58087321455656
34.635113239852636,325.7673194658808,34.88936297842788,100.59463664617229
35.46858511849199,329.6452155062597,35.292349155770225,101.11856430389858
36.466740128378085,329.09504869005923,35.38077545700111,102.21889793629947
38.532161629705485,329.0371406531387,35.45401821949995,102.3347140101406
39.31233073825151,329.216273546981,35.99870811910502,101.97644822245609
45.627372843811195,327.1081451358487,36.027530071066394,101.97306965702703
45.53679862541942,325.8755277665846,36.20867850784994,100.21771890200621
49.022552733080204,328.55934191416145,35.50264793987029,101.11556825419444
50.09852416717536,326.5438152406136,35.4392214037842,100.96958893708162
53.43540455083099,323.6493194399367,35.02130061753998,100.50274055736851
59.83315067788918,325.00943664712787,34.65192526917462,99.85352562727792
59.559632955206794,325.78622327476296,35.198960714539396,98.29995237200771
60.58636770454174,326.79061255890923,35.18828019078094,98.3339627786266
63.692117153427546,327.07447304298216,35.10602572521009,97.7662418104808
68.57944111905282,326.6913403773078,35.498761054861326,98.5325071418294
68.25383836905216,326.69407512369645,36.14996655486262,98.52703764905218
73.03866230408332,325.8820453457158,36.89653268323548,98.08785440532642
72.93061007009067,326.9802406232394,37.11263715122078,97.9618772790835
73.7446126426046,327.4525360344984,37.55712721540925,97.01728645656559
80.00613235165018,328.1152239976751,37.43560237297743,95.69191053021206
80.90005699798027,328.6775923275371,37.69345118415324,94.56717387048805
87.09749837452313,327.1799844053359,37.50336236375831,93.4941250706603
88.16222636481659,328.7819013281188,37.38919916745541,92.30558400937852
91.72312050606044,329.29144012292755,36.25582758888136,91.28650641976104
98.66905053493882,326.6090892137817,36.09267200586157,90.76747774887978
99.9004699722226,326.69083623092314,35.58069352704804,90.6039837145969
101.76846071193819,327.43513747782055,35.72342147039491,91.05473593219106
108.54622744330136,325.4541752790701,35.80661356389496,91.11988159934157
108.54344653246064,325.70726914554285,35.81217538557641,90.61369386639599
116.25443168851582,319.76259129110855,35.93928475834898,90.84123981160242
117.35077591383681,321.4337514652235,35.695776755713005,91.39728035938458
122.36900942764342,317.76266520713847,35.42340065243752,90.9281801360845
124.31904535144284,317.4348626633551,35.40572507038483,91.58378522365129
130.17266334236763,317.09774572299966,35.40028656834893,92.25801910436215
169.10161152068872,301.5249734832884,33.97782786777943,92.04543531462664
172.06415530105483,300.9280994709947,33.84643467239078,91.30795188409942
175.22151186429693,300.7624277159755,33.28661930786311,91.63929539413792
144.447764708238,307.82918765275724,33.62033648679003,92.80921980387215
143.5031720454101,309.8730361326055,33.57382020266164,94.52862767352829
144.13125316304053,307.39843942019706,34.27709314165392,95.55895074983876
149.0459678462935,305.1383448482145,34.38220424754877,96.10532370484367
150.37070408883432,305.4529362959635,33.72935356576224,95.47614080934557
156.15340088541868,302.5125391709895,34.018704880695395,95.42956260524278
156.04926718434876,299.6136331432516,34.22697228283522,95.2862479259438
162.22147659918784,304.98464236346695,33.775165671167166,96.43684170352327
161.9113626828358,303.6119632877576,34.39539350387122,97.19186139241242
167.8416539224611,302.64300295093153,34.6091137751898,97.11739827430303
168.90627731981533,302.1436486981449,34.49506452889859,98.11610677987633
169.69904216520277,300.73853807135276,34.936925764666306,98.89893710691796
175.74966714839053,300.61866970913667,35.115234280870865,99.13867383135015
175.46741790483895,297.62393771353123,35.67973276797403,98.96837718867631
177.388855921468,297.2309337069148,35.958962309196046,99.75438520190912
184.91125168950705,296.3025544485706,35.4555980027278,99.53379697151041
184.9969384423649,295.640196090989,35.28422449701212,100.85851368667358
188.2355545571863,295.3023932487207,35.049624674267385,101.53411937121021
193.65894024019872,295.0591043873818,34.63408836547769,102.02069709388799
194.9870164557039,293.94171562208646,34.06354208706125,102.16986847188468
198.63230086048432,286.49260504816573,33.004883783340325,102.52696510609962
206.03631081658676,280.4663040911869,32.637620304881835,102.20177579113181
206.0306728869283,282.52931690689815,32.64889616419878,102.17893532750348
206.8587566778777,281.9800293915307,33.04420437585693,101.22603456468147
213.0756284003644,282.211223804094,32.88167465450016,100.76364573955495
212.86427853956104,283.75946144873865,33.30437437610688,99.70281786971273
216.52317232671402,281.32218548735193,34.099797751283944,98.49246158037388
221.326606123112,281.1486558584139,34.62079501303702,98.83952083824991
222.3495365984753,281.3452533455432,34.6149360755186,98.44632586399128
224.1765768353975,278.0728914484527,35.029421375017535,98.88820099815719
230.30058087070864,276.6614415789445,35.07012580478901,99.66298198710803
231.5380095927323,274.8510341303119,34.655189803751426,101.2238754413635
232.64552118707303,270.5286320152634,34.514803037721876,101.57013398085275
238.79874846521682,268.8407263676571,34.6704077725616,102.8689353942107
238.88400489652506,261.9105172575817,34.49989490994513,104.13924611850254
239.88849953924557,260.33350337712375,34.604218789402495,105.17996071452016
241.7482880023599,260.2869233272936,35.14469635045713,105.27312081418034
242.70108536911002,257.26516250209175,35.38035123822119,104.89289360079137
245.7965619973686,258.30834596661475,35.60983128384591,104.94667110579266
247.9002526150045,259.87563684269423,35.692652140358845,103.95719039952606
249.99431709911985,257.77006783581044,35.76954445841606,101.7707964838616
251.01188164673943,257.06726817438556,35.837134615012346,101.07367655487602
255.1499668650629,256.14556115025033,35.93693188213156,100.82309867720498
262.3748863044557,253.9372578594186,36.13265106417415,101.0552600986318
264.34772836272697,250.97065471404989,36.385143651178424,100.69120133404908
265.23813386714954,243.84075308416294,36.70279001992587,100.26180295067479
266.34308495537834,243.84995330513493,36.59094664922499,100.24340250873082
268.2592628730288,238.51806737994247,36.95013940851317,98.33252857534845
271.4693535979245,237.16205859037962,36.75461632279986,96.89477391175535
277.79886460329993,236.15517971015694,36.40010077323142,96.85778059533692
277.9968643023608,235.82289309423936,36.004101375109656,97.5223538271721
278.88409964574737,231.93320458627608,36.275856382503264,97.11682806643157
280.91157752771124,232.29014093128833,36.3115350624935,96.40295537640706
288.05696993294583,233.76918067603964,36.270840809182396,97.51633033180678
288.2760485469772,230.32356387496458,35.83268358111952,98.25471125183455
294.51855447684665,230.6780840234209,35.669345329883384,97.54567095492193
295.73738285782485,218.18749999453465,35.27220268145114,96.00015553688019
301.9516814029613,217.84080643110252,34.910920402676005,96.69354266374447
302.1355142753397,215.1178375762886,34.54325465791917,96.09565845863742
306.5686721545307,212.75649646369882,33.674545588937434,94.8201356667668
309.36364049015754,225.27984232945158,33.98088906861237,97.28941797292768
309.19472162708917,213.62605706624868,34.31872679474903,98.52828113240095
314.4256225747204,216.082096046063,34.007264450813395,99.70640690356845
314.36511963201485,215.22510958800655,34.1282703362245,99.37918636385345
314.1562150371323,215.96343930373865,34.546079525989605,97.90252693238926
317.1395332500776,213.60886693408733,34.65524736565668,96.53586740613429
318.044742648013,215.70981047523094,34.85255163410798,96.34942645249131
323.880303295203,213.9132552259868,35.23320999571646,95.92527706565014
323.9098251788566,214.96290025066688,35.174166228409334,95.83543009485658
323.97817571924674,215.5114382823329,35.037465147629064,96.74544463647089
332.3593272050508,215.49269773854638,34.41628038360655,96.78292572404393
338.5036024239049,205.9353621643977,34.16925969599682,97.83530224719368
340.76429475772676,201.42373094023233,33.682797677728196,98.78871939677417
341.7194726550149,205.15487068935795,33.794639217053394,99.41522923412876
342.6716049053821,202.58855905886108,33.92353972656526,100.48152247462986
347.63721355305825,196.48401624600828,34.245860017644134,98.3356554793317
348.67275575254894,195.92254321510964,34.2007696805904,97.43260747920141
349.70205368581384,195.30092223575394,34.15446043702126,96.66356281495203
355.09091112929735,193.70095706655138,33.37907283753027,95.86256223836676
355.92127991421194,193.72099840739386,33.69327615284781,95.8224795566818
355.83948843986246,192.68092579495436,33.85685910154678,95.92254408296013
359.79176123673886,189.68696176544785,33.89023525942438,95.9570308282504
359.84485556089584,194.13092396123733,33.78404661111043,96.99700096003559
360.1550743691068,193.50403199480868,33.163608994688474,96.25229125691322
362.9181093462009,195.9795450711353,33.56727137793421,97.2309974416938
364.248971990846,194.46792792308736,32.90343198363023,96.25845994781744
368.0596400906369,193.7420166164296,33.169788959519856,97.71028256113293
370.3739443186879,194.17552926638,32.536121105908265,96.84325726123208
372.1283247705676,195.17497090089228,32.974455512983624,96.81792164762496
375.96810999026945,195.01493263371876,33.21965106758177,97.13799818197198
383.65597158428534,195.37113500112127,33.765729691071314,98.41581867360708
384.6216903226808,195.5490556065743,33.85268695963167,98.05997746270097
387.6522916015214,194.12153624374054,33.83620096218092,98.90011066829172
394.6257589994252,192.88623272579576,34.07534447595303,99.34413508852703
398.54035842691735,191.7377892040611,34.395231690925186,99.60375061450723
399.52086984571855,191.41672951603942,34.48101010911267,100.24586999055057
405.37445961929,190.5372332709088,35.11894949171442,99.94734265918774
405.5027457328947,191.63553276005507,34.86237726450499,99.81561168270436
409.70844082123534,190.88480962767778,34.684284481888696,99.25873359894265
410.9885371169724,188.26276803857786,34.17123102902698,98.36139936130529
412.00158625244035,188.50452526991717,34.1701363424176,97.87788489862668
419.1780988895636,186.39901877860513,33.94370556293271,98.05272802560458
420.13098677368026,185.1160732909571,34.05438924038416,98.60215955521596
421.1472499909399,183.35653858205376,34.04817348493682,98.06860761487886
425.9652059603766,183.38741705500135,34.50519872088359,98.00685066898365
425.77827134566076,180.57408424180227,34.879067950315324,97.55547067084275
432.73873186521706,177.6134885218572,35.142607758661555,97.3976074618219
432.7475488130479,178.28782835316795,35.124973862999916,98.07779672269727
434.6245956555309,176.22637958124204,35.44742640526361,98.12414803931924
435.7257812181662,175.957047928008,35.289831056737555,98.66281134578736
436.7523016051736,173.72837688923755,35.28641196382271,99.02091006112826
438.0923423805948,172.59947281232363,34.66100711988912,99.22404150804726
438.35862872294757,172.24190643512765,34.12843443518359,99.93917426243924
433.96538909354035,167.38664700620188,32.681310051277045,99.4160894775697
435.5218223570247,168.49564075052461,31.581257596400576,99.21091606101652
439.71976118327433,168.58938180963116,31.14414278365541,99.02343394280342
440.9718779421501,167.72116585641993,30.618886036336793,98.7808890787929
469.85390031812096,167.9592509651648,31.830133100010094,98.3047188613031
469.49442788014966,167.22496129866045,32.54907797595277,97.79190029333358
470.2105367023281,166.072244034926,33.10414798261084,98.11004716978749
469.0940274538855,161.4922122216609,33.335200598547374,97.26028139157452
468.66565247521663,160.87752405499086,34.1919505558851,98.4896577249146
470.42407417382094,160.06250523129768,34.729527756335266,100.11969537230092
470.5157572986302,159.40135755472534,34.54616150671676,101.4419907254456
470.38342997889674,157.98127599107954,34.81081614618364,102.20639755023748
470.48176163663493,154.07120215508684,34.61415283070731,101.6606369417942
473.4203684249486,154.14720618415754,34.977276222146216,101.50862888365276
476.66515453873365,153.8837730371281,34.7414012433642,102.03549517771168
476.841952626967,152.959491811577,34.38780506689753,101.79628224994644
476.99822671735774,150.73608171851214,34.07525688611601,100.00936457316718
477.273218075992,150.34439245410132,33.52527416884739,98.74599215758383
478.46936858778224,149.9606823874562,33.15168727587439,97.49469816026674
485.78947240395894,144.42350366512278,32.469958953385856,96.60464476790658
490.4391343992281,135.9394865802493,31.04639888712752,95.85221010802321
497.7318762891471,130.14385972976493,29.986009297330497,93.9183696189509
499.10534766686567,130.40236255917716,29.12426170451706,93.40136396012642
502.2589448527462,130.59930905858732,28.402998267837187,93.00747096130615
505.6457551954684,130.484778687798,27.15856522163018,93.23653170288475
506.775157147992,130.1434291292309,26.722959351815202,93.91923082001898
513.9850125368529,130.2349373683907,26.900960359000795,93.73621434169941
514.7654492438993,130.82771778629495,27.165540591489663,94.37610715247258
518.3713253849107,128.93716725894646,27.31148895117781,94.47835788631404
520.8303122655693,129.7869094315081,27.924287468532533,94.62246430074808
528.8929115625757,124.84828820931575,28.51241110625039,95.21452772750476
490.2629762107527,111.61307430302274,28.842574559566554,97.29260933876671
490.2253875646487,108.1361842476388,28.917751851774504,98.51080600865117
490.07748477041235,109.19384185767646,29.21355744024719,98.32597330360129
488.8529691483484,109.24643588302095,29.729220335102113,98.22078525291231
488.935654664847,110.72806232393164,29.56384930210487,99.14042729948991
487.8917612470261,108.43274789497272,29.7002417836059,99.82826744912622
