503.0,142.0,19.0,36.0
501.16201515849104,143.77585802811421,19.253027172096807,35.015490826962385
501.21231629955156,143.2163425390769,19.1524248899758,35.288959819631515
501.7220218950346,144.87061760461384,18.980890907240454,35.371918521480154
501.7912581610566,144.63702897831516,18.842418375196463,35.839095774077535
501.84708316384814,144.388408919203,18.730768369613344,36.33633589230184
501.9518734526845,143.78306529677573,18.52118779194067,36.6909764596013
501.8252778186925,143.29821307533373,18.7743790599246,36.80304944341826
501.4227319899167,143.7126446496154,18.7158247326233,36.837832279707726
501.41373948574267,142.10377527821524,18.73380974097138,36.602989309021545
501.3782785043215,142.2594466761815,18.80473170381383,36.29164651308902
499.6143234757166,143.648175371961,18.905984256421,36.084182249981936
500.11587707361275,142.89670908132348,18.758235242561852,35.87639846739077
500.18329821009723,143.77467499956123,18.623392969592878,35.81999527638945
500.1680661649524,144.0817096189836,18.653857059882476,36.052542281943914
500.26008810309895,142.32731399459797,18.46981318358934,36.159110456249024
499.78942771249325,143.00296506061153,18.562186304114864,35.65675598490779
499.3680814943098,143.38044481499023,18.561713541481726,35.74496167515046
498.9572467153289,143.14112824981785,18.53893039472435,36.22359480549522
498.9283665424232,143.53773145315697,18.596690740535823,36.281474050151374
498.4665625937887,143.56282013049483,18.6673678815445,36.23129669547565
497.5590867339688,143.90380852015522,18.775494368123834,36.40273253268505
497.47658306548794,143.95134594205695,18.940501705085545,36.30765768888156
497.52744218632967,143.53669710982777,18.838783463402187,36.27771952144452
497.57246275100493,143.34921800969894,18.748742334051546,36.65267772170217
497.62180457513534,143.24967817383256,18.650058685790796,36.85175739343494
497.6219133345043,143.14478523476527,18.649841167052852,37.061543271569505
497.25312821880846,142.72595216538852,18.522127548066344,37.03392555994484
496.88230338846444,142.36348808828086,18.401106515909525,36.89618302131534
496.3396149019498,142.04018525274563,18.62792350598784,36.68422870943483
496.3747663271437,142.17378926787342,18.55762065560011,36.41702067917924
493.8543168254201,142.60285607740565,18.473049981980004,36.41313200629263
493.9202044832155,142.66523517363618,18.34127466638919,36.28837381383157
494.0347434968432,142.42228440466087,18.112196639133767,36.77427535178221
494.07529912673516,142.27740733785808,18.031085379349893,37.064029485387785
494.0366842944595,141.43221412805752,18.108315043901136,37.04521872010946
493.1283445436963,141.73688942589914,18.21366509786555,37.29153284820721
492.64955716431945,141.25813164522557,18.310147093688485,37.387955646623546
492.6574345832082,141.590133743207,18.294392255910957,37.58812788300097
492.51374291633454,141.62066638354884,18.58177558965832,37.52706260231728
491.97291427126913,141.6469268590041,18.79251252604147,37.47454165140678
491.90247390577747,142.08294655164494,18.933393257024864,37.4763018893643
491.02486746889497,142.20368820548586,18.936084737681185,37.23481858168249
491.03527834060304,141.7592529309165,18.915262994265092,37.25092142365184
491.02356222129754,142.35834110226978,18.938695232876114,37.798033751104526
490.67832379355065,141.7587298753757,18.748106985547842,38.11619110207059
490.66387821256257,141.61534725206187,18.776998147523926,38.40295634869829
489.8573611618093,140.92641001411178,18.615807654451608,38.89371852730902
489.0445827932166,140.6559484506293,18.458412579425477,38.54316574816826
488.5928552744774,140.23634413120118,18.478245779543556,38.49875254966419
487.72491861209807,140.9594934930937,18.44748104786087,38.81909188232058
487.29425884008486,141.43157676383697,18.42134490766332,38.762381025058026
485.62327151731205,141.34609997395663,18.218626029756894,38.93333460481871
485.59206136152926,141.81007322231255,18.281046341322543,38.89051599570516
485.12475453300533,141.96213121799587,18.33006598097723,38.586400004338536
483.8264565651509,141.55620554462973,18.28061118494204,38.5162344404895
483.8791115905497,141.6684030177941,18.17530113414438,38.29183949416077
483.97605835549786,141.49872918704222,17.981407604248098,38.631187155664506
483.92729819952183,141.74358673413215,18.07892791620016,38.141472061484635
483.87826251943113,141.75222472884738,18.17699927638162,38.124196072054175
483.820051643196,141.89519516662682,18.293421028851835,37.83825519649532
483.7184710783652,141.63340216568088,18.496582158513384,37.49137740213499
482.8533824330389,142.52091024461268,18.488915530412743,37.454205163024646
482.9124850512879,141.92814964545823,18.370710293914833,37.77148092751203
482.555645419728,141.8591923677419,18.213557850940834,37.909395482944646
482.08711339653814,141.28219315105912,18.280508685203877,38.19328070419361
482.21930685081537,140.82172455411958,18.016121776649417,38.23879741019397
482.26377984163423,140.7823392122936,17.92717579501173,38.31756809384592
482.3437805328682,139.57994011804138,17.767174412543795,38.109153162227834
481.8706349516717,139.62686042181895,17.84822410172607,38.01531255467268
481.5349173783308,140.8361980653924,17.654368777163473,38.19250868125904
481.239164553545,140.73624614632172,17.381392133188935,38.39241251940038
481.24555711303253,140.7616858653951,17.368607014213826,38.341533081253665
481.20060276048025,140.5307660673954,17.45851571931836,37.941730275861374
478.64557581492704,139.32779292334502,17.424126570045864,37.775455043772645
479.1042347626143,139.7458917306456,17.361195576220346,37.7936443307204
479.14596029867374,139.7053826562073,17.277744504101445,37.874662479597006
479.17326048021664,138.9163823886529,17.22314414101565,37.7461315250567
479.2227829795156,139.70988977922764,17.124099142417645,37.85999834364953
479.20606417075606,140.09909376193684,17.15753675993681,37.93194858650712
479.16313416452795,140.21889511443047,17.24339677239294,37.69234588151989
479.1187254717847,139.77066936142504,17.33221415787938,37.73878348269143
478.6531569818468,139.7630880779589,17.411106467533223,37.75394604962368
478.64821631845643,139.74094821979423,17.42098779431402,37.79822576595303
478.66387402926324,139.6089215134394,17.389672372700424,38.062279178662685
478.6814874135844,139.0261265626687,17.354445604058068,38.36991497108809
477.403401902268,138.3641250157435,17.32519812477488,37.97030573032786
477.4344258958646,138.89380618731263,17.2631501375817,37.76643084814567
477.4804341698076,138.9527772075507,17.17113358969561,37.64848880766951
476.59855073250435,139.0910810319099,17.2386801510495,37.37188115895109
476.58326214809307,139.7164632745579,17.2692573198721,36.96638805922757
476.5813468087535,140.1777809318845,17.273087998551198,36.883657582256674
476.115540373273,139.37492873848282,17.365933822824026,36.81182787568373
474.95729596315726,138.62395883171746,17.164399201058835,36.63508539455006
474.91154526317445,139.08068440080666,17.255900601024422,36.5548833684135
474.9183586505903,138.95567877024004,17.24227382619274,36.804894629546766
471.9503608297306,139.25068480145336,17.318695977408087,37.05196449433497
471.91456339667246,139.07164445638068,17.390290843524333,36.56803072877581
471.80864845697516,138.94899332799463,17.602120722918897,35.97712081124515
471.73945042874,139.039493855894,17.74051677938924,35.796119755446384
471.65939783820545,139.68737459905836,17.900621960458338,35.33138149601005
470.00005244894845,140.41930185064214,17.91136333671261,35.52150169397236
470.02624677536795,139.6277809630424,17.8589746838736,35.444625700659266
470.064327710942,139.2132256553051,17.78281281272551,35.44580910964581
469.7254038903658,138.90059249382244,17.63403267003886,36.07107543261118
469.42749529643135,138.58908966327425,17.396652853352574,36.694081093707545
469.0605346575964,137.2467888011593,17.29241338326157,36.86420057465484
466.9548150910589,137.1906201600927,17.309747017311903,36.976537856788084
466.1527102051563,138.34615819910596,17.232437156615603,37.18774122751376
466.1154450343532,138.39215849269806,17.306967498221876,37.09574064032956
465.32795823365296,138.3214831750053,17.197047216082993,37.23709127571503
462.8220942579781,138.4262011428276,17.153282127955578,37.02765534007045
463.2284727326524,138.51085430423228,17.179294712669705,36.8583490172611
463.7527560070523,138.5133876550976,16.96748832088618,36.853282315530464
462.5074519055713,138.42255794660971,16.959150010826733,37.03494173250625
462.5314504025182,138.28294908681116,16.911153016932932,37.31415945210336
461.71520648891135,138.25365898211479,16.866253303663473,37.37273966149609
460.8673287208927,138.02223238234723,16.88449547898091,36.99683618067132
459.952405991072,138.35506503446885,17.04710960257505,36.33117087642807
459.87711749544513,138.21290739529928,17.197686593828692,35.788711190830526
459.8261836560029,138.8471543203375,17.299554272713156,35.34170805671933
459.3942263426066,139.08107922172584,17.34673604440646,35.69059110904185
459.03230036878495,138.97558170828637,17.247938528364717,35.9015861359208
458.58151091549377,138.9708176594604,17.32550519245548,35.91111423357272
458.18955184790514,138.90415752841673,17.283922777631837,36.04443449566008
457.97844554911273,138.36144667522888,16.879412543589183,36.303133370408304
457.9560459375204,137.9422277886326,16.924211766773894,36.31813385425529
457.54750534888524,138.0544845876473,16.91685434402177,36.093620256225925
455.87456838683204,138.194978247181,16.978564243076907,35.81263293715847
455.9288471337296,138.31320832806168,16.870006749281757,35.576172775397126
455.19001233527194,138.269655242732,16.72230811227264,35.66327894605651
452.8229715649171,138.27980949697908,16.58812961034441,35.642970437562326
452.84312758834903,138.75875920277625,16.54781756348051,35.49380812421786
452.8364146401332,138.22498844091592,16.561243459912163,35.755488367286134
452.83924990852887,138.315592445363,16.55557292312085,35.574280358391974
452.8051142130154,138.49265285616124,16.62384431414785,35.220159536795514
450.8322135037108,138.1605704500942,16.55363138283262,35.08112147894468
450.83157865568626,138.37866112738848,16.55490107888172,34.64494012435616
450.86894486360364,138.23298772935098,16.48016866304688,34.14267185177688
450.5662355922837,138.34082518639488,16.300601782435685,33.926996937689054
450.60938928672573,138.73073027282297,16.214294393551622,33.92590092276253
450.2420556188388,138.69602012682975,16.171765831291232,33.99532121474895
450.2607934090017,138.5213554837704,16.134290250965492,34.344650500867644
449.8317278236903,138.37587038490867,16.2105163295072,34.63562069859113
449.8241034548357,137.77422921565488,16.2257650672164,35.05142925569649
449.47910029502907,137.39331015491294,16.12197854602426,35.813267377180416
449.0082736632566,136.63140451373258,16.26058518113222,35.730985402667294
448.6188190957048,137.42419624761382,16.235210835237883,35.75396889690052
446.66509906922147,137.426331686088,16.121788520301642,35.74969801995217
447.08557182940694,137.1194717305993,16.08296329265099,35.561297638209226
446.68464417104326,137.51091092530572,16.086115725508783,35.577122132666034
446.6636314961271,137.47326118946575,16.12814107534107,35.65242160434598
446.62824666828567,137.08330504030283,16.198910731023965,35.631514790596555
444.97372917542754,136.59204521682489,16.300918597894732,35.81227765784101
444.99096212437286,136.62887169260296,16.26645270000407,35.73862470628491
444.95001366985144,137.1069781093281,16.34834960904691,35.58690922980023
444.4421431056444,137.1625249000665,16.56036382334927,35.47581564832342
444.4553994229822,136.83008988527646,16.533851188673545,35.334867139682274
444.43990663429685,137.4130234073547,16.564836766044337,34.972303213606
444.31469630549293,137.93878154767057,16.815257423652117,34.71934849116749
444.246160106753,137.41672096525087,16.95232982113207,34.964239372263634
443.03134398454756,137.45129137683202,16.966396446125373,34.89509854910137
443.0064690727406,137.51757988749418,17.01614626973931,34.76252152777704
443.02866881029115,137.05933738460016,16.971746794638218,34.87565670825363
442.68643645043574,136.96433112107167,16.851979458171005,35.06566923531062
442.7405197937394,137.11099530066593,16.743812771563746,34.77234087612211
441.220413880153,136.60670818374047,16.588977821384038,34.98215341563494
441.2626082135092,136.12983736478793,16.50458915467148,35.13676905847181
441.2806553735274,136.54547669511618,16.468494834635134,35.10539744587588
440.9551444564126,136.21795043627247,16.32069665276415,34.96162994746264
440.54057455254633,136.1659870394179,16.35569117766772,35.06555674117182
440.5254514404645,135.75361813232072,16.385937401831345,35.094024814200786
439.6335528150118,135.8872512956214,16.575309379015252,34.82675848759941
439.7208389310459,135.29442263713233,16.400737146947137,35.215793613805815
439.72813872683554,135.68517115675007,16.386137555367824,35.2335405381631
439.291196704191,135.7516093925529,16.46077447884242,35.100664066557414
438.88885716429144,135.97605352470916,16.466837269109575,34.65177580224489
438.4669411821472,135.9670098857522,16.51848852350013,34.66986308015884
438.11720676294163,135.89630880221773,16.424612978688305,34.81126524722778
438.1105843332203,135.79598900329813,16.43785783813096,35.011904845066944
437.7310050668515,135.69047258820572,16.4000929553038,35.2229376752518
437.7408371575886,135.79811502549634,16.38042877382956,35.007652800670535
437.72278437850605,135.67988154837707,16.41653433199457,35.24411975490907
437.76147233544503,135.23092263008422,16.339158418116675,35.342105222930584
437.81906188138254,134.9374851905599,16.223979326241665,35.12897467470536
437.5066735149539,134.93645931153787,16.0538662840732,35.13102643274944
436.328773091255,134.98909868201073,16.033843994065702,35.025747691803694
436.3537689579987,135.0724436828016,15.98385226057837,34.859057690221974
435.98847738161305,135.5669481782554,15.927674548469865,34.65680956419419
436.05172397768627,135.51094225635197,15.801181356323415,34.76882140800104
435.99937352538427,135.948737508011,15.905882260927491,34.67547897497454
435.9914113850708,134.5918291599245,15.921806541554366,34.258390774320816
433.5454864619733,134.83344597147163,16.1520314082335,33.77515715122652
433.4948768287433,134.51255972460507,16.253250674693533,33.64301675183064
433.5090436810456,135.9736590865409,16.22491697008886,33.81580042494062
433.51484639231853,135.99729871941773,16.213311547543128,33.76852115918697
433.4864832735208,136.05091011359454,16.27003778513864,33.66129837083333
433.4399401624266,136.07274438947337,16.363124007327002,33.61762981907564
433.3780031363403,135.730791157397,16.486998059499538,33.52625215808548
433.42143385263813,136.17499430655835,16.40013662690386,33.41394444268917
432.88513078502854,135.4286536426261,16.699792660846278,33.360725568000106
432.97517581186344,135.69241117139495,16.519702607176452,33.61057309925795
433.0297626107849,135.61027446472275,16.410529009333473,33.7748465126023
433.0767769628363,135.49916460673307,16.31650030523079,33.99706622858165
432.7433633915758,133.94535518405826,16.203314177531322,33.98463199304993
431.99670654081024,133.48501628712637,16.14090532135741,34.12744850806118
431.51830512947845,133.55813870242685,16.318852398713133,33.98120367746018
430.3472926268736,133.64995913110653,16.32140919740121,33.797562820100815
429.50452898407946,133.75237507450075,16.45256273677274,33.59273093331242
429.15238323781256,133.90406368920907,16.380381238833007,33.28935370389574
428.35369097277396,134.08297657283399,16.436193794963327,32.93152793664592
428.44273583909455,134.05445599064936,16.258104062322083,32.98856910101515
426.1797967337854,133.5876747384165,16.198376225320718,33.1578639308776
426.1641034670072,133.6365855294965,16.229762758877143,33.060042348717616
426.15556446276,133.97145541925633,16.246840767371488,33.1551237291611
426.27903413413406,134.04706741083015,15.99990142462341,33.00389974601346
426.2732912387161,133.7043537653434,16.011387215459337,32.929317094280904
425.91800371813855,133.8462095078236,15.96284204989625,32.64560560932052
425.91650988705095,133.7758499755465,15.965829712071443,32.786324673874724
425.5735095717618,134.00983061650754,15.895590210909685,33.07460352369282
422.90601852765946,134.02098625038286,15.915974183966858,33.052292255942206
423.9460328190696,134.16414405776027,16.113717485377748,32.76597664118735
424.63050945612076,132.30613021305652,16.261782822346447,32.68945780291702
425.4777278864222,134.5185134095112,16.08725760326718,32.82442633457843
424.9607343031992,134.64202784172016,16.362340020770535,32.57739747016054
424.1029354181029,136.12862966763075,16.55782740745097,32.64441458536361
423.2505779990606,136.67848801320213,16.733712172688545,32.30911293064432
420.93394697883423,135.88653430475574,16.7918033981151,32.36796340919503
421.3236493669378,135.35242468869492,16.776791343106844,32.671789920117796
419.7485816642959,136.76941499565947,16.85254995017656,32.14359190484924
419.0230191226606,136.50646602101867,16.779393160193955,31.907348917504294
417.1845940852655,137.0178094667279,16.66918946472173,31.642072780138356
414.57556169123694,136.98134986002108,16.625935413830575,31.71499199355194
414.2943141156033,136.95527917532002,16.436484676747803,31.767133362954105
412.58291484427536,135.38668317433417,16.11201968824798,31.906514540001233
410.45581238917015,134.94481009212026,15.890821563302914,32.044360198569805
410.1358390143081,134.2125767203072,15.786676333206554,32.02064298255482
409.74796615586257,134.4587507006914,15.820481767666752,32.27023530421722
407.4238921235731,132.45695781575634,15.9915759578937,32.542942845460786
407.38422394847646,132.24657959167925,16.07091230808701,32.96369929361497
405.3957086053194,133.746406976035,16.244661690625787,33.00666956792379
402.21896399838516,137.53031378712475,16.483756795224664,32.317549318672505
404.80506316309874,132.11203021802922,16.61996787518993,32.53729763807868
402.0491594746315,135.38246642442547,16.784356742595556,32.10776066474757
401.6671900336425,135.40718172255322,16.787853615925343,32.05833006849204
403.5616957048089,135.44462374488734,16.797720556594285,31.983446023823838
395.64721140646685,135.55782524864082,16.690955520482063,31.757043016316835
395.98006719991855,134.3689421150434,16.778925342379104,31.87376505711015
395.98726260325594,136.24823669267667,16.764534535704396,31.899720420343442
395.22562233959155,134.0617542922554,16.773728439876,31.730425351714693
392.87136630360095,136.02203754309974,16.953971327732056,31.583416503463564
390.5607037757404,135.26115811532338,17.04146512011406,31.593898271236668
390.24430414720274,133.6753991467904,16.91697312038681,31.736251181092474
389.96571310724744,133.0778939049796,16.716900255781542,32.174006720198165
388.16024177497803,133.8253058484512,16.52656833821291,32.19969266609793
388.2667492170121,133.82443427189477,16.313553454144788,32.20143581921078
386.3771347048979,134.2657063840279,16.324263419631066,32.07259540669284
383.2968180419178,135.0034288532002,16.46889681133591,32.10115045191214
382.83428827424194,132.82771609558,16.639042684303043,31.923093992845686
381.65301940174527,134.7417362685303,16.735892083054175,31.871200890682125
379.0763330807835,134.54117837293427,16.596341625728353,32.27231668187423
379.06121890750546,134.9670614733927,16.62656997228441,32.180172531514344
378.58810716825144,133.78121543855627,16.8140031098572,32.275493578381585
377.8132049308898,133.84045237993448,16.8369746495286,32.15701969562518
375.13953591567247,132.95212717796358,16.84981859361112,32.40952893203781
373.93131724657457,133.00404158602706,16.96825093398774,32.305700115910845
373.5861242326738,132.89613084343983,16.892124614820332,32.52152160108526
370.96155459112805,132.17720810828357,16.762641210576202,33.190992401778416
368.280911785232,133.00768990367095,16.69218560226375,33.08195487389074
367.9919106075534,132.99162331669018,16.49703997104262,33.114088047852256
365.4152692257419,132.2438181966855,16.258619210462527,33.069211566660734
365.3855501692292,132.5450129496463,16.318057323487928,33.23227778866076
364.48423311464904,132.56902047336456,16.582950225043277,33.184262741224245
364.05317772898377,133.10178415353937,16.672303535618823,32.891492841629685
361.7847500510411,133.4217715097919,16.589078345939164,33.02153155338546
360.2040162144271,133.46815109094655,16.668623674771016,32.928772391076194
359.78139307962897,133.07840081331844,16.743373690635337,32.9377766926005
356.7079016870986,133.04408346958488,16.715004719722568,33.006411380067625
356.42327319094824,133.3517143233824,16.511826508335524,33.163584876160385
356.07460147241716,133.6688141954854,16.43794618077635,33.3006088965756
355.3863144475398,133.11803081421584,16.27062302286107,33.63022705527972
352.71783952532417,130.68718878189338,16.190546737838734,33.84874586610729
352.7325140774313,131.0822676980229,16.161197633624564,33.83424498055505
352.339721279566,131.53148427489032,16.17184883621423,33.71074621996104
349.5494336719593,132.25028205501346,16.33919695798353,33.819786972127375
347.40849417115044,132.12418630237983,16.73197299038013,33.2941578835504
346.9676790596574,132.72552671741863,16.836658908891657,32.868421357947256
345.07628134272414,133.00262860422495,16.75689795037352,33.08672886281157
344.71677479222046,132.68328579773438,16.701575155929532,32.95107858034138
341.5492166647019,132.92432236990362,16.865553172260842,32.469005436002924
341.1357437442785,133.67207763650183,16.925352971502637,32.50778698601634
340.67263846073627,132.37506192333254,17.082818858403392,32.02683969161963
340.2010905999829,134.82359315752808,17.261538220317163,31.716035380785776
339.875884864599,134.65554165407312,17.149092939678727,31.289281636289573
339.1628794280284,134.8544547382076,17.06582447017447,30.8914554680206
335.84460018143136,134.25039894489515,16.976273381746413,30.604876036507203
335.52844290816205,133.93635773273624,16.86700259463275,30.49137312717268
333.0061452063366,134.24803139771495,16.74528148855223,30.60607101289117
330.83956196623035,133.4746125660616,16.65248542572162,30.677587828516756
329.8406500268725,134.69139568279442,16.43892231637752,30.45540858311099
329.4119301838865,133.68250940637733,16.56616213898335,30.282581545846817
327.21374066127044,133.99015871522107,16.583577079584753,30.39711027893119
327.2699523453436,133.90529599016645,16.471153711438447,30.566835729040378
326.1183334319957,132.71236642470998,16.57721077165375,30.755514093472904
323.51228295922874,132.20489506213627,16.630385242715818,31.033467322267224
322.69579821018436,132.44795929356934,16.77936511575475,30.54733885940108
322.2822817104213,134.087676924285,16.86902226766069,30.21740698845061
319.3186901800558,132.98049034184248,16.923951122672033,30.22968482619078
318.9320119991372,132.9443743244036,16.962158616688118,30.301916861068566
318.2015354781271,135.5897917757511,16.949376729114356,30.169154211952765
315.9292996834768,133.21801942864147,17.08572838819539,29.769892320916128
315.8547941765356,135.3801873259039,17.234739402077867,29.832116319847152
314.40275681175336,132.39168417887998,17.2006413496391,29.9327770498886
312.29113954302403,132.32333024265884,17.011133496063238,30.069484922330897
312.3345262913989,133.26735426120726,16.924359999313538,30.38422514963027
310.2555550338924,132.71502780110106,16.657661405169694,30.751437884983204
309.42741119667295,132.444736440086,16.83733650011657,30.553714317267303
307.24380913178334,134.8125456384196,16.773783064241876,30.987313080529532
306.3826406045269,131.98092805867458,17.00857997070778,30.700387647831263
304.57463503157817,133.26109611562154,16.906855430377732,31.114240082919267
303.87570923420935,132.01070899274328,16.808871760348573,31.371261431525518
303.20296237826693,133.3508601692734,16.654309652939077,31.69107071705382
302.0214335173648,132.34955332414208,16.76112190060527,31.437438933178385
299.758790797565,132.68709746365928,16.78530429871813,31.512534494391808
298.343196989926,132.15873535866328,16.609676151094444,31.817554763658386
296.46298694335786,132.15131768774762,16.604227880847407,31.8323901054897
296.38651418684645,133.47409486273227,16.75717339387014,32.20002756261509
294.03455756595304,132.55337833129127,16.893105892928595,31.757470254132897
294.31387229139153,132.26001779333586,17.091634398484864,31.587033373610467
292.71260415734133,132.70694968053323,17.261975767228456,31.451218324054864
292.3020495231674,132.33319719459493,17.3241276746855,31.439765935040676
289.44769003190845,133.2191120470583,17.713901030763374,31.18763498052539
289.43392891994324,132.45461897763576,17.741423254693782,31.191100977494724
288.77341997513673,132.6688513837451,17.535882995063467,31.525915239897717
286.54982890529755,133.31316398200426,17.394664005695844,31.766757086394787
286.21836756992803,132.38679294598364,17.29170661026581,32.08773902609779
285.95610686082495,132.09422437722571,17.0473758085117,32.67287616361363
284.1053578693765,131.68393166164768,16.882528085133124,32.720192453514635
283.63994019314464,130.96742282152127,17.042236832733863,32.61095692404138
283.2317950536967,131.24712686902868,17.08625620497921,32.823819735677034
280.35481063243327,131.0190165075931,17.40713592868169,32.50388487014472
279.93840228191226,132.33217279704337,17.462993201400998,32.98541000453483
279.55423030750376,132.41596255255436,17.446332131158012,32.8178304935128
277.2546690614862,131.62008490131734,17.351934846807115,32.845079203858205
277.289382572085,131.45597353998136,17.2825078256095,33.173301926530165
276.50383037963485,131.4593815544113,17.28428016985262,33.166485897670285
273.73280246128377,131.30457965223084,17.334161414200715,33.47608970203119
273.5996946812713,131.6384767219262,17.60037697422565,32.80829556264046
273.55576915637016,131.74602174597453,17.688228024027964,32.59320551454377
271.50458470513047,131.92374911962978,17.87515760549336,32.2377507672333
269.0439009049702,131.69736121234135,18.1103181829316,31.90949207799647
269.08184800018836,131.60277473263938,18.034423992495228,32.098665037400394
268.27652262526095,131.32812998097347,18.081690663563464,31.866262501338884
266.1992520596471,131.4489199577595,18.3409454443928,31.62468254776683
265.8001073266651,132.40933532673083,18.359357543080225,32.04348391165359
265.76584986221934,140.70272137839365,18.427872471971842,31.971073904290787
247.08896982779663,134.31361787296618,18.030230834258788,32.95196788184623
246.58769339559413,133.918846773167,17.44433259367546,33.74151008144459
245.07177193773438,132.97273364253127,17.29299010465017,34.042143640343625
244.797356321207,134.73542383384705,17.044223975230718,34.50475007008338
242.47316901618083,135.0910404759456,16.892190115856046,34.593584864124125
242.9349069511563,136.82509297694017,16.767443812714458,34.320398129372336
241.3408367537725,136.65669321091224,16.785295551848243,33.86462549751977
257.83632136058077,130.65604010563442,16.815473567115596,33.28644704945296
258.2121963503287,131.00688868882423,16.841998124597925,33.36302442005146
256.629526014023,130.59508214582775,16.887919228799767,33.40678261394199
256.2999302882374,131.4342706107544,16.765821202280435,33.2909846402696
255.8641265460791,131.39407136709949,16.859945715417336,33.37138312757942
255.8606744191245,131.69141894368576,16.866849969326495,33.556975443984506
253.76734554659663,131.0318744533609,17.137879071741075,33.3098129675778
252.58120496281165,131.70935061028493,17.157619327679114,33.523221261484274
252.200154678301,131.61102064053836,17.132068066994798,33.719881200977404
250.6689412605286,131.8272216942167,17.03411530676675,34.07757399256391
250.19421227183796,131.42348380611548,17.18993109907898,34.09140758369725
250.03086661984207,130.48892928965304,17.516622403070777,33.570898959305374
247.16136659133713,131.6066209056873,17.69388023938948,33.71911953610456
247.17361922123837,130.96212882291113,17.669374979587044,34.20834329480978
245.60605636974614,130.936548876972,17.578397657115488,34.25950318668797
245.43168277453037,130.75193226462895,17.92714484754702,33.823027482595066
244.35279215075676,131.08437875117087,17.669042808573145,33.96342893835164
241.53569910785862,131.18451928330103,17.68276475304566,33.763147874091295
241.04188899259142,131.310435107703,17.870168439369163,33.51131622528739
239.02706873013489,133.79116959109135,17.901161113019242,33.34822468002618
220.77565700815282,133.96407513063582,17.70246345645501,33.00241360093726
218.90521773124667,136.1560077812947,17.496533391249635,32.56535691863716
218.20156795630555,135.97015712374954,17.345040152965982,32.15766183964454
220.1038022110437,122.15113699984977,17.39454970579262,32.047060038862966
230.7652774912759,123.3725888859907,17.631949654555577,31.144181302954504
234.24507397433317,132.62012792212775,17.518870819545178,30.90647424695806
229.34478076182134,132.37404152373023,17.500777534174176,30.643363989107367
229.39023888340162,127.06107311463244,17.409861291013623,30.00310354348094
229.546798098907,132.2542500000951,17.09674286000284,29.97741059824321
