177.0,81.0,12.0,27.0
179.0644247664278,81.22684975599734,12.090116880776396,26.54630048800532
179.02945137669866,81.04248928575839,12.160063660234691,26.31731621801201
179.89110940073687,81.19080092056285,12.223550127932553,26.02069294840311
180.49417512689323,81.26229783163653,12.20220321032675,25.87769912625574
182.9029205308527,81.56502771524974,12.104204503401894,25.86217587165359
183.83775731938155,81.92285890987395,11.998530515587598,25.73451334548632
185.94865239918917,81.0880299187136,11.86680614922746,25.65128598784057
187.77083449796146,81.85195933231711,11.707127759239219,25.284989096485685
187.58463079245038,81.92792812238214,11.506876647163203,25.133051516355614
189.86597051617102,81.16949736847421,11.479746061649582,24.9490822009486
190.14445653347104,81.56680867620021,11.486567581306362,24.718253139753433
190.41393172200404,80.83432226044712,11.508171845688148,24.501562046916266
192.59205909432575,81.38498252726077,11.614132560843881,24.515795378238757
193.1364888960185,80.34240859921061,11.644938490814429,24.361612167626923
194.75038826615238,80.6043509664601,11.76586734489854,24.39584869885326
196.38945386321365,81.67226847832579,11.852087070986865,24.502914288595765
196.9855512029374,82.13008917031183,11.787466959915832,24.714847473000134
199.2995467669672,80.98556110088518,11.685519774238262,24.7408816406624
199.64537110038754,80.91527097060468,11.55822925451284,24.881461901223386
201.57053402433962,79.93965250907019,11.65718267620781,24.575967813092845
203.22851524533837,80.58301652199077,11.709982502393727,24.412160543312822
203.17828968424845,80.5060684286117,11.810433624573546,24.566056730070944
204.834211525051,80.4943510147062,11.882497567220542,24.589491557881967
206.78592786596104,80.52485814574459,11.938124835250683,24.528477295805164
207.06935856083567,80.73365928380812,11.936919020106366,24.676530594283037
207.4142548082591,80.37367088848761,11.814923382399222,24.828710527784285
209.0896908055694,80.98563311249546,11.871416855473132,24.740574569000074
209.11943404524487,80.33312648061253,11.811930376122165,24.910403083307678
211.4428628802082,79.9928092427176,11.717337672221568,25.022004438344275
211.73710499237262,79.63165143491806,11.697862257950153,25.175311243885975
212.34194745734467,80.277218250438,11.62997825618603,25.02597854102607
214.00375235304725,80.6172916196533,11.71161053361026,24.91337214740036
215.9359467634082,80.47993705021311,11.818507724310432,24.62075471322047
215.82458354640175,80.74463821031017,12.041234158323311,24.656275674186396
216.9807785002229,79.10465540539472,12.0060966507951,24.52036268384623
219.3008066797385,80.32158141231844,11.89977666370416,24.353378855968934
219.92079171454884,80.35323814079047,11.784669527071367,24.29006539902489
221.93687049009216,80.3241156575629,11.669064289141264,24.34831036548001
221.93299909236643,79.25877555935867,11.6768070845927,24.245601686565387
223.59051033353205,79.03936463555961,11.703683448900364,24.127440393057007
225.2307873831268,79.30115079267536,11.757480852824395,24.159593329344432
225.25438180570512,79.03386034566648,11.71029200766774,24.137044764096103
227.16914711577212,77.9881241274983,11.772623803097023,24.004595820110616
227.14947492795648,78.27260088634398,11.811968178728279,23.990769718236923
228.0267092686649,78.257108092684,11.724322598440523,24.021755305556862
229.45447311615223,77.33222265013362,11.641494433996082,24.20790647233951
231.44059704095744,78.81929519752137,11.559977520468797,24.01285490333771
231.70064340995498,79.39202762817044,11.591438732379201,23.97049794185042
232.55431166708937,78.25945053925182,11.538550382203088,24.029721234230756
234.54405463980757,78.58649507066384,11.419055561257931,23.927059474905427
234.537623006551,77.39947286179174,11.431918827771106,24.109706323677713
236.47178483640786,79.50888483937506,11.41875225185164,23.746039452305343
236.72419495500662,78.55693129323059,11.459135159030714,23.469133967087863
238.80229546647743,78.59650683320649,11.637824996968725,23.389982887136064
239.56729918670823,79.047538349693,11.739223262861998,23.575523658399582
239.8090690202002,78.27465171233769,11.803956429052183,23.47647843358766
241.72200211695994,76.3757458901096,11.813688427272309,23.438691886304206
241.7102621425833,76.64550978004006,11.837168376025575,23.446721404549628
243.60228795214363,75.86048655619636,11.88968161918902,23.372525768401033
243.62580577712333,76.64263224320307,11.842645969229562,23.451934688161675
245.00841987575706,76.96636787672875,11.818676406307514,23.352715147979417
245.04424917310064,75.01197205150117,11.747017811620369,23.436821021668326
246.1270188850651,76.55994580878004,11.76698712606468,23.619136614670445
247.96661554174517,75.50278571080975,11.933536303461834,23.535889673035435
249.3461310254298,75.6942706173964,11.929765697219743,23.703971932087562
249.65277239996652,76.78568196778399,11.869932783853717,23.734948574142006
250.7609928714431,80.67911408760615,11.864966704866937,23.6882463583801
251.65692450854604,91.38202080141835,11.729400445055557,23.81429411788328
252.7458385854222,94.83510703233459,11.757954623537408,23.527268652753342
253.56229721626391,103.45077842316778,11.76870944543962,23.28053740147266
255.15198594280045,107.16545835226844,11.856108812651033,23.473656790601858
255.19214029851642,113.77840457272708,11.775800101219085,23.419027366708196
255.77745421559254,115.57916232188991,11.698400883571313,23.643812026148016
257.4501260011166,120.30232873984659,11.644447013912984,23.523083344172505
257.478949716903,126.9735362924459,11.586799582340198,23.281405401059637
259.3926165720673,129.17966720022088,11.54877204118578,23.19977920742311
260.098124065048,134.6912872305741,11.756186465814855,22.96606855065324
260.115188063456,139.36672190230652,11.722058468998831,22.789011805650723
260.92710026179094,144.43137748721526,11.707583612941361,22.852247726377904
262.7556080932263,154.54940018721032,11.81046519417729,22.489944902379555
263.23285467134406,156.85566368683575,11.923128795986546,22.146044935308346
262.9816810875898,160.91498373561163,11.8950263444482,21.984149123462032
265.34115228010353,168.10610127168533,11.924328960368742,21.84664905415876
267.18341836331723,174.57232235148723,11.922191245024848,22.06561564842454
268.7755674123345,181.45243860032252,11.913383444913238,22.065841108420724
268.78635773871923,185.44170620313773,11.89180279214381,22.023820236762155
269.830588153171,194.61171916548994,11.915791188151289,22.167725030028365
271.74632387825375,199.898761943405,11.798823269864204,22.206506708136523
271.81915415298835,199.53341577369662,11.653162720395063,22.407989618595888
272.08433395738325,199.70565733391575,11.652472301634946,22.59317568818731
273.68561855017873,199.26124370045522,11.644162479107578,22.949626394597775
273.138080388939,199.40862033378562,11.664315108400444,23.192334974530244
274.19431841842265,199.73216881214654,11.71730481102851,23.627970898606087
274.21604797516426,199.73344999872774,11.673845697545278,23.625408525443696
274.49531433056774,197.60798993510298,11.66318321941318,24.041237023969387
276.2101708314317,196.83340774542472,11.556045740405649,23.929113641965674
276.16685521375297,197.41165625101047,11.642676975763143,24.423406239391426
276.2042123338989,196.71035838170604,11.567962735471276,24.708035657726995
278.4599870560167,196.65464202631378,11.551037536417608,24.81946836851155
278.47573656111905,195.14521300725247,11.51953852621299,25.022552738910655
278.7273919240446,195.1495414010996,11.58178642066299,25.013895951216313
279.855730073589,195.03983418644185,11.59119752996434,25.233310380531844
280.41206628824165,196.02125325564901,11.618281227909288,25.549984496618162
282.37795844526187,196.0118676647689,11.711186280633406,25.56875567837837
281.49910599258664,196.1631594570485,11.738321229187136,25.266172093819183
283.55609449939055,195.0873927578874,11.634855239621235,25.12598490697452
283.85774592131474,194.0267811834967,11.600633334742957,24.970884299875557
283.847084071549,194.99266666029274,11.621957034274516,24.737789857460136
285.3149590978178,195.36217940729054,11.50222729477294,24.561968426071772
285.32080661995104,195.48849808439462,11.490532250506526,24.309331071863586
286.70871350361,196.1860594529514,11.488060190233703,24.02354501756808
286.7607100645236,194.4490459901892,11.384067068406429,24.194821792555594
286.7571637155359,194.84200182246346,11.391159766381843,23.96005264036375
287.26382973278817,195.4578022336795,11.473516848855246,23.82414093490957
287.2419875731567,194.9297105300012,11.517201168118273,23.785732984214242
287.48046936276376,197.06614218135235,11.587732108512137,23.34533131876765
289.6552751637439,195.14837884826395,11.576368851830388,23.3848906828257
290.14661349729516,195.13960128842493,11.679018076884525,23.402445802503742
290.20129348433676,193.50127190523403,11.569658102801311,23.41092021506958
292.11335163507766,193.6803303401569,11.54603360604047,23.595730745898244
292.3436213579685,193.31528355181607,11.630713845610675,23.78060463722805
292.7193093794138,193.29974621873293,11.428728937899544,23.811679303394328
293.30955087359513,192.16530968027956,11.340915149185959,23.895213981002808
293.8444761666588,191.46120025539793,11.36311177764859,23.665362008881246
293.86279010266736,190.29593660299204,11.326483905631402,23.823658447662286
294.0257674528185,190.28908867289832,11.545258068409886,23.837354307849754
295.9401183369961,190.2450000671959,11.557707863739807,23.925531519254605
297.8816499096613,190.7454794809444,11.52632336232962,24.025052304306282
298.70410390643,191.2852032959732,11.534854570576279,24.047897475438056
298.6732902634544,191.14655270576083,11.596481856527472,23.773570449691903
298.97117820988,190.12233863468305,11.549400066794545,23.627222179374442
299.2256146940041,190.2282681439109,11.586265423684692,23.415363160918723
303.15625248179396,192.0744642458294,11.874192560656303,22.982652042102217
305.41777513143154,189.00647228741926,11.686452179516436,23.157591696486485
305.9886873180066,190.11145989362603,11.62710796398565,23.11257679931153
306.27780376235256,188.2173143082227,11.588430006284778,23.12398345318125
307.9132092412077,188.0589419113232,11.551938025344247,23.440728246980292
307.6440066328866,187.29548866480928,11.54728707269647,23.33846623213799
309.3082386227923,186.72954702161994,11.467702717109711,23.387389643775144
309.2178582096735,187.82576845271925,11.648463543347223,23.35820839996094
309.27524079254323,186.95406290739575,11.533698377607799,23.471056419849614
310.1704469950075,186.32721753018157,11.372835899002409,23.63838055672918
310.143760517081,185.60091211440874,11.42620885485555,23.462491918511024
310.18342868201427,185.34289556288704,11.346872524988916,23.437332419526633
310.9684219208652,184.64611012834604,11.395226355206873,23.212562980688915
312.8610959828895,184.8767488265008,11.368895722464252,23.28828808313741
312.56382464794484,184.68469000893592,11.42578611065855,23.134753436572243
312.5256846198929,185.00797920591071,11.502066166762473,23.024569712914722
314.0380174477414,184.27983810938872,11.694021285935431,22.872541518523768
313.98504692418555,184.19656249018033,11.799962333047134,23.03909275694051
315.5093757562789,184.26794041770006,12.000077721697242,22.896336901901037
315.4117237036135,184.31093587202838,12.195381827028033,22.810345993244418
315.4419180018435,184.55454031062376,12.134993230568156,22.86803530300316
316.49400482145836,184.61146777228328,12.209666563944745,22.75418037968418
316.7297613589424,184.17232368518245,12.282469316238622,22.543836899362063
318.391050854776,184.03715511221327,12.214658972195043,22.271712604029855
320.0078372161366,183.747133501112,12.204814643489275,22.31446776056319
319.99420991273746,183.62955419051005,12.232069250287465,22.549626381767023
319.96617203186406,183.36861088625332,12.28814501203435,22.529828009112148
320.1998420681803,183.14178627198874,12.36315677054809,22.44112540649497
320.7414309106321,182.92419490139895,12.364627173397492,22.333984103798063
320.39233654814296,182.69502381406178,12.522048903322823,22.251559283419347
322.24837018274866,182.13091103771492,12.6055957327811,22.29532366506455
323.29004697071787,182.06725068019145,12.69943946192544,22.42264438011149
323.49903530883137,181.5214949212769,12.82924207306581,22.41859732320599
323.729617066425,180.98660512391996,12.91800316587599,22.38852770192478
324.00526014399173,179.84925492520387,12.917701995688237,22.459288159574328
324.2817749151428,179.6471215919276,12.916701265128488,22.311526014384476
325.7174762800949,179.5773991183346,12.794404110397686,22.450970961570487
325.77834527445066,179.82650810319564,12.672666121686067,22.502565498147444
325.833417088533,179.50161516688976,12.562522493521492,22.603844881637702
325.8691794717243,179.48880048527047,12.490997727138865,22.629474244876306
326.64885204616246,179.1978335557069,12.573512568771795,22.664121440500363
328.26450719521216,177.8039458109796,12.637437395268128,22.705867659458608
328.32173858423505,178.10022440828348,12.522974617222317,22.664222860588414
328.55209931338106,178.89437509899656,12.610598538623,22.720957618240465
330.72591727676416,178.31087326789088,12.668385332263627,22.78660560035012
330.78194266186136,178.269866128269,12.55633456206923,22.86861987959392
331.11244032053105,178.8220680563953,12.447271598916185,22.86808073171388
331.6985713412101,178.5203524837938,12.375131372936226,22.92145096922774
332.2859980158153,179.14622699333316,12.299505291989842,22.768929218413096
332.5732259250337,176.96307075383615,12.27112092769335,22.76667006428495
332.90647139435987,176.64354352295675,12.150182273294998,22.86017224178979
334.496679800245,178.36796378864256,12.238905167612762,22.680471416506112
334.22164994791547,178.75932042415218,12.24523428653602,22.44148873122255
335.8301149915923,178.22218757634394,12.270196376162769,22.435123701178917
335.8331827235852,178.4583097450296,12.264060912177037,22.503527382567032
335.79757276183324,177.78696380173582,12.335280835680962,22.221562569340797
337.6412488131905,176.23316723512738,12.418169898005836,22.097520418238144
337.1656877821944,176.83543613581963,12.29292331722203,21.96935125962963
337.16818062092807,177.6534660116581,12.287937639754741,21.935761569732005
339.0275225525061,177.09787897845183,12.304279898880475,21.979785315492567
339.2261821581556,175.00212043510865,12.441465041096343,21.89526757406063
339.4982207841255,176.41500133040074,12.432975448892527,21.74744408215657
341.10958176450663,174.03771930563008,12.40977934278969,21.70271934970892
340.8795283908979,174.3981208580966,12.337688155409069,21.514114179373813
341.9769281986543,175.44134046562698,12.255608030865545,21.540394455282275
342.2799126191606,175.4743023060629,12.17681450435082,21.474470774410477
342.7844679313359,175.3822860204405,12.2174244249677,21.133643073171502
343.35105928893495,175.25321220007982,12.12524208448966,20.871290526532846
343.6933515482475,173.4347147928725,11.955704350902058,20.902957845684636
345.2396578860687,174.17492261239326,11.938937442927188,20.960465090476916
345.2510041143468,174.13217066482238,11.916244986371028,21.045968985618686
345.5406067045657,174.82409898348612,11.851127916686984,21.204376680552482
347.3310528920948,174.21114335112657,11.877496798304065,21.399641871935735
347.1048758911841,174.2046942224513,11.81119274869473,21.412540129286242
347.18211823702427,175.49453307583195,11.656708057014347,21.42145028931028
347.19356399649365,174.27565374422582,11.633816538075628,21.283157566065416
348.2126527337076,175.9446055408486,11.646755680746711,21.021928898468413
348.6325624534764,178.63503137823452,11.82522372609165,20.732514648108577
338.6731170442736,176.75714757041874,11.935991288741143,20.42507749332864
328.38266606876954,177.21287997614849,12.30807449604406,20.018833150461777
320.8289902679696,177.35182835381883,12.251874742393934,19.740936395121103
311.58330882774044,177.76692502040925,12.22988258845699,19.41110400881583
305.6286649636701,178.31309889319957,12.257622345284917,19.308885260844566
300.082343431275,178.76402091785275,12.482264502920836,18.90104125277255
291.01718734076326,176.8363344828481,12.42211128434086,18.823340522867596
284.7502299277114,174.8640792542409,12.22990940601923,18.852122763335746
279.60445201946493,174.86088536061,12.300859085710796,18.858510550597483
268.4790547714477,174.0355344322931,12.104828616075329,19.04528903990504
263.14923467056155,175.25586888334178,12.039480467443198,19.042117490172302
253.65337511958785,170.89293779168554,12.063222293828147,19.013528623225163
247.79638406415137,169.40244887771422,12.105329605587976,19.076537751389537
235.14054950609315,170.04795049757013,12.042276833090733,19.24946077448235
230.260621457942,168.23921352308,12.012039014677814,19.440401853312338
228.30085234909217,168.45643343391797,11.996790547204174,19.497810367283066
215.569055172279,168.00322596478563,11.853054280117417,19.419327973981858
205.79885988553713,169.23143789316515,11.838982639678752,19.40721189396309
194.79728628180672,169.48827098928064,11.862140032996496,19.38198991982423
196.52674773306097,167.70621154930657,11.822421678836077,19.52690425142422
194.83326681423375,169.36391127143955,11.779742696073837,19.641145627574996
196.1024442952925,169.63639967653376,11.696037865161887,19.587098843627686
196.1404669341317,175.3131316321745,11.619992587483527,19.474052859062844
196.66654234374954,172.17887128754938,11.539339909980178,19.427835627052794
196.94581299419204,175.18684945299398,11.464498792665095,19.2162814990024
197.4396839690892,176.7059472982425,11.435338754508146,19.05383154341746
198.8685775490519,175.80915842915957,11.43584531065467,18.941880137535392
198.84912802877543,174.49141409878104,11.474744351207645,18.729022280947767
200.56209112344087,172.56257378565235,11.35427174080592,18.809041674143273
202.00254923478582,170.85506851752518,11.301587754960291,18.92444793407929
201.99618669154904,172.0498415254218,11.314312841433825,18.895907170378052
200.83129081914515,173.5503092762385,11.284148635612953,18.726918809499043
203.09692039388116,168.47538362932974,11.442566175362995,18.559481387028168
204.68957022686112,168.25031530200204,11.541233374918507,18.540479918038493
204.91180136782876,168.28236601598115,11.567282141139746,18.476378490080243
205.0995238202208,169.501195670521,11.661827637064464,18.388671184544584
207.46342502114436,167.75568987930086,11.636651851237461,18.587844135770787
205.75282373567987,167.05956533314225,11.748122481768203,18.561636682203083
205.90958041119546,167.09424730626847,11.9089035282968,18.492272735950632
207.53070793643369,167.56177423672418,11.9982568596869,18.509106984143934
207.5012021989432,167.34090273739747,12.057268334667839,18.47316220029765
207.64114602567628,167.15767656183368,12.255513393921913,18.361481838704997
209.27454141553198,167.34525068620235,12.34700296002356,18.466087925083862
209.00237854088238,166.56788968027732,12.40848117938512,18.572267347120697
209.27737494416093,166.41168722918854,12.343954162040845,18.884672249298244
209.78387859249878,165.04711810847616,12.309117360741952,19.168384252281115
209.78254778189478,164.21920518087407,12.311778981949919,19.345937391580733
211.0706078290484,163.16624972192477,12.212961344984038,19.470006343606286
211.03345228907196,163.85689224068216,12.287272424936937,19.575705644953217
211.10653674420587,164.31867797302638,12.141103514669128,19.64910724521583
211.3030607306741,164.99936044973293,12.245185994305656,19.77913364952167
213.04731013933215,164.73851875087433,12.262419032071422,19.799998210798595
213.06502236462995,164.66634250369344,12.226994581475793,19.94435070516038
213.06176303570587,165.88741126589315,12.233513239323974,20.017102885812854
213.57762610824793,166.4047004551731,12.210131558018873,19.99086897103196
215.3134272560218,163.60372018972953,12.262244260710869,20.055563076113764
215.5665901677641,162.77121381182948,12.261147272715137,20.20488932544724
216.32266290062773,162.72002374130108,12.271308709043343,20.307269466504074
218.04307384927137,163.17831134206898,12.394407946698028,20.408957446380263
218.0621781164638,163.07018337167412,12.356199412313172,20.625213387170003
218.38073815104644,162.97881227188853,12.234374436011036,20.807955586741198
218.03838901794785,162.96383252485,12.403118785282503,20.83791508081823
218.27155813060003,162.66889597372818,12.45603112647684,20.90853761656318
219.48602724102105,162.43142080110755,12.633062900444695,20.862293962842507
218.72302702130494,162.8371194106729,12.588590566611554,21.097878592555364
219.48913524294875,162.77720063433568,12.635116117047975,21.21771614522983
219.18271918596136,162.20858154898778,12.719133414296481,21.297324682473118
220.50443862372498,160.39698589171326,12.732778883828384,21.200597913939447
221.33713150299712,162.20575786287216,12.658017013858313,21.294509711628265
222.20335835618567,161.43329368581746,12.516593201578203,21.24840817164073
222.4894207387098,161.29056193072321,12.471736935566646,21.533871681829243
222.503805602485,161.18758890201497,12.442967208016299,21.739817739245744
222.99937477625596,160.51584107482742,12.51845080157203,21.483380481974248
224.09867373473662,158.98790453299964,12.44300717685277,21.354522127266698
225.9791022757868,160.56743803543677,12.37534187805218,21.361048079506556
225.98284004548796,160.08771631041404,12.367866338649847,21.267392849375085
226.505437821802,160.12039441971268,12.372737560449188,21.2020366307778
226.58945272967284,160.29185815391088,12.204707744707497,21.38325521040963
226.89143429795396,160.39331833560104,12.124728219523814,21.18033484702929
226.83887584606214,159.93804622594445,12.229845123307463,21.05163964576991
228.64469493421345,160.56353956944739,12.254667808558693,20.839641776350824
228.36674163452903,162.4159583338342,12.293806675835313,20.752178372222644
228.4291734829942,161.58266510100495,12.168942978904944,20.87037532507022
228.6933492213511,159.75751363360686,12.156364855605165,20.91026478596838
228.93303739857888,158.03985680470217,12.193140727174397,20.732512861604157
229.9566137242716,160.43147561014555,12.202532373645731,20.576499920895177
229.99829630165388,158.82213991220715,12.119167218881174,20.723310847762367
224.11806885755104,160.54611646193342,12.08642014480173,20.864593128135787
215.1160008439746,162.13049588423777,12.09041932810603,20.781572028186805
214.9247593498199,163.39756482948533,11.959776498987663,20.81306322483055
205.53975737977018,160.57871378814357,11.808790841233952,20.825606237882063
199.40839015658645,160.59192431688803,11.855532476247578,20.799185180393177
199.25209578761968,166.1788064765285,11.658718435574869,20.8322819904486
189.102522976648,162.47941593120277,11.696061748934582,20.632887215381253
183.84847330677414,162.67297422570988,11.615314755825164,20.750001404122063
177.28022149343712,161.12096704958913,11.632493808039778,20.82647931610368
170.2440147206936,159.4595107342304,11.536554442185983,21.11331632296242
172.00203182687812,161.239706496472,11.580801113383309,21.113205682045592
172.2872628197291,160.65782098415733,11.51970491485778,21.258245132322063
173.03097460396705,163.1924496612229,11.563663684214161,21.293595570965167
173.34509300284702,161.88063066460953,11.447160761228792,21.358564190318937
173.6177498425088,160.26714451428808,11.412544018385999,21.52135487207775
173.68043014004093,161.14897615557263,11.287183423321709,21.807690638972947
173.7125405285234,160.0818860613274,11.222962646356766,21.88365632364261
173.99844562818538,160.63123193511842,11.165714555873905,21.814088793742865
174.0025145060684,159.92564702622175,11.157576800107917,21.687595450549285
171.78082354022646,159.98682503529008,11.005935549088099,21.565239432412636
166.4245366145624,160.3398965557391,11.089393521480435,21.365244766702006
159.32179358923554,160.3301423752249,11.164640927833666,21.384753127730406
153.71129100641303,160.3529028775038,11.248529730269745,21.339232123172646
149.95203935374195,160.29708065392754,11.161956641309642,21.450876570325164
147.90540147121624,162.0049543926046,11.197969431276073,21.58523419617039
147.32064966923554,160.28880936729257,11.347970909422243,21.449266806441173
148.60275049332822,161.10766837589466,11.335423923578086,21.852872519109994
148.33848788425428,159.05047333846238,11.3479015423583,21.838881799033047
148.04527960549694,161.28339629048335,11.41826122970152,22.01754772653421
150.0770676667321,159.73833785343479,11.513820262490489,21.988313234186897
150.84501912401197,160.77635287994704,11.54123592647921,21.996707952560314
150.85676146349704,159.2344520639095,11.517751247509056,21.950304757814934
151.07885171012174,157.73953132016362,11.594185820328855,21.81645584889169
152.3734947722798,159.98172970954198,11.604693269869175,22.0116875030766
152.44002926852932,159.1983460542939,11.471624277370147,22.009421124907472
146.43367531493416,158.0079376441944,11.508444392606695,21.7867840772904
138.47746640648322,159.61336553480865,11.361291117279823,21.68423237842878
134.64803586496024,159.70492843891597,11.309929571099936,21.501106570214127
130.79482015625803,160.07566332828938,11.359759563489611,21.270076886468328
128.75466240256688,159.78559195660426,11.376906903990662,21.342323608978383
127.1956237231062,160.86917414514122,11.439462580741452,21.21217368668486
127.12388811791297,160.62180785874315,11.58293379112791,21.19849773153782
127.35589122875889,159.48439006297883,11.629588296219387,21.430690415933068
127.08440671496216,161.39262340869266,11.6576745663704,21.73328578404523
127.50793466952395,159.78833771834775,11.85026393113256,21.822921343077738
127.95275618533594,159.7440262184773,12.009501242248795,21.911544342818633
127.95859523210295,161.491453524655,11.997823148714797,22.11597276329834
128.48586286789248,161.61032008999072,12.005857327599745,22.409524357858867
129.26426283626785,161.54029169576393,12.056300808086073,22.549581146312462
129.52663609201656,159.62513418902526,12.07022902113933,22.60917308793494
124.40822883179455,160.1736421837007,12.05101681788787,22.591738858973027
118.23479071577648,160.52362525752815,11.996181980033395,22.430977540443767
114.48407499579568,160.89829641400564,11.995042594469599,22.217533143597816
110.29186238900452,159.40963820136838,11.855721113593964,21.998444558450625
100.50358480948317,161.46631274432156,11.92881010575153,22.102061130249208
98.37036728886916,158.98806977451954,11.956054898231923,21.75955925891869
88.91101002655394,161.64434263413946,11.96349323685484,21.70014581356979
80.23845720676091,160.3724879145233,11.998015859850398,21.621039644227764
82.03212644643966,162.55267624938165,12.078563362878898,21.45253266866657
81.49886388224496,161.57455759980505,12.099359161837214,21.31731130895756
81.32383258337883,159.59497388649083,11.928204451576056,21.627957579632053
81.2839355637291,159.38826561747987,12.007998490875504,21.518479066694535
81.28446413543884,163.0266007628464,12.006941347456042,21.55874532025585
81.23157351630682,162.77001650233618,12.112722585720071,21.548698421235805
81.15614692636271,161.7951303444214,12.263575765608309,21.398997085621723
81.20351962765925,161.99749761292117,12.168830363015209,21.519478837037166
81.47702291994139,160.75417331108295,12.147214437903404,21.379174143451255
81.4779719507335,162.7001390948373,12.1453163763192,21.14786772448654
82.27725955684426,162.94415186189482,12.105205350514748,21.17933025251059
82.24736987372351,162.90418892428383,12.16498471675624,21.259256127732577
82.24187216394138,161.54116350251581,12.175980136320504,21.377945300788497
83.79166310165795,162.87061954949826,12.216900353612504,21.33611828409451
83.5024779651203,161.78410935285586,12.271778244237424,21.41516914757777
83.50364681686847,162.6471859857962,12.269440540741096,21.79139639442629
85.10787828123556,162.69337922480977,12.247729174550125,22.230135176822998
84.52805145530075,162.0883620057266,12.332904886368762,22.36569167493846
83.96396871630162,162.5531978644618,12.379682315499636,22.517408006335437
84.81016485946927,162.37746050862722,12.318486751882979,22.868882718004556
85.04940230164404,162.9320572352158,12.387881165743433,22.855427861247392
85.02503722287017,162.1124732345497,12.436611323291173,22.84801991300198
84.94983087376824,161.87482822257937,12.587024021495031,22.77372713748208
85.16226676722712,160.54469392018285,12.71320744909508,22.67871966968604
85.50661124695351,162.71994450552398,12.576320310370232,22.742633064827118
85.52091000926514,162.4225216978655,12.547722785746958,22.78706526903993
86.59330483422741,162.75372245313466,12.605259132279835,22.67524525761597
87.76762210564331,162.66525912330656,12.456270334931741,22.852171917272198
87.80123305314822,161.57926544383378,12.389048439921911,22.824238839056456
88.07929180625939,161.83132438305225,12.38134972646202,22.868539753381988
87.808925008667,161.94378605653378,12.373143125677926,22.64361640641894
89.92738602424085,160.1797128888338,12.50008498030374,22.353381841767078
90.27137781783252,163.86377814947838,12.355463774138011,22.592324654724482
92.375496766359,161.95784882340473,12.502619334196824,22.593214031898988
92.6014166173149,162.0346976973779,12.597729078668658,22.4395162839526
92.28463155352117,162.0222906367786,12.685000613603009,22.464330405151248
93.64252996776389,163.1040858780199,12.709957010555597,22.493342503019054
93.64933190031994,161.9217855114804,12.69635314544352,22.661925657975505
93.36751517818973,162.9220092601261,12.708720067399486,22.86654424990179
92.53942686205156,163.1640990103986,12.701391891076625,22.936866352223216
94.52535994312834,159.9779792692189,12.6174342602025,22.64411978096072
94.29571435404502,160.30409875521315,12.527066440429753,22.541539806911594
94.04845999184803,162.01577460622778,12.474972192519306,22.397805938708867
94.06603025652542,162.79587545866423,12.43983166316454,22.46837771675672
95.18616802879143,162.72703338862945,12.375694896128266,22.606061856826297
95.23413937916261,162.63992767783728,12.279752195385893,22.78027327841063
95.14136509015735,160.23218421653868,12.465300773396415,22.68265572218562
95.50816687161625,161.97177833556623,12.279330394602018,23.036899772994367
95.93979505109617,160.96723341320958,12.515419644325528,22.847298400341025
95.66969841564304,160.95782515090775,12.504693990443442,22.86611492494468
96.70000759071708,162.2856381648065,12.648128957626744,22.965555543811355
96.41747184134996,162.20678389364613,12.658270080795265,23.123264086132092
95.7873865086452,159.35885428198353,12.80357836232385,23.24481139005263
96.89177610612168,161.812709221583,12.841624695560586,23.39245894928057
96.85006560816514,162.18639737505734,12.925045691473697,23.209618006810203
96.81750064709362,161.1714677649092,12.990175613616717,22.986444439746432
96.17199192383391,161.2470225560187,13.159059523306611,22.835334857527492
96.14708938870369,161.13774850231064,13.208864593567046,23.053882964943586
96.68599024620725,162.01931302038494,13.262624754271167,22.988096742361854
94.68443932967446,161.53726061848985,13.305700591952004,23.386483546811355
