333.0,201.0,29.0,89.0
336.51703480277524,201.13699407931412,29.154764469504467,88.72601184137176
342.6952963483607,201.6852125314203,29.37130648602919,87.62957493715943
345.4343381139122,202.12205978467546,29.24677310964938,86.75588043064909
351.65227903751344,202.33695973936034,29.199496127182123,86.32608052127931
353.1613350554772,201.3242178130796,29.707015904333552,86.58874846730137
355.9644435284659,200.65784553471082,29.428253446623952,86.145674861283
357.6802197687608,200.7312931442294,29.52554162629621,85.99877964224584
361.2507215918456,199.73505335184544,29.44093891849178,86.22715899242246
369.03274543838603,199.6889376221135,29.769207840749463,86.31939045188632
370.8454630463257,201.38451854355225,29.68999460913318,86.47445059327178
374.6722506233045,200.50873827096484,29.131933647745083,86.45213259030417
378.27466779202314,199.9252632874745,28.980607300485133,85.85570555974049
384.4949278887186,199.66359489610483,28.80491794628058,86.37904234247983
385.32722337602013,200.00954190336043,28.8966843696802,85.68714832796866
387.9354535512508,199.130486916758,28.924779333411106,85.69707319644269
395.2062070098531,197.84840273009144,28.37398993396794,86.5124018800557
396.8071944166077,198.31927805345921,28.672737600740795,85.57065123332012
400.33824791855966,198.75762459720409,28.580363839066216,84.69395814583036
405.52395760927146,199.39925156661306,28.578517664899117,83.41070420701244
407.47396724702224,198.91937195619187,28.098388371160336,82.66051843697342
414.39752690815357,197.6368119965515,27.775242168545798,81.84464507634212
421.2315684642113,198.78743109354133,27.490959312482666,81.21638191436898
422.16013815706924,198.7922889901012,27.29265516163969,81.20666612124921
427.9639931178444,198.96547614634537,27.270463941153626,80.8602918087609
432.1543580328826,197.34132083723173,27.1384159587869,82.45886605744623
438.81449847655074,195.96237170334945,27.178689957661106,81.87662560365824
440.60280686219835,197.84386037849467,26.92712313435463,81.43869820135659
445.6317649577559,195.67803226510097,26.779334907214604,80.81529044615641
448.2804325940408,196.46290136477748,26.4023382076792,80.88566510448157
454.82276010858396,197.38562876039856,26.39130849543041,80.6744134778441
454.0382631462976,198.19303026607383,26.329304643207045,80.69060824328965
458.78113077744024,197.60003682937537,26.624112029122408,80.24650467531981
464.46511526022243,192.62312879387565,26.66039226983431,80.42524999808231
468.7152874764057,191.66523369985774,26.32197689766037,82.34104018611815
474.4556045058491,191.6858770265605,26.41515771459949,82.29975353271264
475.17130287065265,192.91111171688678,26.638290868033575,81.50381403510123
482.573767250845,192.31076027919255,26.65923538553062,82.70451691048973
485.97684713249726,192.46540211245588,26.51213945948144,82.39523324396306
492.67857404214396,190.12243210133926,26.37003826083918,82.10816603345204
495.8053741512911,185.59526363301427,26.720355426097647,82.90760624066118
501.56477538774874,186.72401767838537,26.88297174561844,83.98764637632932
502.9042287911528,186.7445007996688,27.578270668034357,83.94668013376244
504.7558693340979,187.62935002953355,27.273568790219475,83.87627127807062
511.3757181778407,186.6079564897106,27.575461451338086,84.22635956414098
518.3026001990556,185.45631645759715,27.347414738550427,84.82642496216258
521.4067578081026,182.6914067496414,27.969320130601695,85.23357892046509
522.2772404953438,186.1627944891791,27.953112749146225,85.18983541349708
526.3594489929554,184.86000019582963,28.407889943944852,84.3477463241872
528.0229854341972,184.65379904947417,28.521178694550155,84.76014861689809
522.1421821563424,185.30854299720716,28.185921449109507,85.17878412159646
521.3036337352157,186.2726536604951,28.13507025411551,84.97851083226763
515.2034285299803,186.832805423055,28.266306922517643,83.8582073071479
515.3770023864005,187.87178600940896,27.91915920967748,83.49086889525206
514.612467027706,184.68313069383785,27.749182944047757,83.07199159432001
510.43110252688143,184.15653711460772,27.662032934182946,82.43520295047752
508.1380246504939,183.7496323448954,27.210236455331092,81.56969507935993
505.5083211066137,183.33598584811978,27.493439460288243,80.73825337864338
504.05486218152015,180.25054060593357,27.096219625258207,80.30086849258134
499.0545433821089,180.93131468201835,27.265339198208792,80.57790667805703
497.50266342437345,180.52073274314472,27.077857248197102,81.39907055580434
498.30098143826007,179.53449768058707,27.135105348178776,81.71765655316477
490.4028841636791,180.3510403627693,26.336647746917684,83.4035016188849
488.0928942036399,181.46463154533922,25.95037092395588,82.84507150142512
486.9030977777131,182.20195007243342,26.676255755960405,81.37043444723673
485.3983516653925,177.10214715355346,26.393509250783616,81.69332409554265
481.97300142038824,184.2783237358708,26.662136555263196,80.50511730196604
478.65731380725464,180.2536775386018,26.759295815058586,80.38663973841436
476.1844943774464,184.64057766479547,26.803993779915615,81.41472127554613
467.99934947528874,184.83565789308793,26.683374349389688,81.02456081896123
468.01395411643574,185.25390592265757,26.65416506709577,80.18806475982196
468.07720768882746,185.33231272419576,26.527657922312248,80.03125115674554
464.9891032319748,184.90476982746588,26.206467217673143,80.88633695020533
464.08479990602586,185.83010971293785,26.384456903204168,80.66627414562817
461.660299833547,185.24147099068142,26.341187897166762,81.84355159014102
459.3912757052741,182.98506676611504,25.939164069015238,83.06297864947558
459.2970335157441,181.62155605005995,26.127648448075245,82.47681716375958
454.2053807293247,181.77191709030063,26.40044342243806,82.17609508327821
455.00528075370914,180.73186422224808,26.453146524906167,82.6036976681462
453.9456349301074,179.08765062628558,26.91289344491031,82.57303540567267
451.4893802029858,179.7156622368643,26.822733839341993,84.65212489105625
450.6096632114786,178.19859474008678,26.886741413508012,84.29540706691458
445.49549598925995,178.38495695712027,26.965825318532726,85.61422438941632
446.2106554359867,178.61634116291185,27.247221024704046,85.15145597783317
440.9778988592209,177.27313773347666,27.450761127836582,86.12753399497036
441.7910806961326,176.84813905336,27.55232958410662,86.97753135520364
438.1783401913838,176.61098419998987,27.810343144083596,87.45184106194392
437.36858489786704,177.57232130119624,27.67650337529437,87.28251721535408
437.4690482460295,177.49332183404684,27.475576678969496,87.44051614965288
435.51982425437706,174.77417922000302,27.879982556484798,85.89071716616156
433.0797429551824,175.545826926796,27.562766345040437,86.07988135585353
430.48241796755474,176.6494144148617,27.5694665645755,83.8727063797221
430.3876514709651,177.8282727641805,27.75899955775474,83.21306598393235
428.86091109562847,179.01611913551864,27.428153820123136,84.22169972956097
427.2016686695893,177.94222566995575,27.34574736095969,84.6690410050658
426.19976679737084,177.97748641438915,27.644262310521942,84.59851951619902
422.9917896942072,178.38288327181834,27.22114680133215,85.49749323021989
422.9662098998177,177.4585981492146,27.27230639011115,85.6313017918274
421.92995306988774,175.67069626587494,27.62721714166633,85.77189974189706
422.0034722086573,173.76537264842852,27.480178864127215,86.13029130143937
418.5981007986354,168.86733167321535,27.376870810481456,85.55529694133162
418.4397277442782,168.28152271502492,27.693616919195996,85.00846672907295
412.3635178485193,173.8374173256203,27.830535622782847,84.19567844039437
409.69706667491295,175.1732900826626,28.041076616047143,83.2313867109592
407.32258233616443,179.3285391681897,27.697300965327294,83.40879575359972
404.9735047463087,178.2752517622493,27.313998077512732,83.82155120963861
404.9678699263598,175.60685783295094,27.325267717410533,84.080349504559
401.6258621194939,176.0342128152551,27.22309078041856,84.92218767763163
395.7201148367585,173.05471359984747,27.088179257049852,85.76129778465857
397.5130895441868,172.81634523947645,26.934342799523478,86.23803450540063
396.56297044849885,170.88582284212467,27.114599257792975,86.65911583389119
393.1009644273896,168.20798497494087,27.121493334154167,86.82695309386582
390.50859265225154,169.03400014317594,27.11087640464609,86.90670958399038
388.7083611811923,169.77843190506508,27.24589572135588,87.15056787291647
391.0897895206899,175.45435998662037,27.69905419438703,86.23074201385882
386.71488305047905,172.48209226152127,27.779039848957545,86.97338109254629
381.38550465234334,171.38232860402204,27.961904469700684,87.42692637829002
380.5734313161335,174.90408039761883,27.83026497500848,87.40656745954377
379.42907773541697,171.78556649297923,28.365897649110995,86.63129731950073
368.8765846741899,171.40736201786967,28.44804469482152,85.63580301332453
370.7056227794042,171.56795678106397,28.26846794067842,85.31461348693597
367.57285601122277,172.24447735709225,27.608433115594007,85.69296442524129
362.5799180641433,171.2410573637664,27.246340836113404,85.97514304961969
363.4239075727852,172.20635685625473,27.280366856021264,85.76654910183456
359.0961937759851,173.49304609070734,27.337438897294742,84.91284174339471
359.92610314669037,171.94788161594616,27.386219432717304,84.58597213925106
368.6243623319272,173.12770729075783,27.038222596463456,83.93117294304975
356.05648149645197,172.43424354245133,26.83664913499517,83.62894476416815
368.75137445684055,170.87274181474828,26.664221505153854,83.38963378078277
367.9532914128785,170.81338257864076,26.585800245843476,83.50835225299781
366.53223173341837,169.8517946966111,26.078260637397868,83.75669853337416
365.7066353674998,167.5038540558234,26.06045787424172,83.44559332996985
347.06727343979907,167.72964193492024,26.725557434916908,82.99401757177624
344.3766855822802,168.77523969763593,27.096441747501906,84.24301631464678
342.53748906459083,172.36112462988814,27.385524408655478,83.84986719859256
355.1443163814352,177.37049467116935,27.58754257399333,83.9973962356408
336.3559817798698,168.14271451164365,27.76023524399949,83.75096828812988
334.4259654992947,167.46562998202654,28.22058796457749,83.40529742707797
328.4185462723767,164.24608710657873,28.312065509285635,83.03103408704338
328.4485012368145,164.29328858745438,28.25215558041009,82.9366311252921
328.5654991294421,164.11998418069882,28.018159795154777,83.2832399388032
327.8033011949832,163.444876727918,27.844654620109367,82.93555380040164
322.66174018449294,164.8970926116254,27.989100275501293,83.41068082151642
322.69729440751377,161.83782951942507,27.917991829459634,82.73246948205106
318.4765945157776,162.14336359557694,27.91825287662803,82.12140132974729
318.4962401097186,161.93426562009367,27.878961688745978,80.86006915520954
316.0502243728991,162.1721770237328,27.788493028005757,80.38424634793134
314.2827653467609,162.72812723104042,28.018610486469015,79.27234593331606
314.2839024335701,163.04144257527824,28.016336312850573,78.6457152448404
308.47103495163236,162.90083920858322,28.220003001472474,78.92692197823044
308.52780822904487,163.72827647017255,28.106456446647435,78.91148225106784
305.3405695179362,163.47293408776028,27.9323118546529,79.42216701589231
304.5972551973935,163.2455810344556,27.7776523640146,79.87687312250168
300.590835261145,163.06923462135393,27.565663595872643,80.22956594870504
299.90462655456315,162.14251577305643,27.29194538134395,80.43686801760764
299.07695157544055,161.88512770882167,27.30319771870318,80.95164414607717
293.2483271610483,163.1359073282145,27.398999220831918,80.10172023967088
293.2031223170114,162.88468862152536,27.48940890890574,78.96288254278969
292.5405049761159,163.18080109376743,27.18796182893325,78.3706575983055
288.6861343884403,163.22506342105092,26.832963093390358,78.28213294373852
288.7082403536069,163.01772640730246,26.788751163057043,78.69680697123545
286.2849976284929,160.8441909868472,26.804867818558883,79.82363194899509
283.8669180705285,159.7164535212754,26.761626842208244,80.4526401827122
283.7273283188133,159.1629169379182,27.040806345638668,81.55971334942667
279.37481345084905,158.96505298697514,27.468378350833973,81.95544125131279
280.2227620874034,158.57438274316974,27.44142787699612,82.73678173892355
275.03351672851795,159.81978350911984,27.742478003825795,83.60512707067045
272.6143751248277,159.80914819828922,27.48844163989757,83.62639769233168
267.4162950782178,160.29431431123527,27.72607111872467,82.6560654664396
267.27627345990084,160.03186900681084,28.00611435535862,81.49732357647572
266.3334740254803,159.43591262957943,28.2194772570385,81.01700036377744
264.7516085259854,159.42911937382746,28.04466815357347,81.03058687528136
261.4265125235887,161.54494830976623,28.029729311643102,80.13149442676571
257.3545999799836,163.00575261633642,27.907637144860153,80.5162527152226
259.0994405511668,162.0971313879948,27.730860264425893,80.67704304093974
255.86943393174892,162.2171993426224,27.568771339724314,80.43690713168453
257.56886898512755,161.9481090514999,27.468197256819476,80.97508771392958
260.0435871892206,161.21433645677735,27.483708176510152,80.7876504607491
256.85579530847224,159.57223636842667,27.2489114625185,80.76666039970624
251.96515017188423,156.04199241431508,27.142146433289735,79.58710222259211
253.58364287510875,155.65532942622104,27.16367407640095,80.3604281987802
251.13940597605242,157.06734477850003,27.130147799913246,80.8177308772892
246.17885516867565,157.36168817232576,27.17185275701747,80.22904408963774
244.4782661892267,155.64017532670724,27.295141417218346,80.39418048217779
226.87310411589223,155.7446072220274,27.990961307592258,80.18531669153742
233.5185304446221,151.68411833177353,27.926081853521943,80.04006121992684
233.50080799514456,154.18136416948568,27.961526752477056,79.99555166900166
234.2265752554388,154.63545721328555,28.159995630171828,79.0873655814019
232.7046026513588,154.43217453330854,27.92266212569335,79.49393094135593
229.3974474317062,154.67535689784324,27.96842335134641,79.00756621228652
230.14820513857646,153.29062581143734,28.102931647640034,78.5049809650301
233.2174306979968,153.6613376494073,28.48961207792573,77.76355728909016
233.84976072592016,155.7897883157178,28.85262787520105,78.38968351583526
227.78635946757848,155.56642366556983,29.477067370832405,78.83641281613119
226.20810308671037,153.88950315374132,29.311869124355177,78.86854283157477
227.18357929114651,154.37605594759603,29.019255136160645,79.55377566454312
226.3342984465497,152.32827856836616,29.054950824411172,78.66073242017335
223.85354401156093,152.66156213824877,29.06427677936587,79.6448929187491
221.47908661915994,151.44957178304648,28.818240798553994,80.40389004061568
217.21480070126833,150.98356297972205,28.98988707120467,79.66452253463802
218.02165012647015,153.60196436479623,29.040107749919454,79.41947835184484
214.78690905933877,153.66117875567033,28.864305252465126,79.3010495700966
213.80663231149163,153.00074586081138,29.168410030373956,78.96546664202907
213.7277883355645,153.75965814398347,29.326097982228212,79.10478091663187
209.5110046529859,153.2426454391652,29.449770617283704,78.47682738024808
207.58361830884783,154.55170845999316,29.994123166133264,77.5139114083054
204.4283025445716,154.06230036286698,29.70005358683335,76.8415523255947
206.88680007764094,154.45867248547262,29.69179350106054,76.04880808038341
201.36302509419573,154.21421724832135,29.36638868186367,74.91301072810202
202.05281089436954,152.8968484059608,29.58937327680747,74.34263602224031
201.26124252866268,151.08829316207624,29.5741702311819,73.16472717889147
198.36427786157736,152.5807883691598,29.04366286268368,71.76084594039158
197.9067274532047,152.03503474723408,28.407334020898055,71.30092352571208
195.90720860059557,152.02351951629382,27.80600689518088,71.32395398759257
196.0962222459859,152.48135547807536,27.427979604400193,71.93131262856961
194.60772234682136,152.52991307331632,27.355039430137104,71.8341974380877
192.37024728002893,151.71258188609352,27.263192049299278,71.94659397439246
189.38837468293312,150.02911407479712,27.138028921618606,72.26907543604909
189.60023316868768,150.18345384779974,26.714311950109526,71.96039589004386
184.97736580665747,150.57986667003274,26.884803665483027,71.16757024557788
185.64116731157375,151.11211384261554,27.06144906102599,70.10307590041225
196.98785017418862,149.9434980941459,26.75026852995317,69.45601603813058
182.71300441076502,150.25927610349558,27.23180242358365,68.82446001943123
194.73729630971613,150.05017949600548,26.81232767689425,69.24265323441142
178.39308776619586,150.18818289375082,27.043694662354614,68.96664643892072
177.78481920306388,148.46833752129658,26.78473265893959,69.45533892447123
183.17461396223126,144.91424944021077,26.35030365232607,70.65199479423069
189.15623988713267,147.4061673405634,26.284919410970165,71.61709279774885
195.9296005934026,146.95635247271932,26.23707451577659,72.51672253343702
200.38603233831665,130.7974412729132,26.395500866681815,71.57314885036048
205.58559830424088,144.9638375894874,26.505067834720222,71.7639675169049
210.92066369988387,153.64014810951767,26.37660456230382,70.97682400649674
241.0744690272649,148.89932677906677,25.763448646114526,70.01193708814829
246.54796529127458,149.30087000325014,25.088817202059303,70.67633079463354
253.3470670738963,148.95677522465684,24.673550940088038,71.36452035182018
257.9420530234482,148.00779207626007,24.28585219791547,71.7954411224585
263.15180769828316,146.70676647847296,24.129166046293307,71.46525711859047
258.4623583382646,145.1832457838029,24.756745724738607,71.59519216073328
258.43828420816146,145.27258004218072,24.804893984944915,71.41652364397765
257.6909046449276,144.56614944889114,24.829475035855474,71.3592067549997
257.1078968159047,144.59666273993565,24.525683075902872,71.29818017291066
255.71410114616606,143.89263172255767,24.386462000816756,71.24283600038498
215.54022967973484,142.46381650129055,25.88990038549299,71.1803070152086
213.52115714614638,139.56689558089374,26.955074035163644,69.54172031223668
210.73222006759383,140.08466327381524,28.08642153365291,68.50618492639371
209.57207833602348,140.3819064186062,28.919229243478572,67.91169863681174
206.43810655241137,140.3850851210037,29.212501515394774,67.90534123201678
205.45760880733417,142.0578057239254,29.67473512840482,67.55742378046214
205.91795921046642,143.55961296640055,30.25591428578081,67.55756922279299
201.47718431957531,143.14931429157704,30.064814542666916,66.86605831829064
202.3516383174819,142.66092538999857,29.814620421068334,67.8428361214476
200.97765757251875,142.75516240478868,29.545620329376337,67.65436209186737
199.2073776284563,143.01417791782427,30.084162992873654,67.13633106579621
197.09676092984182,143.03110888563344,31.299442651702837,65.59949226097797
235.21818357737922,142.43270492806238,30.15043881347224,66.79630017612013
240.03198082337926,144.11371116655158,29.51807049017959,66.43269642204419
246.41775724667406,142.6198808472572,28.609042056819604,66.45472595732551
251.81249015066425,146.25031570850183,28.08933663714197,66.5293993693382
258.7194696776236,132.98375275977298,27.406317641375217,66.80064515049202
232.46753801467463,138.76753353843355,27.681963885986185,66.83935405567908
223.6256090478189,139.56030109275412,27.89091727879704,66.71006099211306
265.52561203230687,140.73847127891293,28.659852450066968,67.26989100394185
262.47245618712606,140.95618511389534,28.846971366743418,66.834463333977
260.7938171014824,137.56156158532792,29.25063503862563,66.23967414259911
259.1445849541947,141.4013810579987,29.598479315097705,65.93658524251559
258.44072107528393,141.75001541542687,29.529176533730357,65.23931652765923
253.50659096113515,142.58791897113414,29.137610269887553,65.02919891512191
252.93114066043697,141.4314854756882,28.83274726746179,64.43053869836972
249.78990082184006,143.11025100711888,29.348353777919854,63.956444218876264
248.42735520674563,142.7840604519358,29.185691351079207,64.60882532924238
247.80054258505447,141.7539797808486,28.98881160552047,65.21848168247573
244.1556419375445,139.57474205553942,28.999143104293466,65.20927525534587
244.78141879637775,141.71023824331627,29.20353153597453,65.3061093278351
241.12794616803592,138.7956254300816,29.205773481306483,65.29157230522304
245.0035828164953,138.36222729376624,30.219114856826728,64.69759946578063
236.5823277960537,126.84035983332514,29.422938683642407,65.69297661907845
236.1159369554903,114.01650098162266,28.885309668711102,66.3437124894954
245.73110674314404,127.2555779140674,28.769898295687227,66.33238228930622
249.2250912029046,133.2503129600954,29.122821818563924,66.0883401050867
245.73001650618687,130.31509539203518,28.758643466925925,66.07531304514842
246.49726223074316,134.66405705497675,28.688409528996665,66.16293478636501
285.1185502895758,118.626611726247,27.58875051827053,67.48780122756062
286.26918716059015,118.97220391400637,26.751414252525,68.2605543283251
288.6355281007596,118.66321060919228,26.399083439207885,68.8785409379533
289.41511991661076,117.98274827927952,26.302577416206223,68.77678798907804
305.6688013655286,117.61534028619387,25.903865103478086,68.05211985774449
307.3597360488524,116.66834091926985,25.405839704925008,67.06227462349798
307.6968508588151,120.42487431257183,24.731610084999733,66.64305258426401
307.8374321673845,114.44436706828775,24.450447467860837,65.99850684217714
291.1569636397699,120.37338664448806,24.539833914525648,65.23098455929798
290.5546129239188,121.97569764956258,24.367608176551276,64.78021688850217
290.549583300122,118.61366047051743,24.377667424144818,64.66746878666845
290.6312034606964,121.39812199445677,24.214427102996115,64.56226184831318
291.34792872230884,119.76932171192631,24.14245866555079,63.735416156035484
255.29975246754432,135.3871541006751,24.777248758555686,64.8597041709262
251.11728602146053,132.82592853976507,24.886956429176273,65.85454268197276
251.52519361255833,129.5407530569977,25.463255997362356,65.46431989559927
265.1046554744789,137.13473152894773,26.241540378552763,64.24496700421491
272.6888807485357,139.18690958949873,26.39840780297311,64.32024305744036
277.5801693387631,136.59412735104905,26.39544064431774,63.917458950454346
287.35533836324987,137.3901809251883,26.32224793535082,63.71657646931915
297.0987236166088,132.39619066612,26.253838391714382,63.995376505915026
305.59065858377903,128.6272546672521,25.947939340017594,63.19426306232903
337.82663168531246,123.4375868926782,25.999346575351808,62.59090015387661
350.2006236465206,127.36411626099313,25.822192259410755,62.928117952738525
360.4188891508709,129.9443802960019,25.88710137095422,63.23464058145268
364.5101676942763,125.35104421710886,25.93856798698136,62.81495175259458
372.8520755410789,125.51970107428656,25.661145905166713,62.4776380382392
376.5718923781294,124.4222917200162,25.00852178903815,61.95765292359091
386.7643000997958,127.3760300298778,24.698007806797122,61.40332336015889
391.3493857806784,131.09814433520543,24.80119874147497,61.907691003597755
398.82352125480287,129.3290751397452,24.52549003714988,61.44422150981164
404.8389389234542,132.35132183928738,24.395139960510697,62.01110881109593
414.9122830577963,130.76444075878084,24.169975442490244,62.528667805353834
420.2569056871287,126.42696327321013,24.132776856620932,63.21458777189855
430.39328382038184,131.51711069918724,23.970299370458655,63.7597749361278
439.1789306569299,131.34189169410567,23.891583814339374,65.45579587836609
438.40505596713507,131.75516159074812,24.070879244983196,65.99771003402701
438.42803772700364,133.29947424803223,24.024915725246025,67.04743170598123
437.72691588178833,131.29319531583263,24.033530853438833,68.27273244590481
436.88336123126686,129.47287013993898,24.309352083008115,69.09080665474471
430.8600169456695,132.06858705206747,24.932217590486687,69.61128436234577
425.40820110576345,132.8034097963641,25.708854409198153,69.58835242533833
421.09885507277744,128.49560791723445,25.564967847976504,69.44137755640386
418.83626530825796,129.32117423949137,25.722962763556218,69.24597311637646
417.2321837040493,133.895278576287,26.019564819669895,68.832447899696
411.410141326108,129.28164682346804,26.022085302901875,69.32853820084598
410.61252334131194,128.22661553270575,26.154967582271027,68.51389340192469
410.59301269418216,131.39736853964004,26.19398887653066,69.43768654450527
405.51694461595537,125.17798752921941,26.077035022377018,70.14034569608114
404.63167532832455,120.44976594465672,26.37259658122669,70.74692676673534
404.7794989031301,121.20335132803487,26.076949431615645,72.21774690076732
403.22263759392575,124.47424020578899,26.181255942165635,73.19950941490579
396.1385084861775,131.6574642910544,26.6638273383766,72.51874806366054
392.66060095225606,132.3344739244443,27.541142202983487,71.16472879688075
384.6388529791695,131.81034331648107,28.42467750291691,70.69699394818326
383.9037283275041,133.18034166465094,28.369856297628978,71.0071382690808
383.7837792217854,132.62219450223034,28.60975450906637,70.59487519667042
381.35921537041986,133.34660985247095,28.878185107639403,69.14604449618925
380.6191571918106,135.07815853724517,28.847526355162145,68.70449734603245
375.3607506260778,135.1107015971348,28.837355987631454,68.63941122625319
375.13031710383166,135.224393772452,29.298223032123754,68.4120268756188
374.6251195771748,135.56904882144332,30.308618085437423,66.2151093898273
368.7244282723844,134.56318968808517,30.16173039748889,65.23976008216127
377.5800606140045,157.56497678781773,30.17180285917223,65.01630684041535
377.65909517798895,163.34635051492774,30.013733731203242,65.24318248941462
358.9615748602041,133.68627528933166,30.55282558610854,64.119576940317
355.4032925702677,132.5458480306068,30.33294438664672,63.465853146032956
354.2511173522731,134.3809491440378,29.72944445114382,64.15742647640913
351.78226020809944,132.67068600740419,28.85328135440593,64.67101405713375
351.3016720473045,131.46237970567327,28.368889057347978,65.64205804194779
351.3855612039177,135.2015638196873,28.20111074412162,66.87032186444891
350.5367010665088,130.65676044216792,28.432931166087126,67.16452950237402
347.3708818965536,129.3213445158576,28.86753737996655,66.88684529197921
376.7483555777652,159.1816468630109,29.22973491708516,66.28338549721441
378.6916898019603,157.94658915675882,29.76979347859959,65.80234956978208
429.0994693883904,145.29588004670617,29.464296521931765,68.93243053631556
450.2217671971185,145.9151627451845,28.207624190236288,72.2480788377768
451.1811990694342,139.16826568749633,27.832265001464425,74.93734106213635
451.280111563713,135.9272381310795,27.634440012906815,76.69336419780777
446.3006068783335,142.22295869167385,28.012050599226175,76.87712145587184
442.58926349684964,144.72798981965033,27.40293652385605,78.29249987058915
449.0833096460999,135.08832320931896,27.33918809769701,79.80086026678224
450.10493363366015,131.2219727910241,26.931836447644823,79.35407947803034
450.2414905520783,134.42384673644673,26.658722610808525,79.43872636507713
451.7908102968666,137.64758083290755,26.79671339666134,79.46451872301412
451.62629692412156,133.8287604670179,27.125740142151393,78.99613844863487
449.82225488854743,135.88354392312877,27.492755589976966,78.12764015973579
448.2138012421677,139.51706609301348,27.480019184933465,77.3198832155724
441.70848864917156,145.94841543168542,27.666204604581306,75.67856933377993
453.7401140402033,131.9859650219909,27.34733646292355,75.11021098468198
456.26350174807976,135.16337860380946,27.00774839313678,75.03163361566655
456.35792643192667,133.01133623870368,26.81889902544293,74.65033732650969
425.71297952019364,123.84712394165854,27.544821384253808,74.3436937776292
422.97296455400243,124.02600840067531,28.33988147216741,72.42426824477272
422.9611205920625,125.62080620199671,28.363569396047332,70.78307781477822
455.4089223264906,135.88400810563382,27.52719479002468,70.08453056028583
459.4709204914771,134.17474061877877,26.90431632945699,70.50261838623386
460.4341473688569,134.64840119345638,26.47292298846259,71.05035765064392
461.38782913959267,135.4779480121252,26.060710710525697,70.88641527684085
461.6050317899864,135.40903677315407,25.62630540973814,71.02423775478317
461.77759094122183,134.33914653620158,25.281187107267293,71.68453409019145
461.8956587766885,133.44163589913228,25.045051436334017,70.51423265788809
461.99410923439746,134.7580479814529,24.84815052091608,70.80473100994918
462.1703384174723,133.8572303379869,24.495692154766395,71.1441319404723
470.8637977344385,137.3307655790005,24.636734178609405,71.50037839918487
475.15698433719155,133.51212828677308,24.860235273970822,70.32777868277233
484.6453833706939,136.90191634963702,24.80681064523579,69.37077899958894
488.8935779952137,136.32928389087851,24.956442595920528,69.0750403838185
498.2589605813834,136.03393649858126,24.938997079489013,68.22624904103556
503.88569989151847,136.4441055065982,25.101747117106896,68.83293960723769
513.1292349356199,136.73479473475095,25.31714664888053,69.69021266016117
518.6821444464898,136.0986094484466,25.849815335951035,69.50777226916854
530.28534081311,138.1607509301929,26.032513785147678,69.76894390238293
533.3625287837453,140.9391545849018,25.7535510622726,70.08754981136077
541.5143948995312,140.36121103216777,25.602041512939063,69.77505303662528
547.2677568622818,140.334929795753,25.78471223165691,71.28878983998217
554.739214640404,143.59275334510377,25.703141102476607,70.71768051210637
564.6040234122646,141.62004975131902,25.16789469217941,70.23361743811645
569.6315022816466,141.83002866746276,25.332089472185977,71.27353853708196
577.7485082338717,151.2836449979116,25.352946491000854,71.57660551277027
583.648273795826,141.51325029824343,25.41279782509509,71.84589841785201
588.7096867177767,137.5285439873112,25.701458119315653,70.89118006418337
593.9893260543157,137.98268600196957,25.494769227552936,69.9828960348666
604.019073601002,138.49165900403554,24.444005785248123,70.42716015773988
607.3381765815158,139.28759812818816,23.603788065035644,70.28477896963842
599.6824707688681,126.15901990481214,23.161622719348074,69.33121155742033
604.31390159898,126.72128848310813,22.36166292400383,68.20667440082835
610.2780322660591,127.78445421076741,21.472082835984402,67.46017810127714
613.4383794867524,126.37890877305436,20.56292927859633,67.56549853470395
590.8169597935732,144.17497859516897,21.665233239299123,65.41315845536539
594.614859518775,146.26924072128304,22.03349121684451,63.879320012453576
570.0168928254485,157.3016706535634,22.67719541119357,62.81001871753777
547.7618197530506,146.89015347534416,22.693520560097383,64.00342616402392
550.2345292928528,143.78025738755866,23.052073461612554,63.593253363195615
550.2325036223355,146.3806684585677,23.056124802647258,63.69893960104138
559.4660092503634,146.8170505344846,23.1840807476166,64.154387392138
568.6948196643777,149.91818069905008,23.445033051791658,64.63733175307974
551.836553015847,154.51645753908085,23.44481939756134,64.88146721937989
566.7873444943775,147.44725791612518,23.290702859232148,65.49829082041312
550.4203628594048,133.2523533127443,23.42831639007049,65.36629400545615
536.1088779534934,118.14953901170745,23.5166966210915,65.67854304669021
528.6086524677227,131.03661324400923,23.50375005694771,65.83662668918001
508.43720561441296,129.11502816680246,24.20715946789874,65.5791605371451
501.3216551432627,147.11402033840366,24.679064934053876,65.35508443192042
507.3743932392421,141.00821165231685,25.004498542483265,65.13579200370592
513.9350064361979,142.399101813328,25.722415897714434,65.12184043151214
488.30583328722065,129.8285630248656,26.704023131553836,63.72797239126508
490.0762863086437,131.00746879786794,27.345020818008134,62.76412875502716
512.3187109507018,135.60061262616236,27.383884666889564,64.70876938168773
536.3880686391414,150.51311084868541,27.531526359742927,64.70769936206452
551.4092632973552,170.86798474289856,27.367631100683383,65.25872908143253
537.250443534111,150.79640545098178,27.12838106656492,66.85008675844698
526.379623116839,154.8425711700492,27.171787354924966,67.43704913878578
526.1118344504064,150.49377353819574,27.707364687790125,67.39997451879779
537.8058485933352,147.8714832243298,27.75583453708679,68.25021174618824
525.9306637500828,149.80732361422469,27.859779307318362,68.81223563819972
537.0358647790133,159.1755088380718,27.96715264632605,69.4179372011249
539.8549097236711,142.65924266990086,28.323025483828907,69.4836745399653
533.9051997955424,147.79045679567878,28.176215626636164,69.76169728767812
539.093619640583,148.84449270837715,28.349562033998755,69.1607949047734
532.2608376304013,148.73122836349637,28.50076105533344,69.38732359453499
537.6834671124062,148.69695288167665,28.2083673817549,69.4558745581744
533.8456966725996,147.22733061319576,28.367227102829993,69.38844663172095
533.8687113272626,147.16983094252868,28.321197793503984,69.50344597305515
531.7076357798173,164.20272619596415,28.1252554258357,70.07637201246773
536.2256332644929,147.5240936793293,28.154015083594345,70.19620341300127
524.689351647786,149.40389034189235,28.53111439256962,69.462671944467
535.9705317238956,152.23061943921255,28.60643401244377,69.8459283557182
538.3929054845926,144.48453317759734,28.309821677068022,70.17765025888862
542.2235727928934,146.00205892755713,28.226200810696838,70.17368425906116
527.9572838032875,160.2193710321191,27.992884267485284,70.50495457236042
532.4245781896208,145.96651591409244,28.145881083061536,70.23331044564483
536.344589381411,152.7734550853765,27.87295883038898,70.24021233871078
540.952127452835,152.56237117803084,27.709756660580144,70.66238015340205
528.000981777936,145.9039747724726,27.911476267759497,70.37298792430875
536.4080508260207,149.7372555409763,27.721024666337193,70.26264752127729
537.1700492777496,150.39332198959943,27.703280059656137,70.4567669208079
535.5935195526677,147.49067795544264,27.838886869554813,70.22714970859118
537.8076606078547,143.78280402244425,27.93415127038641,70.10365338924551
537.8298845940667,147.56586935200167,27.889703297962274,70.07639194531136
534.1279221965268,150.50781640781582,27.760689843358172,70.21884843343017
534.0987832952962,145.96919336297194,27.81896764581939,70.25810483351756
522.034334860792,163.36074898590738,27.82085457573953,70.15757037508624
538.5823944943305,149.91492962335923,27.868297821897755,69.93174886208104
527.3153957478521,164.09826806153706,27.84043830985213,70.14342419206214
538.6476008576398,149.13315075112104,27.77610826704992,69.94021857719653
535.6935387659731,165.41277020320518,27.67383701416186,70.4381545722459
537.2322344344872,143.50992673643282,27.61230944070717,70.51381693397504
541.0113144125982,145.6793241628212,27.593741323908542,70.69877718485225
538.755349512714,150.00493933353837,27.574938282202247,71.1090125263667
536.4571639043538,146.93169445768206,27.623904472516614,71.19229557620457
538.7407487539622,166.59239478384558,27.61036221015362,71.33566604327589
537.8979633508663,147.70197821798024,27.776240555158033,71.12418764532262
540.1646449222089,149.19513335785211,27.80175715346069,71.17713052623746
533.2420546803007,151.51601798038217,27.95933767882307,71.09789460066204
539.3512982497173,149.7001072871724,27.921059553818978,71.68466373362435
538.527583927658,148.89315567092004,28.038213248128393,71.76829201631993
538.4956282727801,144.46124068248247,28.102124557884302,71.43067093205194
537.7355189111105,148.4065552671883,28.092477610971063,71.18937011390175
538.5027638618907,148.3441420516135,28.08421082454295,71.3141965450514
536.1393495891427,150.7201119489752,28.227428261879616,71.14586785848722
524.5615627596895,161.62049211299106,28.462854528777953,70.73724509632969
535.9078424459191,154.94349494377323,28.665261461515176,70.35425965164755
535.1500549164409,146.42887941519447,28.65641630031714,70.61486828710855
539.8440060394764,144.73091870094362,28.436624697679818,70.95475283446571
539.0411822883453,150.91159556392518,28.513277167224686,70.82535937024214
531.4265493198178,153.06605623719256,28.45754994804695,71.10193597057719
528.303207793873,147.07963386770797,28.578283459619794,70.82288162891243
535.114945666801,151.16149104322844,28.721412662499716,70.30728113828029
538.8907112009714,148.88887544170555,28.793594596911465,70.27828453967459
532.1019829354358,148.83595300038064,28.640570306292418,70.38412942232443
537.4824605325975,152.67537984135868,28.55049262717138,70.32733110837022
527.5364461598012,169.34829776689585,28.656674567355395,70.46523600491052
534.5436669952413,150.8257477815862,28.375033764908693,70.8895336597069
538.4261647857671,149.0947761786336,28.24482274781319,71.2975630400296
536.9403325531605,152.0291688785436,28.155481123432608,71.55078981939769
536.1502146705974,143.45209190626053,28.20316944780491,71.84692191567129
520.7812276425259,161.89623574237334,28.187973256598248,71.86243854026523
529.127508052756,172.80159272048692,28.4091182112282,71.57825920687968
545.3786378868699,144.51919570379016,28.193885978756303,72.79386335040569
544.618073062488,162.5514538816322,28.16391558413811,72.40464799250853
544.536051396598,148.1655768769796,28.327958915917783,71.82194514962345
555.4332168837794,166.5680333727745,28.087074631255504,71.96579791180595
534.9812010657255,183.06325173851405,27.484310272552914,71.25842473184613
531.255857072589,183.0757766782011,27.353386391820134,71.23337485247202
539.6077741890608,179.3947804715205,27.29929818371481,71.02730089090663
546.4366121085623,180.25076089378288,27.228778314822662,70.82502404306086
557.1383888130755,187.28861912219924,26.902424848949323,71.8044504027661
558.5310938750293,180.82584703793927,27.144407263758886,71.10672814705754
564.4600366216705,181.064978439817,27.350863592646338,70.62846534330207
544.8801685625338,164.5058880585033,27.38367572855747,70.63924889008422
532.2162248091473,159.29817118472113,27.115940620028347,70.51530861958308
548.7533557615179,167.26518414711467,27.02061550551016,71.07075108990753
566.0357855034244,170.23150953232167,27.07770158479956,71.15930824351136
570.3047140211461,171.94423261817002,27.585435856756053,70.7490591742812
557.4563741653152,156.03278042321352,27.59820777360845,70.84478334707681
543.9035868290887,149.5812485787641,27.480178481458278,71.64846749615201
536.3875727852326,147.69826145935002,27.29372495076512,72.37074541129908
541.693456966933,148.28587412321792,27.38397036757419,72.72437919502184
547.1183187213738,148.95732627430954,27.283122608931325,72.91702857144413
558.692570038553,160.1942768790695,27.182109216641688,73.49061660399272
555.4559004473674,146.77711757014868,27.483866339871845,72.55281595569997
559.1813524155455,150.52267483819531,27.707415891775213,72.73615490786622
556.6229262233787,153.5202861490622,28.19964956726586,71.36555099497534
561.21433080843,153.39313407415415,28.20088112647456,71.61985514479149
557.3159387699649,152.54983754529468,28.32590148142754,71.77209545811495
557.2155211621731,151.96546795858592,28.52673669701116,71.40205644228122
554.7439628441921,150.06503807201426,28.858725533680172,70.59178841613165
559.4539688578162,150.35772119525635,28.62644133634813,71.53771014130018
557.7883186623711,148.88238200717538,28.876191487248647,71.40683827747263
557.8640984125485,151.33251579903614,28.724631986893844,71.13660574289752
556.4065878947899,155.93492621204268,28.566151561388605,71.1522892999516
558.7139339291168,159.11354353244258,28.553910378458433,70.9316558401165
557.0848709924766,146.8399031107685,28.75052665230205,70.98685988797058
557.0915365458312,150.04646588927505,28.737195545592876,70.71395439516876
555.6352449721587,147.388999250905,28.588008330989215,71.43623212898592
558.6000913236379,151.72002604118262,28.812828833501687,72.0059483566371
557.8215854416568,154.78081246373046,28.818998119489883,72.0877454234375
547.6585791671844,128.7969727635283,28.96731973012409,72.83513244197613
558.0540880529719,147.59089552656832,28.528259178135468,74.3856661843317
557.9293029355914,153.13047443867546,28.777829412896367,74.36620163766031
553.6319339192078,151.44391555424596,29.45179437440016,72.98685556376122
558.3352440671082,149.3311146117112,29.503367041071648,72.48336096759462
556.7966672375618,148.31563601896391,29.440460723249508,72.94428816463179
556.801171607656,149.92876966907602,29.431451983061073,72.86912146336624
557.6287582090798,150.60492993081422,29.350585752834938,73.09110791251125
556.7053143560021,150.02476846771344,29.621411577682995,72.67536895740531
555.9033104894494,150.0002665064282,29.65052006204077,72.72437287997575
556.0475567637444,153.26155131492854,29.362027513450883,72.5062985300138
554.4144832083862,156.7110030017453,29.49248903804813,71.87876632861816
559.2352172672526,150.21750482865582,29.21774251044078,72.37680055462994
558.6204254770613,149.0111449155357,28.883920476401794,73.22611476644859
553.7530275419687,153.8183934360332,29.20070274444168,73.0296313275989
557.6735323039287,148.87258381165594,29.222203499418608,73.48623824167717
556.1884797726534,149.58049337295483,29.033393528771636,73.64987663567805
554.7187850212732,153.38798906538693,28.81591010227006,73.92706757396911
557.0101941971272,154.27202445139505,28.968676642352534,73.73752509921637
553.609584941023,152.3058656987264,29.45573920114993,72.93422563949541
557.4294721724215,152.02540273432064,29.694353368322638,71.91947384231297
556.9442630126792,153.3178442231825,29.099475210745133,72.46518381871336
556.0572709886814,151.29544756122766,29.31088994382704,71.82226919788147
557.6472015115218,150.65397237083843,29.24517758438686,71.54814523553968
556.2425797632529,154.31099198246073,28.950515048798813,71.99387109260965
554.497673063684,151.33523775520644,29.33407780215395,71.73287825555312
559.2655506355784,152.0468120513789,29.1355128896276,71.86592803508523
557.1175959363532,153.30995459212386,28.76768135922407,72.44880357283138
556.4393974448848,148.0316342967795,28.567668695078105,73.66698628102381
558.7101676811036,150.17902578187005,28.73715751949313,74.08323260769555
