59.0,382.0,43.0,66.0
58.727038012261914,382.2952014991921,43.54592397547618,67.11655213500143
57.718799876992406,381.77159432560524,43.829595028172804,68.16376648217522
57.72659489839118,381.54602179893146,43.81400498537526,68.61491153552272
57.65922924163157,379.77090872962606,43.948736298894474,68.64567423752098
56.873261362768645,378.7023695113023,43.75822763798933,69.02030825553749
57.01641646988639,377.42885068749166,43.47191742375385,69.80248016767187
57.10478153543812,376.4332890661829,43.29518729265038,70.02184386727684
57.102390922745315,375.73895460998585,43.299968518036,69.63844486606558
58.035537431042336,375.57181864435177,43.200100428704744,69.9727167973337
59.69425063659452,375.4385506231156,43.422149574988886,70.23925283980611
60.53426836731536,369.674224375684,43.51955872698509,69.32579304060403
61.6586915852245,369.9522864988911,43.03614901146136,68.76966879418973
61.54150175935849,370.06684276780476,43.27052866319339,68.5405562563625
62.239231564475624,370.2007308366743,43.62459491893513,68.27278011862339
63.06136105291919,369.6348075891182,43.73177896910117,67.65318358668242
64.0786188503559,367.89353184980416,43.44121487892177,67.64783205592258
64.4056003894827,366.23712841891637,42.787251800668145,67.4825997900494
65.33912684731206,365.49936717127355,42.64581059812103,67.23251057222356
66.24739084596114,364.9138122392333,42.54878585109361,66.68411718603329
67.19569315890021,364.35896847568193,42.3618546111807,66.08413132717091
69.86270019853343,364.4090558571513,42.12053593789474,65.98395656423212
71.82711723067817,364.5470493794342,41.57576522514131,65.70796951966629
75.32362091447963,364.5458622458844,41.29791021472089,65.71034378676599
76.53855853251963,363.1195603952585,40.54220514034904,65.21460716460146
77.52165434755622,361.7176208337973,40.230105769621964,64.71030176883161
78.60452472530899,361.8553827633137,39.705689885507894,64.43477790979888
80.20738456753224,360.50867888399324,39.75678420511507,63.871371664386025
81.075280369745,360.530423766962,39.6418480880292,63.82788189844857
82.03256768650726,360.6461397483905,39.34555085381345,63.59644993559154
82.2766132296018,360.62704065688945,38.85745976762439,63.63464811859367
83.29544042611317,355.64932531042524,38.422019952205176,63.97679134590075
83.25146864368497,355.202807839848,38.50996351706158,63.26984992710078
85.93616361745427,346.57618291982897,37.91336537987947,63.02286312916493
85.82831957090937,347.65006415729965,38.12905347296929,62.452303590026936
86.66738030566373,343.6580939347645,38.02326899090966,62.57455909785173
87.42738556927391,343.0343045747763,38.0756370346173,62.249759246900254
87.56987175937248,342.41062004462606,37.79066465442017,61.92870911358352
87.59738188692322,342.2604364511068,37.73564439931868,62.2290763006221
87.74472696675988,342.4971498572581,37.440954239645336,61.75564948831952
86.00740377519855,341.0002119690603,37.81485119747118,61.648775839418235
85.9141090043952,339.56234020917645,38.001440739077886,61.41437298554109
85.1543783999623,337.48763931184374,37.966190535406064,60.89964054259357
84.45629523940805,337.5536338173867,37.815922072087794,60.7676515315077
84.56798049952201,337.62268395397433,37.59255155185987,60.62955125833242
83.79424819558002,337.5397096435861,37.60388422578889,60.79549987910887
83.64303765362631,337.56301654858544,37.906305309696336,60.74888606911014
82.76927204081659,336.8530327721468,38.110657936128675,60.625675022800365
82.77929593919663,336.2899869258064,38.09061013936859,60.20700346644088
82.80219889405436,335.53227047154144,38.04480422965312,60.18426904355013
82.81008726851488,334.1206593120666,38.029027480732076,59.93337043675442
82.6795643869363,332.62050210736453,38.29007324388924,59.86759830193513
82.78304526266623,332.6475702722638,38.08311149242938,59.81346197213653
82.64953501358474,332.01244788439215,38.35013199059236,59.551553006690284
81.1448682548877,332.0684161277285,38.294077321093134,59.43961652001754
81.1176921844949,330.69951051032814,38.34842946187873,59.11726608386607
80.40137681801917,330.72704573607,38.25490403535118,59.06219563238235
79.82624299595838,329.25164930689806,37.88140155569204,58.96544824316477
79.79906439681511,328.7852637840209,37.93575875397858,58.38213460927497
79.02599692604095,328.79999593642236,37.973644692131984,58.35267030447211
78.43287666387326,328.8364675701189,37.65144632721925,58.279727037079
78.48129836565627,328.3015748569491,37.55460292365322,57.84754248112488
78.5052558585255,327.6252441391709,37.50668793791477,57.7063291391173
79.43092783816837,327.6664108963317,37.14630188635421,57.62399562479572
80.32653597913352,326.88686477619206,36.838795508166854,57.69937796133198
81.09999979463284,322.9967228581746,36.771569146163216,58.08115545239187
82.46368797373422,322.92491418384117,37.012772288932105,58.22477280105873
83.20171265328928,322.79880599240806,37.02719759443622,58.476989183924964
83.0526547540791,322.83385932162923,37.32531339285657,58.406882525482644
83.14314487905388,321.52734650051303,37.14433314290701,58.02305401764782
83.11109962653143,320.1305662946456,37.20842364795193,57.837304731728395
83.14527035524088,319.5358260328098,37.14008219053302,57.53884186862925
83.23862776067514,319.74479436051064,36.95336737966448,57.12090521322753
83.35548427608698,319.04159320976134,36.719654348840805,57.05435831040816
83.58266172977912,318.22171465372384,36.26529944145655,57.22606517453034
84.47660733137295,316.9119547307041,35.9404331510441,56.919535195019414
86.02655978885434,316.37430968131264,35.746531743645804,56.54182354002011
86.20143339711481,315.88238137897383,35.39678452712486,56.08157367974759
87.10985796413736,315.8993743226074,35.011302806254726,56.04758779248046
87.1783997554819,315.37801425524503,34.87421922356562,55.6659082514648
87.38669057166237,311.24858002866824,34.45763759120471,55.42638423389339
87.46384829816039,311.2991048680693,34.30332213820867,55.325334555091175
87.81357103954947,311.4948840914039,33.60387665543049,54.93377610842205
88.6989888080012,311.4331530611065,33.21718243470533,55.05723816901681
92.26602601148022,311.0035166472356,32.9804610241973,54.53704039746867
93.19721841277874,309.1436764486666,32.48581261432483,54.15351161643298
95.25853181162225,308.6909458684977,32.42425481988754,53.70528310902091
95.09111765844162,308.1097846305831,32.7590831262488,53.521625399094496
95.15753480350617,308.3011336498789,32.6262488361197,53.138927360502805
95.17603967699526,306.1335889290148,32.58923908914149,53.451195901765885
95.14659752572742,303.30300632728955,32.64812339167718,53.73246801877205
95.06859503270255,303.3780023831629,32.80412837772694,53.5824759070254
95.09419735131578,303.0406430472088,32.75292374050045,54.25719457893351
98.41441103451194,303.0836886281799,32.911175403315426,54.17110341699127
98.59251634777661,302.55898467555227,32.55496477678611,53.85939235667897
99.30655373999791,301.9693811278911,32.477367156051834,53.68812228829307
99.25017033341847,301.61540529641536,32.59013396921071,53.049454488976835
99.25871919551996,301.21550594543413,32.573036245007735,52.51025435222617
99.25492955186297,301.2184557282493,32.58061553232171,52.50435478659584
99.17971737996207,301.33893362099576,32.7310398761235,52.26339900110297
99.17424345910001,300.763159280432,32.74198771784762,52.085317930277355
99.22899666649597,299.49444034993206,32.6324813030557,51.9684521683229
99.28940993969422,298.3881971552914,32.5116547566592,51.53379835871219
99.4787121377581,297.87676890815743,32.133050360531456,51.24160674399737
100.19491567839263,297.86322822903514,32.00498050867944,51.268688102241946
100.26459454820993,297.68528650407006,31.865622769044855,51.62457155217209
100.31542684300189,297.7231176117634,31.76395817946092,51.548909336785385
101.04538565306524,297.65088180412226,31.606772401946277,51.69338095206777
104.41389941634738,297.0461600292839,31.380964410754206,51.60058059467003
104.37590666341832,295.117768329448,31.45694991661233,51.566180048601055
104.96213058788473,294.3860562963993,31.582329515892816,51.73177666648506
104.96569344310115,294.30641915454675,31.575203805459992,51.891050950190206
104.99398793440554,294.2558575576278,31.518614822851198,51.99217414402814
104.85551599924757,294.2924566122501,31.795558693167116,51.918976034783554
104.85567587706858,294.3291269739513,31.795238937525106,51.84563531138107
104.65168663748221,294.39882920112905,32.20321741669784,51.70623085702562
104.60423438592903,294.30459668018517,32.29812191980422,51.89469589891336
104.59173039911083,291.71222124643526,32.3231298934406,51.81200008925779
105.3501391905436,291.60429654224396,32.12235845423731,52.02784949764048
106.9517528522384,291.6633371211568,31.550928350391505,51.909768339814676
108.39984147827799,291.4893340307712,31.263809238053547,52.25777452058596
108.4374183808705,289.50933376560687,31.18865543286853,52.303161109023435
108.62746909195737,289.5493699998703,30.808554010694795,52.223088640496584
108.6900678232667,289.440326486632,30.683356548076112,52.441175666973166
108.80250433154481,288.9071972119856,30.458483531519917,52.209645716611135
108.81621284571696,288.3055462953789,30.431066503175586,52.122402246211706
108.33301363818867,285.77351293980865,30.108678628228112,52.031323797336
108.40658938974056,286.68212305990477,29.961527125124334,51.496077417844525
108.45633491800659,287.1651577304282,29.86203606859228,51.80154895318942
109.1748364252376,286.6185423463535,29.699418171566144,51.62039460390304
109.26978850495425,287.4160111703644,29.50951401213284,51.29439847269913
112.39428047108666,286.72865781358087,29.56497031970334,51.40821713829915
112.92035327645745,285.5420707940839,29.776340537825696,51.254359519565405
113.66823285203148,284.41157664879796,29.545399124618726,50.985712334254984
113.57938971398397,283.9151938657679,29.72308540071372,50.721558244101466
113.57764336324975,283.38785974688585,29.726578102182184,50.520217873977316
113.03103226265674,283.4125752211128,29.56672255965828,50.47078692552347
113.05684674865424,281.03880462591343,29.515093587663273,50.21976977294073
113.03446128296717,280.3238244123875,29.5598645190374,50.40469143434373
117.35938701359929,276.59369811200037,29.649808351686335,50.37369092604958
117.44355399380879,278.488216179739,29.48147439126734,50.33346419455071
119.32116979657101,279.29885956766174,29.46471758222549,49.95833568419947
120.0688071783969,278.31355378325475,29.20974645144991,50.688643620137285
121.28646947320033,276.59906936734797,29.268070209316885,50.37713993074018
145.91597118861824,276.9367549924955,29.73679733609561,49.70176868044519
123.09990523248767,277.91193686651013,29.448808553151743,48.992489275529636
123.99662444229091,276.86733999530344,28.881043415100685,49.85600973638758
126.0339406484826,274.6177976101266,28.493126622663098,49.43947368014685
127.35986557644507,275.44189897382034,28.273581072492924,50.223575258514195
131.12921485169133,274.3467017378371,28.07908481884924,49.96590229819764
130.72671339396527,275.01448578243827,27.667175291712624,49.847246651584115
130.74636495092778,270.1869137902077,27.627872177787577,49.837257903648826
130.73874074294585,272.6500984717084,27.643120593751462,49.74018396693955
130.67839757731656,272.90447342763076,27.763806925010016,49.23143405509479
130.63243162707658,273.07590999026377,27.855738825489993,48.88856092982881
129.27729578335646,269.6830334495119,28.171668981713214,48.491289417681486
128.65393524428347,271.5616215616874,28.221748195837097,48.32403878539674
128.03452287204726,271.06233443005124,28.265564828273035,48.12760493663258
127.4254361071121,270.0363230010908,28.29090514679293,47.79396137185258
127.48761900770633,270.0254640486146,28.166539345604484,47.81567927680503
127.51278073095303,269.1278253763895,28.11621589911109,47.2379053298698
128.13957575983764,269.86819414393426,28.03971443700327,46.93425639044174
128.71834954845954,268.90482054301606,28.05344837854011,46.518440554716925
128.67507949568898,268.99875837791234,28.139988484081226,46.330564884924314
129.21349431719182,268.3922675904354,28.227143890175547,46.37956141077823
129.09316580001328,264.5229249584082,28.46780092453266,45.95497140045023
129.20062382233152,266.3861746851138,28.25288487989618,45.72015853248564
129.73892414735997,266.49400908504526,28.333066357847812,45.504489732622744
129.8578288343743,266.5923113911491,28.095256983819183,45.307885120415065
131.58016893613086,266.0075595777466,28.094523061726356,45.32940665341347
131.4305552274006,266.4454943529162,28.393750479186913,45.60182813707568
132.59830857043818,265.79447346441003,28.37300433309279,45.74648964409759
133.75166432926827,265.33687505287736,28.38467689063794,45.502494429560215
134.53936281090822,263.4801940322875,27.965024425399,45.74862297661694
134.64466348122784,263.0147823799558,27.754423084759758,45.527077932962115
134.66849069621907,262.6914141248898,27.706768654777328,45.028291376816604
134.540171896342,262.83988895772984,27.963406254531428,44.731341711136466
136.4557389776394,263.02796762999185,27.54375224555984,44.35518436661243
136.44887320750703,263.1828041290653,27.557483785824637,44.04551136846552
138.1218211648498,261.78784321372547,27.5719102845497,43.47511078573462
138.77552723901044,262.0010819815449,27.376319337629024,43.04863325009574
138.79747963644976,261.64170492285143,27.332414542750353,42.66521993911765
138.77548183036436,261.66963491922513,27.376410154921217,42.609359946370205
138.82337893657024,261.19948033104424,27.280615942509446,42.454077165067936
138.90922417328483,260.698251171907,27.10892546908025,42.364869838126424
139.37511768152177,258.73786637069657,27.264599297546408,41.93579606078714
139.32441569997434,259.360372804353,27.366003260641282,41.77441297786197
139.95271390280928,259.31823353491353,27.192305511197453,41.85869151674097
142.84198417554188,258.83116114673953,26.820103669217474,41.751568552391916
144.0043762220768,257.8785039452218,26.64221864041844,41.50998389115661
144.03561525444545,256.2723919648507,26.579740575681104,41.52163049329653
144.65133917482316,256.3094514720178,26.414282293948663,41.44751147896231
144.7268513736879,256.16369602464397,26.263257896219177,41.73902237370994
144.6904645659728,252.75461689287238,26.336031511649345,42.173501457938386
144.7797689540338,252.7514551179613,26.157422735527373,42.17982500776051
144.75831095351472,253.30107423843225,26.200338736565538,42.14934338349131
145.26525360900035,253.99878554136623,26.255475269407455,41.82294262143655
146.42035356275218,254.13725611430942,26.075416406952748,41.54600147555014
150.07162635069648,254.08120882629945,26.178268551896366,41.65809605157012
153.79441778406704,252.15558731019098,26.161875897130425,42.325400421511944
153.71575976794514,252.73184476054087,26.31919192937422,42.24388969629341
154.2592713157273,251.31010203518366,26.304596731826926,41.87009145295676
154.75841647726094,250.89982760023415,26.372904777177812,41.62404195443759
156.38717670494535,250.4026396400731,26.307573593435336,41.55435478421752
156.34047651403571,250.3503200471953,26.400973975254598,41.65899396997311
157.2104749062605,249.2545176521159,26.79108865698943,42.785543027039665
158.1955909861314,248.56736582370806,26.997722569165443,43.07141364789647
160.4167243342693,246.22462378203124,26.940130014922737,44.46839212472523
160.7662512661746,246.02905382842425,27.35711804874512,44.859532031939246
161.14941555560281,245.87811498425506,27.719678507038694,45.16140972027762
161.15023963352925,245.90739990467372,27.71803035118578,45.10283987944032
162.218811849771,246.88752626397599,27.858058077688924,44.281173240329075
162.29756668810847,245.5813247023499,27.700548401013982,44.636242516712834
162.19900537003232,245.83826992702367,27.897671037166262,44.122352067365284
162.27190389640518,245.76060532282833,27.75187398442057,44.27768127575596
162.2342054671182,245.75160176301088,27.827270842994558,44.29568839539088
162.29380020914888,245.92582288644553,27.70808135893317,43.94724614852154
162.7516062365696,243.57163401796842,27.913631639710367,44.170974543001364
163.2651247610296,245.07433096386805,28.014544546010605,43.42148056164258
164.32177328264345,245.19549026069035,28.138080570440714,43.17916196799796
164.9792886513779,245.04502819064004,27.939894025910647,43.48008610809862
165.7080671989541,243.29746532379815,27.600384968271268,43.62106772924328
168.57100903962137,242.40488747988326,27.446907103668842,44.29174225372662
169.26097633773804,241.67451677133477,27.188901960439374,44.630554217819736
169.43335916684688,240.8937980836606,26.844136302221653,45.06934564405653
170.1773287347365,240.75860563405197,26.47956390784949,45.33973054327379
170.93416136780647,239.90251551466662,26.08711917805484,45.93069024569922
170.9447182234938,240.65872275927705,26.06600546668018,45.54159985892002
171.60178008457,241.25636699875022,25.869084930591946,45.463514566037894
171.60893574065088,241.76409727879292,25.854773618430198,45.56075628003019
172.26293565724518,239.31265746803047,25.66067252692513,46.00804093482108
172.20984343412218,239.39444579119544,25.76685697317111,45.84446428849119
171.74844580249507,239.40640412273498,25.573050864144157,45.82054762541207
172.3103623794181,238.28719767127023,25.56216527063497,45.83306540766773
172.31920253107694,238.88383280536348,25.544484967317295,45.75274225320705
172.92847718375194,240.14598231510845,25.437394328188823,45.4513605661601
172.9591091750594,239.07377007676482,25.37613034557387,45.38542646926186
190.70972903779392,233.20354118990525,25.176046494532404,47.1974341532982
191.84334837042988,234.33046184657894,25.161753010888674,48.32301061239306
192.29451937512707,234.1057665021671,25.402190811075243,48.772401301216725
193.2874291781867,231.64980358993506,25.723407495920174,50.223772689234586
193.145663704858,231.70483568519907,26.006938442577564,51.294065975568905
193.02868234776335,232.68608710304335,26.240901156766874,51.733452486383825
192.3382774877101,232.44993562226688,26.410285707404665,52.205755447936795
192.75925573395054,233.25789828617025,26.789602039819613,51.81110294502583
192.69828669928958,230.6122197632456,26.911540109141505,52.214355459082626
193.82639561049874,231.52374793382933,27.115414671890463,51.62134531049881
193.8306204728575,228.47077325538493,27.106964947172923,51.60308069863005
175.62906788634493,235.7290216029998,26.777197662189824,51.77973298660355
173.99770251818313,235.70668962254567,26.375872556788632,51.824396947511836
175.34154628340326,254.7462741021665,26.11836199752394,52.628059527079394
175.32124561200257,252.2033808379978,26.158963340325354,54.04662447755237
175.87089003515965,237.89840051461806,26.303520368331533,54.048130014943226
175.8241899527232,253.14494757278868,26.396920533204437,54.7145241477572
176.32892734504995,236.09687503736933,26.645179691646156,54.85185275502487
175.55239855838946,235.1557481495777,26.93418306504315,54.2059981307602
175.6633823985692,236.2041642228903,26.71221538468366,54.62841614941115
175.73928669731123,252.0306948831181,26.560406787199582,55.78615666992428
175.73273685296076,236.2841311541563,26.573506475900555,56.650135503265844
175.55855752098512,237.01563969059737,26.921865139851825,56.476152640974185
173.61615952557455,236.07247286758783,26.928940971978705,57.06991290076186
173.4847494298353,236.8241554041887,27.191761163457237,56.867900196217136
173.32212577321536,237.67493968631268,27.5170084766971,56.46931907207106
173.33107341425745,238.3207988754919,27.499113194612928,56.48042498813913
173.95391716150556,236.4992326421842,27.55610146858158,56.21553014935978
158.6851690054028,234.89023233644937,28.198330179345405,56.83394227374761
159.0620483953391,236.28118843631228,28.76454278408867,58.011944227869414
160.0459917923238,235.17601918557978,29.490684598414074,58.875268425187045
161.48998021053404,236.04203770410925,29.34714793264918,59.88767155878374
162.03501487276284,237.37431218663295,29.641622763556292,59.992210904465765
163.36992207802427,237.12360153249392,29.754166812009537,60.49363221274382
168.20248228014307,236.64297051479775,29.892286336914033,60.05443140111585
168.81260240435986,235.82845871199788,30.06847771024279,60.28702338495316
168.87720778963433,232.4701089697808,29.939266939693855,61.39217920099039
189.19434899154402,229.4514990852793,28.975596584258724,61.76216867736704
189.48912395183484,230.70423401406532,28.38604666367709,62.06755299625709
192.59971056794114,229.97184709333305,27.763113316493634,63.5323268377216
192.65080162087105,229.87458939108024,27.660931210633812,63.72684224222725
192.57990022705343,226.82738042203889,27.802733998269055,62.76685496286647
192.6355910680762,227.38269703727636,27.6913523162235,61.656221732391536
193.2650399895748,228.09882596500586,27.81385272125705,61.60536212496319
193.23243410863577,226.74690931429663,27.879064483135103,61.54357395581867
193.83158241823867,227.20961093742721,28.06382553634714,62.00122838197538
194.5182541423941,228.46226281340032,28.08342882202004,62.28181809799667
194.4739498664978,227.3771810416866,28.172037373812657,63.054615990319746
195.0475776711411,227.79564209450893,28.434921366617367,62.217693884675114
195.7721614388819,226.35849371732073,28.388352565506715,62.28679317030965
195.65126294497983,224.95503538833637,28.630149553310822,60.88534919973138
197.85666256081564,229.224044505473,28.379225716470536,62.05370688673123
197.846964888198,228.84855453996906,28.398621061705853,62.80468681773907
199.38742500867752,227.8797048189194,28.13868259162077,63.33189537440142
200.06002925801997,228.6155955024189,28.207049723552927,63.27368963801949
200.11440316528225,227.8050750709018,28.098301909028333,63.48079681341471
204.92867457873314,226.96074972911845,28.37493042980018,62.3393985405032
204.23106972828185,227.0931463318815,28.366824110009972,62.07460533497709
204.26366984542878,226.47521973999346,28.301623875716118,61.911132841156714
203.51868222089252,227.9912596076761,28.39579203265139,61.670667290065914
208.43871984850384,227.74771167195996,28.31343620029064,60.763803243946526
192.72075936831212,227.2897837260116,28.02490004355545,60.30033491335986
208.45024817427458,228.37083928319177,28.019229308697085,59.50575888061104
208.25581310943554,228.42024063018025,28.408099438375185,58.05109062425167
192.91952027068402,228.42590695321294,28.228336691463056,58.03975797818627
207.741862235361,224.86537976363854,28.022288042478188,57.13209364450717
207.65836128958108,224.69389666676966,28.189289934038,56.15377995655916
191.20635628380654,230.41682067071903,28.34683547338441,55.18680057976523
191.2893864651748,229.5747234181941,28.1807751106479,55.572591860853485
207.49664730309482,223.42975373244474,28.296157295410865,54.85056968811101
207.59278505655965,223.52666419643032,28.10388178848123,54.65674876013986
209.5878221411663,225.94425306604478,27.9731204953615,54.96732152236913
209.66943885644886,225.4376510025632,27.809887064796392,54.691787611076236
208.93434346073428,223.6945064723386,27.998197071169393,54.332434316357
208.98456776154782,223.65611052126732,27.897748469542314,54.409226218499576
209.08412194285756,224.82941302128214,27.698640106922852,54.62112601098638
209.06547965585918,224.72206540234902,27.735924680919588,54.835821248852625
208.95419222180195,220.7827621243895,27.958499549034073,53.735423986023434
208.96946448182632,222.0436758464107,27.927955028985327,53.75441045059203
208.98328035238015,223.19024593022945,27.90032328787763,54.00159078002598
209.46735012335023,214.1998374871855,28.205497986566098,54.156008297312866
210.03949483845537,219.86416783514846,28.342043548806156,54.35486253343961
210.12185851529125,222.24605027727097,28.17731619513441,56.02162441976722
210.61376602982295,221.93610277929542,28.501217097065506,55.33380348472376
211.08171886834626,221.8256451135523,28.868532509276683,55.55471881621004
214.78422192842797,222.03395553010154,29.340264505279336,55.13809798311158
213.86372407530064,221.34640072294007,29.866491808810064,55.19843919471057
213.6199755231393,221.57860398225216,30.35398891313276,54.73403267608634
216.98539565834244,220.7719685816566,30.253881000249397,53.69501053426828
217.19870355231492,218.65569878085765,29.827265212304425,54.0003054615859
220.06736488602763,219.9267088131014,29.31524386333288,54.07093605632528
220.28554088766825,219.98355793203208,28.87889186005161,53.957237818463966
221.21359620320035,220.20405109703523,28.312254966106973,53.516251488457655
221.44386792655484,219.35120440607568,27.851711519398037,52.675415796291134
221.6014395649862,219.68938983736334,27.5365682425353,51.999044933715815
221.64907321111215,219.74965040424803,27.4413009502834,51.87852379994642
222.69275745425716,219.8949526612029,27.82237602190942,51.58791928603669
223.57703778506098,219.5959798572032,27.29029105883962,50.949389195498256
224.830185702137,220.20146704783375,27.21990760566485,49.73841481423715
227.48491361686027,221.87647130490632,26.706057096130067,49.98511029002582
227.75980940211198,221.42152712798566,26.156265525626633,49.7012545838564
228.46304695520587,220.81571531890776,25.929923536675854,49.73274508477516
228.43542463450467,220.20502942802338,25.985168178078276,48.60070628722855
230.0793878126653,221.9514450237659,26.18025225971473,48.590885533701226
229.96377890825394,221.49516497840315,26.411470068537444,48.33924488384478
229.98884800290818,221.68605306792486,26.361331879228956,47.957468704801386
230.08774348946383,221.00403870480363,26.16354090611766,48.163542004550955
230.00712150411212,219.9542487331769,26.32478487682107,47.94789024437018
230.48249720895382,221.08380699736657,26.53122348893052,48.003153759576676
232.08394626948387,219.73197215312078,26.8129136162423,47.22223519969632
232.37797402979479,219.5260049238339,26.224858095620494,47.63416965827011
236.56853722303592,219.66046058945818,25.899704138527344,48.51611153121996
236.55373426620724,219.02148369307244,25.929310052184704,48.63577237973162
236.60410213865796,218.1800811773916,25.828574307283265,47.99745311666734
236.16070768118195,219.0409305745731,25.56592762620604,47.425189918333565
236.29380462936206,218.76613484888367,25.299733729845805,47.97478136971246
235.62145537045274,218.4800118982714,25.504399288362908,48.54702727093698
235.60012956354342,217.8181672437371,25.54705090218152,49.87071658000562
235.5862276364477,217.7120405196526,25.57485475637298,51.25510707535016
235.43039998613034,216.10678235441972,25.886510057007676,52.079814992327115
235.2174302117608,216.01366016399456,26.31244960574676,52.26605937317741
237.48577736451222,215.56089824095451,26.65761848873578,53.17158321925752
238.85983474727195,212.89999566004863,26.38889690054268,53.53460202641658
238.27081864476952,213.6070379154174,26.326573580400144,53.36087304082645
239.38005337912597,213.08975003979262,26.58157314156864,53.158714277135346
240.45069488043487,214.032508411197,26.916675443424246,52.5113901865633
240.47325284243962,213.95358481102892,26.871559519414742,51.434743858788835
240.55187884891288,214.04040209381898,26.71430750646823,51.26110929320871
240.60620654132873,212.44360703651802,26.60565212163651,50.81674177089991
241.9879372518891,212.1752669287527,26.250699160017582,51.35342198643056
242.12603658319787,212.26330201162543,25.974500497400022,51.177351820685104
242.15576324779647,212.12921660040496,25.915047168202832,51.445522643126026
244.57715167757587,212.10551143302538,25.878576318707072,52.69450948040095
244.69224938959277,211.8763141410023,25.648380894673288,53.152904064447085
244.80081978430042,211.9435356571778,25.431240105258013,53.01846103209612
244.84645342996185,211.84358736000243,25.3399728139351,53.218357626446824
244.83083881807897,211.327450169673,25.371202037700893,53.0331237757497
244.64128943317263,211.22399065387984,25.75030080751356,52.02469233301868
244.64782497733142,211.6883646421963,25.737229719195938,51.095944356385786
244.64734486473506,210.78874120889654,25.738189944388672,50.50842743796032
244.6559103056938,210.54932181200874,25.72105906247121,50.987266231735916
244.73241245951237,210.67437437854142,25.568054754834037,51.928671342639205
244.61581182666475,210.36051385541572,25.801256020529316,52.55639238889065
245.18583423771872,210.32219218921432,25.877073635791817,52.63303572129343
245.20424825108273,209.83244911683795,25.840245609063814,52.39422389004389
245.35367540462386,209.7666286145346,25.54139130198157,52.52586489465058
245.3668113023698,209.15690972062708,25.51511950648964,52.53439722389872
245.35610982381422,209.2216922298843,25.53652246360079,52.404832205384324
245.35501032016393,210.151276142633,25.538721470901397,52.96377002667053
245.37436600224294,209.9849858715515,25.500010106743403,53.2963505688336
245.33026149805346,209.65272872983138,25.58821911512235,52.73943192364322
244.66965846230542,209.64384071269384,25.694586900668437,52.75720795791829
239.5807638277683,225.03946698273586,26.136810939063817,52.38959676370568
238.904358089318,234.11092186182032,27.4896224159644,51.31600242671561
238.060880369246,239.85011490838176,27.949806969676256,50.87855431148163
255.2843659764382,216.15086842175407,27.89223615280641,50.3775253024847
243.35550163812394,182.65532972128295,28.573523053502097,50.27890282572653
244.60911722679626,181.1473866663547,28.526197747940913,50.83488306379954
257.13143409646136,155.98093887037888,29.466431327868868,50.43541865148511
257.87257360150403,141.52086482024714,29.231569491686642,50.6649717519779
256.1699950936256,134.93108595016005,28.89619651103268,51.37609617078274
283.95987124224956,143.32943571956088,28.390220562622844,52.10287092479317
287.95174168937206,141.02665527369402,27.92916698418978,52.947088158620915
255.87899847538907,138.5807900164035,27.900564577719187,52.80555680383436
250.2977911054681,139.43261802585954,27.761295230100252,52.35764346130686
255.97257266051167,142.75565536599723,27.632596755095392,51.94538246718834
255.87204107105765,142.01460119498077,27.833659934003425,52.18900280508745
268.7626762301898,155.79898184428052,28.208352509267424,52.02172644256531
255.6410707895831,140.37431865130972,28.21259471392974,51.63418535642209
255.70329012409417,130.97573172461009,28.08815604490759,51.77388096431583
250.16642750311735,140.87853209829834,27.96799908522566,51.86851524206925
260.76985950694564,129.6628696074174,27.893892841772583,51.92397906173337
252.11279895695054,135.93438863238862,27.81089221704869,51.807456529443726
253.35421943095733,136.69163919230903,27.807078092630892,51.53246882140083
259.0047311598141,133.69297167800403,27.6246249586544,51.352820336823555
244.8516499516151,131.3315954353446,27.649393332662676,51.15706951042239
257.14536810629437,131.921055373299,27.605264617207936,51.20531501420881
239.2804428617109,140.72261542642872,27.748605562054117,50.78188917072489
243.6819219249434,139.08291660583453,27.508955387578418,50.39129768963216
252.16063366958517,137.98574155456538,27.540144572154798,50.1587031244762
249.17587917916208,133.05727789050388,27.456787924613028,50.331045447178404
245.65882813439654,136.6477765253918,27.220738182721608,50.420200008824935
259.16626701414935,132.1279838688449,26.803179685213372,50.99700192037413
286.0585287959472,140.16117460242876,26.27180201621594,51.87480323785134
289.6378237300489,140.80654853028764,26.397395739922374,51.79808598078519
281.05317812941877,140.2267237922712,26.555649172667497,51.74266133049552
277.24407822374394,142.80864649552922,26.871905281341157,51.44677839243016
257.23392001214705,131.25279142723497,26.695213397269022,51.41475647332014
253.50132565980536,140.35669558597345,26.872916106522855,51.4256631444172
