598.0,321.0,31.0,87.0
592.7479934979026,319.87643425508946,30.67284710996598,89.2471314898211
591.8486146269519,317.36678384066266,30.640286550548915,90.60379571603764
590.7310916563446,318.3501530029036,31.025275770776616,92.33717083352903
589.5765722243949,318.98799954654146,31.452539781454945,92.94325259947449
583.7159258764988,318.4352767931723,31.784561437566506,94.04869810621274
583.7012577860374,317.3739521543706,31.813897618489044,94.2513269026598
582.7663739415143,316.50705825617865,31.760223105051505,94.06167249655968
577.8654990287247,312.10316090112235,31.963169296371085,93.27066357241253
577.9010443203093,311.9770315186119,31.892078713201666,93.52292233743349
577.941506551989,312.54611512382223,31.81115424984218,94.29924767930885
574.0748985587077,312.33551718440583,31.84807203740964,94.72044355814171
574.1517631822669,312.5357799512024,31.694342790291195,94.31991802454853
570.3812723229626,312.7404912319797,31.546387002546354,91.98826108640566
568.5955725616701,311.64106115712923,31.34515446325035,92.30080520516611
567.6519667844773,309.4865923316565,31.34526648474735,90.9484442574455
566.7284517328932,309.6636392373975,31.324470046099194,90.59435044596353
565.9092236610841,309.06606500231555,31.10052793042464,91.78949891612734
564.0986480723458,308.4219086225733,30.97097921763651,91.20246173047956
563.1838973124078,308.44848948820567,30.935858491466874,91.14929999921483
559.2565883383189,308.6150571065347,31.3375811387152,90.81616476255667
558.993392682194,308.0268668074536,31.863972450965043,90.12674505571299
558.8881917096027,308.0470500749775,32.07437439614764,90.08637852066505
557.8774171856445,307.5117631300377,32.2271488372072,91.15695241054472
553.2328465798935,303.97188699107755,32.082096642317815,90.6893499633519
553.2456355880119,303.62006472516526,32.056518626081015,89.51546681478524
553.3125793297596,304.5434816872239,31.922631142585438,89.52892572568842
549.7460227702712,304.97531085956996,31.623511725938958,88.66526738099628
547.0953481986484,305.3267427330568,31.403978588908075,87.96240363402262
544.5654795106927,305.555226219142,30.984904194848,87.50543666185214
544.6893042368746,305.05689849775234,30.737254742484332,86.68995152276797
543.112249674665,305.67728145489457,30.299366271512717,85.44918560848348
541.5051133337365,302.67734156204995,29.972978297687803,84.36774408280887
540.6006532030732,303.31931466316985,30.03293781017439,84.8327586294091
539.7425947333858,304.3647937616136,29.992363909448926,84.49849127262215
538.0597943342635,301.6321202828165,29.855604423281807,84.71029780359922
537.1713293504241,301.45742148127346,29.880811919934136,85.05969540668539
531.2004472530514,301.2353691540674,29.52239565016891,85.50380006109744
531.3141606987695,301.0124638580669,29.294968758732658,85.94961065309846
531.3438584008701,300.28955676779407,29.235573354531496,85.63622972492746
528.8587722349937,296.3404309848381,28.944808139446966,84.7662520461104
527.9929615681164,297.29865528416263,28.940485109020994,84.58574781164187
522.8196121594893,297.575199155153,28.88742617251766,84.03266006966128
522.908505317088,298.61340010016806,28.70963985732025,83.68069974777461
521.1411942722432,297.8788156510828,28.81189416808053,83.43368475648037
515.2092839020918,297.38211562742293,28.674040357122642,82.71255986790577
514.3971115436221,296.93234649281055,28.596654924732405,83.61209813713052
511.9697991971383,297.16031295944146,28.311840941465306,83.15616520386868
511.3041460529975,296.3407261301618,27.941693480281327,83.09388511296254
509.7660165094694,296.359153723689,27.630337781723938,83.05702992590811
509.873183315801,295.975545810062,27.416004169060805,82.13665743750202
507.5682822215908,296.0045575313938,27.01410119876339,82.07863399483838
507.52563937881246,296.407948162703,27.099386884320005,81.27185273221995
505.16688977918477,295.2540318555237,26.859482957128215,81.92721763776282
500.29636304833645,294.5908810808181,26.656161826594225,81.59612342180225
500.28889396860694,293.26034937820293,26.671099986053285,80.95926816374165
500.21371628566,292.84187646986703,26.82145535194721,80.1560359100705
496.09440630846234,294.26639066971114,26.902564868809762,78.93850959788878
496.07996897547065,294.4357168772648,26.93143953479324,78.59985718278156
492.2656029950341,293.11562087765543,26.503453248285968,78.01736188304815
491.48293994247194,291.28076911696587,26.473543397710237,78.49659349302718
491.6678012568201,290.3401754601267,26.103820769013954,78.77626483107846
490.264171299743,290.2291377307483,25.713611945852556,78.99834028983534
486.38415088366315,289.54257068642266,25.49996185924843,78.77673619473393
486.4026772333871,290.47638167510075,25.46290915980049,78.4967802750645
484.95344504902295,290.55276614205275,25.195358138470738,78.34401134116052
483.32615572428926,289.6741638420108,25.29809408618955,78.52529459037011
482.5831849418547,289.86268068887944,25.203650871939043,78.14826089663276
482.57100560844395,290.05752033042245,25.22800953876064,77.75858161354678
477.7679942969323,288.1262576025512,25.424805169562344,76.91649357317843
477.6806695595827,287.27692429783184,25.599454644261364,77.05531842333023
477.58665023042386,287.28087299787785,25.787493302579122,77.04742102323826
476.88948620669765,287.3474386487188,25.61347833604681,76.91428972155627
474.431643272447,287.1098949002037,25.83936977526226,77.38937721858653
471.3185735000059,287.8884042155603,25.768872558897,77.4065177781853
471.314054519042,287.731795560928,25.77791052082488,77.71973508744983
465.747598168792,285.6655287969901,25.86667535972346,78.69679779772524
465.89827696946486,284.59200122711735,25.565317758377745,79.2505938050895
463.7479615413474,284.6504731126997,25.07915231772636,80.72924879955363
463.8199010335831,283.27733510386787,24.935273333254933,80.2602743390183
461.50109669882545,283.2010182046673,24.777923094023635,80.41290813741938
460.8462855357454,283.33199278013996,24.48997006059487,80.15095898647421
458.3577174618703,283.72439049754024,24.701493533445515,79.36616355167358
457.3395972285031,283.72731975003813,25.156407298231848,79.36030504667784
457.13208085347884,283.75169144976024,25.571440048280422,79.31156164723357
454.92334319745214,279.5232000988043,25.199183361862097,78.18908035220193
453.3546022217813,280.05923949943144,25.18908316393918,78.69079262558
451.79800517992214,278.95958822802316,25.140816036133735,77.72863395687287
450.3098563655862,279.37115986308464,24.98475869066959,76.90549068674991
446.6482442959461,280.12287938238956,24.54990634597305,75.40205164814003
445.95841530482875,280.6891874505893,24.407298253825537,74.26943551174051
442.3671179222658,280.7115614729036,24.07215010131988,74.22468746711199
442.28548696854796,281.97386796927515,24.235412008755453,74.6936007152923
440.09440102477595,281.1544814361048,24.098310925152404,74.82594945791726
438.5390610055678,280.2683338998314,24.197419510660964,75.09245880401028
437.7278539820085,280.1873410817867,24.30844059724553,75.25444444009966
436.1880862312829,280.25131056429296,24.356507564195176,75.12650547508716
435.34668398804615,279.1687509374939,24.52451253467196,75.77682521268855
431.5277491679132,279.9095018983514,24.52675521378855,75.82244868320342
431.5950401395979,278.1173357075188,24.392173270419136,76.35115148179858
431.660280387232,276.6363668932073,24.261692775151,76.24739046966596
426.38442317870215,275.7157423863054,24.11058417107175,75.03069004885867
426.44621491807425,275.7957779441146,23.987000692327527,74.87061893324025
426.4010838816588,275.86204449559835,24.07726276515845,74.73808583027277
424.86458492025884,275.5330150649225,24.141959053742127,75.3961446916245
423.9944844382391,275.8024253546959,24.367473921970117,76.37201020788905
420.0218507002306,276.1058960587563,24.64928676675608,75.76506879976826
419.0889529124594,275.4738914363748,24.985832769519526,75.49982847175237
417.484382784489,275.540145355732,25.131674913157415,75.36732063303789
416.6373514613128,275.900785213648,25.293304141482892,76.17847433523293
414.39612532421523,273.9615640571325,25.13495367390998,75.41611390649615
412.95766819867976,274.73385778422806,24.945492298787926,75.40471426540151
411.35214600758803,274.83486318689035,25.097422371572303,75.20270346007688
410.5739053203364,274.85125916507667,25.124439843744554,75.16991150370426
409.9223262083767,275.2179684331085,24.898106668398384,74.4364929676406
408.479406470574,274.5716812060148,24.754121509276626,74.21415510446452
408.43757679081034,272.21815925092085,24.837780868803936,74.39385730386067
403.12930600941775,271.8155864681068,24.861908287689683,73.68580084893162
403.05578255703836,271.7076136220827,25.008955192448404,73.90174654097983
401.5962321360724,271.7796082432446,24.90940844395916,73.75775729865607
400.1038214220639,272.0186418950798,24.88332003008692,73.27968999498566
397.1438282958713,269.59121374446585,24.810631106302605,75.13820870812876
395.7879691952288,269.8862895808152,24.475757696890902,76.0713528407785
394.49281740202633,270.01052595825763,24.005234555986895,77.35329344954796
394.5929038959916,267.7165237955582,23.80506156805642,77.32149990318979
393.2556928429231,264.21781250849244,23.407918376520385,78.17579188197521
393.2210247274306,264.63081161342245,23.47725460750541,80.43083801160306
389.16913824762383,262.5241973117044,23.712539725607158,79.92297391013214
363.0747182202541,262.73517552248086,24.06187507097066,79.50101748857921
360.53613900503603,262.8628919499767,24.424816601587978,79.24558463358758
359.4922463433082,263.1774681449256,24.93809620979671,80.19093795893657
359.40800227842766,263.06310663473727,25.106584339557806,80.41966097931329
383.5062818134915,263.35445260634845,25.022294786713584,79.836969036091
380.4415367851882,263.0867844842228,24.77609069090593,78.77838174223876
378.92659579733686,264.0729211851737,24.657237842101964,78.38047575259024
378.1895428884986,264.56089831001964,24.564812325006642,77.40452150289838
377.44059041627975,265.6741957400736,24.51173712139908,76.72890679083562
377.5469068298023,264.3728554929829,24.29910429435396,76.25076196013416
373.87268443515285,263.4446471579113,23.998992690037333,76.57746735155436
373.91768838213926,262.8440271007447,23.908984796064463,76.24989068396174
371.8718150152907,263.45862142619296,23.433200492282616,75.02070203306528
369.8861948232844,262.92023152420364,22.915542463156342,74.60118236599773
370.0978215850152,261.96881717415135,22.492288939694866,75.02322204179583
370.3124471313567,261.87471776000666,22.063037847011827,75.21142087008525
365.13455226749625,261.560093178775,22.10356039714676,74.36706043575052
364.9346392895383,262.781797418088,22.50338635306263,73.38607629155122
364.929141566588,263.00274973013313,22.514381798963313,72.94417166746096
362.67426818885696,262.974284800583,22.674452110037443,71.55120937843199
362.61514222538057,262.55570909576915,22.79270403699025,70.95526907473281
358.35732321049824,261.9635952646931,22.747496110883212,70.71268907757289
358.4475010567811,262.7909417282925,22.56714041831748,70.48052737497746
357.08108100330503,263.2016541907732,22.468145467328977,69.65910245001606
356.93178139453914,263.13762148656923,22.766744684860754,69.78716785842406
353.37578228421,262.59846116273815,22.830070777203815,69.45575408042318
353.38491285743015,262.6715869066455,22.811809630763452,69.30950259260852
351.9180185133306,261.91990938341286,22.938059102995894,69.40908803109036
351.198134148567,261.10089541271395,22.97032850319643,69.63961664316156
350.42518088645465,260.66561380311083,23.104865524842186,69.0988103597889
348.3306304482224,260.7286514607536,23.075553636865266,68.97273504450338
347.62409367474226,260.4286472177815,23.084820270268967,69.57274353044761
346.73179813930994,260.4350332482554,23.456896102295545,69.55997146949967
346.0916374719598,260.63296449636414,23.318079119141153,69.16410897328234
343.3269127985128,259.5735262427527,23.2036693240719,68.4610559095236
343.3028504656437,259.7177539361641,23.25179398981014,68.17260052270068
342.5119296957527,259.687955699861,23.438005369254196,68.23219699530692
338.83274774367055,259.52597973630503,23.79699545808193,68.55614892241888
338.81503798989326,259.488931362848,23.832414965636524,68.63024566933294
338.11330372946327,259.8214083588139,23.823149690653235,67.96529167740104
335.9654209000082,259.0907231172174,23.90968504849797,68.02358539357232
336.1173086391804,259.0508482119817,23.605909570153607,68.10333520404373
334.1938288490864,257.63129144492115,23.249583448931695,68.14025827055823
334.1807807747228,257.56804248061974,23.275679597658915,68.26675619916102
332.8977428428932,257.5117891981713,23.046940228839695,68.37926276405784
331.43624226837255,257.791216982734,23.18027270117855,67.82040719493253
330.65348055091823,258.0370687415549,23.35648962974021,67.32870367729072
329.9224378159435,258.1371485139136,23.43306910754966,67.12854413257332
327.7596392129687,257.92855386267183,23.606536034045195,67.54573343505686
327.73832662505447,257.2378022832546,23.64916120987371,67.53408549785316
325.7895169192286,254.6074065624242,23.365501341878144,67.21983789998427
324.9686688937552,254.30102363033185,23.623080428904586,67.83260376416895
324.2479029237531,254.21981320951295,23.667066919339845,67.99502460580675
322.2772051830388,255.0265473230424,23.406473447711477,67.78221936310011
321.61663985715376,255.64504796753624,23.334719780590575,67.9381023930034
318.7042022840605,255.59269019858849,23.584395819021957,68.04281793089892
318.63546502301324,255.4137934497952,23.721870341116553,68.40061142848549
317.22363770459623,254.06558350255776,23.730632442706373,68.28213878771619
316.4476686160459,253.85702947944543,23.876654941701574,68.69924683394083
313.6142691051187,253.10913718371688,23.885361295751174,68.78050825844674
313.5458249048578,253.2556453515892,24.022249696273025,68.48749192270206
312.73354294012137,253.41413828318053,24.23266469895625,68.1705060595194
311.92190596699425,253.69236903809355,24.442495794136704,67.61404454969339
310.45357036720833,253.86096538377876,24.56058416439729,67.276851858323
309.11106135040933,253.18092638984342,24.43239459031934,67.23032604235559
308.5371528816888,252.30617516995935,24.176591095459784,67.57620804982326
307.340312832613,251.5640819801451,23.762402130495943,67.656459897894
306.04043639633113,250.90526096143293,23.56702602693462,67.57653744725579
305.4104370876208,251.0184581557773,23.434152441805676,67.35014305856704
304.0229237546937,250.48174319889543,23.43472905969167,67.03634794834676
301.9508906463575,250.5197790156461,23.43052151810763,66.96027631484544
301.2859879296891,250.56434001415056,23.378731187155005,66.87115431783653
299.81462176165917,250.5939042941019,23.562698911136806,66.81202575793382
298.5200147966086,250.51186180651533,23.388150849085054,66.97611073310696
297.1933253862436,250.5023301732335,23.279426903745666,66.99517399967061
296.4399202678618,250.44465705034355,23.40689143895991,67.11052024545049
295.8923516697061,250.47567117111788,23.118718462758974,67.04849200390187
295.14727247069914,250.56695169405864,23.23169646148208,66.86593095802031
295.1337436815211,249.90534499154728,23.25875403983817,66.81251094636468
293.851351507044,249.26980445766452,23.070811251328188,66.70722844539807
293.8087024085834,247.90494977128034,23.156109448249488,66.69405525875385
293.2426470077953,247.1213299866809,22.915414210906967,66.8884887890341
292.0904007585933,246.42348100907395,22.47751768729429,66.91299223323959
291.5875265732869,246.3447906996617,22.119716095020184,67.07037285206414
290.9250710707855,245.69491797131764,22.08538572076775,67.01087692949707
288.89901185196055,245.94598926989286,22.064205818500916,66.50873433234658
288.17412087260897,245.44999561622444,22.1637525579038,66.15048642038313
287.47273480216404,245.53941276285337,22.21956649985297,65.97165212712525
286.0025219248289,245.51385470513677,22.46912785123564,66.02276824255848
285.2819081395553,245.45650094580805,22.559638233978085,66.13747576121592
284.5506621127443,244.71022441465215,22.668127301231543,66.27602583715915
284.3931933468134,244.79599466529632,22.98306483309331,66.10448533587083
284.2954371329635,245.05009644295734,23.178577260793084,65.5962817805488
281.4949834427651,245.12343299163504,23.349300244464224,65.44960868319338
281.3678627888029,245.2914623964325,23.603541552388645,65.11354987359849
280.74404436667993,245.24740589297582,23.492829467109487,65.20166288051185
280.87184121875254,245.11225610548593,23.237235762964197,65.47196245549162
279.51641587454236,244.0965003226807,23.234416148756637,64.7898037184741
276.82625145977175,243.62977666661567,23.226597677234473,64.37621420533834
276.8660126005979,243.8017208550263,23.14707539558221,64.03232582851705
275.01706906521855,243.97726691895497,22.841085504335236,63.68123370065973
275.1046181737369,243.98473605709876,22.665987287298403,63.66629542437218
272.5029260750927,243.92362018460744,22.586661338793803,63.788527169354765
271.9093530152648,243.95144349429242,22.452823117625222,63.73288054998481
270.01871975603575,244.11101400016324,22.28081042294372,63.413739538243206
270.2014390246789,243.64300561388825,21.915371885657514,63.03967753952872
268.30258395842867,242.30428961756076,21.818793322762847,63.12091706858699
268.31859923530493,242.3355824077186,21.78676276901036,63.05833148827134
267.4452434049941,242.3735780885823,22.237453111773807,62.982340126543946
266.8377077084992,242.31157208138194,22.149392577760253,63.106352140944665
266.24787766988925,242.23377282877362,22.02574972864474,63.26195064616128
265.6333436714217,242.30996076398625,21.951542210698047,63.10957477573601
264.42717468394244,241.69153202237774,21.76437714758147,63.046680739915516
264.4239822982648,241.5316921292551,21.770761918936845,63.366360526160825
261.871681284891,240.4844788497856,21.67487610872286,62.860543166619124
261.0732728571877,240.43874229131958,21.980529895655074,62.952016283551124
261.02862819313407,240.3763849666403,22.06981922376233,63.07673093290971
258.4984240784307,241.10972364351264,21.924491960453324,62.91148745234401
258.48171308074257,239.9322965715398,21.95791395582952,62.67347520571862
257.88541223474925,240.08406574635802,21.856871384004712,62.369936856082205
257.3646016632087,240.12786322510036,21.611017212399666,62.28234189859752
256.06606187497806,239.7319950352159,21.644588795734997,61.792324281803445
254.8342993204205,239.36534501456725,21.55736867179288,61.250251706572016
253.03596145601864,239.27662297294665,21.35589517104463,61.427695789813264
253.0068996721687,239.39502700558816,21.41401873874453,61.19088772453023
251.2012498616167,239.41573023227724,21.237525995146964,61.149481271152055
251.3158835409181,240.05149812168116,21.008258636544134,61.136742097834684
251.24452543466904,240.14565727617165,21.150974849042235,60.94842378885376
250.57982803039323,238.86272034231047,21.226016259202428,61.005590859793074
247.41068347326333,238.46921797993454,21.281633403577914,60.5360611905681
247.36006924163817,238.17994401671723,21.382861866828232,61.1146091170027
246.20461613277791,238.2323319144955,21.171883260577744,61.009833321446166
246.31275181193973,238.2065895354715,20.955611902254105,61.061318079494214
243.1785204266549,238.32331011128764,20.962048664965696,60.82787692786191
242.66093072741054,237.71114377708932,20.748033805172625,60.803015337976746
241.49566911581005,237.781766728636,20.58867955285597,60.66176943488335
241.5474533727872,237.076394003207,20.485111038901643,60.832496413088336
240.28057186279688,237.138598991996,20.537756747321236,60.708086435510396
239.70692497682535,237.27807099061525,20.44530198649795,60.42914243827185
237.31362431074402,237.70649617652188,20.295555243668492,60.80637908520664
237.31990231106977,237.75278729171052,20.282999243016974,60.713796854829354
237.2196498113616,237.08369559123474,20.483504242433348,60.81680655489585
237.25963173246504,236.41877108614972,20.403540400226465,60.90634969049106
236.03820573885707,235.8115308064298,20.366154151116007,60.88071113176774
235.506400397121,234.63885541588246,20.190694366199228,60.747920976084615
234.31346076876594,235.20185274853384,20.108633028193097,60.85589660814004
234.38276619150287,235.19736189354393,19.970022182719248,60.86487831811987
233.12689492610932,235.39079566319754,20.018582526104282,60.47801077881264
231.98445395475557,235.7855890183398,19.84950673439994,59.68842406852808
230.9089235072154,235.13350079726783,19.57526901154745,59.779951201705614
231.02086927452865,235.07966165025763,19.351377476920945,59.887629495726
229.76182977785163,234.32664801874307,19.45676279931152,60.18730992327346
229.13543064347488,234.43367771668133,19.49702052822709,59.97325052739693
228.42090702594035,234.35126389071928,19.715829474892974,60.13807817932104
227.65486604962615,234.30601517212529,20.031315397120018,60.22857561650906
226.42519303937502,233.87873056111007,20.043335205067336,59.85948173226193
226.40615320631383,233.99318847077672,20.081414871189665,59.630565912928645
225.1040132488222,233.54180558160957,20.253561125023225,59.31726486068809
224.4774240316407,233.5409480582909,20.29199321439838,59.31897990732547
223.28168419024405,232.80267972468636,20.252529583820152,59.58004491784881
223.26486684091535,232.2023348772577,20.28616428247755,59.56226263409092
221.49413335901744,232.38225088849154,20.171134179669338,59.20243061162324
220.9311643246102,232.1891073915578,20.08546591924489,59.58871760549072
218.5870988239808,232.42684549176477,19.91141723361137,59.11324140507679
218.59676618809803,232.46098325435597,19.892082505376873,59.044965879894406
216.8677529488237,232.52528471369519,19.737303765404025,58.91636296121594
216.38685110265988,231.92946316617105,19.49949919508945,58.908397793622015
214.6206818717655,231.34657819858808,19.446408346484034,58.8790246253233
214.015199536567,231.26347266393284,19.46362022434087,59.045235694633746
213.41189703317445,231.26764951201662,19.47379302207665,59.0368819984662
212.76044002796323,231.0218904056345,19.580207229948122,58.33190040867939
212.1556236681109,231.0248195303334,19.601424471000207,58.32604215928163
210.8569633357571,229.4742315777972,19.821305330441536,57.861058356454535
210.2314781568616,229.56203093045582,19.886166204578494,57.68545965113732
209.00223221166866,229.08775110424554,19.975082091228273,57.44923130168975
208.43207787422082,229.09635537635782,19.932353365457136,57.43202275746516
207.2618030034376,228.5508298748856,19.90887433268693,57.34105937324126
206.20279885220742,228.36935242100347,19.66630363797252,57.70401428100553
205.61730396308974,228.2239251869629,19.65624887829078,57.99486874908668
203.95387371613896,227.34691068533584,19.42809450188409,58.563892795571434
203.9883156683318,227.04402277392012,19.359210597498407,59.169668618402824
200.42123932866735,226.76667019075273,19.315639208887344,59.72437378473761
200.43922087102538,226.3930390126265,19.27967612417127,60.47163614099007
200.40429247278033,225.92653568423182,19.349532920661378,61.40464279777946
199.72016384382553,225.27039150185274,19.48994060924732,61.489081593213925
199.03736367488017,225.4127352746325,19.623905931111604,62.43602906368082
197.01855661178485,224.88578741548181,19.918901020296914,62.24238510298045
196.9882910655469,225.30931936145913,19.9794321127728,62.64554607628153
196.40580697031294,225.05969362813514,19.887337651599736,63.14479754292954
195.77462845632763,224.47111130976722,19.887243294561706,63.05951079465679
193.80476967993496,223.77326142972998,20.04324185935213,63.19397089206629
193.68064935417578,223.66666729851673,20.291482510870484,63.40715915449279
192.99373330535076,223.97450487570958,20.391696786865644,64.06510182176198
192.292003173792,223.65834314346688,20.51035418708014,64.6974252862474
189.4304337913847,223.74599370279012,21.04964230786928,64.5221241676009
189.01463635002295,222.9061793719581,21.881237190592785,63.59497778447498
188.1105414204624,222.9022680869558,22.384032614493783,63.60280035447961
187.3672456588024,223.1253568899872,22.55597107929317,63.156622748416815
186.61012188094787,223.23902068855142,22.75881834278048,62.92929515128833
185.2421357234127,223.39119626799229,22.871141010593767,62.62494399240661
184.383450406064,223.41673632559852,23.279009149910625,62.57386387719413
183.5154372335769,223.07092784631772,23.698901885840808,61.94934722671178
183.48779151502623,222.80288681650634,23.75419332294218,61.17069514262063
181.16180644555465,222.84931218903355,23.187982269454405,59.773299099458484
181.42772749680887,223.31944676498202,22.65614016694596,58.83302994756158
181.11452879116473,223.8795959843862,22.031258313946964,57.71273150875316
179.49224468303336,223.77870389146327,21.6038897907865,56.69053678145799
179.23579580105,224.10837633912766,20.915155061838345,56.03119188612921
179.45915689035104,223.70554621266575,20.46843288323621,55.65706743593694
177.38088931145268,223.32495813691736,19.95949553447888,55.251875460795205
177.6104506715945,223.83055123208237,19.500372814195273,55.39205910826044
176.63327650841887,224.00726659542624,19.164625295937427,55.03862838157269
176.75945885626766,223.41688737065857,18.91226060023983,55.085486259720625
175.77950502690288,223.54720351524418,18.61222072338149,54.82485397054944
175.8734973863907,223.52648162111828,18.424236004405834,54.86629775880125
175.23988365178204,223.6777059429535,18.573520004517505,54.563849115130786
174.65141319746746,224.15944236504356,18.634098875771485,54.71673830832586
174.1743911898716,223.07849943329842,18.468497045330516,54.63933248055086
172.57450091243803,223.12897493156004,18.321717096548625,54.53838148402767
172.54121292941363,223.01070366866313,18.38829306259742,54.77492400982146
172.14400381838868,223.19242845215558,18.06672576827434,54.41147444283652
172.221830933739,223.1912944335655,17.91107153757372,54.41374248001669
171.79108258382036,222.6210599129298,17.67045718883464,54.45210047271174
169.75396567408433,222.80345990015655,17.351722479377763,54.087300498258244
169.91308664127752,222.94610798041913,17.033480544991413,53.80200433773306
169.41171498221655,222.48306372903588,16.958929028940126,53.65079800632638
167.7177863672796,222.60337667271605,17.125459450032725,53.41017211896603
167.07217942047282,222.44158916604135,17.343247705375045,53.73374713231544
165.9330523103917,221.81471482832862,17.457451447247507,53.905470568595995
165.27301150235047,221.24073187772092,17.69097000231912,53.96687340880064
164.6542810791047,221.68370455532818,17.83670928685588,54.172649615540934
164.02158984622895,221.97649503983118,18.004772282092432,53.58706864653494
163.48445372600594,221.61821658120311,17.98698164192581,53.21156268317843
163.55944424309297,221.7575084559494,17.837000607751772,52.93297893368587
162.45895211731334,221.53013592022563,17.878618345327254,52.308040748141536
162.38038781102986,221.00035825735048,18.035746957894194,52.29605612458122
162.4107194858225,220.7842436595407,17.975083608308914,52.72828532020083
160.83243292487563,220.33654358973166,17.89379171192722,52.54439712039377
160.75134324714148,220.19574446578326,18.055971067395557,52.82599536829056
160.1741582839992,220.2799176724775,18.12818483920571,52.657648954902044
157.49177170831962,220.34780601183158,18.087594834229463,52.52187227619389
157.05443368481644,220.0407444636808,17.883873673852854,53.135995372495486
156.54273000252002,219.74923876578228,17.823850373999903,53.7190067682925
156.01177531682043,219.06964243275615,17.795128707652026,53.98756839659773
153.83165109642084,218.80582853096737,17.779676178397025,54.51519620017531
153.71427341153296,217.5304726220793,18.01443154817282,54.86362050882795
153.69949651569695,218.13933834776904,18.043985339844838,54.75629221570905
152.0939519520636,217.60955943507162,17.926818696465844,55.81585004110386
152.03863337603838,217.52792290999173,18.03745584851626,55.979123091263666
150.87055986404295,217.8295907852293,18.120244691154777,56.50246643146472
150.75661250384212,218.2578846948671,18.348139411556396,56.781512641481314
150.71652192391116,217.0504254651936,18.428320571418332,56.908857589320355
150.6730401800647,216.83810588058338,18.51528405911126,57.33349675854077
150.11407718566034,214.78137866295668,18.478510496549546,57.982852539682874
149.49784868776817,215.098426480886,18.547722777303882,58.51200161885432
148.9470942075177,215.66018504247793,18.47720199249276,58.56051424098244
147.1382737770584,215.94216379906464,18.580586592303753,57.99655672780905
146.44086185730708,216.28383129539355,18.810092896354234,58.47853927060334
145.23566259542739,216.47375968985688,18.867725763743977,59.275065309861546
