324.0,26.0,13.0,18.0
325.1958562112339,25.989717227853514,13.041281995718114,18.02056554429297
325.19695250610187,25.637939153025698,13.039089405982123,18.236532512893273
323.7805243136294,25.75995975562505,12.92698801611628,18.483317603496367
324.2313284607231,25.935499869825804,13.010803452524371,18.624949240392535
322.8116833352995,26.10937719042991,12.872679275342056,18.77343033718922
323.3820618790537,26.25433921109965,12.724308874158464,18.979699639012175
322.71199775050906,26.128415412720933,12.573916515068492,19.23154723576961
322.81300817126805,26.274161017333313,12.37189567355048,19.438178613266697
321.83575238358924,26.26889748575487,12.335021260812482,19.448705676423582
321.89522506099223,26.21684745878293,12.21607590600653,19.552805730367467
321.9669182777621,26.67925539504017,12.072689472466827,19.621891500604214
321.80938052947425,26.63536968756808,11.89218994339094,19.709662915548392
321.15175954908227,26.563253375542132,11.725895304152958,19.85389553960029
321.2000710141228,26.553101203005365,11.629272374071908,19.87419988467382
321.1974902820013,25.849340093761427,11.634433838314898,19.80616713989417
321.20877649688845,25.021332228339958,11.611861408540603,19.98939637271467
321.2574202172122,24.911107561108945,11.514573967893073,20.20984570717669
321.2605137414348,24.925236908803548,11.508386919447863,20.181587011787485
320.77204962689876,25.089768890370227,11.496595412622556,20.346882916602816
319.27951713086264,25.145572661178303,11.502021823436365,20.235275374986664
319.753037322239,25.46382598816598,11.545074898797617,20.09381545006821
319.7490319516161,25.23347157710598,11.553085640043385,20.06084191026343
319.51858698409626,25.72259972006146,11.520646039307909,20.06924469590261
319.5478233568369,25.438150912728325,11.462173293826726,20.14523859455227
319.3288684262956,24.471742426277796,11.407046622651382,20.105909438421882
319.3269746655982,24.14513289903008,11.410834144046234,20.267611049665973
319.0804740779112,25.30544002292511,11.409860646090342,20.41687016852481
318.85373217107104,24.924848562730737,11.367179181174453,20.681887810317335
318.8394465284735,24.888443488134847,11.395750466369588,20.754697959509112
318.8645610663408,25.071956016778596,11.345521390635023,20.888587524659506
318.83366452793825,25.078610403576036,11.407314467440047,20.875278751064624
318.6137836051846,25.326751976041024,11.344184868576233,20.881887050505835
318.5608846565123,26.161312073540778,11.449982765920858,20.718496086953255
318.2844567509393,25.653285424721723,11.501532774737402,20.7319377799323
317.9910311942478,25.148246755600795,11.586000325308532,20.737247992550582
318.2430213813727,25.087274845056513,11.585921536514276,20.859191813639143
317.9762779017462,25.166895685333728,11.613706126577735,20.69995013308471
317.9705141156185,25.19644348336732,11.625233698833082,20.640854537017525
318.0151490490636,25.42346572158544,11.535963831942894,20.689954145247604
318.0552915689765,26.434392510131637,11.455678792117169,20.677500912949636
318.07455986508756,26.156051440960848,11.417142199895048,20.733385562869294
318.0986764207288,25.926594053142143,11.36890908861258,20.691335100478277
318.07200697952345,25.23267019264783,11.422247971023289,20.580619543417203
318.0890881936362,25.45362128714547,11.38808554279774,20.637513620539302
318.03061372798516,25.476948365188512,11.50503447409981,20.590859464453214
318.03577192143007,25.92568808561368,11.494718087209971,20.694096911545913
318.04989491332594,25.42780392578475,11.466472103418303,20.686448577625118
318.0677060972224,25.96513571882541,11.430849735625351,20.61401244036005
318.10162382022105,25.73077173936028,11.363014289628069,20.583304156243596
318.0704444911762,25.94641870131379,11.425372947717678,20.64983582879934
318.0633484675049,25.913522220732883,11.439564995060318,20.71562878996115
318.27390277419414,25.9862055886844,11.519542101640416,20.57026205405812
318.0524894763336,25.716353839148283,11.462067678707996,20.609664534476835
318.32267062744154,25.430528350570178,11.421609608152714,20.68141127997249
318.26841515147515,25.912156403815914,11.530120560085468,20.718703336659157
318.2729383642334,25.867501788878148,11.521074134568995,20.808012566534693
318.3061451028114,25.854306765847866,11.454660657413031,20.83440261259526
318.2978118181536,25.82447148356038,11.471327226728645,20.894073177170227
318.26762039048174,25.836279704195036,11.531710082072346,20.87045673590092
318.2800131745842,25.866695552534516,11.506924513867343,20.80962503922196
318.1959450096542,25.98033028203478,11.675060843727326,20.582355580221424
318.2192372231929,25.943357710327994,11.628476416649963,20.656300723634995
318.23353523376295,25.88389217714741,11.599880395509889,20.77523178999617
318.2722774697455,25.83521843113548,11.522395923544815,20.872579282020027
318.2342949601026,25.765337273208097,11.59836094283057,21.01234159787479
319.0126782749237,25.77533137545844,11.566124101200174,20.99235339337411
319.01384251539093,25.864904602754088,11.563795620265704,20.813206938782812
319.2632759919481,25.66260539153091,11.569574426688414,20.71315960169224
319.2941415814755,25.950440073439974,11.507843247633614,20.64075593958244
319.2918758951415,26.2375281506327,11.512374620301545,20.56772359590715
319.32542751106615,26.32435917104234,11.44527138845227,20.394061555087877
319.548183943055,26.142238363257928,11.49618956177753,20.26187213335374
321.253402785767,26.42263810969728,11.553141351510412,20.19641399406886
320.75265222204274,25.9358209006526,11.563963507119295,20.17936944031868
320.23186417034213,26.462489040084677,11.614998252951969,20.11657451902306
320.2522282921004,26.282320010357616,11.574270009435374,20.47691257847718
320.26134197356953,26.30043808345893,11.556042646497195,20.440676432274554
320.01108174916675,26.43309808048077,11.557557735196152,20.674361798337436
320.2660974386226,26.660799677980194,11.550013840412866,20.721446087466873
320.27835112674927,26.496324668060105,11.525506464159413,20.547341187005827
320.3109926642531,26.972291230006064,11.460223389151825,20.595535369047713
320.0922825384161,26.977556451285988,11.397979623678326,20.585004926487862
320.3426316523577,26.76584474133366,11.395728595184606,20.509981147003156
320.34667420320926,26.801786231860483,11.387643493481383,20.438098165949516
320.34586350039064,27.040676690918964,11.389264899118686,20.456417771279224
320.2980894526591,26.981191125181017,11.484812994581757,20.575388902755115
320.0163231361033,26.737324498348222,11.548560342252996,20.563336870980493
319.99515886695224,26.47866425993101,11.59088888055527,20.57996469257039
320.2355287978166,27.065628864431353,11.61180798125513,20.409353408426814
320.00347203575734,26.80776479429811,11.576431884191548,20.425591927511224
320.23592112526285,26.79711571321227,11.610662494110626,20.446890089682892
320.0239722224363,27.032651710994703,11.534534397246077,20.475843996635753
320.0172203386084,26.98038764253447,11.548038164901914,20.580372133556217
320.02893641477556,26.9323739333366,11.5246060125676,20.67639955195196
320.0313026891956,26.91689675105154,11.519873463727423,20.707353916522084
320.036812112209,26.847645194044777,11.508854617700685,20.845857030535605
320.06486839654883,26.829723133809253,11.45274204902099,20.881701151006656
320.0776614661253,26.7432422214625,11.427155909868112,21.05466297570016
320.0806344027613,26.72337164142182,11.421210036596143,21.09440413578152
319.6275521098283,27.41917062651457,11.31465375013745,21.221887474083022
319.63981778477097,27.417789579501047,11.290122400252157,21.224649568110067
319.66658868367523,27.370435885747852,11.236580602443556,21.319356955616456
319.65959258738417,27.32104355816606,11.250572795025711,21.418141610780037
319.6655754398131,27.327716762014923,11.238607090167834,21.404795203082312
319.6262547962231,27.645535701921457,11.31724837734786,21.276955979240107
319.56059606190377,27.778320434332876,11.448565845986565,21.01138651441727
319.05444673848876,27.224645163969658,11.449656119354051,21.10752868168121
319.05690347291977,27.222344087439403,11.444742650492028,21.112130834741716
319.03981640343505,27.26912274150203,11.478916789461401,21.018573526616468
319.067937000404,26.977003373182242,11.42267559552348,21.096583318161425
318.81998785290114,26.95728631530233,11.412156256385302,21.136017433921246
318.7953932819824,26.68072400945939,11.461345398222786,21.182323208517676
318.7950714638453,27.400671732139187,11.461989034496908,21.267457142651182
318.75911639791735,27.66233710992197,11.533899166352874,21.253735179371404
318.70409868373696,27.981757107740307,11.643934594713665,21.125532277877223
318.7535340946222,27.673999072700113,11.545063772943223,21.230422758831452
318.721965550147,27.715817348871553,11.608200861893632,21.14678620648857
318.6871674209916,27.78219126457393,11.677797120204277,21.014038375083814
318.65259236653975,27.642541661331705,11.74694722910806,21.29333758156827
318.9017438696296,27.28763027685632,11.763505401453944,21.488299171993447
319.1510193179748,26.997359370763185,11.782976085844153,21.550819403099265
319.15568128179143,27.488461164733273,11.773652158210805,21.607169171645793
319.1353263020151,27.463188220152595,11.81436211776353,21.65771506080715
319.148725987501,27.191175490531364,11.787562746791604,21.680350558090495
319.12837832359133,27.17164266735099,11.82825807461101,21.719416204451242
319.3911158756882,27.442630333838757,11.825320524099533,21.699978425157898
319.43961479449166,27.674432403786938,11.728322686492575,21.758574937884575
319.4375734066201,27.460071074948537,11.73240546223559,21.66589246737991
319.39994363141517,27.508485421800888,11.807665012645579,21.569063773675204
319.64906772747025,27.536071603364544,11.829384483611575,21.513891410547892
319.8491349883324,27.651784310223803,11.94877430562962,21.282465996829373
321.39782446748274,27.790600482499105,11.960237524626132,21.52297401516163
321.37078690118085,27.570485699976327,12.0143126572299,21.441312777476476
321.3893029161105,27.851542659224172,11.977280627370476,21.40080394730485
321.11255803571123,27.77861653545573,12.010394843104843,21.546656194841738
321.14206373017214,27.67952193402509,11.951383454183013,21.74484539770302
321.14340760096434,27.65756016188851,11.948695712598585,21.788768941976173
321.11814815749483,27.406371460234535,11.999214599537563,21.765527687619574
321.14277853034537,28.439260300920104,11.949953853836503,21.804302326932046
321.3296925292593,28.35652238780717,12.10199523012949,21.96977815315791
321.2706903866651,28.119286559739155,12.21999951531807,21.91334200849878
321.2621291952756,27.799989876460373,12.237121898096982,22.019848848238027
321.4488842571619,27.858535782964815,12.397564012835822,21.902757035229143
321.7365660869046,28.15446075223154,12.357152627154013,21.845859370499248
321.99855698106734,27.441151894699118,12.36659391669249,21.672207851972264
322.0195739891477,27.75116816844352,12.324559900531774,21.583187954440703
322.2593138518174,27.762385105842732,12.37406047167504,21.560754079642283
322.2165013632838,28.10822082644855,12.459685448742302,21.398570897083037
323.29294579843787,28.41248451742351,12.420936209085024,21.318578422795802
323.0165932394252,28.71349601772222,12.4469496348271,21.24324711448153
323.72192630931096,28.843450636734502,12.614325110265106,20.98333787645697
323.74474009514176,28.997885499130277,12.568697538603455,21.199445466983107
323.7933597986161,28.102518569927476,12.47145813165482,21.407914697338583
323.7987975057383,28.027202436148528,12.460582717410375,21.558546964896475
323.8586871782363,28.671772937273666,12.340803372414364,21.862175252045713
323.8582748678254,28.6011963951615,12.341627993236237,22.003328336270044
323.8709643695449,28.894271964528016,12.316248989797241,21.952665594839754
323.9068461815039,29.07521492068123,12.244485365879243,22.125086830256244
324.1931300904143,29.025791931806065,12.207549961534436,22.223932808006573
324.2035114377925,29.25278921956008,12.186787266778088,22.30639973309992
324.46968455863856,29.26886817158807,12.191764762125192,22.274241829043937
324.68405458126654,29.72914364547534,12.299959046788624,21.890625211188794
324.95498867011764,30.097327891475032,12.291203216425766,21.68736906652872
324.9006340234527,30.828233910417914,12.399912509755644,21.285469226381664
325.4328391551976,31.200456510891385,12.387190955894841,21.06686838024923
325.1713310376828,30.502980944017615,12.387823388053054,20.894668105382905
325.2173349265174,30.994440837682053,12.295815610383938,20.95142025620516
325.49407070945784,30.25479862638607,12.261467773776566,20.873333490976552
326.3404360206376,30.456599560995976,12.120886493394067,20.987114735749074
326.4081237391188,30.423737342772228,11.985511056431662,21.052839172196567
326.4326665274811,30.668686095916932,11.936425479707012,21.078308713034
326.4812848638554,30.338874829340163,11.83918880695841,21.223021386532647
326.53409450561344,30.579190299951073,11.733569523442414,21.257785687855574
326.5940453847698,30.532853231082324,11.613667765129664,21.35045982559307
326.9142396168089,30.433546791056326,11.486706773375644,21.549072705645067
326.8974773909399,29.75759531968032,11.520231225113685,21.35843612259511
326.87222070030396,29.87833920047812,11.570744606385615,21.62889484765423
327.0818086028546,30.081762172665396,11.668364506622755,21.73884460861816
327.56109953663776,30.338918012959375,11.749957931302678,21.744620574153316
327.5175941985877,30.409580205283074,11.836968607402792,21.60329618950592
327.562592471614,30.12577285917315,11.746972061350174,21.649937527269323
327.5788377418574,31.84605413054505,11.714481520863385,21.330113159598767
327.61096743745605,30.855689375791812,11.650222129666059,21.25144312161653
327.87193425814934,30.88129468190978,11.64087995022851,21.200232509380598
327.89174056426526,30.84735660423073,11.601267337996704,21.268108664738698
327.90790531961017,30.85149856012393,11.56893782730689,21.259824752952298
327.95644281833233,30.815930422450606,11.471862829862467,21.330961028298944
327.89220462993626,31.124776427220873,11.600339206654706,21.223982511576096
327.8956998425823,29.279621172626044,11.593348781362561,21.334954229546256
327.9273695425512,30.7710141743181,11.530009381424765,21.42927648408243
327.917383543603,31.055386917797904,11.549981379321181,21.373688680953652
327.9282304116965,30.85147022416116,11.528287643134096,21.26884158470708
327.99015520801555,31.078003575602196,11.404438050496065,21.32653870154761
328.02549077521013,30.24696130659408,11.333766916106931,21.460143659037968
327.9914721316966,29.97752702184305,11.401804203134041,21.48876514633678
327.9807193218778,29.92229156212015,11.423309822771605,21.599236065782577
328.4636731970865,30.470269035278882,11.485062751305573,21.530941798416553
328.1884239009611,30.47752183375747,11.521676596139606,21.516436201459374
328.71096679939023,30.56907244575293,11.505188321941036,21.333334977468454
328.7323023203575,30.671636303613134,11.462517280006516,21.128207261748045
330.28965495377474,31.221720745917672,11.39320450750432,21.04316920858305
330.02647155200316,31.370141762220594,11.414445281401417,20.746327175977207
329.76689596754636,31.197317360923353,11.432486199276665,20.590865727533433
329.4949137472532,30.80717895578213,11.477328441899893,20.372898141889543
329.500402184957,30.782778809903043,11.466351566492246,20.421698433647716
329.4372100095389,30.895908293625865,11.592735917328511,20.195439466202075
329.68501304864685,31.102419038104742,11.593126951879967,20.278415090011805
329.7061817614069,31.58479229888166,11.55078952635981,20.308134816988694
329.7123969058154,30.816842471749787,11.538359237542894,20.35317201612912
329.75578613752435,31.486245143046297,11.451580774125006,20.50659556173453
329.659861774528,31.435803296210505,11.643429500117644,20.109276966304343
329.63377398697986,31.837864018966663,11.695605075213999,20.296314516921303
329.64386796374055,31.913111154280838,11.67541712169255,20.14582024629295
329.81841061757683,30.81855317428016,11.822995421261256,19.851618170088226
329.5399729882643,31.072311853357732,11.885080048080816,19.83889144373857
330.27331979635846,31.274603074296138,11.905333486455548,19.92995802004945
330.3142576411506,32.2652998161299,11.82345779687121,19.93794636731664
330.3135334248452,32.611522862482424,11.824906229482107,19.74158215483965
330.3783033492871,32.36169290291453,11.69536638059834,19.74805587755573
330.42271614366365,32.099452969371924,11.606540791845143,19.78144016793012
330.4174532795744,31.88664708580937,11.61706652002377,19.71696213704552
330.43516736167044,31.495209848952616,11.581638355831593,19.521216237054794
330.391730111716,31.123060680027784,11.66851285574043,19.293909098946813
330.4194079788182,31.840638445358522,11.613157121536155,19.310412386866105
330.469967772691,32.32574828113574,11.512037533790451,19.30659089546573
330.73863167299675,32.568621714116134,11.456146165701494,19.302280462027458
331.2195936556977,32.39051320956331,11.455079461517846,19.17806884052403
331.0507733402208,32.79986630580801,11.314156450733686,19.316489931510482
330.84563309789246,33.4047917025474,11.246197671289275,19.541356930335105
331.304680550016,32.5013578419221,11.288950090609953,19.42653000445008
330.7681283877464,32.373944519761906,11.403163170338127,19.201911026364947
331.7345052022596,31.45959057676738,11.382576431674421,19.118452021991253
331.76761198354814,32.14885473314236,11.316362869097404,19.169283457597825
331.7634271243571,31.100889073011075,11.324732587479394,18.884763541123306
331.05036157828795,33.257738768641666,11.334860247017309,18.819074447663414
331.06199051200684,32.338810817788044,11.311602379579583,18.772153294208003
331.0655704123375,33.99189343324022,11.304442578918286,18.75671447369725
331.31013625898396,33.72976462950366,11.285064152509767,18.811218814285844
331.56380009888795,32.044430039342686,11.247974248308092,18.890223565364238
331.0828229515763,33.272474193643674,11.268354293531047,18.788070880263042
331.3667526454612,33.75268222230406,11.170106422560657,18.766877856541196
331.59914834068314,32.42212923646174,11.172953428959952,18.622153447166905
331.7517168873666,25.856522039234317,11.333350028336346,18.25289075206721
334.8814702063455,24.163648487260915,11.552041186180228,17.93681054412735
330.8794873894167,27.33618261561532,11.707751236346986,17.59334949847624
330.68340609275975,34.1937211304679,11.640812270025059,17.651319257844538
330.3218134978328,34.560673905111685,11.446279024883598,17.835132143552443
330.34373128067597,34.89791027703201,11.402443459197208,18.077404067752916
330.6023422569189,33.90987897235518,11.346486332074502,18.208407375653906
331.1043598488355,33.11368428162283,11.267020345010145,18.413942961965446
330.9402744420238,33.726320611243445,11.131174413261574,18.580720538840065
330.73412399122606,33.50798776814048,11.079262780266657,18.55317369045558
331.83010158507807,28.09467683503948,11.201942064093009,18.269550093311206
331.73369195309783,27.33301373922853,11.394761328053486,17.949798284407713
332.59099367212247,25.915638909298593,11.51706817652612,17.56995494285444
331.0035334236243,29.798809250885817,11.502948831035585,17.548425305719647
331.42334478731954,27.21390093352518,11.573363622639034,17.258016826477572
331.3611317427314,27.79691791874003,11.697789711815272,16.995634311995858
331.5437776316773,26.999578323946977,11.782433219839572,16.79057235791765
331.73886941411774,31.55049668547899,11.840486958294493,16.65348170156784
330.0210002714717,39.84940495476736,11.699259603132587,16.59913125009111
331.58299555300874,26.815895303326638,11.683063964642441,16.471879045764048
331.37861100452517,24.711645387106017,11.65005442677978,16.262592529907504
331.1454723335025,25.47929097253158,11.678265523109628,16.041500096202995
331.3234503412049,26.865264616573462,11.757487189642235,15.88061889974348
331.11431376659317,25.864966466422583,11.741727090520309,15.71104895831852
331.120782954441,30.83798612102534,11.728788714824681,15.682516524109523
330.7498697683194,31.886920004648665,11.609514992027073,15.737398994464838
330.57161068074936,39.99474192620287,11.536601399446932,15.840162324725705
330.82005000389825,40.17054810493873,11.469519116089236,15.91834633019413
330.86227230483115,41.22586146581798,11.385074514223419,15.957119901134936
330.7116885116639,40.56537090212145,11.257163957619113,15.990866599711662
331.82315266946694,40.24566450832442,11.171640348257819,16.202798446056786
331.8954266775029,40.81515740304685,11.027092332185976,16.35162095299731
331.9048081456137,40.64941992944854,11.008329395964344,16.25397828440832
331.4913697534056,40.37504499686402,10.980533822556776,16.375391970665554
331.5208053208267,40.15455624590527,10.921662687714575,16.38766693635818
331.72183191415826,40.399960113857645,10.94751866410007,16.32476836350194
331.50320823930105,40.426762987998615,10.957373335484458,16.271162615220014
331.7426341237681,40.10023616069378,10.905271160916422,16.497466675463716
331.7469119950189,40.07634880599503,10.896715418414821,16.545241384861214
331.7891670991269,40.86126761254306,10.812205210198725,16.694851745727476
332.0392042903656,34.55096173420711,10.742829210996023,16.825210387436417
332.0238438402984,26.88168977358364,10.773550111130415,16.630020526824843
332.3756927266271,26.18088341139125,10.928015228713406,16.315307470728765
331.8805438691827,27.774387321472798,11.06446001880068,16.11678488737099
331.37968625784123,29.800497846065348,11.213778313672474,15.900350013336098
331.57377198402213,30.692637937646,11.251003421688878,15.817656071687644
331.514877465331,25.495134549894455,11.368792459071138,15.593692491611925
331.3667789475595,33.621933984865656,11.241688632957628,15.848827226271036
332.25978172605005,40.162616364740686,11.15599169101697,15.944854233084506
332.0864853980885,40.05348374765781,11.077468417431138,16.163119467250247
331.68605116644557,39.50224415192933,11.024111818616534,16.411373596606705
331.9696061042226,40.53839595417134,10.886969409819752,16.48890732590829
332.19327381485334,40.46658653089783,10.86848767155215,16.63252617245532
331.79123148969245,41.28243005550165,10.811168111469302,16.72364754405695
333.0649504427226,26.602960732504545,10.850406670927809,16.766919580839122
332.7829329921642,26.03934294426881,10.982025337240207,16.596906452897695
332.68127855155007,26.369118041164636,11.185334218468439,16.36941398775489
332.59209856030645,25.43324607353015,11.363694200955745,16.081113642264725
333.17380530695175,26.619122084104728,11.492088351881947,15.862374361477004
331.43678273590564,26.93203337300624,11.530915139964815,15.665954077925152
331.6476066742533,26.169224997660184,11.53632503367615,15.483339746990302
331.6331091972165,27.500544067560526,11.56531998774976,15.366921724298864
331.5857028084218,25.272295814076937,11.660132765339176,15.169624599480322
331.55521013423885,26.409653727852394,11.721118113705044,15.002964919031626
331.5675314069403,33.53640122724049,11.696475568302155,15.031428064972578
331.562669842561,26.241650229755532,11.706198697060795,14.917712031301827
331.74746887330855,25.829987608369017,11.755111548166864,14.9040154488726
331.49889639034456,28.402656643724825,11.833160547398233,14.787828978519858
331.9165193548461,25.90540708618721,11.835078886688384,14.75934248383562
332.74292796299136,27.01255556617227,11.85496704105839,14.635927237191133
332.3171646514562,26.01731399430208,11.873284950255828,14.543388596249269
333.11800918661,26.69713367681321,11.933511873796173,14.430186226612859
333.100745660785,26.507488426769157,11.968038925446223,14.394766069179255
333.0699014610782,27.544838690340143,12.02972732485975,14.393677140938653
333.0788128009893,30.66005435379632,12.011904645037582,14.398747020220656
333.67399229811264,26.098664183932996,12.068018450292255,14.380726830270778
333.4863921233615,32.2901346948546,12.027101398885248,14.481307835703486
334.12761783205923,26.015665382501147,11.995673226940054,14.520014005908394
333.8708365383612,26.837949232230216,12.092139279247542,14.543832446804588
333.63722513362944,25.58253946029978,12.14034242442175,14.540534004929848
333.8847149093145,26.839962312655793,12.065108901957661,14.544164473653623
334.3511557013325,25.52636162424438,11.96940487744831,14.659833171896338
334.533932580832,25.39715034907404,12.022673774099067,14.499433066587219
334.15139213331565,25.183041801012592,11.95332381451697,14.510434735402681
334.923187448565,25.24952487369592,12.074794903280479,14.377468590036028
335.373163821188,25.83611738877179,12.007194775424193,14.452812485968895
335.7778858984769,25.898596294234913,12.030246275545126,14.32785467504264
335.5503678673055,25.968068911430613,12.070588573610433,14.188909440651244
335.5038796180163,25.79525161298114,12.163565072188778,14.121345155145324
332.43117077049203,26.770929686843935,12.104256099749414,14.238231229915723
336.99110777139566,33.01867141134587,12.103423532512839,14.177804282599116
337.0175405698683,26.40274467042831,12.050557935567586,14.175892247916314
336.3622298624663,24.77125535441679,12.123151998434878,14.137464608108061
337.3701595147081,26.04931192592065,12.173536480941035,14.060844009488187
337.82249021667786,24.799682896826784,12.094620063726278,14.082867107501713
337.4555177663364,32.20420662241401,12.004671931183188,14.103894254394953
337.91348234877864,32.990545975536634,11.910395034927987,14.174520085408282
337.9691828614369,33.38754186212,11.798994009611487,14.20132636830819
333.49873238152776,29.47769918207294,11.741527814639124,14.249694640174013
338.22070548911256,33.366522569491615,11.7007603018655,14.239891141228998
337.85760653426786,33.534677418474516,11.61090889441606,14.311606101832615
339.5689892712242,42.20830444538987,11.449538079791463,14.494348341675423
339.6406760753267,41.711390184332245,11.306164471586337,14.672454658704547
339.9135152069874,42.06517855781623,11.168738753412013,14.781383002030434
340.54985551587157,43.08793282360718,11.119074450773638,14.77423499566518
340.58780906177026,43.079619971895205,11.04316735897623,14.790860699089139
342.4362588072551,43.078112949466444,10.998138991355425,14.793874743946667
343.1160502502346,42.99890851596298,10.853773099125387,14.952283610953579
344.9604104475064,29.08507029109092,10.81105368884342,15.232397068498592
345.7187350702155,25.030945355605375,10.929015834481719,15.16758998418756
335.55274643229995,25.75473333601024,11.189967638080788,14.948852317596105
335.2585673184733,25.648178151155488,11.367756350041498,14.751393171613051
332.7485640185482,25.302302845792422,11.462225986573255,14.622220955119436
331.25488375022695,26.418493197798966,11.579415563290585,14.4399623653386
331.63304028588925,27.07942542446444,11.6413713879609,14.345501256000093
337.03442784858186,25.307623116302388,11.873167021100874,14.210915619482467
346.51731132717566,25.70056871429991,11.783974412811325,14.245745047352552
345.95814994322683,24.853276770969423,11.673922362886305,14.302495843583245
346.6012462365437,25.07051653032695,11.61339033449585,14.276569844282639
346.23122198813826,24.845545967980332,11.53908626769,14.319334687167462
346.23593223662294,25.64586846511033,11.52966577072058,14.345211144145589
345.4206389774333,25.06872222773812,11.532752935677355,14.278879103823076
333.3915225858392,25.10847425281279,11.64248083274801,14.199375053673737
335.1241933828003,24.77442169154668,11.835279646271804,14.05456008566238
334.8669270351785,26.597903508689257,11.942472984427464,14.073650665169243
332.2235935077207,27.61831908641779,11.907473985832464,14.07961414567781
330.64383596164436,27.40944195027989,11.795885667231161,14.08848049160936
334.9058015785632,27.592004079780132,11.823740326309784,14.130584132271567
335.8850773175603,25.18844829590725,11.906817391363504,14.037787196702627
331.4171726902165,24.7709149738996,11.861527893078897,14.056390317720464
331.43654445866514,26.23429631207694,11.822784356181618,13.984158606990539
331.4652475015136,26.485537469509584,11.765378270484653,13.887728350396124
332.0751312279661,26.08826159284346,11.756531231511335,13.874999827773948
330.8634839483597,27.116717796759886,11.760017754963744,13.83459411640806
335.9032388877734,25.937847248343818,11.748847967967473,13.775933591200761
331.9042834494941,25.953211325411726,11.713798010907137,13.745205437064945
334.46342761908846,25.582115886647586,11.803439527385546,13.686176336798267
332.2529093277237,26.813916302631316,11.811964366428944,13.629400092295931
334.22453708510267,26.84601986265808,11.872666399655214,13.565192972242405
335.63665004669406,24.877832584297714,11.851061760218382,13.497822837897546
330.46240554408877,25.276818257739357,11.825956702392343,13.497820265094008
335.84376273755277,26.0349850147461,11.824964502018588,13.57581596390338
334.0822632698317,27.414560886679944,11.749991567000308,13.615086785949348
335.08952165126954,26.441812228473307,11.73137480338288,13.564684103104364
344.71279154814283,31.103117042443188,11.593706834793723,13.796510387743266
344.5659541593858,29.465893273403935,11.48791205120712,13.875201437016129
336.53981239700204,25.901799630283076,11.581134078298778,13.8218110493037
334.9542370282547,24.313160088968182,11.555027729007145,13.801833045147188
330.37147747460915,25.536189062437483,11.545190120853919,13.749346415281003
331.5922430382626,26.371518936534578,11.491424328687007,13.670530223846798
333.3549742607332,25.381585252853004,11.528878168962525,13.670999654978523
335.6881879964093,26.011922092644742,11.620329014428295,13.599795554599561
334.4977729885479,25.99630725624975,11.619990843337936,13.631025227389546
334.1057592667158,27.00528448935967,11.609341504391411,13.599762717696954
335.6987562573505,25.223704451387913,11.596821789508729,13.592764243955452
345.28049564480835,24.709773929482747,11.459340562187787,13.827875389949332
334.70609567160784,24.575110185000383,11.52543365074017,13.699415957067862
336.64446634553144,25.39811252237445,11.617419605597952,13.640902203401716
336.63174455110516,26.595830782780553,11.642863194450513,13.630163380939365
334.58627033067387,25.86573833996418,11.756884779076815,13.499577524077564
336.1804789546283,26.870365322691374,11.748489846785086,13.477837505883947
335.93530657399646,23.54812346108623,11.841803049952329,13.372784741454494
335.89279847735753,24.774616099673878,11.926819243230167,13.301182014827518
335.31113111277944,26.365260200325892,11.898722137224217,13.297045373955738
330.5548325361795,25.385097842194146,11.892176588313495,13.27421536061285
329.97777495312096,25.40020877333913,11.857776645135296,13.243993498322881
335.8882502126435,27.20052940399611,11.891408466268294,13.199726939062366
331.6013180889759,26.972881162497366,11.7752357967094,13.260021744019209
331.78278111284453,25.386307940671838,11.806392389870517,13.280507060482956
336.06929561611264,24.034041236373156,11.921135555382854,13.220749323428507
331.54412771695615,26.424274660243803,11.868003927696567,13.189917654469443
332.1395493107332,25.875716010465887,11.860587652686695,13.103608041481083
331.9696231348664,28.630271849803947,11.80742491912202,13.09670755698038
336.2489465306167,27.848971727544498,11.87409044863041,13.091069197679454
331.1849198695575,25.30121397818446,11.783225367263887,13.077125494657038
330.6199138573962,25.327983586526635,11.739130390339124,13.023586277972688
331.0643574144316,26.306977991111403,11.629909011298587,13.01476180637849
331.29282608021555,26.120029416103044,11.560923515235217,13.000707120890626
336.07264463061887,26.53659558861507,11.66706534970883,12.940837090688985
336.804090772293,26.352955744931432,11.753757905728124,12.920720568214369
335.82289683016825,26.725091381625397,11.773816760753505,12.953380906516061
332.5177569617331,25.972196864562967,11.766100088565555,12.901994314980115
335.19750057320397,25.595274292044916,11.843806194816246,12.879097555845865
335.1716893311852,24.860646562056743,11.89542867885381,12.791346152835901
332.5139750215796,26.99128567115325,11.768999923349945,12.805813014776124
336.1649415499474,27.759531057783384,11.81852425437103,12.81699748104357
335.7678286795974,26.01157483482976,11.836987389602452,12.821978202342233
331.91023959390776,25.22711034182159,11.787111395027496,12.837896355167736
330.9774518558703,25.263537095362604,11.714151257201419,12.765042848085706
331.3851756156711,25.28954863267908,11.66952433948005,12.713019773452757
336.53651951697236,26.06106815173041,11.73184365598986,12.705537345588965
334.41666434935564,28.015129820071884,11.739147048822737,12.645056683815682
333.8646198887212,25.523389137105916,11.691425117377538,12.637357687986835
335.51870861367456,25.92308677206259,11.830769950263386,12.604078480916268
336.8582598097137,25.963105703742833,11.844935642775837,12.524040617555787
336.04308050136626,26.75388957952641,11.940389659977429,12.477377465481782
335.84409449243384,26.385044385506674,11.953853159376091,12.446050816588762
336.98891635081554,25.407197080326306,11.969594909790125,12.480590870968276
331.4458231167288,25.21036577032229,11.890164476663974,12.489232218517698
333.5774571825682,25.421386624954163,11.84978015442544,12.451089037384891
332.8475905401734,24.477266435168833,11.778867187437257,12.42602160223357
330.16515163213234,18.9274821064808,11.80771095538647,12.472376874191168
336.269924137917,25.80604582115607,11.832654548256716,12.479049124835104
335.8392838703961,26.401958588526025,11.928279798183066,12.43570651776823
336.587633811199,26.774580655624057,11.966235996159503,12.457790423363292
332.0365235103755,26.203158723664867,11.83779589769619,12.44680169976788
334.68786942286664,26.40582243477307,11.888767668417373,12.423878820101724
335.0438329491249,24.34973221808704,11.942546891410899,12.324674738168694
332.04286414294836,25.507417845197374,11.83009849735113,12.302198236352822
332.67175527281546,28.33411779982675,11.712370202000809,12.349068149013004
336.05639758967493,26.08401872228368,11.763053771817303,12.302620835075457
337.3912504979708,24.56408638365426,11.746090265014956,12.310780015432243
332.6875777729602,26.850009903321986,11.682879280093063,12.284800064869492
336.46224259900345,25.918843286299236,11.681829849008233,12.260063243664586
336.25391000525553,27.06019736882366,11.721484841602598,12.239416248024671
336.2682161934578,26.683714221963026,11.692872465198018,12.237752569519863
332.71719108367614,26.318563055706527,11.635042222340193,12.214383274409583
336.8452175022925,24.278400191517694,11.641172981876556,12.163617204402719
335.91210361881497,25.766972125327783,11.63312067943326,12.18532144781996
336.49469084738325,25.5712986903248,11.593151347321959,12.201599942817495
335.5134201030638,26.72434317160564,11.682243512880635,12.143650167952005
336.0943497320327,25.98521367069907,11.645964257370519,12.121135833194979
335.32810925148857,24.482470197620888,11.681379860482672,12.132492063399171
331.6285966712361,25.594493705648745,11.580309364816232,12.1584737441949
335.33568389720705,25.240773289197147,11.642362590145778,12.118291809370943
331.8245918614335,26.734733755001358,11.555416074013381,12.123689019943413
336.1111354262292,26.539619719670412,11.55839519136554,12.141044645086014
335.94517414107133,25.03578061435144,11.517126435411669,12.16319224556699
336.29261974968205,24.85417154855718,11.568002628159658,12.153526672170832
331.50074309026735,26.54461964148382,11.43974352205516,12.134480941102336
338.02606051407747,25.59959942695305,11.381365010438149,12.168484750734853
336.9021574481558,25.260153612694793,11.404299237821608,12.105752411098075
335.7684526433974,25.67510281671563,11.45053384828799,12.016245669406562
336.679991611417,25.845558949284698,11.475099594094056,12.044862140637504
336.51375125274535,24.2100957819941,11.43721438411359,11.982495129305239
336.52150854823935,24.77772255675863,11.421699793125597,11.953609571392919
337.65397159601076,24.404436898730467,11.365321384343844,11.96399832519559
332.36179650269827,28.038054043605978,11.296213657311663,12.043976389690878
331.6885763038075,27.83933996110416,11.172594509063149,12.073889668187011
332.0303724490169,25.84432910974719,11.221037359580983,12.037718095749247
335.49023040173427,24.776757366877973,11.259561500894318,11.975522619356742
336.003349151221,24.801896093237985,11.330914219481036,11.925245166636715
344.62180703021727,25.33900762883203,11.305813489594728,11.949648586604344
336.89285263822757,27.197488197981563,11.383630579226061,11.894614042197658
335.95375223387515,26.305941005810244,11.429009144072907,11.84488618268231
337.2659643854653,26.29252414296075,11.370108696478326,11.87171990838129
336.1571609738335,24.682269256246613,11.39176509510109,11.798304044848516
344.74432833694084,23.20418647728048,11.38107411818286,11.83299832630479
339.11535004179774,25.57358235728778,11.306713337729544,11.846468689503503
336.9100380421676,26.29098607211572,11.342230105056794,11.870030337158596
338.2031690999787,25.90306696157677,11.314634474121217,11.914820991183202
345.41169229388515,25.820584652252716,11.163307178959263,12.079785609831305
345.12244653837104,27.928362394318768,11.009875060364468,12.255771903437124
335.95068498543753,23.920967292191175,11.04055910880161,12.212912922423158
345.8624792678485,24.95487357643049,10.9852927896623,12.341580603464811
336.2869848799307,25.904959310159803,11.042033858257055,12.277394492471654
336.99909090439184,26.477600307231015,11.086246780641778,12.233431226809529
331.50033691743545,24.85708038579841,11.069917287063125,12.170319829427303
335.87510467998925,24.160696418127873,11.101631524612651,12.09954613765885
336.9589308113758,25.47213242937726,11.125709513635256,12.033692742255031
336.58172027778056,25.48068725732891,11.150840752461225,12.016583086351734
337.087589021388,27.16618901891079,11.233436155029505,11.928578232537454
335.81157909265744,25.35948627564064,11.2324505824206,11.894833104691973
335.5914085375145,24.501327513750205,11.308619847433832,11.790291402109759
335.7447907256434,23.960634295062352,11.365598080695435,11.780450010927412
336.4835191889978,26.514881909894658,11.346101383099871,11.774815583158736
336.28447576192013,26.35408834679396,11.380094957281882,11.732309429386968
337.7596223639567,25.819191377734125,11.341516202813434,11.710210448904924
336.6689352738264,25.090631231813198,11.344844129394744,11.715299904960656
335.7360626294343,25.461092852361862,11.394888621976428,11.700656982344347
331.5971918080784,24.739601262404516,11.307497818491395,11.688834519442205
338.31165726048727,25.62530290338407,11.27754407491114,11.728103826839524
332.4015106480019,27.424134162745684,11.142719497028764,11.753204278677849
337.2128977222627,26.359530896426655,11.254354836040688,11.719208702975138
332.75022258015025,25.090798626605732,11.135457970607854,11.724284040712824
335.75218907069967,25.68351409967102,11.250948339975007,11.618751332899782
335.91089895271915,24.452924140076604,11.293669682390629,11.558943506907122
336.44278107462975,25.0172302378417,11.309538270352208,11.50996414315966
336.118952097075,25.904968864898592,11.238478670579791,11.53128077625053
336.6577543042552,26.254436224967932,11.236588687238598,11.5494890101247
333.27398334251865,25.739974419693937,11.186409802950294,11.501930387868246
332.42985333538775,24.484101540993937,11.088229525731407,11.512659737195392
331.39743498216467,25.75576019291731,11.017643278629073,11.46066921248863
339.06693197281953,26.100827644860523,10.899444628754885,11.47847827750618
336.776137451772,25.5827902193861,10.900110048782253,11.457416907977873
337.26578334560133,26.31330234893674,10.97699733458953,11.404631413497887
336.18261355352155,24.930553218798266,11.028633857125058,11.350525591609475
336.3321677414032,24.256998419969158,11.081944075031934,11.287960814586585
336.1430226275694,24.628082039541862,11.107956070838238,11.250350039163978
337.35946568706066,26.039622446159473,11.1397526173379,11.244049415051228
336.31624561636664,24.99292109832809,11.11119358207259,11.222452934060641
337.010617314802,26.4135154287244,11.129289695976341,11.194943294817058
336.6744145573164,25.88939236282299,11.098570522582103,11.188502394071827
332.6970949286406,26.91346520410979,10.980743106310511,11.246217582878227
332.577124034495,25.4959291025905,10.870660259345769,11.28109270387036
336.77688883888123,24.788389196841237,10.843087451924198,11.300846381810398
331.5842542131781,26.552598112551745,10.76721452020533,11.259475944764452
337.30592214406073,25.49263908646021,10.770105488945182,11.298261845946602
336.57950260228176,24.992702279886046,10.832910729974005,11.255610077198103
338.4909394385215,25.53054473125481,10.836219832394644,11.223429567615119
337.7791696358999,25.73346405500379,10.870228741303302,11.164973594200772
336.8731839412389,25.237899281709595,10.94718363351687,11.11509324252408
335.8194299389412,25.77643696795202,10.970082144897024,11.080322616646868
336.52096995367634,25.606053832492993,10.955999650441546,11.073839503811206
337.1973429504446,26.479210420331555,10.99095509702729,11.062153128286813
336.83993006763416,25.265270674883357,11.01119568177837,11.058984486139266
337.70546848939705,26.314876609659663,11.017927281812515,11.045142748858542
336.66377859110753,26.1549061526163,11.016607944443573,11.017633807287275
335.79320789733515,25.81924898926297,11.022769666967754,10.994956267985721
336.29533232898507,26.321417740045128,11.05872812066585,11.030826083419266
336.9706873204716,26.33680344389838,11.099485841540908,11.000054675712759
336.2733983270331,27.00119281703603,11.101970310522985,11.063369447332368
338.40078509495197,24.898757963450336,11.035920810265376,11.079515118923627
337.71073389677866,25.595034064568555,11.022925557008215,11.080060566290944
337.0079781922541,25.93350399976283,11.036124042471096,11.099277157695546
336.6335691003269,26.28472186899689,11.087764945132177,11.094018700420644
335.75716874576113,25.42896999209222,11.093968534172282,11.058925334138557
338.5904911122478,25.942422270000172,11.009153581116264,11.078613862057129
336.1512123974435,26.453278951579655,11.01797302735792,11.100415781048225
337.1965955626473,25.3984232020246,11.017129569093806,11.120204408014855
337.7218670373349,27.320987254943173,11.01244208359968,11.109879669742092
336.2924927337293,26.83434155859895,11.084133291390973,11.038024537648099
338.5789323998914,25.273413799560934,11.040197197007709,11.0244578140727
336.3058320400049,25.988791102471804,11.069224737260255,10.983602648103464
337.5352663615045,25.798846806927216,11.041371855146535,11.016203273351845
336.3044135250784,26.837135591160163,11.071534208771693,11.023805692794838
338.8027441474342,25.558115447119736,10.946283644348634,11.146140640731366
337.23715325435796,25.054582704539804,10.946287720740868,11.109480222637773
338.47982447122934,26.105045145751344,10.892273146198875,11.092550648100952
337.43934585073845,26.633240141356346,10.89594575109149,11.074802974935505
337.75303674468506,25.280331278151042,10.960550316661248,11.012675287494266
336.37212719427583,27.34489904724346,10.954090973666414,11.035957415029344
336.18328911654623,26.841854425738276,10.985467754460512,11.003148534044353
336.86139918001965,26.150760990068804,11.014357203034466,11.00022582986253
336.1417447216007,27.357459517417823,11.066920803399054,11.0136330789928
337.19252220720716,26.82649144854193,11.051715861218467,11.032394202228392
338.44863092448753,25.24964779225209,10.973967019609834,11.05605046672665
339.5227703583711,25.584575506047273,10.907260994940955,11.080052653502378
336.7306331359128,25.575493282659885,10.951467683484694,11.098217100277155
331.21603670009245,25.221773666971952,10.86906990368026,11.111181915937701
336.0403684520952,25.738041930047803,10.912338948855174,11.117066734341051
337.2213164484355,25.94301064743899,10.97885516067416,11.054045328772904
337.21906693636583,25.949735332801307,10.983354184813535,11.040595958048264
336.9921392481177,26.31110695743044,11.090375993657139,11.011519844095101
335.7292280351966,26.161204348106292,11.17977283389579,10.963264264800015
336.27233541255936,26.837407122337325,11.139673314299834,11.005679029843943
336.4085493164426,25.635873307453743,11.215989616761105,10.967537888016786
336.2059489649026,25.82158119971168,11.271848907637763,10.9454635157044
335.84119218846024,26.192836662279532,11.301623466315306,10.902691584775836
336.6885053789961,26.363041994415237,11.355297802659027,10.911941063987532
335.9727533570879,26.02620182402189,11.384210640468005,10.884325801770505
336.1482232698248,25.85358924249443,11.383934338130421,10.878887441689276
335.95650066469614,26.57761073851013,11.416806484321327,10.833136705923774
335.62928901357066,25.702223435460905,11.370504456672219,10.832097987271945
332.0204021328855,27.07998017546165,11.246225028294884,10.873557150983773
336.39361453969616,26.750606991137907,11.208066883921493,10.835642186091434
336.21684378920514,25.717940992337446,11.214475746328262,10.81817835224091
332.12246604943243,26.89252794505988,11.076265658267575,10.897702737347807
336.24753549700006,26.38204186529389,11.13118012392134,10.880543226781162
335.90478455625015,26.209857630349674,11.123410616048027,10.878276001982972
337.8503580764393,26.525583297718008,11.043520227180187,10.939780422066402
336.2816488413867,27.727176542120997,11.065203971339603,10.959943164551627
336.9930809250771,25.9667432563869,11.029746686104163,11.012292530656557
339.6236068060358,24.911114027993325,10.975475433425336,11.040838783748269
335.96286580630806,26.147812095183475,11.015979650723693,10.994435243420346
336.9892058624672,27.174077788883306,11.04302353129772,11.021627848913033
335.9353348680927,25.600690908307406,11.065916815778845,11.041128553662862
336.466598161254,26.28152144654679,11.047817405602995,11.072037045379883
336.96598474730575,27.132758290559334,11.094076570639901,11.111283919255465
335.39791105360376,25.22772250592216,11.083007746894763,11.074757897125222
337.1142181604781,26.441424343861637,11.139805385125374,11.089942517631792
336.7653163738649,26.271966805436904,11.137459858445709,11.078783044528205
335.53509451629975,25.757073047694707,11.148871058341518,11.058985196340698
336.75848687024256,26.452345585815934,11.150191475614957,11.067357334474817
336.56809315254986,26.257212726437125,11.181096860511767,11.107741002743792
337.41937473045357,26.631802716531535,11.233557931878705,11.06057071342473
336.17112103495367,25.745576124704623,11.272463338109635,11.077593907957919
335.10969402455834,26.780730806482243,11.28352099393765,11.119080909365373
335.2239699446051,26.637222017781497,11.407763658165985,11.053303982444943
331.3923827496559,25.905795152943544,11.289393086905477,11.101331355546515
337.0681550620361,26.609952261860364,11.221263642306518,11.103444035233052
331.64751433055835,27.679781667860635,11.163906860662575,11.073199077025969
336.19934081124205,26.630670738518354,11.165191723758117,11.070281437757561
337.8336155505499,25.90119544454644,11.048119452965905,11.12857548889096
337.1105074624197,26.09049794526117,11.09738076588925,11.099209203295736
335.3308269353882,26.95718915641202,11.161215843518038,11.113589769211186
331.70634488796543,25.85786547124951,11.04371300035497,11.20753230010518
331.89452415582036,28.312344315629357,11.017765402283814,11.204327738286956
332.0980546263074,26.40050049512284,10.960655600799516,11.178552844911849
331.97569113851455,28.656686463385405,10.856737846115614,11.198562401892172
331.95186643303856,26.079033441948223,10.904387257067581,11.144111433079546
335.9159074069434,24.70439961164074,10.962257692821122,11.11565652549859
331.77996480562837,26.595908347075884,10.889784726099853,11.157136548914334
335.90900171096445,25.22972543691515,10.964252401906844,11.111988540409433
336.0907563674833,25.579431169101316,10.948398480350571,11.107887859000018
337.85386530276094,24.536645378993853,10.895588827130958,11.109414508813588
336.09874967277915,25.426413010669954,10.940506132343106,11.062536222837064
336.7747660309453,26.643285865228172,10.974486503054262,11.0543134160465
335.88016661255807,25.435105765390595,11.02913701227337,11.042305957144297
336.0519466510309,25.805544476367544,11.033158698906595,10.996592062348194
336.0295467692406,26.146340176054004,11.077958462487214,11.008850841691709
338.2583768446296,24.92333583474341,11.142001769630093,11.020096123894001
338.62449368098635,25.240802759519358,11.107784288208956,11.083178465634518
336.17575263262665,25.627639523257123,11.112771411578276,11.008432791494716
338.2855106038651,25.628156202885833,11.073628890175058,11.007399432237293
336.5442441415156,26.492869093244064,11.078838430392054,11.016635343761843
335.4849583051517,24.771941430522332,11.109650869900099,10.978891947172396
335.99764357601987,25.301648479110693,11.127828960879157,10.96302648271111
336.89823771547503,25.97099678154386,11.066066017430675,11.015870146214223
337.06456569975006,26.31461940486975,11.081156850466549,11.024118502734318
338.13791729544477,25.770115102727328,11.02313935572144,11.068784258696972
336.5278756773938,25.289030378270745,11.112085482648244,10.987241337885076
335.8013343445294,25.834308512784308,11.173090122473322,10.940743588285736
335.9380124065797,25.852338450874303,11.247978542548285,10.904683712105742
335.9220748709312,25.335660803633957,11.279853613845201,10.891487955437736
336.0883089131321,24.78354792609809,11.296527123130483,10.948288929448259
331.39007947698724,26.86996939760364,11.234850027109268,10.979061972353138
333.6917966523335,27.56288459492495,11.17907031854988,10.992509929136096
332.33725619143087,27.392573424419055,11.094906009140754,10.983976616246093
338.4362019793187,26.521227167402518,11.066438898638028,10.988179920954472
336.1575165506,25.142453572051515,11.108698049001053,10.96719683037997
336.65543107126547,25.84297909708839,11.155819315014673,10.956746190098913
335.97058266676333,25.150186963589853,11.13261272375735,10.949427056834374
336.99044003895625,25.87295714801661,11.17937197843574,10.894869354023662
339.438818553526,26.221648210404958,11.149275763383306,10.892724488402273
337.0462594266831,25.175069183226654,11.074822711715921,10.903209126178925
335.6549678656728,26.031171877749824,11.088541035814963,10.921544235833558
331.72091477065067,27.031122726404174,10.984547722564987,11.001320669818988
331.24576272483887,26.65362480396341,10.896149446020964,11.06384826925546
336.7826099116523,25.799038054744294,10.888829943294843,11.04390069411547
336.7578093449093,25.647128889834093,10.938431076780798,11.00232384932803
337.0863553506541,25.821466736427485,10.972385732020541,10.999171489505912
337.1105469793163,25.110645726765334,10.924002474696035,11.036778665386048
335.70294194332575,25.801822340393215,10.97250908250344,11.037777170217215
336.37390713818655,26.16373558438565,11.017051893405952,11.007187282544447
337.06231815186914,26.35198264347763,11.027583480129607,10.977531567882666
331.8870545368559,28.252802121826583,10.982000087828457,10.987799839371533
331.918060366055,27.725749879763534,10.91998842943036,11.003961028892096
331.9619061734505,26.666731863554787,10.832296814639335,11.050446580564763
336.06384728450706,25.81385802115908,10.898955021163646,11.03316500939004
345.42981465337544,25.362747808791415,10.817869701140378,11.244613233469316
345.4779393882802,29.471900232064474,10.721620231330796,11.364494638793907
346.55343054680264,25.055074846571813,10.657293883826958,11.503745536691932
346.0324492036043,25.027480054372123,10.652469276223018,11.558935121091308
346.0815895160261,26.73160559634259,10.55418865137938,11.647814700605533
336.74958438910267,25.364869505336387,10.693014087005356,11.58503257043366
337.61511355057013,26.427368889042047,10.715781089265684,11.564624193256572
335.13705387753873,25.582873165376736,10.760576421222142,11.499571349834945
331.45746769407964,27.345851887647335,10.759139354979895,11.478666016322505
331.66908706610934,27.846267638264994,10.686056438548002,11.528301997969727
336.00239288887417,25.261647553121875,10.76368353963028,11.450998920288814
333.7345499114682,27.182359292441145,10.752025970681043,11.457327654063528
339.1802260029025,25.07224909114525,10.70166849190906,11.481033977650233
336.20918679718653,25.0832861325893,10.70598705485971,11.458959894762133
337.2236574648083,26.653852171440406,10.771069273857012,11.458863148421104
332.523057083119,28.07776874933336,10.721303895935701,11.41131625672409
337.0606345200029,25.653615241768144,10.707223127710568,11.380583368869978
337.05390654303676,25.32805881270341,10.720679081642805,11.336098105019753
336.8249717706759,26.03480400831389,10.831231607679332,11.31187578853979
335.9137366075905,27.100237356853853,10.91025286030656,11.273147979712205
336.232141166845,26.57306409797596,10.97211015939947,11.279494871065172
338.5298491227095,24.991805044463533,10.932032282241185,11.288317415694907
336.045785460529,24.164594251370445,11.001342310315334,11.193161396064344
331.54146281399903,26.928265916738003,10.922559124390375,11.25808174470452
335.8559172880215,25.905447457922705,11.02593617482007,11.20797002270119
332.40607990872866,27.29355255050816,10.922864507301774,11.232858407971873
332.2891035741212,28.47202408550432,10.80791669234337,11.318218727192521
332.6665478854169,26.711984640597464,10.749867887501418,11.354098528259597
331.65592934644957,26.698340519096078,10.682736303250767,11.381386771262372
336.32646662692093,24.490709947632347,10.722081507050376,11.280149508943534
338.75839718578123,25.175361727050763,10.708715855658248,11.296701797629149
331.34393176079965,28.277808740372343,10.637670192046551,11.329007241784797
332.4454773343691,27.89015505230133,10.50991361547437,11.412536427737932
336.5521568176288,25.844438105024103,10.580449089062915,11.362023102238396
337.7497028322668,25.343360112748748,10.603828622373069,11.327691274252217
336.5182026976127,25.702151676323016,10.649510265206832,11.300770611810664
336.46012717295446,25.729048580391588,10.76566131452334,11.246976803673517
332.51547438520817,27.091981822613803,10.682361868840529,11.294190326594421
332.2001945311575,27.950404142180414,10.620813768283005,11.30761520910844
336.13503366987766,25.569553060429914,10.692742095220751,11.235295961248859
336.98517631854264,24.559039024287475,10.718941835432943,11.18454198848311
336.627919862207,25.4348005048612,10.743620208355388,11.157605376707433
332.536614796465,26.617384684380255,10.648971479852749,11.206637518498768
340.24830862759296,24.580710241902224,10.712550140391347,11.150128717376298
336.07671773434413,26.998051736660024,10.793085978866117,11.135322530874062
336.3813087328877,25.98727534272878,10.874541488521448,11.084962798508943
336.8624783784231,26.322709773220723,10.94964718550104,11.105723929558568
336.494691276395,27.026543649602367,10.990568380004296,11.087362195900969
337.1872520783639,27.016559986350476,10.996179218935547,11.107329522404745
336.48175527343784,26.312041569355852,11.014830222516679,11.124023750123058
336.9864227527045,26.476258931603187,11.051422192416172,11.14423133510602
335.56564804035463,25.443684855895977,11.096674921893708,11.112156965103752
336.08144735716684,26.31695034871464,11.114312376674448,11.1143527934749
331.92202577334467,27.530370716811397,11.031770283163413,11.137916091785026
332.14383949639324,27.33741955710994,10.937270755935188,11.17469049231902
336.31624731577637,26.801666709107636,10.949611373226123,11.201551656316465
336.2930350197194,25.768415867175044,10.99603596534006,11.175063906427448
335.2073111120603,27.17172010086693,11.072593780491838,11.161642105932236
335.8779766688406,26.841247414008944,11.13184164686558,11.122297989681094
337.2948096232502,27.49509298543008,11.101846808905968,11.216442382268658
335.8810309552965,26.256978575466082,11.117660442048686,11.232395462277575
335.68786496962895,26.95447977449755,11.15202418850937,11.245265963712566
335.65896405815033,25.71940668561837,11.209826011466632,11.246424875114991
336.16930615747674,26.265182234885994,11.250066699296253,11.215798663062179
338.86744074923723,26.201557283447517,11.160693302050667,11.343048565939137
337.0913652875173,27.09331217197944,11.168976956733877,11.33147242325357
335.65373449118357,26.572891585627175,11.209554746033225,11.309307169695014
337.805634254206,24.795464139895728,11.161277742410942,11.317893292472442
346.1760969015793,25.583296802613283,11.058378086086995,11.51223069452912
344.9825622967296,26.24241430697367,10.957474446914079,11.615694456592548
339.1562437128998,25.683344165038896,10.880420319308291,11.66749916816526
332.8067462774829,26.58177247071223,10.798289885857043,11.645798849080418
336.84011549113757,25.35815945166464,10.859457363107094,11.619314394483572
332.5931190223397,26.62345739936231,10.858750149276673,11.566339376587523
331.93754794664824,26.78199423004893,10.757464049265272,11.602372778062868
336.31358855531306,25.22007213376959,10.806896872018875,11.557671916191563
332.2851355349687,27.712673976981385,10.76439161742725,11.502544670373481
335.5906996826323,26.317313814624754,10.814895911698871,11.48836706262408
336.615140225492,26.513449829121967,10.873169547778346,11.447287487262814
337.46446926526056,25.324208746943523,10.931882417412632,11.365450322779752
336.56708855581167,25.88137835860756,10.971031325809438,11.304478605752308
336.8901936887225,25.36818948408672,11.026392272321782,11.278499536292985
337.2623565901471,26.430220643091303,10.984571528265723,11.261952394663297
336.73162888930125,25.743088919100256,10.995030476263816,11.234887237720498
336.1599128810471,26.283068519129166,11.088245443467136,11.20514508696756
336.50398979952143,25.57019597754028,11.102243225640011,11.226586931902366
336.12272567081766,26.115871514214135,11.16150396800907,11.190137131112516
336.6600950783139,25.234601894538862,11.142747980455404,11.192704991398331
332.14235894706394,27.14196148482732,11.03300112292543,11.247116976987897
332.1873061777615,26.97694970288983,10.943106661530216,11.22627658988569
331.68597724260496,26.63512012033741,10.898413454836126,11.21170170365238
330.8580471947179,26.44467241677635,10.813363293829394,11.244415059418342
336.40687211909494,25.09767641265276,10.830913636412802,11.159607019831164
337.05383789534113,26.514846126151177,10.922173046009679,11.095649517012834
336.227996715166,26.33011263360013,10.840182043238372,11.118381829490616
332.62798602497963,27.88051308858509,10.778461861982018,11.129755874504635
336.9438273421881,35.33093489048783,10.771784585348955,11.06392148608759
331.24264340313835,35.7369480299298,10.826716592860066,10.939618593299926
336.71574125966663,37.65035296690017,10.849345816213955,10.883342291250274
336.520924576451,36.9757504422096,10.896732230521138,10.863559532135582
332.2681170506121,39.85681314084748,10.835305769857118,10.92702236325237
332.4508646448376,38.33888411613451,10.812523649374526,10.878462800962183
336.51975890261883,39.387432524170876,10.872893770912375,10.830905644164536
337.51644308268357,37.872424855379236,10.930277152008632,10.784793369909119
338.2224992621062,35.80658646549151,10.886035576466039,10.81285779977652
332.9338790197738,38.717525270066545,10.870130575045915,10.800124489447235
339.1035206915335,35.989627492562114,10.816330138933901,10.795705418941663
331.79852214201054,39.38389841980167,10.791407187662447,10.814103122749762
339.8249156505429,35.640129775058966,10.730098037073038,10.816267793885043
340.53105485843247,35.793159659786326,10.675068298704252,10.849520193782888
338.66387018143513,36.81763442848432,10.6807993959022,10.834373341912343
337.0947717197729,37.83901337583053,10.769621178909794,10.82453220743114
343.8303238057869,37.88277148659707,10.901122318638349,10.737015985898067
333.24076874163825,31.09913237524971,10.953383168596327,10.674068867728677
322.03251342427575,28.857510277934598,10.891435945847581,10.729738029826185
323.25717728830807,37.3678232148324,10.825528055569169,10.733539568789844
321.26640446816907,36.860527531713274,10.732928455764014,10.729594625007296
321.6365946267689,36.17737088635888,10.668533115447485,10.743937961949797
323.3824181145511,46.03556616038499,10.548923602046168,10.922568440659697
322.9408128398437,45.286336320811266,10.417771351734363,11.068544386838271
323.84632629833015,46.38305097556813,10.298386307801374,11.243413699580326
322.7086278788626,44.60304398304109,10.199667870103651,11.411834432301927
323.7620906188266,46.235336715632776,10.133970924321112,11.549296524027756
323.6268254441906,44.992423655813035,10.063214397927148,11.646114514005353
323.32183814406085,45.600724268529646,9.98988514639632,11.796120992152789
322.3131549757664,42.79839787630132,9.950500697392258,11.916105015028354
322.52623846799287,44.960268288682954,9.868341718539776,12.064468263070744
323.7280909869566,47.90672153060706,9.879394771481833,12.035974285620094
323.08754417792414,52.104179406847095,9.781664721126145,11.914000543664109
323.06139698541966,61.222262619206134,9.833959106135113,11.764148912161803
324.05658303237567,60.595529183758565,9.882314726989303,11.658463973212818
329.3479456282342,54.64986399929142,9.806619361568794,11.687018731812293
329.1982278147382,53.797575284272,9.767896491023645,11.700803674165316
321.954815207812,42.11197881728653,9.731599839893263,11.767452220140802
321.1311661641909,48.2180213039552,9.687957737117836,11.730136614930354
328.57306875356863,51.4063316736699,9.628161876747154,11.754792626621699
340.0208059989164,55.39625706634878,9.602640429186975,11.846689974135222
340.71042377048195,49.98757408458927,9.572693923690155,11.869743636580077
340.3713723836232,49.3180143478234,9.576413826472074,11.860097368240705
339.21118325507643,47.77400848661101,9.537066861571118,11.914176662386897
342.27586855864587,51.28931632755031,9.479022814691149,11.966775300810262
343.3017871805489,50.43942925343475,9.450148853057863,11.980746713897352
339.10518143559875,52.96547601512959,9.420718304283284,11.982238413712574
329.8888221659275,53.45954560202449,9.34866363341743,12.003450505934147
321.18906451470684,49.76913177822614,9.29680346999244,12.00100391797204
329.43498023325776,53.42745554558923,9.206348281649385,12.048239596974271
322.6144193795888,57.283417868245564,9.154737422450234,12.017603952401926
329.31078143924947,52.61386325665629,9.068405317446365,12.042238765558253
333.0714378000079,58.142034400048146,9.174477154667217,11.929535193485211
330.10754390652124,57.02609665424116,9.132782809569616,11.839945411516004
330.4305835588378,57.239147499558946,9.145884686830497,11.743434311827457
322.21793152082364,57.60123368009492,9.154728274279183,11.675920370298693
319.75208998567746,62.04588153355884,9.174804190606222,11.627517540508476
322.68957060949083,57.30901719778019,9.186308290420438,11.617496485633078
328.91552036814204,57.20240635685562,9.162658862266133,11.503658954609916
322.11737990513757,56.86327212164971,9.111821075596794,11.532064629179928
317.06390918548385,61.76544682190146,9.157975071320514,11.463961141822004
318.36721313668136,61.93948203283042,9.14534241150927,11.440137625287079
319.5191722789887,60.15452359831388,9.107161883797536,11.449609447758446
318.8887696333638,59.838937206946106,9.075155904286701,11.434376595113651
317.9125175821582,60.67584217320924,9.092959380956074,11.372817184038885
319.17420784353,63.93427236622828,9.14394173036759,11.291863978388744
329.11469514807175,62.505812248311436,9.188464930344512,11.256373241939468
323.0233148817594,57.8334520270315,9.152175007639938,11.27602886332706
316.92768098213986,62.18936976749245,9.13521935404436,11.238457414682442
319.1608136204449,59.813240053671194,9.15480060770597,11.184452702748047
315.7920986251548,61.275788835681595,9.174241245460951,11.138493432795203
311.96325789502595,59.89140065245014,9.163647647756173,11.031666652522217
312.47488319706133,60.24930562167674,9.0934854366927,10.95124897607388
316.4026012813514,54.92150570415513,9.121199052318527,10.885765104597098
321.40925295944686,57.314090247268,9.180337084598746,10.822052919217215
330.0927236648048,58.59525435203521,9.123705672884995,10.777587982264915
323.5324507956742,57.8190697666741,9.092559485580491,10.764279542800768
321.82893593803044,57.044110809345774,9.06287067710584,10.752052673929114
322.61774649775396,57.52858143538063,9.044061782142071,10.71839875654935
323.06040613097184,58.32650807323344,9.091563966035913,10.677247898059601
326.79325010849846,64.41672387801135,9.091541545303869,10.628522781775684
322.77610962534135,58.677225464494406,9.057598894408423,10.625816768934309
330.24348569588386,57.449515597594434,8.989838808340457,10.603404493564758
333.96766196643426,61.4637873183023,8.940526005508303,10.590487435273454
339.6714047729299,57.49329718641184,8.903159193060842,10.541654487861473
335.8405903307912,55.50600114165074,8.916147222780769,10.538953333013787
330.67127446349036,56.7305866209758,8.846938390441855,10.538686037173212
327.6195923619729,64.2083861360856,8.850409310458966,10.527825550347387
338.1621045281325,73.27253200637183,8.802318299256264,10.692519306397996
347.2242920921722,71.21125975905113,8.769958791346475,10.828687477951178
347.40569432759906,70.98496584391512,8.715368420530492,10.97306120818553
347.4255766235535,72.32540707129915,8.675603828621549,11.078074397696277
348.54175426722065,71.6289822866811,8.61678937387906,11.228900634022757
347.7800422128708,71.4159096004427,8.580948344054617,11.343192978794697
347.63548633195285,71.03270769433462,8.55704885164514,11.483574282520221
348.7453823433291,71.92625902299443,8.540562697272975,11.585019512383672
347.64122022402745,71.38550448215655,8.53667400015801,11.718437335894444
353.9499629066955,69.65251854768101,8.638898233138162,11.686489065308523
348.3675720758863,72.15028811424281,8.632238076757794,11.797894763270099
347.5579985905059,70.82327700217104,8.64754838662526,11.885778329984413
347.7439458651628,70.7630624941431,8.59800645334985,12.006207346040293
347.7218359090561,70.42339915116104,8.64222636556323,12.038805752793582
347.70701390722667,71.69904041740378,8.67187036922217,12.084207805638085
347.70404907321864,71.67895729198476,8.677800037238185,12.124374056476114
347.52252684008215,71.80877908556731,8.714377240327181,12.19119773249502
348.3522560662543,71.76131237217166,8.695325917139096,12.286131159286333
348.37928339258747,71.03979688114525,8.64127126447285,12.412343318690862
347.526199639508,70.89700872061977,8.696335507384338,12.367698987092313
347.87359907717484,70.84150091834346,8.66244669005,12.47871459164495
347.7264118731602,70.79018054257654,8.625248276934554,12.581355343178792
347.3914162686402,70.63839020403604,8.630226879271758,12.552429716908371
347.72291095051804,71.57064210544954,8.631542439572282,12.68084068624993
347.7438457353777,70.34977005384658,8.589672869852912,12.783813618016257
347.761709213231,70.31962277605084,8.553945914146437,12.844108173607765
347.7661646623844,70.11689213285771,8.545035015839566,12.914289710298368
347.5978874815792,69.9286624735974,8.545403013561803,12.95456266493084
347.6202325963356,71.22669230378177,8.500712784049032,13.052882792529937
347.57433637774756,70.07448169314958,8.592505221225084,12.99460227882146
347.54587002684707,70.20843716230019,8.649437923026085,13.064874072844091
347.5449564992506,70.32033442939019,8.651264978219052,13.181265206188154
348.2403342464359,70.83262720242256,8.628365983723329,13.182572035029601
347.68708580514493,70.84833987704468,8.7100559963932,13.151146685785356
347.4761237989198,70.84593856461326,8.789489699275613,13.15594931064819
347.8288745164813,70.45146495701569,8.771754256762225,13.257130533233687
347.4615653863218,70.27496789085147,8.816154340786388,13.26501557741472
348.13911102297845,70.43084434294596,8.844927065318993,13.299228672687201
347.43306783025906,70.05211772829632,8.869178924270027,13.36276463874258
348.3039165392096,70.37888613638493,8.869065765655499,13.405861526279978
347.7801759727452,70.53030342842422,8.869659171371806,13.451989517938879
347.77672996978737,71.0406160611206,8.876551177287524,13.48036036691839
347.41568031153656,70.1637382522334,8.89823815212571,13.48308513053422
347.2262066060216,69.96605843612346,8.926577497637341,13.527836697235863
347.1869054976089,70.00359285829767,9.005179714462807,13.452767852887467
347.1772498364477,69.81857594100707,9.02449103678517,13.470871358239878
347.36278181487944,69.96340002322503,9.005950468839455,13.533746582721724
347.5261427031614,70.3223121233794,9.032389563860487,13.522244125582931
347.3439371131314,70.83349563799563,9.043373443320931,13.560158998149353
347.30390029636374,69.4223248385564,9.123447076856214,13.54906087904276
347.27507607233616,70.3596229858317,9.181095524911344,13.451178447139371
347.44107886743933,70.34981971569304,9.203914235917223,13.470784987416698
347.4215007073184,70.68977049768618,9.243070556159125,13.501879011242808
347.63204389112946,70.99292722703672,9.178599176621324,13.608795528710509
347.4531950354515,70.47003634909348,9.179139762738174,13.583105908879364
347.4579851154977,70.66016936019193,9.169559602645666,13.559619212072969
341.35125035709007,70.67947831185913,9.269958889106817,13.521001308738569
347.06071498979713,70.29432823009604,9.286181241884117,13.576604496127763
341.6842197680511,70.26800187740592,9.28550831247856,13.629257201508008
335.18407938493726,72.65973622715367,9.353224156751512,13.515881390496135
339.83882388616587,71.93841408651568,9.368603313696168,13.523930570325657
346.8592427165014,71.13771772172913,9.329722169980034,13.689225195595682
346.8298426315637,69.9101887004477,9.38852233985546,13.618163971197358
342.14131964017355,70.80852248606044,9.385390346919417,13.625376779917326
347.5064381955285,69.94048634510592,9.480145837641956,13.557283628254295
347.3127947876793,71.21593320773444,9.506061687841969,13.535986661486081
346.6061328903632,71.03352488308765,9.473478215341384,13.539326493996434
347.70068707410877,70.83646774192279,9.45030708656942,13.572451236539631
346.8020386893176,70.119323051344,9.442067178954918,13.562311275939829
346.97069197011797,70.81801216501867,9.465578683752227,13.608205314182545
340.2614933563142,70.98943544663601,9.493689923734577,13.627258372235033
346.76412551078374,70.97079307701446,9.543889667900038,13.66454311147814
347.3680436733947,70.9035430588272,9.428185588982235,13.799043147852679
346.825498886948,70.67190946445878,9.420793854176049,13.898149900689642
346.42581190670074,69.42789156610455,9.489105275767706,13.827466811237738
340.90478778265503,70.90813937429357,9.563223677914813,13.791752487111497
339.3844217715169,71.85128894305916,9.673677917779834,13.736876963587362
346.91052677452336,70.57691771699406,9.679919380399355,13.71466428692661
346.9064372519427,70.75537685649729,9.688098425560725,13.724792305105316
347.09226202331416,69.61978367065372,9.683783229717514,13.791972595394041
346.898696997913,69.4326949371836,9.702634256824139,13.797871038638624
346.7357819044033,70.35785318198924,9.659785231181154,13.790950612339628
346.72297574710313,70.7443964736532,9.685397545781504,13.753599103155372
346.90790410419805,69.65839312546538,9.683266302467581,13.71925297427531
346.9194985410837,69.81859998603592,9.660077428696292,13.766010141488385
346.9052076407132,70.03622523898127,9.688659229437363,13.698255027794792
341.0038936304144,70.05035430929159,9.749138156870458,13.669996887174166
346.6544464524534,70.06582511066983,9.840867630576657,13.63905528441767
346.66386843514863,70.06362681667275,9.822023665186183,13.643451872411841
346.6399062357544,70.26346625372302,9.869948063974626,13.612080945997496
346.64518175731376,70.45777544635276,9.859397020855857,13.592082502368106
346.4513920894376,70.40753685629487,9.878833099307181,13.692559682483886
347.20085746710646,69.65206771450566,9.859847923698128,13.723552386333585
347.0013272947793,69.49884849607895,9.888764291144,13.659846845978487
346.78268111725356,70.65518688155306,9.956403072168303,13.565091519192878
346.94967051209954,70.79530821073195,9.991750053493176,13.654174631851998
346.9451391960395,69.46879148698008,10.000812685613282,13.708399022857193
340.59191434880523,71.17234188339926,10.051430206534372,13.651371452428428
340.1800965636094,70.79392953967937,10.13067652581244,13.663806888754634
346.52069812521853,70.0429914936528,10.154665992052793,13.670954440871483
347.06407327633195,70.24070741010587,10.190466709331986,13.649706281134053
341.43078243579674,70.24261948759789,10.223655776578143,13.645882126150006
347.09436376072273,70.22619357248398,10.14442734234691,13.678733956377831
346.9092923869656,69.8436990305745,10.1404357751429,13.695454410760288
347.50186266819264,69.99290056732484,10.078264701805338,13.771374500298414
347.34917287091616,69.99399704504758,10.009186861320213,13.769181544852918
347.1983998818275,70.16861810572817,9.937442564541387,13.793229698447842
347.3847427192435,70.18200469687281,9.937232968839275,13.766456516158557
347.5443473468874,70.34597160767896,9.99009046534839,13.810589446343238
347.1648774937359,70.3123862022002,10.001820802533667,13.87776025730075
340.195885777586,70.31972286052293,10.07161440556099,13.863086940655302
338.47167549268346,70.34199334009,10.138372452299098,13.818545981521167
340.6692049778632,70.19485598466044,10.25723103726352,13.736660896103292
339.89560710151306,70.38796323888133,10.296978699530559,13.727308410269837
347.2706846601454,69.60890384549607,10.26424655043689,13.775947918253596
347.1234265584326,70.12661777497769,10.181188160086245,13.873243840619043
346.75462658502187,69.92400020672247,10.163402537636195,13.90078619249378
346.9823475379199,69.90745145410025,10.085779889790249,13.933883697738194
346.27764396003704,70.23253879572074,9.986999441391584,14.037802816579374
346.86877723634495,69.53302534245915,9.935722243079208,13.928843917364631
347.05011471291397,70.67734520318525,9.947549671363262,13.887218484444965
346.6886639676826,70.13613351821142,9.922317940096837,13.84744202179877
347.79158831813817,69.60104338651851,9.95476229002813,13.798475759763363
347.2420530263637,69.78285935863612,9.935311815539507,13.80768416820734
346.8956297115873,68.89367703675471,9.882838175645528,13.722748138352909
346.86196711250096,69.84110353672625,9.950163373818075,13.680444524548065
346.92879477330047,69.98767185763809,9.816508052219039,13.758282466158105
340.63951268601795,70.70562925189111,9.816538496364046,13.802195175348544
346.5329836672581,70.73700773302104,9.889507668822814,13.739438213088672
340.94448684756657,70.53693512617325,9.940325551878317,13.768710901573353
335.19831066927617,73.16254976162828,9.895973141896151,13.727606363949736
340.7556537296407,70.60634448132308,9.90527154863357,13.648824145075862
340.3838341556171,70.78526738899251,9.909395560808871,13.660735897672922
347.4700988942697,70.78608321640473,9.797094466242628,13.659104242848489
340.4844745779883,70.54833927146086,9.77920879614366,13.766457019508294
347.5423808860941,70.741343433325,9.703117580014307,13.749915048413747
347.35071930066755,68.72900745880176,9.718478770689963,13.727005215508285
347.5445182084988,69.2854769392185,9.698749593849447,13.717672171140599
340.58775496469445,70.88821329165549,9.65099092702052,13.818819634422896
336.1862729204586,72.94114741795937,9.61851156836603,13.762529628414697
341.87831501038687,71.48784353859872,9.60388503780626,13.735083800220702
346.27826074224254,70.0303161283778,9.590405634155665,13.721334600642296
341.30162767410377,70.61464661838994,9.670576282062974,13.649684230436941
339.9641350296007,71.39304106626412,9.784196893463136,13.556532293320597
341.055892792534,71.3738958258862,9.798891788124434,13.594822774076437
339.5889524283819,71.7614741664864,9.795248721741942,13.554047041547735
340.6808902337166,71.40484289159687,9.8104473655864,13.534284839822167
339.4218234956402,71.38434675508337,9.763344008267854,13.575277112849164
340.4594172090554,71.42659802057574,9.886014673585715,13.490774581864425
335.88236543991394,72.73469669293817,9.864054117090664,13.443875183677422
346.16348474185946,70.88677515552851,9.796140297625536,13.480017404134943
347.65102110578687,70.85625689316676,9.744300721325947,13.541053928858457
347.6615867532723,69.01390798947634,9.723169426355229,13.570973546021092
346.6080831668298,70.08655238744656,9.636675067031916,13.619186282288894
346.99778814924844,69.68489596687965,9.587043214671585,13.692721010945725
340.9095804882256,70.63154354243353,9.712442336346346,13.62533740534868
346.72426898301353,71.2104697578474,9.80243739933881,13.566176104449223
346.7574811724251,70.06664779365988,9.736013020515703,13.65293338799216
347.11876617197356,70.07887382096278,9.74751567964239,13.628481333386352
347.445569699817,70.66704916892179,9.827619374396535,13.552696763129799
347.2846388790233,70.26961316177184,9.78245722625915,13.613521197980026
347.52781901555784,70.39371249208996,9.663300575856558,13.732526160010249
340.35753446567895,71.35506603731496,9.689218159069362,13.645030802450636
339.7762911825158,71.1734821805946,9.753266766434132,13.64205252957084
335.0081115093059,74.85506298197917,9.74358087706959,13.6220026466358
344.01195840108403,69.71321622926583,9.703818798319821,13.638306606458716
346.79065483317265,70.80583119084918,9.6406966346792,13.650784963506691
346.80748710940884,69.54119238245657,9.607032082206892,13.622028975139887
347.196723377865,70.29962497878034,9.557446241787355,13.562937175478053
348.13106516040295,70.98866874157645,9.502422415045196,13.635777440552845
347.6079386009051,70.60366460931556,9.459901436358301,13.679936306619547
341.6325106618896,71.32013245903526,9.43542865695261,13.698555595960338
341.07521473132124,70.05393239444618,9.461725688488995,13.691601122737497
348.3098770000398,70.27113511550093,9.516199647818635,13.620290643047198
339.4392286032763,71.69164751126821,9.47450167048403,13.68261193655124
347.2870831947162,70.40246110976679,9.395125032011975,13.718791069534248
347.45408847610634,70.46144593986308,9.423517562993277,13.600821409341638
346.37607022540664,69.21867276725743,9.412995896111594,13.558716558225072
346.57216385356253,70.454100597781,9.381092083417807,13.609845002503668
346.7580718505628,69.0083534134774,9.369803737218138,13.617118188703659
340.43365169626315,72.4447325548691,9.402872444099371,13.592921632567272
340.64080215460876,71.69432675978037,9.3492039990032,13.651203336364697
347.5154370218559,70.39551309621127,9.303635271551158,13.724464688521415
346.21675594931844,70.07905666719381,9.374188330510332,13.63543209338043
347.7094788497212,70.95465686474147,9.275137926597186,13.688228821342824
346.6453634005521,70.77344069911769,9.243642118953758,13.690706701593442
340.18645195350933,71.33728230236487,9.220566944869512,13.641431667446566
347.1758986718268,70.2284519670859,9.217117091014213,13.709024094499934
340.68834289874906,71.3007555739132,9.257250715103154,13.720246534523111
347.3774390008752,69.81543218586484,9.204234269909257,13.809774227580162
347.75373767238256,70.89487046004652,9.172849893460702,13.814536578914968
341.44447339091886,72.18519110109838,9.18590613417963,13.75498976125293
334.76702225473997,73.11856028908007,9.240117871805845,13.68564199809112
334.92796456137023,73.15629576691538,9.277567931600473,13.610171042420482
338.37578373383553,73.17118058197424,9.199485410750452,13.58040141230277
346.8911688816851,70.71608884045168,9.308364412941776,13.491520516796514
347.1149573079251,69.97886608657662,9.218326857708929,13.535808835557555
341.7402055819498,70.30231107463139,9.266333451597632,13.602351983318822
347.11063955201087,70.5186669349465,9.280908238055542,13.52815502024128
347.4932582327498,70.70190442675377,9.23094611376115,13.519317655218462
340.01556762998,71.76471841027843,9.205889762854044,13.533752196232918
346.7948976839622,69.97917921863697,9.193449712988423,13.54003582738456
347.56277145871576,70.14400233777677,9.083173977008245,13.566757542486723
347.5778645096206,69.79212739250626,9.052987875198545,13.560626580234283
347.7558421472138,70.33004659110523,9.051379356277081,13.54782845183083
359.9551587543657,68.79507857014354,9.08754804359561,13.430616419629562
348.831055951355,70.35204704798035,9.099021466949143,13.493355490051359
347.0681046850416,70.00572404625397,9.083934543401476,13.477803602269233
347.06632026380476,69.28983488923645,9.0875033858751,13.495123909690724
346.91277238364734,70.30772166359186,9.040664713049607,13.582956959821766
347.9938755698977,70.30306082756023,9.005324620328539,13.592278631885025
347.84954390518436,71.21518511455596,8.939957758394511,13.538181014697242
347.6732524404756,69.81085351728044,8.940410756564962,13.529804759271975
347.49906683788566,69.84195505879778,8.936770320357132,13.46760167623728
339.58848141993576,70.91203029354926,8.962201239976638,13.433549862238351
347.4683457360021,70.92559210148991,8.994200499432337,13.406426246357059
346.94454824793115,69.86538398918316,8.988642963829745,13.420537447481696
340.4029753094808,71.27485596159552,9.078467654389021,13.410960245649745
347.1299272497119,70.04316816966802,9.02022517928878,13.406713991674886
346.99593101081217,69.83273601426075,8.936730456161072,13.476091101562266
347.146767916677,69.87830599108214,8.986200006483477,13.384951147919491
346.975186798277,69.71078041909121,8.978767361262356,13.369407409880214
347.8610444749938,71.11530203307024,8.958239988598237,13.362264951153348
347.8966199364291,70.39313540594111,8.887089065727684,13.407441013436646
347.73547949582854,70.39792579877056,8.86008383547564,13.397860227777745
340.7548595148991,71.44874103258694,8.873606461395003,13.388387360535907
347.4159090168812,69.84623360978632,8.804978205870055,13.454422292033112
347.3903131783162,70.911001206067,8.856169883000021,13.416635755201886
347.74993709776345,70.18995723338453,8.834741759640176,13.463084269497443
347.91558173180204,69.50806442904347,8.852703093416633,13.4298674707655
347.56590847179166,70.73414370332112,8.853947819666914,13.421065200406854
348.1217500002888,70.50887975330274,8.789082991489668,13.522653690837956
347.08925381898587,71.20467539310182,8.757774607861633,13.528596242062317
347.63501501687546,72.09431909003906,8.713103037304748,13.494060223558424
347.4432755583527,70.71719947303457,8.7488949077182,13.466803084510152
347.8347978020731,70.3575855402615,8.661601640504177,13.490279729829474
347.1402293635962,69.34014567001772,8.66365703074075,13.444537240241006
347.47281087006206,69.69939331544481,8.690732808991568,13.41828074056939
347.48599609778995,70.36909627429658,8.664362353535862,13.463585974064719
341.71572936624545,71.80268294688649,8.77314833003833,13.367745352905871
346.9109414345522,70.60189913018871,8.786530225503068,13.341758245483172
340.14908701854483,71.13698631254175,8.791818563121742,13.311462380346015
347.0869576735425,71.65384377201126,8.766443410065143,13.316524923177411
347.06432275325,70.65364925138186,8.81171325065012,13.24143689785131
347.5813812946922,70.32031616246161,8.814209353188488,13.217027618743263
347.7259320472414,71.73226974749073,8.87032007271169,13.154818245657385
347.21956952501864,70.52271986636141,8.847421065891254,13.15746188829566
347.25488459390783,70.13587449629179,8.776790928112856,13.241417065890694
347.29563414834183,70.1219747729781,8.695291819244828,13.269216512518064
347.67673948407344,70.776955208011,8.621116539916848,13.335326426722746
347.84676507227937,70.77613387129189,8.624837873283408,13.336969100160974
347.4809041446371,70.80044827129807,8.668841249163334,13.288340300148626
347.99239006048253,71.30971177400455,8.677461155353214,13.301405032616351
347.65422538650444,69.39301549190135,8.665383291177351,13.348557930096856
340.8915597888339,70.99987643028379,8.747045042390436,13.237221309669234
340.6575416096832,71.36653862154233,8.870682520458228,13.192694687619392
347.24441631421007,71.17264444165939,8.836729824666634,13.234698923352079
347.60775683176877,71.32390546070877,8.80175312766562,13.278029054311471
347.10476925067866,71.3460172076802,8.76996196846108,13.233805560368602
347.2909466882226,71.36230932919507,8.742335895034204,13.201221317338877
347.63938227727215,70.34722325798847,8.733024052192398,13.168715453980278
347.26702027400955,70.54712109848462,8.79147540375238,13.112056100470516
347.46549783775794,70.52114363221676,8.737776011043652,13.16401103300624
336.6305969103379,74.65251308631737,8.78946486529899,13.136743744075398
346.93350302269795,72.19778238132473,8.79927608077997,13.235893018013762
347.30486232679607,70.8063682351589,8.747052741242289,13.256740235710987
347.65637884512665,70.13230807033143,8.733404121919962,13.22609173068835
346.8038191787882,69.59978004907053,8.718499913431147,13.259133648510781
346.6081043703973,70.30281695479266,8.765676683428136,13.230071224205664
348.0110936343403,71.30966704439884,8.71650944278665,13.28397951042665
347.519468729466,71.15235105107372,8.665981093435063,13.254018777376832
348.20782921411603,70.61480528745184,8.662465168926245,13.299206521027193
347.70790653214544,70.25895454064377,8.630548635592488,13.323066749793451
346.6801666757256,70.2703500600735,8.62355160272565,13.300275710933992
347.8731718745732,71.44953382531992,8.640554951418432,13.344921926828924
347.7361425756785,70.9256725523985,8.570372809678577,13.359922254084251
