178.0,108.0,117.0,86.0
177.48887529600125,108.3058654213255,118.02224940799746,85.388269157349
175.15533305979534,108.56580334757405,119.49634156524861,84.86839330485192
173.3692622770506,108.79952292668223,119.86171169921445,84.40095414663554
172.93084983608108,108.86883157826918,120.73853658115354,84.26233684346164
173.15543012369614,107.47140109769617,120.28937600592346,83.84163911683554
173.20241981168445,107.50277125966295,120.1953966299468,83.77889879290201
172.25547772401933,107.69215562454423,118.88991122013309,83.40013006313946
172.55341019131333,106.20093580504596,118.29404628554505,83.20917998502442
172.7339874843438,106.31200139840465,117.93289169948414,82.98704879830706
173.28915611635864,106.07637256572437,116.82255443545446,83.45830646366763
173.4406484000742,104.57988230836222,116.51956986802332,83.30821777882636
173.33581120376118,103.20950991333734,116.72924426064938,82.91295269383232
172.15993895712978,101.48834130021156,115.94831294284606,83.22261410901783
172.3334210048771,101.74990563861469,115.60134884735146,82.69948543221156
173.88885275969693,101.86212538951372,115.60256842226454,82.47504593041349
172.36660444735554,100.45003830685907,115.53865800500351,82.19081305377901
172.83292940075552,100.39282204765892,114.60600809820359,82.3052455721793
173.13701203673858,100.23569139943231,113.99784282623745,82.61950686863253
173.43708164198932,98.64478503216486,113.39770361573599,82.71485679918312
175.25823353567833,97.35014120953522,112.83432231446291,82.22522195833744
177.43552311359508,95.63397559297141,111.5420772197024,82.59521913039201
177.8140574189768,94.32971282507832,110.78500860893897,82.1549725539821
177.9485491373942,93.03572418375317,110.51602517210424,81.71289939534651
184.49599666589984,90.50716490408372,109.49600831616127,80.73257885415128
187.66942919294144,87.92838971804636,109.1234476056454,79.9158248826586
188.99758729591773,88.49201125233868,109.43523117529264,78.78858181407395
194.56962174776422,84.233093498872,110.1084245814339,78.44347058863167
195.58232238555254,84.46255142395378,111.04185798708089,77.98455473846809
196.25567844521723,84.70816355529197,112.66053776532162,77.4933304757917
197.12022818852088,83.5249527955809,113.91315704191021,76.87803323201796
197.97145216981656,83.35590789043569,115.20110966710416,77.2161230423084
198.4692111626148,83.77223911462194,117.22098717667389,76.3834605939359
199.251025295999,82.45602787717164,118.68924379353828,75.98399818520372
201.57060062804462,82.43285735071758,120.14453953854076,76.03033923811182
203.9077015719683,82.40427169019459,121.60989449505499,76.0875105591578
204.7057163078044,82.71473435948818,123.10650706070298,75.46658522057062
207.14354857327262,81.61063073490615,124.43995265010523,74.57023740956538
207.58204611420837,81.49911542012747,126.67227901740468,74.79326803912275
209.52467918732327,79.80923596295679,129.07956909489235,75.02674884160533
208.91263634190807,79.5943803263541,130.30365478572276,75.45646011481072
210.92382797917662,79.47486553398521,132.70408805291117,75.69548969954849
214.6694614793201,79.27443989984471,134.96593944375707,76.0963409678295
215.38734184831202,78.99436902619024,136.8215127225112,76.65648271513842
216.0496007616146,77.29138705627831,138.82530686572636,76.73413468514192
218.65877084515887,77.14359922750889,140.32545747758968,77.02971034268077
217.90736445003864,77.05472767317312,141.8282702678301,77.20745345135232
223.81835116207532,75.1276401264233,143.65288138379825,77.64998240984158
223.06203817486883,75.33090953346321,145.1655073582112,77.24344359576176
222.4979057901332,75.39064361964725,146.29377212768247,77.12397542339369
226.57696898037477,75.43767685978776,148.56358235392406,77.02990894311266
227.75390147395095,73.64481262316639,149.71743563819524,77.10791914493191
229.17045126023936,73.57533175092084,150.4103377642085,77.24688088942302
230.09630533500996,73.50345775326619,152.0971946426971,77.39062888473232
232.6679693406087,73.46815847764935,154.08544008880585,77.461227435966
235.7546991194261,73.65571871136703,155.10426645948402,77.08610696853061
237.25365583461976,73.49126161777133,155.71092095964167,77.41502115572204
239.04064373934386,73.68605416901275,155.75608615835608,77.02543605323919
242.321577786432,73.90986627132506,156.42032433476183,76.57781184861456
245.20594146813846,73.97175947184795,157.88160208287766,76.4540254475688
244.92251241071827,72.30074610894077,158.44846019771802,76.16185230133374
248.35863418558688,72.31594458979968,158.8510045691534,76.13145533961591
250.27832767551104,72.28253500958459,158.65435634815427,76.1982745000461
251.73526292876363,72.39059481347918,159.38151814238302,75.98215489225691
255.32149080279308,72.59284038372587,159.5048176007246,75.57766375176352
256.6321464322596,70.75318122653654,160.526132961086,75.6143554468477
267.41495999856045,70.9497609404369,160.90940798524858,75.22119601904697
265.5053407637831,70.96938779524714,161.0717770507345,75.1819423094265
265.5701847599564,70.92523192126252,160.94208905838792,75.27025405739573
267.3884543256819,71.02836482294572,160.96375206152393,75.06398825402934
270.70173840778295,69.21118931444022,161.64701245176573,75.04342499381836
271.14535409684447,69.16342605944098,160.7597810736426,75.13895150381686
276.39611683047053,69.26398046564823,161.21801803651914,74.93784269140235
277.97539570693766,69.19649865687461,161.7158711658347,75.07280630894961
282.55041796566576,67.29506650289352,163.5638746377202,75.20965462046453
285.26976643585255,67.27068073102483,165.51576637603057,75.25842616420192
286.2022926150289,67.32169360487939,167.3752354965033,75.1564004164928
294.44155079396387,67.63040871638506,169.64539649008654,74.53897019348145
291.8257777740052,67.59085278322885,171.10514279085757,74.61808205979386
302.24171542213423,67.51270501438346,173.0393265340142,74.77437759748466
299.55491635109905,67.48458833606014,174.58781788331814,74.83061095413127
309.5368818468021,67.30772825997244,177.7149285238859,75.18433110630669
310.4310143539883,67.35655529665135,179.82664386559253,75.08667703294887
307.7061117282028,67.34201346913304,181.3476960070396,75.11576068798551
310.35468326617985,67.25699335063864,183.9530022924017,75.2858009249743
319.8479979440088,65.17209873716607,184.92550672811933,75.46376339364434
322.5379184669392,65.04482956250936,187.56369383319398,75.71830174295775
330.3726599259685,64.98669096637369,188.10046552165767,75.83457893522909
331.81566966296685,64.9845751431294,189.2758142261334,75.83881058171767
334.89431610057505,62.78844141526892,191.27525836372214,76.15270953103607
332.3820162145445,62.58947613085938,192.18710608648226,76.55064009985514
347.4214951083808,62.49645899272397,195.17200133159935,76.73667437612596
349.0609569487646,62.306131294125876,196.07232145850597,77.11732977332215
350.89375192712106,62.185689557784585,196.60573120341905,77.35821324600474
356.6631850869105,61.955929815616706,197.69980237601314,77.8177327303405
356.42429203713664,61.72139003446584,198.17758847556092,78.28681229264222
358.97297052198724,61.441371061311294,197.3304240582351,78.84685023895132
363.9416640341289,61.299950114612926,195.88905536646826,79.12969213234805
367.7498997256722,59.16709689248212,196.73718382950597,79.16309865354748
375.30756127003974,58.97272670558932,198.60230517190993,79.55183902733309
378.54663752928127,58.59170821549674,200.68195664968772,80.31387600751825
379.730005232905,58.310815908221336,202.63766257851557,80.87566062206905
379.1096070142278,57.729382249655174,203.87845901587008,82.03852793920137
382.59122711383515,57.343669630674114,205.71369242318065,82.8099531771635
382.65446312966947,56.811184487836684,205.58722039151195,83.87492346283835
386.9527893073198,56.13876104730563,205.90372358922258,85.21977034390046
389.0749032849818,55.76041225598268,206.14455420727558,85.97646792654636
393.9820765363124,55.404981279114836,205.3341493236879,86.68732988028205
398.7348149022111,55.31055580824491,204.83441416952996,86.87618082202191
404.38442382155944,55.183259776588415,202.5331830319807,87.13077288533489
411.8243956155976,54.81158320280223,201.06388807981898,87.87412603290726
416.54958000545815,54.9428126752691,200.53764935058516,87.61166708797352
416.04456592746607,55.23160925306442,201.54767750656936,87.03407393238288
418.4083897049936,55.38748625300539,201.27427612645403,86.72231993250094
423.2522349603279,55.370489821156994,200.4761507181918,86.75631279619773
420.45246238848597,55.216107420254744,201.64186457613982,87.06507759800223
422.32528404693613,55.167668411123515,202.35237821849876,87.16195561626469
422.4755926616689,54.89783169082399,202.0517609890333,87.70162905686374
422.1882189512121,57.18215933527791,202.6265084099469,87.60630291550514
420.1167191868128,56.90270805965545,202.2895410853555,88.16520546675005
422.1105598634373,56.854400235627146,202.78681142547777,88.26182111480666
421.8345590075056,56.698212101743714,203.338813137341,88.57419738257353
423.7121958380475,56.68838489069434,204.09090220773302,88.59385180467228
425.2865909186542,58.82630232318363,205.46071251087267,88.83661740404669
418.17255659139806,58.88689937766877,206.0606307730344,88.71542329507642
424.5022419825219,58.9241015079302,207.04903532660097,88.64101903455355
423.6705362187058,56.74216159741254,208.71244685423306,88.44265597980156
425.288583871632,56.74092706794171,210.05913557968785,88.44512503874321
425.14143611489203,56.65166989163141,210.35343109316767,88.62363939136382
426.8019488752124,56.54811646844908,211.6421089550253,88.83074623772848
426.6484165171669,56.63085252845317,211.9491736711164,88.6652741177203
428.8479569851651,56.73052067471961,212.18358314384534,88.46593782518742
426.77522165239134,56.6518916846921,211.69571583077186,88.62319580524243
425.02572546020565,56.50265811569678,210.5656243177045,88.92166294323307
423.41522147181536,56.29652980650972,209.16858222080344,89.3339195616072
426.0530011820722,56.45337022535199,208.49817527823,89.02023872392266
424.0682415420719,56.31026391263078,207.87778597583738,89.30645134936508
426.78458401734827,56.285375902466384,207.03109653804137,89.35622736969387
424.52471802211994,56.50571193837352,206.9762055750289,88.91555529787959
426.7462879381642,56.5655686084736,207.09910841733407,88.79584195767944
424.70457620714967,56.49643878630232,206.61682729350235,88.934101602022
427.4663735614147,56.395523598846125,205.6544031490646,89.13593197693439
422.6345976172088,56.54475738078095,206.2163446741381,88.83746441306474
427.2764711412443,56.40415336880546,206.03993353522148,89.11867243701572
425.66640523489946,56.31462385090952,204.70398381441493,89.2977314728076
430.21028569817355,56.374161505458154,204.69601715011174,89.17865616371033
423.75656843405807,56.45771144709803,203.99040721816735,89.01155628043058
426.68306682851346,56.348975776873814,202.6619247515498,89.22902762087901
