369.0,139.0,14.0,34.0
365.46199951079825,139.37702847727252,13.682807533171705,33.98526238997809
365.63658417420976,140.27018681430351,13.333638206348713,34.39932260194878
365.4094650740514,140.81567301665157,13.054705361680302,34.774692287223104
364.03094556852017,140.5188544278835,12.877560716874655,34.63478355079226
360.72329297447646,140.59680553560838,12.937723016218458,34.478881335342436
357.4695940507648,140.74599860417527,12.90032824080116,34.9076943785243
356.6609354520537,140.88555240317223,13.052307909790859,35.3612555447466
356.271520466904,140.83077823043612,13.089231612948208,35.47080389021879
353.89851989952115,140.940546735273,13.370385008845377,35.25126688054508
353.6174732013129,140.5224040456979,13.186418544535371,35.34149239896894
353.2315270114774,141.43024619351485,13.214269128602348,35.757933490147295
350.925399249467,141.1654992069491,13.323468535079144,36.28742746327879
346.8030735771376,141.02613714285877,13.207442304120613,36.56615159145947
343.74811830201753,141.80469042189563,13.221741393836952,36.5329478985167
343.70779578406876,141.79121163737892,13.302386429734476,36.5599054675501
342.93607558215996,141.37767824275906,13.318667179523658,36.62339242977559
342.2669557057437,141.18859908965246,13.12734196534658,37.00155073598882
341.868331637947,141.52206588314354,13.157867720628353,37.10133952931824
339.57530284409887,141.77210647940066,13.131715457523907,37.36995997860412
339.24489621239957,141.72666760347428,13.020466142928504,37.46083773045691
339.2368055513705,142.06400231461777,13.036647464986677,37.55750507424666
336.9238594143833,143.45585666517604,13.024478288079369,37.86583734038451
328.01299987975415,145.67113245999107,12.97092285285256,38.09840083888101
328.11561036448387,145.12803930047457,12.765701883393199,38.4050630531183
322.3511890032894,147.0612722626306,12.592441383647637,38.43929820285104
322.05389483467667,146.83681353442498,12.40957707098365,38.8882156592623
319.4140694201164,145.3490368023443,12.225931530588621,39.52235639363123
319.34866592065686,145.15175991320044,12.356738529507597,39.91691017191899
317.3410863218983,145.16545375768115,12.401454207034915,39.88952248295755
316.9398764506289,146.02716951822373,12.40934748103468,39.75514389895028
316.90182294310085,146.0558416330118,12.485454496090858,39.69779966937414
316.87189781098317,145.9985041581979,12.545304760326193,39.81247461900193
310.85027396294777,146.92679701092516,12.647233918564819,39.5480647185917
310.72407965336333,147.09019381586813,12.899622537733602,39.22127110870579
310.62597226123773,147.52270453270077,13.095837321984831,39.15045340561555
309.7852191189739,147.44170191355627,13.18376602577308,39.31245864390458
309.36479181923835,147.25157927509855,13.223917781268055,39.69270392082002
308.9190008575444,147.9965396881575,13.30865016122375,39.81648218156636
308.4738077754441,148.22641334232884,13.388874961782818,39.35673487322367
307.69577789632444,147.90443702662296,13.334775110032513,39.19560769964067
307.27960791157705,148.06988259569152,13.365318248656434,39.66651339237443
306.0359606418078,148.13700983695264,13.42542613355851,39.5322589098522
305.59263447191995,149.33515806086757,13.5038308389327,39.56070536522688
304.0364879998572,149.72825042501623,13.375789703785063,39.584604156747886
303.99443016949783,149.20351890664165,13.459905364503658,39.825980188511
303.60499791004867,149.52499093624246,13.425708743739026,39.99609726897229
298.6862869345916,150.1146058876397,13.48482567726157,40.446584869076396
297.7672939080958,152.6879272926261,13.678107065118898,40.23405605450644
297.2328291952589,152.62752333145932,13.924178603835358,40.35486397684005
293.7330954866948,152.48139043553692,14.291117542009994,40.64712976868478
294.4736914917476,152.41334269416464,14.4897470720297,40.783225251429364
294.3867914261133,152.9528135155594,14.663547203298293,41.39520416308224
290.4557128417102,154.1448651467826,14.809506453435539,41.58316687352552
292.9969834266871,154.5794370357005,14.90309552934604,41.576711470000426
290.36647355798186,154.48641624196028,14.978359190366724,41.762753057480865
288.61614356935695,154.93245587686687,15.005757133650846,41.73898929615908
288.11678878174513,154.9225370829437,15.135994565208383,41.75882688400545
287.61766755048507,154.28380516503225,15.263123607584912,42.16517729968475
286.2337984101453,155.09363671727868,15.393185708231364,42.30396498188052
284.57172716989993,154.61642087197202,15.183074873832489,42.37483334377148
283.6268035634385,154.6503700118072,15.311375450024556,42.30693506410107
280.04323730721717,155.53383614966748,15.421500738690263,42.30425459432476
279.5802000868421,156.14667161292147,15.463495752847049,41.96266309441019
277.01843664798406,157.315926620117,15.307328819302402,41.38405101710598
277.0487910137836,157.02403285164877,15.246620087703295,41.098993283403544
276.71533090649604,157.31742358011076,15.049872849087345,41.37587927967067
276.3485033061348,157.6786895135742,14.919450215367785,41.517425247185926
276.315767595608,157.49975809211168,14.984921636421253,41.01154655633499
272.8442540814856,158.58128512309915,15.066422340287586,40.56387407545475
273.31109174294585,159.4382107333232,14.985499631934813,40.555528084142104
270.3361401496456,159.44233617471687,14.97718948511399,40.54727720135473
272.8284354478227,159.237725432202,15.098030209246684,40.95649868638444
269.76001252185426,160.66239328342778,15.222255559208019,40.68400034192241
269.71971076319653,160.25092310301113,15.302859076523578,40.649658260703056
267.2659713393439,161.20979147419158,15.060888409182777,40.44840469002421
267.2841884885625,163.3469566945736,15.024454110745545,40.42906743171542
267.27714783750787,161.886814346057,15.038535412854834,40.7991578940043
263.824339181714,162.66633837240602,15.099200285467841,40.95134795104998
263.7497006579987,162.4976880957346,15.248477332898421,40.429755346037254
260.7874438878913,162.12477512904013,15.194221549197735,40.321471376009676
257.9487397588537,165.08664971256982,14.910563512798744,40.358788503424535
258.37827928746606,163.81861718468,14.898488231680613,40.35384223088456
258.44065060772806,163.4682493381437,14.773745591156642,40.20786289145345
256.7632310550039,163.96706315161336,14.759092546243085,40.05260830210455
256.6633971951043,166.0827402704846,14.958760266042326,40.020683081956705
256.2417031248047,164.81222474441253,14.959119022654816,40.0326259821407
255.8480243588631,164.76412742354478,14.90326955975588,40.12882062387623
255.08556718933133,164.2217988406184,14.741026838671058,40.3698992596548
253.01717111907482,164.11413692118015,14.657313925820871,39.741122087858614
251.06804331027448,166.05058441859987,14.387625717432046,40.03617091900873
250.72790977283137,165.58410369683926,14.234959223323823,40.136198793535456
250.7086736988254,166.02488851093509,14.273431371335722,40.086224284604
250.3029569817866,165.4039941610665,14.253285667721284,39.66485470895689
249.85795693454412,166.41899420965666,14.318093584934694,39.28523896631972
249.8238569167829,170.05948689737085,14.386293620457124,39.39267701422044
246.18121662539465,166.6451465037252,14.258219893111374,39.63170952584753
245.79498294439242,166.49894781237387,14.205879539157651,39.92410690855019
245.0077671432762,166.74291563859066,14.124235501746277,40.26420907593848
241.67077453015418,167.73225411680573,14.14692232585011,39.9483567200434
241.64000952953202,167.91108863856022,14.208452327094404,39.59068767653447
241.20868284691818,168.1584328244226,14.247785864405474,39.91931913272631
241.25725363389617,166.24248424741052,14.15064429044953,39.60756956394034
240.34297143590814,171.78851122177977,14.33418170987445,40.03070445105992
239.9309579350364,172.22518055633964,14.32632157096759,40.82114006324085
239.461165880146,170.68705080642133,14.42287122575334,41.36829619809248
238.9891533113535,171.3656184472896,14.514297824586343,41.716357993860015
238.55877988412706,171.71137012030601,14.515816922342431,41.88408240452394
238.11279655109996,172.19109622581522,14.546135523717318,41.78627825818482
237.11743069101342,171.82857835367525,14.815258185383012,41.65050947321104
236.17844605150893,171.82893743033725,14.96571786788664,41.649791319887086
232.75238994327864,175.0674817957823,14.886055713769741,41.23800516325228
232.38014219926373,173.90055184777646,14.771409279125528,40.994439291241775
229.80932329706863,174.1923150687506,14.791544888867406,41.26449654840158
229.72349396693895,173.67189029068442,14.963203549126778,41.44753715552485
229.33744100230706,173.63327590080294,14.871774864541969,41.52476593528782
228.86099297482133,174.25383730202117,14.961688229333898,42.00960851321044
227.93118301410456,173.66747187495588,15.078226230134128,42.31079840702435
227.50331266169943,173.2955415803847,15.056009320189721,42.176701381412045
226.62080733429954,174.8359142043724,15.069742520612149,41.72287231500276
224.97340521429246,175.02218024576177,14.886945642258137,42.21974051181597
225.00104484631316,175.60355150319157,14.831666378216738,42.80336968099319
222.32783154053516,174.6886856104296,14.895034224485642,42.87208187808811
222.29432302397143,175.2215936311299,14.962051257613094,42.68890906149524
222.70459807002834,172.87927079708948,15.022749324229897,42.967313935923016
222.28200910894853,178.96054341513775,14.981602240177686,43.213318786792335
221.86338504754298,173.9238581760708,14.929763953899062,43.506738764939655
219.0490849330718,178.70570061961698,15.2044062709431,42.86631706434449
218.53615165333423,180.49034888380422,15.342090334560703,42.84975051940035
218.0857098097775,180.5647218621408,15.352531454342138,42.70100456272718
217.27154792981017,180.1204618756717,15.20384401906932,43.58952453566539
217.19127285989498,182.3914534305597,15.3643941588997,43.54002691697632
217.13259190345053,182.15422626023263,15.481756071788606,44.01448125763047
214.82337120647074,182.64777707549632,15.552128102911873,43.93699349967032
214.83333786129882,182.28763857495906,15.532194793255734,44.657270500744865
214.47191796478404,182.99615225450032,15.335330101586848,45.07965211105921
213.15511324705864,182.18772175195508,15.202520888820878,45.774373566744096
212.20097056985634,182.33399023279907,15.251598656697391,45.481836605056145
212.2017892930561,181.30322556819092,15.249961210297872,45.690689617369614
211.7365019985276,181.7199513468331,15.251254690402384,45.78651916903779
210.80819191365896,182.32149749835241,15.246537679850906,45.51409545614353
210.41039148835662,181.81264607872467,15.115433674568102,45.605093439511556
210.4466942518687,182.4216961531928,15.04282814754397,45.312594150579585
209.89299912703962,184.20890836565468,15.230108432089851,45.41860958610482
209.3563882656053,184.36406885575332,15.378285021240334,46.03333373962576
208.3683554485704,184.73053654789737,15.481339896969384,46.23690373450799
207.89460225005834,185.27452308943037,15.487558454776167,46.09021849065929
207.86758637960085,182.77397524554266,15.541590195691125,46.394747988391686
205.09060230761875,188.03098007203755,15.427739120384803,45.32710370085273
205.1356183170089,189.81289701322507,15.337707101604497,44.54532444945033
205.20755266714306,187.78247226270375,15.19383840133614,44.033338887931265
204.78657540965042,186.32247566958597,15.131147067800082,44.23939452860282
204.38317743225622,187.76748450720942,15.031502048857028,44.97514074828188
203.9142215842336,189.6801395631985,15.054313290037815,44.810232455761536
202.94837739006405,188.15611965171718,15.159661746768165,45.11876238131108
202.38871129529804,187.60166993502452,15.359505567773127,44.38868507764218
201.96225302445117,189.6304346444405,15.299691830235563,43.982076775735145
202.0684348490904,192.10432805066955,15.087328180957119,43.56349766551547
202.56954516545412,193.0394418017184,14.981113291435705,43.48528164982977
201.73762877389586,191.96517321404036,14.859033917286418,43.84790666792
201.24670624644867,192.08870986383545,14.944981199189492,44.49673114132117
200.83105424148826,191.9828426249166,14.869577243957272,44.70846561915886
200.3556583565078,192.45983765181873,14.912026519287334,44.66281805998546
199.01694045754385,193.96714770669584,14.864053444688917,44.373606822757566
198.98313904993415,195.50225378641971,14.931656259908321,44.01382132804498
195.3562086366947,195.88116889016896,14.988820387606342,44.155578207894116
195.28791285969422,198.1637658342983,15.125411941607297,44.10363452281846
194.39578281781732,198.28765667776867,15.10086938885403,44.76025415413122
192.02628161907353,198.4301640872767,15.273326638443566,44.47523933511521
216.2765369629335,186.19253728849696,15.129734246874563,43.40344175734967
214.05762431498312,204.77382017830328,15.095089445384662,42.91513077634035
213.18595885135218,203.49927896386433,15.064630731196228,41.91663392231767
213.2427757404363,208.7687811404046,14.950996953028056,41.84256570421283
212.96207977506918,198.14794372134506,14.643428596201804,41.36023335332175
212.88949102843904,199.4312974074311,14.788606089462121,40.50650741723079
212.9896142677661,197.94521274223086,14.588359610808034,40.09101376088201
212.6645923136413,200.3207950489066,14.401052750389642,39.52660299087042
211.89342678016746,202.3266658576333,14.291605611315566,39.644306888471384
211.0939518721568,203.8289943453819,14.239370670212079,39.94201942722381
209.80040919934302,202.08449356347225,14.339752659314295,40.11541651567595
209.36784188593134,198.34761537749827,14.371688534649643,40.090384124232095
208.97919554007234,199.09232943938676,14.315561456227611,40.26779554073529
191.7330712046822,208.54762632570566,14.57538120254089,41.39569674827328
195.06347844432386,207.30145417603984,14.76065951868176,42.17651784874893
205.4548143215066,198.00590593676156,14.864570950103364,41.62157974033397
195.03565671956912,189.54115059143777,14.961229951518963,41.266376928932104
178.25915029018898,187.79470177264696,14.938826569630185,41.31564213157539
191.5637698573401,192.8324816121979,15.02701364082115,41.57457001589019
191.42042330082649,195.3167515810281,15.313706753848415,41.80506705708733
190.9638133201901,194.88827602577268,15.351938778977896,41.787030231454885
189.59761162349665,194.95558638521533,15.458081134126306,41.65240951256962
189.4998607850314,192.7121836656717,15.653582811056825,41.762174011017024
173.6531231118839,191.59248476884693,15.648902463560045,41.36005883018393
156.64717906287797,200.74177912228933,15.549254617527655,41.429220247015216
156.1792351739686,197.0848299103568,15.611289329314136,42.62614720865466
174.33686332066523,203.95908655290862,15.872775984201715,42.25936914853182
187.22570845328005,196.00731787423123,15.950855835181134,42.11449746823957
190.3082784384052,215.0167787451437,16.02205782072656,43.29543944855941
189.28557881268233,215.37158441502334,16.249229388774584,44.40405579219787
188.75246380429473,197.3355713394831,16.386372600282854,44.24169653786704
191.98145112039066,213.9443877665001,16.43306641708887,45.405882628535835
189.9286209833627,213.60293432915512,16.75175260987409,47.035533023543536
189.7582356288361,206.01325092773263,17.092523318927224,47.57772747007015
189.64091714161094,213.6035332517379,17.327160293377556,49.22268259769692
189.63106761212433,214.57166809008288,17.346859352350812,50.338889842797116
189.54454798674243,214.17788031626378,17.519898603114605,51.12646539043536
190.06573459044216,214.4374511377061,17.525683537666673,51.65548188950223
189.96514505297392,213.43679850796815,17.726862612603178,52.60098494202889
189.90887003207757,215.42592191159065,17.839412654395876,51.84156779323561
189.86251125194065,213.96539704566334,17.93213021466972,52.634265994397694
189.30926387834893,216.32579528175575,17.961459985450364,53.29929440422687
189.3267657472473,214.68190859499094,17.92645624765364,54.412720358285426
189.33011081294796,217.07021316108052,17.919766116252276,55.148003579183104
189.40651926566397,215.27413782857192,17.766949210820272,55.40202762369862
189.26674512770967,218.93159354799886,18.046497486728875,55.88168181022525
189.20659908745512,219.1289069318652,18.166789567237963,55.48705504249257
189.15945521358455,218.96181452159348,18.26107731497908,55.821239863035984
189.18308302277035,219.75378579844198,18.213821696607486,55.36583889790888
191.95727990541283,220.04542048903068,18.271427634500967,54.78256951673148
187.46466476518424,220.4495488213725,18.34500119665553,55.088269941835655
185.12902034252392,218.85142284637254,18.537674647597083,54.925560346051284
185.12346944515127,214.735160915853,18.548776442342408,54.19120223285837
185.70880873134996,221.27760436285533,18.488698007834763,53.32291685564104
187.41032031049647,218.43116985644977,18.377050012565878,53.53016059674537
191.3496676974,224.38867960365988,18.184683232601024,53.693656521220035
186.53242712856988,222.51465924940163,17.9473567543155,54.15109469108792
185.4847997498168,222.83943023998808,17.84453175179007,54.600592589930784
187.78442758565708,225.06776448884412,17.659466573974296,54.55811458608347
187.74511007948058,225.35276501623795,17.73810158632729,53.98811353129584
186.5814071863689,225.10247743463964,17.879731863474433,53.39580093995437
185.90468342512887,225.8583972860094,18.146125522413925,52.97101510075546
185.93550619615996,225.86468336979632,18.084479980351723,52.95844293318156
186.54956155210215,226.65440880938672,17.940932958935985,53.5481194349381
187.68013924824473,232.12808345802932,17.860460133486935,53.50418297183339
187.08731801245568,225.72179827409082,17.957858530077946,53.257824439865395
187.16127832621075,226.5208471590962,17.809937902567803,53.832761375952586
187.16865489928136,237.94578088924112,17.795184756426575,53.91478051039247
184.94511572440143,233.97814692570304,17.870699051094327,54.199811341057455
184.91500755548984,230.96372154290054,17.930915388917523,53.63869016141744
185.00396871289726,240.11709307690725,17.75299307410269,54.97799903357039
184.36699938989813,231.81610302309684,17.91970152972739,54.9715262855873
183.75709256394197,234.47637160899782,18.029315633131677,55.20198685632551
183.6684833051862,234.82288771261454,18.20653415064321,55.624441400803875
181.9458419422949,232.90751360970918,18.27758689044189,56.08095962063072
181.37197578129903,235.6057207295411,18.292782833838018,56.34722727394496
181.31735881869778,234.68183521889327,18.402016759040542,55.92179933981282
180.2318463932794,232.52950729993762,18.30793021950766,55.6962323969849
179.60449902187293,232.7554443051059,18.435001597282685,55.24435838664833
179.5401594201865,234.46381873280464,18.563680800655483,55.1981755092556
179.5662603216804,235.0982595860521,18.511478997667716,56.17972880635344
180.17884256267857,237.11992362159066,18.424544524144302,56.68932076916792
180.21856851493428,238.07056246903917,18.34509261963293,57.07580324436136
180.20253695583867,235.9368906955419,18.37715573782411,56.751502758211195
180.7399720520395,240.43188959901238,18.446178987404803,56.91265248712867
180.7317350716957,240.79911227101536,18.462652948092316,57.3256580494577
180.68837268553844,242.72281428123677,18.54937772040688,58.09273781850845
179.46277293889995,241.62227789081783,18.668359242639752,57.96159262830227
178.78089427929692,242.05750160609165,18.86568165356532,58.25758010603502
178.16869293797117,241.70314468737286,18.91581886548577,58.96629394347258
177.57873750937065,242.63098848520423,18.9104757742803,59.481114244622844
176.99344380935975,243.33189105227945,18.88859843611042,59.27177384866411
176.36392037925742,241.51850602815685,18.95855487245845,59.33127262533952
175.73580060074949,241.70313388460642,19.023571854449365,58.96201691244038
175.11973473280165,242.6384393885712,19.068529464078182,59.4657541570446
173.88919061093415,244.06543463758567,19.139307269350766,57.80691887824682
173.40379692429298,246.91674026746708,18.937217702026842,57.968692321515455
169.90615346538482,247.93116391907307,18.903666124483962,58.28279118342321
169.93159611638524,253.2298278947489,18.8527808224831,58.26335509928913
160.12361881211066,219.91270606691415,18.50885613266569,56.79918703111982
159.67152537927728,218.09955405098077,18.266053850856277,55.83753447308189
159.90270110669982,218.621345008423,17.80370239601119,54.79395255819742
159.5215197573249,219.57666458831886,17.460518529467876,53.98885996369883
