297.0,160.0,18.0,48.0
295.00133236380987,159.8210040857533,17.948651438875658,47.34582087011728
294.51689993020364,159.54515281726302,17.915649399558845,46.89565650056851
292.0196129093974,159.5260286205971,17.936147694432712,46.933904893900376
289.03881450165005,159.62608038412802,17.923350957708855,46.7338013668385
288.6288654829431,159.47575310638928,17.750618597973627,47.03445592231603
285.040573737684,159.41058221624712,17.970326968650276,47.1647977026003
284.41817756427366,159.51716679586215,18.215459731081037,46.951628543370255
280.85906843679214,158.7749943612145,18.32668751376312,47.43497477376826
278.32426678076234,157.90433052244984,18.346613172289658,47.15643138988434
276.9592316100362,155.03038309694463,18.05780900254371,47.872868722231395
275.9440506914175,156.0400050172626,18.065392788823086,47.876402932553674
274.5047368019778,154.99373642577018,17.90929207022357,47.94578778388597
262.8488948687209,154.6614975817657,17.99649550899213,47.60050545329732
261.95352553077817,154.0504644127622,17.774473804457855,47.81619160109451
258.5797821520473,151.59978170119214,17.483648356028628,47.690191162883934
258.23096728468937,151.8603379028124,17.18285779336329,48.16749905702472
254.15265393366673,152.4465470082664,17.341064769869746,47.994883311809104
250.407273147031,152.54897759403852,17.830418617182566,47.79002214026484
246.50714827900117,151.99758731561562,18.587921511531103,46.88058931376462
245.33847917089955,151.97410986335075,18.911972069122292,46.927544218294386
241.26998900674434,150.97842844598793,18.944116256340838,47.90580253538353
238.21498096951322,150.0899919839429,18.887580307084527,48.65491678885389
234.6606005024812,150.47633794821363,18.73373563259479,48.919739947248665
231.79326118706496,150.9452609923063,18.237067532310117,49.02045164758291
231.91229280558204,151.2305892282705,17.999004295275924,49.480860746919404
231.3226636582127,149.588442567905,18.14490424650303,48.63172069360381
228.1433556077705,152.85878748415968,18.36051177439736,49.257874196249475
225.35181520699348,151.34464274708054,18.760130718149377,49.176086555726485
221.19236814044478,151.0775201888698,18.737338358100867,48.667620860504705
217.72124994115626,150.99489759748795,18.434552894520234,47.79786292010307
217.97007965247684,150.98516385186514,17.936893471879053,47.817330411348685
214.65808308517677,150.25708825569984,17.50197340305305,47.256649259843215
214.73612883543913,148.99986490524438,17.34588190252832,46.79346441921281
210.87687025487097,149.54305534232526,17.199645362636897,46.69017775767955
209.79991858149384,151.08210535921185,17.395596105960337,47.52798293076797
204.21516629399903,150.96567474962012,17.625513306348388,46.76633620680583
200.7439024788979,151.27049280676465,17.653836255238915,46.156700092516786
197.359931212221,150.69041124407713,17.565226563183757,46.337355757119106
193.51859699799232,149.8573275601062,17.403838679363453,47.02301608602624
186.60313887182926,149.39000600462072,17.41077124158744,47.957659196997184
182.66793977316823,148.87650149981707,17.27372930553888,48.98466820660453
179.7222857940072,149.35950358152735,17.086295966939385,50.0449111421578
176.81993554914237,149.14261721175205,16.741977358873413,50.478683881708385
175.9549331034051,149.12389293744087,16.42254043642753,50.516132430330764
172.91980299444813,149.0563241492189,16.37641978077742,50.65127000677465
169.75199417019647,150.325221801834,16.589217468119685,50.154414688598195
169.64459290301437,150.24686386657086,16.80402000248386,49.29382030136367
166.04390236744163,150.97793560822558,16.942512392316,48.84066091538472
162.40731406641504,151.53928466984559,17.180361135400258,47.717962792144704
159.4248477939587,153.0047070235322,17.185300951491104,46.773782327712055
158.4465631754596,153.4725986246255,17.18204180313974,46.8179133182002
155.67523543381895,153.22567416160481,16.841775046770817,47.31176224424162
154.33193477685182,153.23267603433902,16.584204403119752,47.29775849877318
150.9792370969066,153.68016779706153,16.45399885436243,48.3558038043704
147.42271284456,154.1245314318764,16.642423158804828,49.44554059195521
145.88424749465622,156.7237022621491,16.694769430917084,50.296367786800445
141.76803597202627,155.87453523960272,16.757091285495875,50.973439183058034
140.74323179532095,155.81831005301157,16.74262944113508,52.117924655125975
138.6156181200227,155.26991082163744,16.80572109005631,52.16668919245548
135.36349782082254,155.52244942108416,17.01064320312216,51.66161199356203
135.42186178253752,155.76415785073604,16.893915279692255,52.22466411794268
135.51078461189124,155.71592350852518,16.716069620984804,52.321132802364374
133.25283630427893,157.6480648981602,17.030242602676857,52.65857365662691
129.28372342176672,158.02632812673005,17.541469909038128,51.902047199487185
129.61230634969525,158.78418983778624,17.943906669085635,50.38632377737477
125.33335496189875,160.43628600109818,18.13936541443883,49.172742458310914
124.3148417546346,160.62890139839283,18.11342320649216,48.78751166372158
119.72373778650794,160.84507944579104,18.06613828138023,48.355155568925184
119.33577986096223,160.99111481612087,17.823601755630726,48.063084828265524
116.29689625928141,163.22995026114725,17.841994645068674,48.63489253314917
115.86660036791665,163.5183896790607,17.6841713381782,48.05801369732228
112.45848552917855,165.28633954159704,17.44925225182075,47.5440348710355
110.96046921818498,167.7246757257772,17.45816388481017,46.65019048800549
107.55292241808212,168.2094797817851,17.3917995027701,46.6636478020248
103.60478418325953,167.37279277691277,17.43157634589215,46.372896905138646
102.5082665573361,167.5899914909747,17.66738765220259,45.938499477014766
97.5391435531407,167.9035396678031,17.83944785532575,45.31140312335798
92.1859673145681,166.2397147347606,17.868197147359883,44.756288194857106
86.47281102278555,168.57783377016537,17.73588299484421,44.89614459741462
82.993836615585,171.3605517926769,17.95376271976794,45.107910629086454
76.87688459463598,168.90098802821646,17.58017029599669,45.17800105582681
74.05304099592429,169.79210932662983,17.443067076901027,45.324021931173064
72.62328038375357,169.70722852776714,17.411276524444173,45.49378352889849
69.57217344493608,170.7422830120307,17.719669288500903,45.354948264897395
66.05233059415662,171.1789073184493,17.975141574630456,46.42004634218288
62.52885596660874,171.72468762360197,18.09871022468953,46.3175401040256
59.08919297108644,168.77335841095334,18.04946594325081,47.27121976326342
58.13451423283974,168.37795979933574,17.953606278179553,48.06201698649859
53.971174669805336,170.4986032094537,18.182492968647583,47.86962638406304
52.471872381875315,172.6761750892807,18.1403423224015,48.58240799458592
48.991237564675835,173.18417770898577,17.940290379970566,48.58944869472289
47.977036666587715,173.4013298941449,17.92961374140285,48.15514432440463
44.48908166124032,173.23168755493182,17.813641561089625,48.49442900283076
40.412134337217026,173.44302314766625,17.84039714217493,48.071757817361934
29.759472400845087,177.51878264538786,17.928940974221014,46.99249883548462
30.78738349965934,175.75768497200343,17.866006060231822,46.52891961497484
28.271955180844646,177.99881324355093,17.95356351326732,46.001302419554975
31.698944419530996,178.7132321851896,17.97814496366743,45.55511595453088
30.71048638989978,177.89032633525818,18.00170756834556,45.24757419980942
26.772377787853003,177.41511100037786,18.096535896761267,45.22533126011035
21.105219959804693,175.05848804076595,17.742290624691226,46.04239020327863
16.30572904498463,171.79473877480484,17.546729099561613,47.67261705781595
14.27603538777134,170.65055384793718,17.608884644799218,48.96167896925404
9.79726217452328,170.8277220059791,17.396570833766226,49.626216012895604
9.360250332934235,169.66162839044262,17.246080496172155,50.933889223196395
6.121257581335945,171.72995946314225,17.481555816347466,50.95890053314463
3.076361598467761,172.3856682090747,17.300924102320707,51.73762426786742
0.11317764460145163,170.57322242746687,16.910101425835112,51.15105544160427
-0.4797180795517928,170.23881964675215,16.02116270676128,51.81986100303375
-1.9091285208155089,170.05478642640213,15.788465703160739,51.157421481691124
0.010690559235680297,167.83633594464214,16.01609553799721,50.51023745153752
