18.0,143.0,25.0,89.0
18.086083234185587,142.39534531678896,24.827833531628826,90.20930936642209
18.088258887250454,141.06980008119675,24.82348222549909,91.12347977924976
18.08791144747871,139.81464541123518,24.82417710504258,91.88407186582347
20.892097004396796,139.74138792220566,24.497129050373076,92.0305868438825
21.624903145516747,138.80324247845977,24.787864764437042,92.15052973507048
23.3304686942295,138.05505753330644,24.90375217876535,91.8833903695002
26.570205029376247,138.1815573037206,25.47198897104207,91.63039082867185
26.318450723556836,138.4272815194912,25.975497582680887,91.13894239713065
28.737970368586595,138.34973081068492,26.45099337621826,91.29404381474323
29.564414529489042,137.96300222804467,26.580677773701222,92.06750098002377
35.85681234212461,137.91693774156118,26.567287293232212,92.15962995299071
35.9577265575851,137.2122714685702,26.365458862311243,91.77199603285526
36.16460143030302,136.3749704422802,25.951709116875392,91.65887016955068
38.02054949533294,135.58333447066468,25.796622341225792,91.4637374355766
38.90046328612081,134.67055809529649,25.80954678821958,91.51653815774344
41.61453094706092,134.49581248250212,25.70262731929276,91.86602938333218
42.4354440655705,134.56615721838952,25.837468709272596,91.72533991155741
45.293774233963894,135.25045043611345,25.45242763667358,90.3567534761095
45.36970904575747,135.09201495438998,25.300558013086427,90.67362443955646
46.4639455736998,134.00482924779615,24.864410076498203,91.09567073344772
46.56770506237315,132.94055684559277,24.65689109915151,91.47412131831376
47.5867142780585,131.21308276631743,24.370396205475235,91.42602240147554
51.91195215333557,130.21858694482805,24.447192047986235,91.66955972584128
51.70069019503755,129.01500417426968,24.86971596458227,92.32639774291329
51.682844052517254,128.7715074008034,24.905408249622866,92.8133912898459
53.39826427219772,128.48277022280513,25.024670441669123,93.39086564584241
55.19960272606461,127.09621194552804,24.99284084051652,94.37855854710597
59.70489892064321,127.67779927518498,24.975855530572506,95.01410530363472
59.73459592501321,125.73073060649993,24.9164615218325,97.10090290314102
60.62590268486929,122.95747934934559,24.969394996212408,98.97631142926559
61.52905841157131,121.99975350606832,25.025968652408856,99.0288780062196
61.38501617908971,121.91895631549093,25.314053117372072,99.19047238737437
63.185899553924116,119.6875753727919,25.457133230200817,99.90838741027486
65.8733511339958,120.36976520862397,25.73787633695185,100.42922316090883
66.85442575352215,120.58911857295715,25.67357317874196,99.99051643224249
67.619966114198,120.68796459720316,26.03295895430295,99.79282438375046
71.27707092254981,121.8340093285274,26.296678089328132,99.39521710903419
72.2971327746129,122.5085407267656,26.150421545497256,98.04615431255782
73.07533411791321,123.79967001401809,26.466150536523458,95.46389573805281
74.26990685691459,124.9385921769447,25.91870108370785,95.02774743738672
75.38728765178102,135.08177605611235,25.509219113947573,94.81945549875019
75.46017901983814,135.94541774844228,25.363436377833352,94.90682187086242
77.27358925150611,142.8297539131373,25.362887248418193,93.8300992101951
78.22791145931357,144.73572705054812,25.25221209547688,93.61409146072072
84.51588637518387,147.13864283399658,25.226190699756508,92.39395373268675
87.29978551809211,147.00488946939743,24.983919187537083,92.66146046188504
88.29393053662943,148.03319803167136,24.770018845445957,92.37923303232074
88.19260971690306,148.7875814634233,24.97266048489867,90.87046616881683
89.22677553803838,149.1519291246249,24.653282263017577,90.14177084641364
89.96646876481819,148.5694563238983,24.90658858029786,89.57402367702699
90.74321966364856,148.21415520209126,25.0825290691663,88.55518363411184
91.53243933608924,148.44250469660687,25.22245436974267,88.09848464508067
93.38392221507561,148.76582833863247,24.948553156071355,87.45183736102943
94.11547149389962,149.66586590567584,25.185744891355515,87.35205251987487
94.86543642201808,155.71729296044418,25.38912268921584,87.17235198901884
95.77131826233698,161.8629359595518,25.281918381292407,86.81298159980412
95.77117620556633,162.89474882784097,25.282202494833683,86.44684089474174
96.6363046846678,166.94507387604767,25.244261922052416,86.80777272543676
99.12914830849952,167.12003032281888,25.348704807265563,86.45785983189441
99.94262591616368,167.1599395650033,25.415459398335795,86.37804134752552
100.92127308499639,167.30112981816058,25.15198849008705,86.09566084121099
101.78170226778605,168.2709927635873,25.116059599313218,85.84086442516306
101.9132186707635,168.42238862020818,24.85302679335831,85.53807271192125
103.74316007620001,168.4523755987962,24.536110373595875,85.47809875474522
103.84682987887538,168.15409354010757,24.328770768245132,86.07466287212246
108.1413026846455,166.2749800330265,24.086199900641173,86.4943399887101
108.2274173451877,165.33542722438324,23.91397057955674,86.70279085043768
108.22585340868349,164.48929286089958,23.917098452565178,86.72469452964661
112.62885456740625,164.769769091485,23.464758090836426,86.16374206847578
112.7566652812233,161.50233493654196,23.209136663202322,87.735592415654
112.85085005424567,160.22370865514063,23.02076711715759,86.94953870225612
113.80113939278608,159.37513004115576,22.777233566173624,86.98965080412898
113.82331049673375,159.8351604749303,22.73289135827829,86.06958993657992
113.79079122927769,160.84988441387688,22.79792989319044,85.679382456049
114.59721086965419,161.13529891689467,22.820067595945556,85.1085534500134
115.23590685397477,162.08919984504462,23.17003664846935,84.82811261487846
116.11616216968875,162.52509893428348,23.039517316943076,83.95631443640076
116.94711240907131,162.99676774827032,22.992876236116224,83.01297680842711
117.72492827096029,160.2303173694537,23.038335169309484,83.74260559514667
123.9524704232839,159.67822096495405,23.481058836656203,84.84679840414599
137.88251115071543,160.3786120312662,23.434504432007156,85.08210609800489
144.29164188398337,158.8286200264438,23.724508179115396,86.54355695594418
148.44327698378837,157.34763772337925,23.744071867691087,87.8409547844361
162.65275534004542,157.28374889212523,23.939636799492398,87.9687324469441
169.27230275113808,157.23014842084677,24.209997174927025,88.07593338950099
180.92553649739298,157.9570223249699,24.637278635875926,88.31745336364467
183.4478493142358,155.4070943379644,24.712696800723723,88.29726553912226
196.23550866937052,156.87149836766352,24.75450785969392,87.07626613100662
202.9366397740379,156.06720663665544,24.883166408738585,86.9934844982253
212.597501865008,154.30945614245644,24.18003434453901,87.12378691976139
211.92751157296317,154.8675281375121,23.83872823745108,86.00764292965005
212.91658327357743,155.28000975995224,23.51974154509051,85.18267968476974
213.02692250022199,155.58213070124773,23.2990630918014,84.57843780217875
213.02124504394172,156.07728693320982,23.31041800436191,83.5881253382546
223.57918962742113,156.2440848295478,23.191457974434094,84.86967794073486
226.74252884466205,156.30976666489448,23.38869566581988,84.7383142700415
234.05291970083172,154.59292757719297,23.463375957485674,84.90633422233223
247.01516903206812,153.64346288428948,23.724436373006455,85.16866616576463
253.50721625560269,152.78395268219452,23.90184349039959,85.24249887439674
265.77036150968723,151.6814482230597,24.1188085290661,85.79795742287735
279.19526332002687,150.32528407969895,23.852119235820957,86.84884106413419
291.80180204544837,148.74946484614776,23.707984213978616,86.6579538740365
304.4206268217693,149.02955243959227,23.458358400690205,86.09777868714747
315.19909723770974,149.82544463410153,23.394188077214082,86.15928433723704
320.2206056619699,149.88782700437812,23.268875424360626,86.03451959668382
333.37170762552324,150.16700125837224,23.34808748381993,85.47617108869557
338.3454751344541,149.5368428578207,23.25533291362972,85.09402448185348
344.10530557654727,148.865222598471,23.183042622134092,84.80192634445417
344.1787278723751,147.62106091306623,23.03619803047845,84.03051647278494
344.23838360300766,147.83674070179728,22.916886569213233,83.59915689532285
344.2229694176133,148.32401833532356,22.947714940002033,82.62460162827028
344.17283645204776,148.96334163615916,23.04798087113309,81.3459550265991
343.41091211121653,149.48343048399613,22.993217591494453,80.30577733092515
343.4658227550796,150.63927845381664,22.88339630376832,79.55698921947246
344.23705973170894,150.69722582986557,22.891208558870375,79.44109446737457
344.23516027866464,150.76179301847193,22.895007464959058,79.31196009016185
345.0396256496504,149.22886047667293,22.83311913182831,79.28374035607803
346.65896755280755,147.72315910464093,22.685414856693562,79.20416356896256
346.73780581455213,147.75627465590318,22.527738333204375,79.13793246643803
346.83310771285574,147.59922141064877,22.337134536597205,79.45203895694686
346.88786951662496,147.68882039066926,22.2276109290587,79.27284099690587
346.87857291973586,147.76211096646014,22.246204122836946,79.12625984532413
348.53003730773605,147.8940404397097,22.007882943208003,78.862400898825
349.38826356597735,147.9111098861562,21.815552309325774,78.82826200593199
349.4442521410221,147.4062850463378,21.70357515923623,78.31787459255565
350.2404345206039,146.03628165514118,21.62195442030449,78.03639333448513
350.1678319665433,145.98877414377023,21.767159528425783,78.13140835722706
350.0735911388712,145.35060540020106,21.95564118376992,77.89843921387947
350.8278015127454,145.38875757151425,21.956769121343168,77.82213487125306
351.51487039281767,145.56394715424338,22.09112467859463,77.47175570579482
352.20551714804844,145.7949964033362,22.215890895891476,77.00965720760914
352.82087502583687,146.7140714300412,22.487038755379324,76.67337076926387
352.84504675877895,145.94496338302812,22.438695289495158,76.70942381892837
354.1963383616112,146.0455685879529,22.739657888259536,76.50821340907879
354.95296080753917,145.16943775538226,22.73093739555538,76.7559506750683
355.7858466623147,144.46155317911783,22.573031715301134,76.66385379830028
355.83206652959285,144.5490779465881,22.480591980744833,76.48880426335974
356.67048815795033,144.49398355233527,22.30318294013447,76.59899305186543
357.49529706850524,144.2652847946797,22.151254385718424,77.05639056717652
358.38489544661917,144.458614795676,21.873375654376687,76.66973056518395
358.4335061994178,144.69120726873092,21.77615414877939,76.20454561907414
359.27176086074763,144.78572319286712,21.581935773805053,76.01551377080173
359.23171688721885,142.6342424491687,21.662023720862678,75.89048899950811
359.1749683192833,142.74679616173188,21.775520856733653,75.66538157438183
359.0989131718074,142.66286458687387,21.927631151685517,75.83324472409785
359.0222184719851,141.78718451757896,22.081020551330113,76.10473099153403
358.8619781437204,141.93618641862116,22.40150120785944,75.80672718944966
358.84156645504146,142.0427261186551,22.44232458521737,75.59364778938173
359.4910335359203,142.14425313204492,22.629456157895614,75.39059376260211
360.3675637047567,142.31187627716056,22.363063023340693,75.05534747237084
362.6444617881241,139.82647226347126,22.24020569975184,75.59521665660354
362.6933936400106,139.89347583560013,22.14234199597888,75.46120951234583
362.793710968092,139.9822596648878,21.941707339816006,75.28364185377045
362.8109396768197,140.1178818678786,21.907249922360613,75.0123974477889
362.80380721558987,139.4163753281964,21.921514844820265,74.94751329984777
362.71741279668345,138.75404724308845,22.094303682633168,74.80492363583448
362.7138810124116,138.68288409292342,22.10136725117688,74.94724993616455
362.6880076323257,138.61114026252326,22.153114011348677,75.09073759696486
363.43261915518565,137.9447727245303,22.13746993364779,74.94989370493161
363.4090760072788,137.74795773276918,22.184556229461517,75.34352368845387
363.28606166310715,137.65676757595523,22.430584917804783,75.52590400208182
363.3555205902543,137.70230236751337,22.291667063510562,75.43483441896552
363.49650646068534,137.752399005859,22.00969532264842,75.33464114227425
364.2081101716,136.3030508066204,22.060846194361353,75.2846209536669
365.05828379424474,136.02759822501247,21.835102390730803,75.83552611688273
365.8741375452794,136.0557729239609,21.68157564475221,75.77917671898594
365.8938813379898,136.1018551278987,21.642088059331414,75.68701231111034
365.9077522684655,136.3916495923074,21.614346198379952,75.10742338229291
365.923541237629,135.7401098188975,21.58276826005295,74.94672163240728
366.73270903554044,135.88992761810695,21.42535561711571,74.64708603398839
366.775383578412,135.35406249315105,21.340006531372538,74.2650609229712
366.9224419264451,135.26413190162697,21.045889835306355,74.44492210601938
366.9202368245903,135.28416840749856,21.05030003901593,74.40484909427619
366.9372991738219,134.4507014336253,21.016175340552728,74.62845138251681
366.9645060632393,134.33546254263848,20.961761561717978,74.85892916449049
367.6887048854394,134.284256033789,20.961444746297364,74.96134218218944
367.6631080530361,134.23602512863522,21.012638411103932,75.057803992497
367.6092455461355,132.79341447017873,21.12036342490508,75.03934965496356
367.539222088629,132.91608142877226,21.260410339918188,74.7940157377765
367.53331453129823,133.07703396614951,21.272225454579683,74.47211066302202
366.8679516777344,133.181326261383,21.154524224651023,74.2635260725551
366.9100109004737,132.4787978921861,21.070405779172482,74.22529803609139
366.2917605397202,131.6867029540292,20.865732686161703,74.36831409788738
366.2984493464701,130.81868782068761,20.8523550726619,74.6649801342858
366.21250979329415,130.0244176011317,21.02423417901373,74.81022300857218
364.7109132257009,130.15639823928404,21.130301369019968,74.54626173226748
364.61634224100334,130.2201419783392,21.319443338415113,74.41877425415714
364.5511015869944,131.01061686433988,21.449924646433036,74.2863798820115
365.3339396631532,130.91695540227605,21.333368392178667,74.47370280613914
366.7878205934142,129.7736651754704,21.32478809683159,73.86110169457544
366.79666965833553,129.75597918468424,21.307089966989047,73.89647367614775
366.7357523341037,129.70442867105942,21.428924615452626,73.99957470339741
366.7447310704621,129.7215132180633,21.410967142735842,73.96540560938962
366.76853822453717,129.75549935382276,21.36335283458572,73.89743333787072
366.8713877513866,129.25899344495423,21.157653780886893,73.44843273073212
367.681343149047,129.39908066635255,20.969578588364158,73.16825828793547
367.6558443701074,129.35571426458426,21.020576146243307,73.25499109147205
367.71742309061915,130.23980069911073,20.897418705219824,72.91336511436648
367.73397096225744,128.92559078168807,20.86432296194328,72.70293443873145
367.6485891522661,129.0849733785536,21.035086581925967,72.3841692450004
367.5548465829654,128.41615062923105,21.222571720527288,72.30729649603664
368.35870978280224,127.6712198109377,21.031767746556326,72.38023570692079
368.4061230048426,127.62921707894961,20.936941302475635,72.46424117089698
368.33494225493934,128.3241325415471,21.079302802282037,72.48823052236006
368.3576386677569,128.33141012957293,21.03390997664696,72.47367534630834
368.268245562529,128.48767952095858,21.21269618710282,72.16113656353708
369.0316395925758,128.721429426269,21.100580780377165,71.69363675291625
368.9967718208221,127.91440437319943,21.17031632388459,71.90170842093625
370.5046610071877,127.67748718805517,20.9749718358131,70.96532584889493
371.21719779666773,127.76987908312206,20.94324395339999,70.78054205876114
371.25768862138887,126.80768852782569,20.862262303957777,71.31478011925283
371.296789744107,126.54480788641663,20.784060058521487,71.84054140207093
371.4484871794406,126.25896661896553,20.480665187854413,72.41222393697312
372.17816900696977,127.01028361222606,20.42586943758965,72.31415785524575
372.97843075729907,126.2876672001941,20.227505776216105,72.35723084002453
372.93906260389815,126.22508901899914,20.306242083017946,72.48238720241443
373.78249440913197,126.98111337573033,20.02167344764306,72.37263346404472
374.5471823920611,125.6322306752768,19.887714566026442,72.2795646964685
375.8863796859749,124.38783426293728,19.992506591035035,71.98517090831139
375.88448802415456,124.44890880122361,19.99628991467572,71.86302183173872
375.88770863798237,124.51751477724707,19.989848687020064,71.72580987969177
375.8412798124106,124.57983016632879,20.08270633816363,71.60117910152834
375.7708662113457,124.70299296975651,20.223533540293403,71.35485349467291
375.6593364473421,124.65936318996293,20.446593068300558,71.44211305426005
376.26496091097454,124.94759649022737,20.625583942469866,70.8656464537312
377.0573503985401,125.27524777172651,20.426240601934367,70.2103438907329
378.4563418381037,124.86973126006444,20.373185458281935,69.64891304631972
379.1475548068904,124.20344208466929,20.354302069524934,69.61794884829357
379.1695711368137,124.36684799598856,20.31026940967831,69.29113702565502
379.8589668884064,123.85285379996648,20.28879293809223,68.96181038609978
379.8792019812445,123.0242096599444,20.24832275241614,69.26683834270142
379.9052375121468,122.28605431058553,20.196251690611465,69.38733037992861
380.71197957494104,122.03233613188235,19.93931927080387,69.89476673733496
380.71340318893243,123.00594011727352,19.93647204282109,69.30648489486644
380.715638437085,123.00590670604667,19.932001546516,69.30655171732016
380.7937103890361,123.02895603343524,19.775857642613673,69.26045306254302
380.8361222159465,121.71798294559456,19.69103398879296,69.18855893580414
380.822947308516,121.6834227009214,19.71738380365388,69.25767942515046
380.8174402363158,121.00217334746677,19.728397948054308,69.27438913207163
380.77505754021496,120.80623343499818,19.81316334025599,69.66626895700881
380.6868836626057,120.11169617474738,19.989511095474562,69.70199868261197
380.55190954706944,120.20826279392588,20.25945932654706,69.508865444255
379.692052172682,120.19203147605293,20.61972794664319,69.54132808000088
379.6944879735173,120.05169058952794,20.614856344972477,69.82200985305087
379.6320584288537,120.13801414061088,20.739715434299647,69.64936275088499
380.3256512550846,120.33553210970678,20.72289331952959,69.2543268126932
380.2913348178711,119.62643185141911,20.791526193956685,69.30806466703693
380.26783079353385,118.02101840215222,20.838534242631166,69.78589837050166
380.26342417781564,118.29557492816437,20.847347474067476,69.23678531847735
380.1862432301993,118.10950138597238,21.00170936930023,69.60893240286136
380.06400723889607,117.34568548690892,21.246181351906706,69.76191142628389
380.0803838913746,117.26303727679317,21.21342804694962,69.92720784651537
380.02521284148384,117.10482329557351,21.32377014673113,70.24363580895469
380.03204142903365,117.84682725204031,21.310112971631476,70.14923454497333
380.112529214191,118.70930735029114,21.14913740131682,69.81229134525933
380.1881974273403,119.08762335386487,20.99780097501821,69.05565933811188
379.4863432508527,117.53209310376619,21.034761972908154,69.43322512813887
378.80278375330073,117.82153712169672,21.029102933671286,68.8543370922778
378.7998759427758,117.51425753142793,21.034918554721102,68.1044204876338
378.8654237099872,117.52039006940161,20.903823020298304,68.09215541168643
378.91167514343914,117.50734345287239,20.811320153394462,68.1182486447449
379.01025276742996,117.57872722069445,20.61416490541282,67.97548110910076
378.9936921187962,117.0362987229589,20.647286202680302,67.71599184556035
379.02104577258854,117.16919556336751,20.59257889509569,67.45019816474314
378.90884372735064,117.3583253002827,20.816982985571457,67.07193869091276
379.58461425050683,117.43011607790442,20.80073965205722,66.92835713566933
380.28853193587753,117.02660908646243,20.72586655784725,66.40240884202187
380.3315349405516,117.17893694890496,20.63986054849911,66.09775311713682
380.38555367838893,114.44454442627747,20.53182307282438,66.29367629894494
380.3012363074008,114.97293614001521,20.700457814800675,66.5558909203899
380.32804540682287,115.23214387888694,20.646839615956544,66.03747544264645
380.9384768272738,115.32290871907574,20.743466259267258,65.85594576226886
381.7171668849357,115.95585795540349,20.502783023125314,65.90674416879514
382.5248870274132,115.07303219396266,20.200319360879327,66.35941906896772
382.64732758014185,114.63497891293478,19.95543825542201,65.9217279751297
382.6509948827578,113.37324403661847,19.94810365019005,65.83906975429483
382.64670134654796,113.35564912595723,19.956690722609828,65.87425957561733
382.6049733100079,113.25150388436421,20.040146795689928,66.08255005880336
382.56915225485676,113.89805275551468,20.111788905992203,66.09636276748384
382.61877002420596,113.90766361920252,20.012553367293805,66.07714104010816
382.6406409398867,113.26610510139835,19.968811535932304,66.05393547158758
383.8983532352506,113.2422152284875,20.06375384316802,66.10171521740929
384.528516336148,113.4284665963605,20.11104678974995,65.72921248166331
385.09376375670206,112.57571139270311,20.28377133459961,64.82828411706265
387.15882511994204,112.85008038956973,20.03457443455217,64.27954612332942
387.2003170389259,113.382750297299,19.951590596584435,64.4954677903753
387.2757765970334,113.26611774171057,19.800671480369342,64.72873290155215
387.3499768057881,113.16052587810043,19.652271062859942,64.93991662877244
388.0408690716132,113.08599345070087,19.554032783209806,65.08898148357156
388.71476290629226,113.27216306256587,19.49007984873063,64.71664225984156
389.41773386701743,112.78252622642587,19.361517013776947,64.41853684562486
390.09940744259137,112.89244223492426,19.26894561736474,64.1987048286281
390.7460474687367,111.73089535622321,19.241613160101487,63.989903395975276
385.1031664265353,112.5075116558912,19.165003860044436,63.69915650602371
372.62839128541356,112.47022580899859,18.97555286239281,63.773728199808914
362.56507443530984,112.60032453263108,19.030361640669767,63.513530752543936
358.156878640271,113.30908768907314,19.083974838462943,63.347829924271906
348.12481832120767,113.3603318536177,19.14049486094772,63.245341595182786
341.8550726403698,112.67291701426896,19.179266003095577,63.37009925192744
332.4974806465846,111.92974169260485,19.106099265553237,63.60389318024815
326.2236857076079,111.76928132727319,19.10859589012814,63.92481391091147
316.15380324272775,110.95268709143227,19.102815071395398,64.29890577331248
311.08109259802336,111.45237711529677,19.13398758368685,64.56380682272312
300.3694793271346,111.56171429012724,18.990900430018552,64.34513247306216
289.68521876197633,111.61878923508874,18.890887568305168,64.23098258313918
284.64191833788107,112.32117721296063,18.902438506651322,64.08558786612592
271.4475724255442,111.2644197325098,18.882778947839142,63.6840217428861
262.67292672059443,111.39289719054766,18.911114604390384,63.42706682681038
251.50953937623714,110.62659386260214,18.76689190998042,63.71128473919451
244.58034487735827,111.18203356220445,18.878271796266393,63.85013344103277
230.14414594177657,111.83175198059845,18.91414151799013,63.80445869769865
218.89988428023986,112.5355227673629,18.834573792206697,63.65069996021734
204.45105160953477,112.19603954263926,18.979253877856223,63.079536615935936
196.34985254700385,112.53286197259894,19.000086054950774,62.405891756016544
187.1319523298608,112.30471041360211,18.902110066073227,62.862194874010214
182.7152972553495,112.07933789885524,19.053816171320985,63.31293990350393
171.51829777157516,110.45092658866673,18.95821980512877,64.0709185979098
167.00332769786652,110.50212021433366,19.179569274714716,63.96853134657593
156.86009121271684,111.12194784733387,19.289525476325544,63.989908378618566
149.3171076634953,111.24380003773203,19.215001138319312,63.746203997822256
139.96138711955314,111.28758930831314,19.048295953516185,63.658625456660026
129.43821187840723,111.26733370962816,18.77305466969429,63.69913665402999
116.21697458185925,110.76304403641318,18.972439106102904,63.4580450406177
111.70375103434178,110.6581690806669,19.249127989610127,63.667794952110256
111.26627337706383,109.57918553162801,20.124083304166017,63.30963037927977
88.4841690171351,110.19987349544581,19.99880972082093,63.337406737844276
83.41769553515516,110.75230340488353,19.99384653237491,63.49978568801956
78.72394294779093,110.94695714526074,20.495194360496694,63.110478207265146
67.81117925202963,110.77447137055293,20.677213453633172,63.455449756680764
62.70296713698659,110.7588221430421,20.642505224033552,63.486748211702434
51.94776731161055,110.94961486472513,20.372516859550256,63.10516276833635
45.69953575142335,111.29548220204498,20.160793510772976,62.41342809369668
40.76234006263108,111.40222339016242,19.97837347528131,62.1999457174618
40.22499211559547,110.89080740035688,19.802353326221485,61.972061653941836
40.25817175808482,110.92157826562493,19.73599404124279,61.91051992340573
40.29468039694847,111.50192633873104,19.66297676351549,61.99197122043459
40.40688302653041,111.57284534545194,19.43857150435162,61.850133206992815
41.145216186413464,111.67834159838694,19.197716177717872,61.6391407011228
41.15118524237446,112.1218584077339,19.18577806579589,60.75210708242891
41.12714583959934,112.3241888784212,19.233856871346124,60.34744614105429
41.77170036568634,111.10666114861203,19.15546340244115,60.3610704341346
41.72547656160102,110.56986422608949,19.247911010611784,60.22519868293466
41.67063001294041,110.6735223264989,19.357604107933017,60.01788248211585
41.59689846684934,110.65309299497427,19.505067200115146,60.05874114516511
41.530444286246144,110.46683821346588,19.637975561321536,60.43125070818188
42.11969741744312,110.50173766556065,19.678804117583383,60.36145180399234
42.04882802513791,110.47115142293953,19.820542902193807,60.422624289234584
42.59740029066015,110.67591647756569,19.94596032417175,60.01309417998227
42.58195268615324,110.8169567258096,19.976855533185574,59.73101368349445
42.563005721187125,110.34949893552871,20.014749463117795,59.450343808961904
42.56405976411621,110.55678026956474,20.012641377259634,59.03578114088987
43.14517017956389,110.55554443536033,20.056760027133222,59.0382528092987
43.167572289056814,109.30362455275926,20.011955808147373,59.12773252179595
43.12918822427297,109.18180569219929,20.088723937715056,59.37137024291591
43.69297269241843,109.08128968222181,20.17366394505068,59.57240226287088
43.75129198692332,108.84877512248575,20.05702535604089,60.037431382342994
44.35141631733693,109.6117531571422,20.078189975827918,59.73288859364432
44.42286266882209,109.70856685395486,19.935297272857596,59.539261200018984
44.48999654269287,109.74935802111725,19.80102952511604,59.45767886569421
44.51788019461641,109.25802800894341,19.74526222126896,59.231860317958336
44.52841237030211,109.45920942400423,19.72419786989756,58.829497487836704
45.078929749980944,108.94616680448064,19.82129513670061,58.6574507007232
45.04121294505947,108.75441754434895,19.89672874654356,59.04094922098656
45.576736628359896,108.07974979134015,20.029977480406597,59.18598862654025
45.50859820613447,108.05575034283869,20.166254324857448,59.23398752354316
45.469745434052065,108.3404927362117,20.243959869022262,58.66450273679713
46.06419256589897,108.94953749337283,20.26033139303227,58.65167901017869
46.64934014695507,108.2065303161318,20.29541729769068,58.93231229789015
48.45737072079536,108.17151728388534,20.30942178696694,59.00233836238309
48.44702527395357,108.17136666104656,20.330112680650515,59.00263960806065
48.41872240101499,108.05990496174668,20.386718426527676,59.225563006660394
48.4775756002265,106.87666374318431,20.269012028104648,59.160312479739915
49.06106390398154,106.74465241579277,20.31482651675799,59.42433513452298
49.59172281598476,106.67988044633171,20.470898295260728,59.5538790734451
50.23002722439966,106.76271292232721,20.416370729102738,59.388214121454105
50.902334546435995,107.36707392634435,20.290481847477224,59.398217875866976
50.91598984318566,107.4518203525158,20.263171253977887,59.22872502352408
50.88488541166522,107.44675481100518,20.325380117018774,59.23885610654533
50.882472708248194,106.99586715960723,20.330205523852825,58.92569317873216
50.968444850566705,106.32072429110815,20.158261239215808,59.06541773083576
51.587233899449984,106.18283421995332,20.13010218666429,59.3411978731454
51.62010376963566,106.13098447986472,20.06436244629294,59.444897353322595
52.170417211758526,105.5867566845358,20.176846790306048,59.320241715721565
53.36342798602514,106.26032228462638,20.217603689006065,59.18649973915702
55.11753186915035,106.3049448898751,20.346076780707662,59.09725452865958
55.12842715419992,105.71475408202599,20.324286210608516,59.0643395414549
55.860992466579255,105.68295712367662,20.071585880542425,59.12793345815365
56.43238406485574,105.113832393735,20.137530968780077,59.057454633246245
56.57977392118974,105.08462908790469,19.842751256112074,59.11586124490687
56.585211462245866,104.41639025102118,19.831876173999834,59.24796264289378
56.66833307835485,103.91436581242746,19.665632941781872,59.045953492427756
56.655986583030675,104.69871862559236,19.69032593243021,58.677389572171094
57.33953077404971,104.72493305847493,19.518584829745937,58.624960706405936
57.390645019486186,104.17837406877177,19.41635633887298,58.526618949331805
57.39387395590205,104.19432682194528,19.409898466041255,58.494713442984775
57.368662611561895,104.24347974127694,19.460321154721566,58.396407604321475
57.39309210982638,103.63852936749514,19.41146215819261,58.419167305458956
57.38383683742604,103.09851376271666,19.429972702993282,58.31262780197824
58.00674455562398,103.25139905207165,19.369550701698017,58.00685722326828
58.69670273399502,103.17845364272931,19.169570581839128,58.15274804195295
59.30908114263427,102.6744042221809,19.123164251768003,57.98249639584243
59.8977373206841,103.32351019750926,19.12093060142292,57.859363150940254
60.568766160257255,101.93810581094624,18.952159301130084,58.283599166359345
60.552843161041885,101.80831205920134,18.98400529956082,58.543186669849135
61.17819111439373,102.29721649373512,18.91380617062436,58.745874578548786
61.26621252515541,101.80045449477979,18.73776334910098,58.55731209976743
61.233737594519006,101.96971597625378,18.802713210373792,58.21878913681946
61.197112604632856,102.17071801912053,18.875963190146095,57.81678505108597
61.20750608201532,102.14836024049309,18.85517623538117,57.86150060834083
61.20731256519035,101.96076987483636,18.8555632690311,58.23668133965431
61.74564356644109,100.78286993208258,18.952683946298244,58.24491586562464
61.755197456313184,101.4480997123916,18.93357616655405,58.09013936241527
61.79157791967715,100.8525949297429,18.860815239826106,58.10801637932663
62.37983981697725,100.36673050177234,18.856342362250324,57.90769431824333
62.38086920152745,101.03121248221623,18.854283593149926,57.747852305380505
62.395990201725525,100.51538102967456,18.824041592753794,57.612702991680294
63.06993189963927,99.80482290413411,18.64049440459369,57.86948303509378
63.12466565725194,100.08342717731318,18.531026889368352,58.47688888040214
63.1041788381391,100.27628826673748,18.572000527594025,58.09116670155355
63.087539568317446,98.7342248822458,18.605279067237333,57.67578460718141
62.580620386091326,98.77317677947369,18.457901693196728,57.59788081272565
62.57616265976533,98.0230447295767,18.466817145848726,57.940745208730796
62.44489987305185,98.68202044799673,18.72934271927568,57.78522550140052
62.435805790908304,98.16866235501361,18.747530883562767,57.64689185962201
62.444393732729914,98.76375693284191,18.730354999919555,57.620120733036245
62.53175675641873,98.4085558207394,18.555628952541923,57.1678007035475
62.579644978735566,98.28168247698855,18.459852507908252,57.42154739104918
62.57810186267335,97.71242316355122,18.462938740032683,57.40513460902464
62.64069362446579,97.62925205042193,18.337755216447807,57.571476835283256
62.63819111990078,97.55345543511996,18.34276022557782,57.723070065887185
62.67490799275471,97.55352506332378,18.269326479869953,57.72293080947955
62.70243833327504,97.68496500748182,18.21426579882931,57.460050921163464
62.71291215594683,98.02089863172688,18.193318153485723,57.93914224510624
62.777415495611166,98.13755917105246,18.06431147415706,57.70582116645508
62.77740041447236,97.15303026158223,18.064341636434662,57.37151725018464
62.817971125388176,97.01982525051852,17.983200214603027,57.637927272312055
62.81638938565282,96.4864297117933,17.98636369407374,57.555497124438645
62.78784834611032,95.81421755759234,18.043445773158737,57.75181069647461
62.82572615266803,95.83951569305229,17.96769016004332,57.7012144255547
62.73984305793756,95.85649940390496,18.139456349504258,57.66724700384934
62.672250778652206,95.97382809217602,18.27464090807497,57.43258962730724
62.750390640344555,95.93298674813057,18.11836118469027,57.51427231539813
62.75068607137707,96.01129669915572,18.117770322625248,57.35765241334784
62.81778317074776,95.99511708011498,17.983576123883857,57.39001165142931
63.43510822118619,95.52505987358182,17.894638438666004,57.18441364883661
63.461670974571625,95.03922854330162,17.84151293189514,57.01492060884546
63.53306361838327,95.19041896631518,17.69872764427186,56.712539762818366
63.475844109062145,95.22424325480347,17.813166662914103,56.64489118584176
63.34283382896319,95.37767705222033,18.079187223112015,56.33802359100803
63.293645803603084,95.51777540795396,18.177563273832227,56.05782687954077
63.3122590011678,96.20654489165395,18.14033687870279,55.81065925200669
61.09568328460887,93.95589525526609,18.06878641903697,55.80725663199874
61.13419088057084,94.39778234291128,17.991771227113013,56.048295646907675
61.14278995685557,94.07663904707184,17.97457307454356,56.690582238586565
61.167073279389605,94.52341920115904,17.926006429475496,56.93264534610155
61.12962332254972,94.71305110460989,18.00090634315527,56.553381539199876
61.16039742073088,94.19429927486038,17.939358146792944,56.45672420392859
61.240160404319475,94.1289238556522,17.77983217961575,56.58747504234495
61.255369641057996,94.08263052360813,17.74941370613871,56.680061706433094
61.311001465212,93.4684024050815,17.638150057830707,56.77719444563871
61.279222504256666,93.61715394067456,17.701707979741364,56.479691374452614
61.31350752750862,93.61565341100102,17.633137933237464,56.48269243379969
61.315121965466716,94.29012662955296,17.629909057321267,56.26012490883973
61.28863060739671,94.45789844529118,17.682891773461275,55.92458127736328
61.32667503639111,94.50545415835336,17.606802915472485,55.8294698512389
60.7820215068949,93.73005519978675,17.57948202377112,56.26363981767835
60.73584799102709,92.80388325697481,17.671829055506738,56.99370129918556
60.685248410563354,92.5353157798683,17.77302821643421,57.530836253398576
60.676485379488234,91.72760428747193,17.790554278584455,58.00243805064741
60.697716380649624,91.81202167047371,17.748092276261673,57.83360328464387
60.66280290418842,92.3847198352038,17.81791922918409,57.8358571792528
60.653846126560055,91.9367514313943,17.835832784440818,57.58282047475636
60.6367532842315,91.93045697655144,17.87001846909792,57.59540938444207
60.68721902151792,91.87170753745337,17.769086994525075,57.712908262638194
61.246782594818924,91.11884646042421,17.796288299003947,58.07230196561564
61.293345660437026,90.51661188140802,17.703162167767736,58.12484770436324
61.293767128468666,91.1745031068786,17.702319231704465,57.96000924009279
60.66347948886195,91.47455123743177,17.814300679060317,57.35991297898646
60.66722519266125,91.36812474684919,17.806809271461724,57.572765960151585
60.60480403054329,90.63287352630414,17.931651595697645,57.89822865925555
60.60053418311019,90.47548872919651,17.940191290563842,58.212998253470786
60.56335598757629,89.8523457135507,18.01454768163166,58.302705972920926
60.546230720706376,89.81459929377982,18.048798215371484,58.37819881246271
60.557093161231634,88.95838563979099,18.027073334320953,58.929699146780784
60.559063719824536,87.82309216439063,18.023132217135156,58.86360750560435
60.548029785467996,87.3742104420346,18.04520008584824,59.761370950316426
60.62092161004273,87.41448512981536,17.899416436698772,59.6808215747549
61.263553521152616,87.00530525522882,17.79076053306604,59.32257340534095
61.26329480825531,87.68883455722559,17.791277958860668,59.12503739583187
61.30007282782091,87.34873680071013,17.71772191972946,58.63849616226594
61.29792806228633,87.24721820342373,17.722011450798615,58.84153335683873
61.30299807447378,85.81588299563315,17.711871426423727,59.381324259052995
61.366451161661146,85.64446872644761,17.584965252048985,59.72415279742406
61.32582522779611,85.59425245629117,17.666217119779066,59.82458533773695
61.38839576602339,86.2995806518309,17.5410760433245,59.58823933526291
61.32067321629196,85.77347805231697,17.67652114278736,59.47180261855138
61.34839038802283,85.66793465729354,17.621086799325624,59.68288940859825
61.35940085670663,85.30208590895248,17.599065861958024,60.41458690528036
61.38161631080731,85.65473034995588,17.554634953756665,60.89069828046063
61.16391479909726,85.96632035863252,17.99003797717675,60.26751826310738
61.168796707441786,85.29901750563779,17.980274160487717,60.41553317530353
60.163768324421795,85.1804533773535,17.61332432414091,60.65266143187212
60.18237097548324,84.47626353817256,17.57611902201802,60.8760115875091
60.07632215630447,86.80053833689118,17.788216660375554,60.977426104135475
60.07047730662272,86.29859079447067,17.799906359739058,60.78844553384572
59.50474671107389,86.84063993658904,17.740944961827843,60.89476983861784
58.3284710022117,85.84086248486899,17.71184154804788,61.70349732630578
58.33282290307086,84.60052555962753,17.703137746329556,61.7807554158387
57.67162613358562,86.53585482930455,17.822895024141552,61.51800565996011
57.01495514338195,85.07642641705813,17.93507786776918,60.83338507411381
57.008277268879255,83.99219211551376,17.94843361677457,60.61470878751857
57.085312446193015,83.08523105891653,17.794363262147044,61.23790219408019
57.143490881671084,84.54030466025678,17.67800639119091,60.72109597438933
57.128415002407344,85.0350766162826,17.708158149718386,60.918753361422574
57.651890617792304,83.9929191306002,17.851762508777348,60.621957153129614
57.61715804326975,84.16237190199539,17.921227657822456,60.28305161033925
57.60377943620512,84.85836796519564,17.947984871951704,60.07659219979895
57.59474463253039,85.46212973510183,17.966054479301157,60.052177689033385
57.596244472044944,84.11762867512485,17.96305480027206,60.374981796588486
57.518533313506836,84.10441462673505,18.11847711734827,60.40140989336809
57.55557699100235,84.07358163101196,18.044389762357255,60.463075884814245
57.57090566342747,83.74088606039655,18.013732417507015,59.93810063522294
56.95568942054486,84.01473195472839,18.06179549222326,59.39040884655924
57.059311048058746,84.16592752592041,17.854552237195485,59.08801770417521
57.094185242476144,84.41306888625765,17.784803848360703,59.76112089095514
57.16261128937201,83.35415950549466,17.647951754568968,59.52770683521531
57.18061186892669,83.05557708908141,17.6119505954596,60.124871668041834
57.035613669388816,82.15724513178738,17.901946994535354,60.74398960660139
56.926235707882405,82.8674444296222,18.12070291754817,60.51528350121647
56.30664689132726,82.31861047690364,18.16735903353166,60.420429889526744
56.22710955287661,83.51656999600269,18.326433710432948,60.40860056353398
55.05909669045725,82.83924854753704,18.272807154333513,60.5684173199962
54.995180478221855,81.97312782881471,18.400639578804324,59.90846921858789
54.36677081975401,83.03059376032144,18.4683426146358,60.17176991778285
54.24758591799004,82.8177549704021,18.706712418163747,60.597447497621516
54.184774967919736,82.08633307238634,18.832334318304344,60.85575305899586
53.50013264829294,82.33306405691587,18.991098256851227,60.362291089936775
52.06677437026507,80.99830919001452,19.444906689096126,60.61889269992863
51.447943873185956,81.70719527643894,19.46411492800644,60.41957328232775
50.797393222039524,79.17428803492362,19.549241153601887,59.40551238187128
49.58945694985448,80.1060592862513,19.558863437351043,58.7450950095264
49.14315106571015,81.05937688246465,19.257568784708226,58.0323662380312
48.125079752967935,81.42134132940278,18.937211669050438,57.308437344154925
46.60528232068483,81.72188032571985,18.490553670482196,56.70735935152078
46.17382761431854,81.62418925129573,18.208115014087237,55.75739343124147
45.04381932469319,81.55677267869038,18.214806884777083,54.765564222171754
44.06869749796962,82.5605709166243,17.93969262430384,53.87064670326411
44.1369397630983,82.83619658954903,17.80320809404649,53.31939535741464
43.76182666647391,83.52245165947394,17.468867594566888,53.03145191029317
43.86916629125833,83.55546137704484,17.25418834499804,52.9654324751514
43.85769599161538,82.58694867373774,17.277128944283948,52.76351298212584
43.83491621944143,82.85299804385052,17.322688488631844,52.231414241900275
43.84460935435352,81.50739585978762,17.30330221880765,51.74174757263575
43.43615942528299,82.36664358696954,17.067234793167113,51.0762194020535
43.528147783345965,82.961805898868,16.883258077041162,50.92507128028811
43.616847228777004,82.46923687155594,16.70585918617908,50.87655069322452
43.19207107530225,83.6686651158297,16.525693354089913,50.537130482754364
42.86426207634672,84.17789531674975,16.159723078379145,50.54025835453605
42.511929018968296,84.39801560586665,15.849479910954102,50.10001777630228
42.50808021687054,83.5827996932662,15.857177515149612,49.72455305253722
42.61643893861167,83.58375527242279,15.640460071667349,49.72264189422403
42.18009376696288,83.70826172894124,15.5194089082363,49.473628981187154
42.22093876522615,82.26217121316392,15.437718911709748,49.40187926860354
42.21488070370931,82.8229842185959,15.449835034743423,49.26570543242454
41.70511269673676,83.85927085161089,15.485626561530772,49.16062114071007
41.656094252728764,83.91536970626423,15.58366344954678,49.04842343140339
41.64330338468329,83.85166453377317,15.609245185637723,49.17583377638551
41.61596771620158,82.2471177803933,15.663916522601136,49.4287047554412
41.50423859330492,82.36800682270173,15.887374768394471,49.186926670824334
41.5089547884689,82.14581626087613,15.877942378066507,49.63130779447554
41.51061670433083,81.57509085052556,15.874618546342651,49.77593938976365
41.46204745350293,81.79390779396239,15.971757047998441,49.33830550288997
41.46034568359145,82.30625021907292,15.97516058782141,49.3080028680128
41.470224849665016,82.38116273753545,15.95540225567427,49.15817783108777
41.42866835212849,82.34537608608628,16.038515250747324,49.22975113398611
41.418217480236436,80.79829860783597,16.059416994531432,49.34171002896085
41.375672787905856,81.25976057721603,16.1445063791926,49.414826320065515
