288.0,224.0,52.0,37.0
282.6663561208775,219.0788833997847,51.49457270508438,37.06610752891497
275.96034846668374,213.92019090150978,51.00637506771638,36.26332216886041
271.79516887825366,211.39042559473435,49.75083397172052,35.84519548363647
265.5409016390734,206.5657737372412,48.82422210287861,34.7463821208608
261.03886404172283,202.07810378912734,48.6485257095755,34.54195042908428
255.66811919919866,197.17079293002425,47.64169445557785,33.91362020147176
251.82999620950855,195.098692637355,46.359489448019005,32.93870593713079
245.8315343043277,190.01578756223142,44.66899008593977,31.905715309926308
242.57263710099397,187.7470107209616,43.97654921654166,31.636445475088934
235.9557442197895,182.74362455120732,42.96891737343867,30.962154610463493
232.5501596822923,179.13715139688645,42.81754241759677,31.2125568882689
227.76612508631555,175.46887602509335,43.08767790881776,30.41341564371414
223.9594326395979,172.7233225247203,42.628751434066544,30.138585952898435
219.19660476255308,168.30935725421676,41.87897857280828,29.832802169151734
217.28377464815267,166.4603713306715,41.203322717895965,29.02945793252915
209.28878765875834,161.97691161777576,40.66530163402321,28.0795803207238
205.55768873130353,158.47185310414238,40.58114078992075,27.543338648978448
205.75155935971833,157.8000021990392,39.125496194537845,26.751233782078142
200.5359336039603,154.12300974029955,38.19547318880619,25.842473596104604
196.3723410614304,150.02911232321443,37.488729381533375,24.99633953794215
193.1323452706979,148.5795407267282,37.11510464331979,24.958218593909514
190.68309128982216,146.27429456616431,37.14943978262448,24.704538092590482
186.0969394889865,142.3220362834609,36.630373985696274,24.855959139117697
185.0729365623501,141.64569925324278,35.78685987017556,24.2809532203583
181.22917613306376,138.4063890672039,34.99996856015979,23.226762775913024
178.27786122477525,135.88847727870865,34.51678991097846,22.789036239396303
174.2481632389278,132.61858718923875,33.59901688971846,23.044798123267647
171.85713419404652,132.31965710825244,33.05218078501852,22.754509252829834
168.96820884868904,129.10106462754834,32.704352252947224,22.190917959625224
166.12840809431037,126.05824506824618,32.360315797420796,22.25291911394579
162.80566080289213,124.22037147701018,32.15492441956555,21.646862570985466
160.60936877011264,121.72312386090499,31.48817333120373,21.582022649275032
157.64974604129554,118.81069636734408,30.75059313900087,21.58215519278942
155.6287508437234,118.24079465730823,29.866765086436526,21.080019130291607
152.64592505521503,116.03691211505641,29.437833928080813,19.892524321344332
150.4354424180683,114.68787821763638,28.446317513043176,19.49774543656661
148.3136532803113,112.76055068431486,28.179518208724584,19.593752520015798
145.76936789756004,110.2974567346648,28.023049426901423,19.27490087199021
143.59227058236007,108.72219128052973,27.92729816810897,19.458801187465415
140.59147989330114,106.52376931367886,29.469363791623564,19.396129366563894
140.42250989308553,105.88885838556283,29.041867014044055,19.13507766677447
137.62692244545585,103.19736516913163,28.5956721758183,18.48069436615173
136.08189968341995,102.12857089448858,27.263300904538994,17.67000505187043
134.12405055942918,100.06254344480686,26.254025096133226,17.58065361718759
132.05234688432589,99.9850609100508,25.588969178762802,17.04869536276014
131.8746029333732,97.25298005916582,25.27637361880137,17.168189369595673
127.44837641258135,94.97220642710235,24.813754452974834,17.072200530017476
127.72992084650978,94.66929364609831,24.25066558511795,17.0212273863433
125.7508399626881,92.90267899951763,23.676653195276728,16.669735973089296
123.49241741619215,91.67957610481099,23.129688423301893,16.58403683001923
121.43850069503941,89.41996283788119,22.874522402619633,16.740263900891016
120.81898174250938,88.67785412504665,22.86959579257865,16.358534553908584
118.37599341515379,86.54842362295892,22.83049412333164,16.307952024620633
117.56564616389625,86.14483991896647,22.608558660631665,15.886699455795497
115.22842831076991,83.9824676827097,22.45171750888469,15.984076677559354
115.31476430487203,82.85874200069335,22.27904552068045,15.818960306533523
113.09135686295139,81.43859252077308,21.943393203950297,15.67021726601688
111.58424635991184,81.44560642325419,21.4159509585839,15.065912252480445
110.54499849083149,79.07999172719938,21.205096176393653,15.218440603888158
108.77263604301015,78.39092962729052,21.31986855008786,14.881588542731626
106.81846932510257,76.25780986268964,21.25329935070298,15.172925436733365
106.85995172577144,76.07649100683881,21.170334549365236,14.963923245877343
104.19802219487337,73.85400187782184,20.824782630149016,14.873372719101372
102.30189020164212,73.76857126743465,20.69551260689098,14.484014795629962
102.25460487977071,72.00790644202539,20.790083250633828,14.694273543493368
100.04915754401398,71.6583367236359,20.747029500391513,14.279925874833413
100.11234548681462,70.98482017337322,20.620653614790236,13.97920866472619
98.66871246093518,68.98807959139879,20.253733170368687,14.17613891646458
96.7766881091928,68.33848003794385,19.717088072057628,13.855077847701033
94.94557385650907,67.62057854842607,19.69257906085508,13.710850462492306
94.37000799886346,66.68375348517829,19.271934589810208,13.488799007206385
92.98462908682552,65.39357189527645,19.473174732630532,13.4996445057545
91.49554782666179,63.9177155537025,19.348603451453233,13.34862338739767
89.75953844793847,61.87098924079304,19.231406873919163,13.340115630381458
89.46960389205415,61.661842186875404,19.300440513216152,13.247574265745097
87.63534553540272,61.3237201157947,19.39653148609181,12.903125339213036
86.4088008653409,59.91435929905642,19.31922191359584,12.685368277546003
84.60118986771003,58.35729889743097,18.92408239728593,12.791717947118189
83.34822082966122,57.06601074226417,18.94441117817865,13.38580682128787
82.43218772280915,56.38954654142831,18.24021490308612,13.216977729681584
80.88908595832488,56.61884365988171,18.36357445113543,12.758383492774778
79.00864002381098,55.730354377194224,18.219520006330875,12.094770612004526
78.8831776447564,54.598333461170604,17.995496541762463,11.984071330663905
78.39416977229727,54.502212174779345,17.564291205008878,11.706573542889167
76.46516370654813,52.884225320636865,17.75314245280015,11.732031477930466
76.59609100645199,52.02531154019617,17.49128785299242,11.602232184768061
74.7458253312098,51.4404201028926,17.545314630965766,11.860388916247441
73.18732909941637,51.24741453842685,17.435913427642266,11.785486664191748
73.646445861715,48.97226866762201,17.891750974202818,11.755541501942188
71.70363685832686,48.92264304902237,18.06233138718531,11.390413039917252
69.83567670259907,47.27032970794306,18.111547923379906,11.008335946814892
69.84849356380172,47.41089525262696,18.085914200974614,10.727204857447107
68.26931957654719,45.8490191817188,17.64398100003165,10.700710970742918
66.95874819820884,45.329105726786906,17.164036991071264,10.854513090424694
65.95598176195652,44.666805837637654,16.538983002383436,10.86381943812696
66.15410512836812,43.66243690545189,16.142736269560253,10.726455762242631
63.91456995298478,41.92972625174025,15.570020690319183,10.8240197829941
63.79469694767212,42.35283872568651,15.809766700944499,10.805736559136538
62.90889096145973,41.0366566753395,15.494950313833504,10.934386628387607
61.17925955563028,40.13998506238671,16.051607057397256,10.654439805653825
61.38167028941587,41.1767521696287,16.06520061744548,10.67298072926689
60.083511255431965,38.78240559305769,15.72902525551019,10.853469921132625
59.74366281787562,38.811125387022315,15.575006237942976,10.796030333203369
58.225110784962254,38.46918265896647,15.303441664607563,10.652748629524536
58.234493415727705,37.615981699008906,15.284676403076656,10.323574200656548
56.77966320655986,36.59525950922365,14.983271903567474,10.35810300657402
56.668508664170595,35.948051327918584,14.808169425508265,10.460284680670977
54.83492310644912,35.14726393953428,14.90726373941347,10.07959456769639
54.27661578527762,34.92360941352531,14.848918140642862,9.743596792305254
