263.0,175.0,19.0,62.0
260.17294989210734,173.03370366103897,18.50492745640941,63.47292357417168
260.33057546859266,173.29002514734526,18.189676303438798,62.96028060155909
260.38813275150034,173.21484224847435,18.074561737623405,63.11064639930088
258.72099957986035,173.5670310826065,17.723796042805766,62.40626873103659
256.976859839286,174.05730728057293,17.576521523946905,62.63756766843959
255.09578545697687,173.6967192521703,17.701588151167645,64.57110443771067
254.4981505259397,174.3265985974769,17.65489751348117,64.5533062468584
252.11493360068542,173.82357991407218,17.457998085327553,64.31851029400227
250.2265176179,173.96172070944144,17.53334632366496,64.04222870326372
249.48096308191913,175.1892268811686,17.79310379144419,62.81856796399189
248.93136785667446,174.55468584911404,17.673329614054776,62.86868540022228
248.37389667471666,175.13006668896057,17.57084003896582,62.935355659533734
247.55884492895692,175.27442718277877,17.984489620266988,62.64663467189736
246.86650578700525,175.67106424658635,18.149056054521587,61.85336054428214
245.03792282676977,174.73463360311507,18.17030771422079,62.514250410967485
242.52864770293445,174.95384543645426,18.302032270682272,63.297533167091366
242.30753015526335,173.41950255511404,18.744267366024467,63.89576678730151
241.43370793284677,173.43483576502172,19.239996715689653,63.86510036748617
241.31051764386902,174.127450495573,19.486377293645152,63.740560306016334
240.72469772415403,174.69239845136838,19.394526846681217,62.610664394425555
240.7656141120696,174.97252090463093,19.312694070850032,62.05041948790043
240.80634477790173,176.35981385802603,19.231232739185817,60.51216217405688
241.5099327470489,175.95077120067631,19.037062177796876,60.11724211185087
240.9756228528967,175.75491815532087,18.901857631269316,60.508948202561776
241.0640054175412,175.69250010187852,18.725092501980285,60.633784309446455
241.0851193122686,175.66371569459199,18.68286471252551,60.69135312401953
241.01122756860764,175.4002969510802,18.83064819984741,61.218190611043084
241.07864153947037,175.81151230286605,18.695820258121984,61.61138560580201
240.52300484961322,175.18927807853035,18.588394303381037,61.63715472001818
240.5405017200913,175.11052830368297,18.55340056242489,61.794654269712964
239.36550108808765,175.7396283779777,18.466095234430995,60.536454121123505
239.36802399368673,175.61787779610376,18.461049423232843,60.779955284871384
238.68618778078803,175.67998186874564,18.622143927091614,60.655747139587646
239.3373467221468,175.87288287411252,18.5236266332189,60.26994512885385
239.3418604289158,176.84394188894692,18.514599219680893,59.52433950214871
238.63714123214896,176.04471653198155,18.738259335476364,58.75123366060307
238.14732880009072,175.89808396234636,18.538950548012885,59.04449879987345
238.1804201556775,174.8675608957713,18.472767836839353,59.926121795722125
238.11023699340967,174.73792545098388,18.61313416137498,60.185392685296975
238.11570909236858,175.18173383476673,18.602189963457217,59.29777591773127
237.587710752758,174.9994501142403,18.47400462040468,59.66234335878413
236.96795887539542,174.95187317549505,18.52652364666112,59.75749723627461
236.2908184525553,175.70612256623247,18.69150072244887,59.43830222469227
235.731969773614,175.7077475049383,18.621375659621336,59.43505234728056
235.74699287898292,175.73489165267858,18.59132944888346,59.380764051800035
235.90897080976066,177.0465136057922,18.267373587327977,57.94267883588748
235.48093017682558,176.87175212178298,17.964669405633785,57.13341635634157
235.64269879409068,177.3980943675473,17.6411321711036,57.22245598106841
235.65562535157338,176.65098715424548,17.6152790561382,57.579657458921034
235.65938072617354,176.24113741968114,17.607768306937864,57.25776143342303
235.6206767853231,175.57784483097373,17.68517618863874,58.58434661083781
235.12201190147454,176.0598490722689,17.525389448856995,57.6203381282475
234.3337975254999,175.92142400980293,17.961310669201822,57.89718825317945
233.7555689893312,175.901282405873,17.965275056222048,57.93747146103929
233.15851679044144,175.64765660635175,18.006242516898528,58.44472306008177
232.12649859103706,175.4921493843696,17.748112731791913,58.75573750404607
231.07410428362175,175.87770486167403,17.531482794469163,57.98462654943721
231.67742060470414,176.76947555117687,17.470628328316565,57.346863346443676
231.95992773799327,178.02885522460514,16.905614061738305,55.96372473508024
232.1967869403612,178.11142143070506,16.431895657002414,55.79859232288038
231.28960384407793,177.64477782645946,16.057385356698884,55.637441284936585
231.11869306115622,177.7212497441061,16.3992069225423,55.48449744964332
230.98775327994807,177.8994027855288,16.661086484958624,55.12819136679791
229.96537024090296,177.52294712111208,16.52743336578682,55.88110269563134
229.2358296793192,176.9034770129282,16.8891333610055,56.02266178405033
229.22943669650152,176.9957876817511,16.90191932664088,55.83804044640452
228.19169192510108,177.3406091927811,16.769964795288796,55.14839742434451
228.20133822815723,178.02736061202302,16.750672189176505,54.86640754208021
228.24442860895886,178.1684075089815,16.664491427573232,54.58431374816324
228.21752366667357,177.62362804590148,16.71830131214383,54.592301126287964
227.27029212388794,179.14236545302708,16.44740329716122,52.63750686231364
227.27350560275806,180.0079891310816,16.440976339420956,51.95622859871495
227.80141770830664,179.55964311895778,16.425338440797326,52.85292062296259
227.73232023188612,179.406020957616,16.563533393638338,53.16016494564615
228.30798636176826,178.50947399982692,16.471724871762316,52.83421138544782
227.89896707972747,177.04222072460874,16.236556188131576,53.662303440459524
228.55440789455355,177.59708718023722,15.986264312499525,53.61316028322267
228.57435924267014,178.916735631861,15.94636161626638,53.08436614348192
227.98202302745338,179.4989912002459,16.08400505571006,52.96688399770192
228.1221993322898,179.56343896774953,15.803652446037228,52.83798846269468
229.22764804454292,179.10076883061998,15.674544566236545,52.722433964600995
228.70544974919014,177.80790645289036,15.68207826045488,53.23443292708582
229.10558455116023,177.0169869685546,15.926051669075232,54.81627189575741
229.91087613080705,177.23229571223354,16.457748207315923,54.385654408399475
230.12597164182623,177.92599110363702,16.02755718527758,54.07319294551796
231.22822254782605,178.26451378520628,15.94810563619567,53.39614758237948
231.21019769477937,178.2224236646847,15.98415534228907,52.42885492245718
230.85389487335325,176.7260682671933,15.658311626590756,52.30621764178846
230.92126052188763,176.65674744499825,15.523580329522034,52.444859286178584
231.42093146707091,176.62728455716285,15.55437080378575,52.5037850618494
231.95360802935377,177.63026446161814,15.520555548941747,52.560900992382216
232.4621939746737,178.40569994547513,15.535100642174868,52.04174700854128
232.48885972655495,178.17452629180815,15.481769138412401,52.50409431587527
233.0512479545941,177.97353646565668,15.387185341949312,51.87588130856299
233.43192739299877,177.99750224724878,15.645377899173695,51.82794974537882
233.95627055562758,176.79208750940066,15.620356662905468,53.21511413208566
233.79642984970343,177.2958328896738,15.940038074753762,53.250445198046364
234.30016731426474,177.44969620726155,15.981824875652983,52.942718562870844
235.37715257749664,177.1495636331631,15.919218017729923,52.49730187679737
235.38702494980691,177.3189573449397,15.89947327310936,52.15851445324423
236.02829263360377,176.3528805911848,15.649990788081311,52.02456219562275
235.886196576325,177.30600615136984,15.934182902638838,52.171377963680456
236.46433829652258,176.65864695781934,15.811777081320397,52.432218731704765
237.0654202624102,177.6316579182151,15.644916429079814,51.52150009044796
237.64098695858868,178.16336641586787,15.513101086302058,50.458083095142385
237.25837609843654,178.29258296095622,15.276506711222197,50.19965000496572
237.02337790108047,177.97971719839842,15.746503105934334,50.82538153008127
237.45798101334876,177.2286119343238,15.888632459648768,51.31625647997953
237.52214884716707,176.7443872822746,15.76029679201212,51.26378652233714
237.9090036571921,176.82947049861244,16.00439053698082,51.093620089661435
239.0429866978739,178.30180030125163,15.776224251624129,49.16886038238651
239.66420034376674,178.720307305525,15.522178467723101,49.32022788172438
239.23408755648515,178.4168184589314,15.396552035724017,48.94135356834937
239.749359568124,178.09416523988097,15.344169029749239,48.60849898914735
240.3729015013944,177.8474914229873,15.069558283887865,49.10184662293468
241.1768710827787,177.57050497521166,15.410413692272273,49.655819518485956
241.21360879919365,178.37270462528647,15.336938259442382,49.03996866745466
240.81041934146901,178.65272974933575,15.164857040390665,48.47991841935611
241.86394447693627,178.75133848324597,14.992491789749003,48.28270095153567
241.8176489658355,178.15480813634105,15.085082811950548,48.51439746101854
241.8418682203208,177.9748264641139,15.036644302979964,48.87436080547282
242.2918212359481,177.9620505755377,15.107303750576452,47.929347103774084
243.6963035629344,179.1004923261097,15.173753682994654,47.569406660223905
243.06670051529477,180.12490111351633,14.523785296960318,46.475176326067384
243.50872848973611,179.30159700240452,14.566812427418824,47.19470146894982
