99.0,51.0,27.0,20.0
99.23644448922731,50.75930191211898,26.527111021545373,20.481396175762043
99.58440714088468,51.35378252382976,26.569945007747048,20.769953531373286
99.35864914022044,51.76130819265116,27.021461009075512,20.699012266210328
99.6910171006746,51.70930929906227,27.106577861463954,20.803010053388114
100.295115613458,51.846129022248135,26.65122813908131,21.282217910200508
100.7804152088544,51.811216888303754,26.434301615493982,21.352042178089278
101.45052825240764,53.99912160524058,27.34850377681576,20.73361315826274
101.0442057398924,54.036348252589406,28.161148801846217,20.659159863565094
101.34918586466247,54.06468613734228,27.55118855230608,20.602484094059353
101.11891398511833,54.12031126995555,27.255383185344478,20.491233828832797
102.39728196621249,54.698972161722814,27.698753287567918,20.08393856140121
102.211845334846,55.177475090936,27.31953584307314,19.877023410202582
102.38857601361897,55.179300999348705,27.707013502887015,19.873371593377172
102.89234165648406,55.6137197184708,28.192990706646,19.75128839987757
103.1731452589465,56.132823235451305,28.383479927264542,19.46517779145996
103.17663708328931,57.866639493644115,28.37649627857894,19.74875977841745
103.03738746981915,57.87469569858661,28.654995505519246,19.73264736853245
104.7140981026618,57.85762178184477,28.336632604581695,19.766795202016144
104.85240162866421,57.88636835848289,28.060025552576857,19.709302048739897
104.98039061198168,57.94663942437286,27.804047585941937,19.58875991695996
105.37748603450406,58.83927500347336,27.753391582745117,19.290558442454884
105.89644551413721,59.295276442650824,27.453319300699572,19.11640224132073
105.78302287111148,59.4106404428979,27.68016458675104,18.88567424082658
106.01786056057139,59.86417286705615,27.940532616072634,18.708652800751498
106.45538369535686,60.317886311754,27.796513903650187,18.532253468504265
107.63686022663926,60.680604846919735,27.611353748197363,18.532747367210142
107.81723905081914,62.15836549449999,27.250596099837594,18.469842600768608
110.66788630043513,62.00418178947031,26.56605874557894,18.778210010827955
110.5552293358456,62.02994188234155,26.079927562537286,18.726689825085483
110.12767364733409,62.284193084948086,26.231802409603148,18.921423949829553
110.05085670788195,62.53397295087396,26.385436288507435,19.13060497335465
110.59817743913112,62.50977891376637,26.71981110899239,19.17899304756984
110.44972929642239,62.21461034095123,27.737080304146644,19.76933019320011
110.32022580680423,62.50479563162881,27.99608728338297,19.934456815359226
110.59354645737898,62.534548080463836,27.449445982233456,20.627089769939708
110.43940579243807,62.732888895266,27.002524693728148,20.98561075872254
111.3121041218175,62.603820718228555,26.765592286835794,21.243747112797436
112.51125737780438,62.33395682791776,25.876888484865514,21.783474893419026
112.82310624891572,62.453091844268656,25.25319074264283,21.54520486071723
113.03748745877914,62.47513147731695,24.824428322915985,21.501125594620646
115.24317187569991,64.77167920737719,24.787460443880306,21.282431089306016
114.80388205476947,64.65881726010993,24.941055104133667,20.78317000223301
114.85317631094875,64.54113223158305,24.842466591775093,21.018540059286792
114.83912103780486,64.4715496763294,24.87057713806287,21.157705169794056
116.02260445185317,64.44529660119376,25.400670449339373,21.934476354908643
116.02971257506492,65.86091162688098,25.38645420291587,22.08298859914023
116.05527972295067,65.64522932499405,25.335319907144356,21.76725560458808
116.95689019209777,65.23803503835151,24.273339565051863,22.581644177873173
117.17816265139335,65.96318364165091,23.830794646460706,22.606854004509103
119.1960617466409,66.99324440272729,24.182424749321587,22.00920858014169
119.34017157794158,67.1871346401189,23.89420508672024,22.348654104136557
119.226348610013,69.1066233787029,24.849983333157898,22.15033817987112
118.79931823553042,68.78312451645014,25.70404408212306,22.057478669019908
118.71158718324959,69.16390276543386,25.87950618668473,22.04752387830098
119.91627171805777,69.16741019004914,25.73259617453776,22.794662048226904
119.9961407107089,69.02098509174272,25.572858189235525,23.087512244839743
121.69369634075782,69.0007782393624,25.241967423861844,23.89398107328143
121.73266277516868,68.91449559084597,25.16403455504013,24.06654637031428
121.53976118628901,70.73810767661507,26.325074308671233,24.295505078134987
121.68334325069813,71.00366922771768,26.834924459106723,24.561396255183524
121.54875237175077,71.00498387201816,27.104106217001444,24.558766966582567
122.1487409529564,70.65549646988367,26.717470712134038,25.25774177085154
122.20457388662533,70.86115151173651,26.605804844796182,25.66485826433506
122.19266102637562,70.59791006999305,26.629630565295603,26.191341147821973
122.74876133784045,70.78938685910887,26.34924910953407,26.640206736758472
123.0571300941182,70.74359064527785,26.566988071703094,26.731799164420533
125.12320937808066,72.60062831397202,26.63157938820749,26.375123734575645
124.66424842827126,72.87232726611171,26.714752500024346,25.831725830296286
124.94632961711109,73.74139743261944,26.978064506993206,25.748534266577842
124.89823025659621,74.09556610538007,27.07426322802298,25.870480617570557
124.76538105627188,73.78834850920651,27.339961628671627,25.651194195791568
126.56407004152715,75.72820079226588,27.080185422692466,26.77789227646987
126.23586459796947,75.08606965012017,26.88844094585657,27.213999196809997
126.86501759971252,75.03972518262864,27.33414109240694,27.306688131793052
126.68906283293487,75.48838585664016,27.686050625962263,27.269852256211973
126.48274317713462,75.36846079381853,28.09868993756273,27.50970238185524
128.83769438076305,75.73661724763261,28.643050130273004,27.64909990755494
128.39600486168848,75.79545300697288,29.52642916842216,27.531428388874428
128.6187604027137,77.33653368811,29.08091808637175,28.04291349019817
128.8299427091178,77.79637395909911,28.658553473563522,28.022783716933258
130.80202564713323,77.8019735677111,29.177414825059632,28.90418994521466
131.11229885312932,78.33522213020116,29.471536824225304,28.75236123139241
130.86472508254246,77.85342978401535,29.96668436539906,28.79905163010778
131.59517890161203,79.1564530256679,30.356574709040842,28.969202119474105
131.16434863819785,79.22523717821325,31.21823523586923,28.831633814383423
131.91263920778383,79.09250435077777,30.667134590332907,30.042579962890052
132.28659746027392,79.31046268302721,30.87526393425465,30.562709147293084
131.98918629273498,79.33723999418969,31.470086269332523,30.509154524968118
133.57482392085927,82.79192183330603,31.226876137639383,30.431942804031543
133.62281785679062,82.44559298246492,31.13088826577672,30.153615657706993
135.78410807083964,82.69072696623259,31.633705938803104,29.663347690171662
135.31559749066358,83.35389337952674,31.605543853254403,29.302198109484166
136.38516312850138,83.54167684992096,30.425418133439166,29.8856367245561
136.74876444078515,84.19187378369642,29.698215508871602,30.484784620071437
136.90925546836232,84.75465432561577,29.377233453717288,30.30696708103624
139.46519675817322,86.32927446263818,29.90463183180598,29.97736728584669
139.03477475281127,86.50089903671112,30.765475842529874,29.634118137700835
140.54411066349002,87.60579329202152,30.600202995625892,29.326595610049054
140.46814398619563,87.7575573587372,30.752136350214705,29.023067476617694
140.4774083519256,87.82082903821812,30.73360761875478,28.896524117655837
141.53480287784527,87.92090988573831,30.496710116971464,29.63530819764349
141.61711362249036,88.04859670375217,30.332088627681305,29.379934561615777
144.06678338093317,90.5017132273658,30.13433378053275,29.175286184125635
144.0550908631433,90.35442026605982,30.157718816112506,28.535892871529615
144.00703311477278,90.52900752700947,30.25383431285355,28.186718349630333
144.53043179128275,90.75799917250077,31.047396405054513,27.728735058647707
144.0145588591363,90.85580446828351,32.079142269347436,27.53312446708223
146.38586326160203,94.09436992517851,32.96509247444658,27.62264573166131
146.17257085718143,93.97344911934925,33.391677283287805,27.86448734331983
145.8458662440722,93.85449521382687,34.04508650950623,28.10239515436461
146.7224175378142,94.00953010388781,33.26956516962905,27.792325374242726
147.1064585673142,94.64247703813633,33.46212005882175,27.487068453938356
150.38891017951278,94.71732089907998,33.60794874712996,28.29605671958037
149.56330578445426,94.93189780829434,34.285188977979914,28.840871460418818
149.1205432856071,96.0299738301229,35.17071397567418,27.637905871393183
149.4754874302371,96.75187222853512,35.44815780262255,27.181441190777115
149.39712760995434,96.71452390860898,35.604877443188094,27.256137830629413
152.7512431874066,97.69772574056628,34.82315902797059,27.265238413277118
152.53370723491653,98.01357537862579,34.282273625058515,27.609496445050297
152.6905983366641,98.45614348639133,34.94174776160211,28.670872909596646
152.33852242739977,98.31827248686274,35.645899580130795,28.94661490865383
152.16934461779357,98.10335404260174,35.98425519934318,29.37645179717584
153.32130904169313,98.53491194762204,35.73629956553907,29.54132259413274
153.3324276758159,99.13817215323444,35.71406229729353,29.361638266087887
157.10946575844966,101.72221036339606,35.32513565875723,29.311525793429773
157.1116115057497,101.78778183994035,35.32084416415719,29.18038284034118
158.25238831329892,103.63892275102104,34.05390652919388,28.52194895858549
158.26872890435436,104.33608302425353,34.02122534708301,28.112111792964974
158.9685636584261,104.34379294982877,33.59892670547558,28.09669194181449
162.0828935663152,104.47960901710202,34.16459360801685,28.795677909885047
161.29481065956364,104.9252175731493,34.75016073762408,28.895059481686403
161.54260966288481,105.98673577479033,35.25578877634826,29.775701214503954
161.0850623820172,106.20045094562636,36.17088333808345,30.37147937203305
163.6468142691778,107.79432514054288,35.23504273532137,30.324478360869374
163.5330148326742,107.6461288154076,35.46264160832858,30.62087101113995
163.45918044079542,107.77106608169179,35.610310392086134,30.370996478571552
164.11256748831644,109.33611107303982,35.34179270992696,30.355675734524077
164.9955191979675,109.15193498207259,34.60974989948051,30.724027916458546
168.3042515876217,109.45793355632385,35.19124866060302,32.16887749379342
167.47514628897704,109.72960859318016,35.78893685265741,32.686049825315806
169.0991900928701,112.03452966421872,36.85312696637929,32.388485404746646
168.47818002365887,112.0540993226204,37.005294845446464,32.349346087943275
168.49681716586403,112.19104993290638,36.96802056103615,32.07544486737131
168.2565448216837,112.07905439925311,37.44856524939684,32.29943593467785
172.2527070674854,112.71128310947405,37.13975695210829,32.132623684852405
171.50401084997395,112.60885852012527,37.54695843798885,32.337472863549976
170.74926996033741,113.36162700786454,36.85688518566809,33.03149091966525
170.7352694825512,113.17728046661259,36.884886141240514,33.400184002169155
173.03509000364153,115.28891264813221,38.92431318527028,33.60296502993689
172.25510324545138,114.85575511111736,39.342893659597074,34.46928010396659
175.74398487058653,116.58049342269015,40.49747013011198,33.343329115331066
175.73034458566516,116.59427236732546,40.52475069995474,33.31577122606045
175.7980775634648,117.148889537128,40.38928474435542,33.36799348069789
175.36143296744876,120.45956073646612,41.26257393638753,31.387512956952982
176.22681285764668,120.14608531618912,40.673264668957664,30.87301328454103
178.739671507022,120.54921808750518,40.14381688889114,32.31488250125098
178.975232683822,120.83057209562575,39.67269453529117,32.89159000727661
179.5549166687115,121.19904414227523,39.65482309794904,33.296142446414585
183.79827469898098,123.58816530794277,39.20230487351819,33.10887030714129
185.1918285746962,123.752952113844,37.552944560779615,32.779296695338815
185.47139882485385,123.86374170542669,38.10076043004139,32.557717512173454
185.39808474257532,123.74455260355634,38.24738859459847,32.796095715914134
188.9126090512804,128.0084656330098,39.044139251515304,32.094068931334235
189.24518343278496,127.87086933567112,39.497939801492514,32.36926152601157
189.09790262251275,127.4592823500641,39.79250142203694,32.06206135405225
193.2936678954026,128.06388009824238,38.18054832346488,33.1127250067649
193.50090723454616,127.58212637803848,37.766069645177794,34.07623244717267
193.19596687995704,127.44321163329387,37.24494863271182,34.354061936661914
192.8704146063591,127.99222272205644,37.896053179907724,34.38335344026833
192.8962381395318,127.99746695541066,37.84440611356233,34.372864973559885
193.55701974385954,128.45465494645262,39.93369683130252,33.45848899147597
193.47391611519353,128.49980784607342,40.099904088634545,33.36818319223436
193.66983256826163,128.91158751973697,40.86383409847628,34.85614967686301
194.09871780685717,128.34656541072582,41.197565644922506,35.986193894885304
194.55688076802605,128.92300654642128,41.49603915033181,36.04811105124144
197.8073469815335,130.11940134193628,41.0971769476453,34.87573550507708
198.17779037277543,130.6836709205612,40.356290165161454,33.74719634782726
198.5345301407692,130.81433689127007,41.97445689368167,33.485864406409505
197.42596129346202,131.6943634473284,44.191594588296,34.09875194535915
196.80981366057904,131.3269083042807,44.19353494525987,34.83366223145457
201.34759222905296,132.0370169948515,43.81434834612412,37.14046079508955
200.88277020852905,131.46626588794243,43.47019702072455,38.28196300890771
200.4777816950442,133.3673932162812,44.280174047694246,40.913644736372504
199.89570214130006,131.96124712699097,45.44433315518252,41.04319083186359
203.07447383522188,131.77208282318014,45.89462630353045,41.421519439485245
195.7183326076383,133.0526286628422,46.86084623573236,41.60964026475415
198.6110779277349,133.84102257708366,48.038467166635584,42.81809706470986
195.38771338455865,131.58667171856104,48.764310396896036,43.03613438968608
198.0736405848331,131.37789141467303,49.172346105054544,43.4536949974621
200.09194820689555,136.36703529819778,49.50967877508137,45.139268334817345
203.01799804765534,137.9051932877494,51.108265574809046,46.53336424446239
201.01503761652415,139.69821202195072,52.03970353671849,47.559051126589104
201.45788353464724,140.8636137071572,52.722099181865815,48.364422718963056
200.366790765238,139.56824397725393,53.31274082107991,49.36361827916524
193.6921142760534,128.57963413256505,55.345533213959506,48.7077167975639
193.76555789422753,130.30206877453753,56.836446074989496,48.53844770837548
193.72420037224958,136.58274649796618,56.91916111894541,49.24237495536701
193.556747643029,138.17214874842367,57.25406657738654,49.40505463119132
195.19205497094077,138.89664050627306,57.340519510775394,49.634604910098716
194.35218486928846,133.75511514355915,57.336705142345544,49.81632820511976
195.249240316382,144.48362184034144,57.22900428294895,50.28264526383133
223.70143353703742,157.840741021888,54.47543818404999,50.643817071944156
225.86226547006214,153.72341608712478,50.153774318000586,50.60273498305718
232.02097271909878,155.98890494845637,48.94334902698107,49.24518274812371
230.92856898594127,154.40979141751367,43.39678517088719,49.31086128104549
233.52659230800077,155.72253295238724,42.57839876537783,48.14459829083491
238.4414716734481,159.46382967031755,39.88882102504061,46.374149647420204
239.03197632842546,160.76436911938282,38.70781171508589,43.77307074928965
239.62339755143165,162.94348977455525,37.52496926907349,42.01142755771412
240.06008531328112,162.6917536781256,36.65159374537454,42.5148997505734
243.87486292323533,166.35695651054255,36.49720638103243,41.41380063204476
243.5693188353964,165.29600964211116,35.88196047030846,42.30936028250564
243.47925684549284,165.47034242791761,36.06208445011552,41.96069471089274
247.24660698116944,171.92821912197687,37.12217340301272,40.09538461109611
247.2273881046187,172.21009562233624,37.16061115611417,39.531631610377374
247.99337595219836,172.12998398496848,36.83624301053946,39.69185488511289
248.240873087794,171.6225602426325,37.5462058614073,40.70670236978484
247.67841235233448,170.87279497807214,38.671127332326336,40.974154934395386
251.60547663479264,175.5278191101042,38.34175065922351,41.69710919274919
252.0484627790588,176.07593658576573,38.71595593231021,41.86105180304507
251.92015582477924,175.18155538646633,38.9725698408693,42.381126622394035
255.58936732847297,177.58530186670677,39.31942334141686,42.6971513338698
255.4728136891655,177.51439117760242,39.5525306200318,42.8389727120785
256.1942519371423,180.77819207534657,42.001391862022004,42.79760047983002
255.79342716453388,181.13911207659854,42.80304140723894,42.075760477326085
256.6843950879841,182.11912533690844,45.03109089518708,42.789057513272034
256.6427599022675,182.25125647640712,46.497243050491655,43.907677018146174
257.0088867252145,182.11276703554282,47.18854291050445,44.18465589987476
260.6247835603259,186.4871474452624,47.15051726442539,45.50717031423696
260.24632975182584,186.09416595721189,47.90742488142558,46.29313329033796
264.5613166139258,187.4933612852176,48.17796455665756,46.46158043413722
264.89523080456445,187.88776918766825,47.51013617538029,45.67276462923584
264.3602272028078,188.09764546440337,47.112767441020125,45.25301207576563
264.22741098400377,189.38820619982164,50.287410861333875,45.580901587634834
263.38665721552724,189.2691264567193,51.96891839828694,45.81906107383951
267.74797754221146,194.1988690592474,54.020724283924,46.734022407788785
267.3151357629594,193.6712449859164,54.88640784242804,47.78927055445076
272.85664149894296,196.91228618665656,53.49923943774823,47.771083531161906
272.38900417761715,196.97174841608717,52.84034377113525,47.652159072300655
276.7937497867246,200.220455177788,53.523043002044105,47.48287251498147
276.5106247570443,200.60878336912924,52.49935991145645,46.70621613229903
276.8411618121942,200.7493241403268,51.83828580115677,46.42513458990389
278.41769408165135,202.01432225426308,51.77895790002694,46.98887499981589
278.93866878884535,202.6219466613705,52.29195005577853,47.32856775574068
284.1738825048551,207.16894021793962,52.79990391978046,47.64462175347787
284.0822614868084,207.21268481092193,52.983145955873844,47.55713256751321
283.94258096815844,207.15848687150677,53.262506993173844,47.66552844634358
288.0957146607684,210.7889125538538,54.489080268535204,46.75990418870367
287.88117996412495,210.93523088824506,54.91814966182213,46.46726751992115
