170.0,179.0,37.0,55.0
174.5837829340257,179.42001554835508,37.92552185280189,52.71809922888223
187.5657614727516,179.4563562899427,34.72474158191861,51.222719195296484
193.59428789720178,179.5612635208356,32.098473224356276,51.01290473351068
198.68846133035845,178.80923187939246,31.012502847625402,51.21662851788515
200.73444222712783,178.58238690344464,29.490816322858144,50.38518083539505
205.72793528814813,177.48902230340207,28.2334192420585,51.32482588673153
209.40158610204188,179.18066384443284,27.084229074249446,47.94154280466994
211.2543004426301,180.88004715720115,25.718877237417757,46.88285302347811
215.59547343464763,181.03808262563345,24.954402911573368,45.435657564014846
216.06415496220552,180.7007205009302,25.113750924446553,46.11038181342133
218.80301121027594,179.01522325577668,25.182980718531198,46.15321092959307
219.72306103871617,178.43085581625334,24.45408459402763,46.21074227626286
223.50210621091574,178.8836577071497,23.493394614602828,46.404705221965905
223.2326759543691,178.93386757770784,24.032255127696065,45.21841190893633
223.3155457734217,178.87836434159323,23.866515489590952,45.329418381165546
223.66930422839968,179.2422259634921,24.235513695585286,44.601695137367805
225.13295078343234,179.098403551058,23.452467831293607,43.81721633934924
226.45347670763962,179.14749871166308,22.905733580092434,43.71902601813907
227.0713778066871,180.0699565521115,22.70626197782525,41.874110337242186
227.13943311472437,179.32441420440335,22.570151361750714,42.35944272780327
227.80688319579207,178.9996155141097,22.2458219245109,41.998469383494985
227.68605457873238,180.16407061129613,22.487479158630283,40.6692537540781
227.73276343784596,180.71202164057505,22.394061440403135,40.557588379539816
227.8244207432445,180.30129263066394,22.210746829606023,41.37904639936203
228.25100804200815,180.9050686344006,21.35757223207872,40.17149439188868
228.3671389381317,181.5781560395867,21.125310439831644,38.825319581516496
228.01429857561027,181.13144977655017,20.89723043660242,38.78497137931747
227.66668723187513,180.49050852135642,20.66318950113271,39.13759026676502
226.08598300182626,180.5459267999392,20.102830716174626,39.02675370959946
225.98650713639913,180.67356202521944,20.30178244702894,38.771483259038945
225.84498130185295,181.54761732899814,20.58483411612129,37.02337265148158
224.66317118909922,182.45599418587375,20.254650469099452,35.20661893773038
224.41800101493337,181.8708207076658,19.879556308174514,35.51153138488965
223.42637325549813,181.79200744295574,19.272093290862564,35.669157914309785
223.0560722058981,182.35701769624268,19.157166254651578,34.53913740773592
222.35453424815378,181.7266545662584,18.886457764420584,33.28918705912499
222.0769691111297,181.13447103190745,18.627788300810703,34.473554127826866
221.20308186724492,181.49964200518622,18.72180037518163,34.57009338796858
219.62610638497213,181.1312100541119,18.55609986265501,34.47704442084915
218.3952330792734,181.35209974913994,18.540730303364864,34.035265030793084
217.88617885224366,181.67840613877996,18.739908543994055,33.382652251513036
217.1101627112999,182.29826672375128,17.853871413507186,32.14293108157038
217.07514622025772,182.94046486437628,17.92390439559152,31.637805568997827
216.7834786416249,183.63742156706297,17.734246127783244,31.016885588698386
215.82837197929047,183.3248384396593,17.362728291594543,30.881474789886504
215.76643679963848,183.89845158824374,17.486598650898458,29.734248492717605
214.9783383844775,184.78397789260094,17.588084300867305,28.700551474179743
214.87029166926072,184.5441828787549,17.80417773130086,28.45645715572435
214.67486497166573,184.0649988047753,17.47136177228132,29.414825303683536
214.87775519313578,183.43107478821432,17.06558132934121,29.950321641018782
214.23725699883445,182.5129666416407,16.879729609178373,30.319689825400495
214.15715367549453,181.87326215922897,17.0399362558582,30.86337289422896
213.7805975020787,182.05616438181724,17.046559487907512,30.49756844905243
214.18567246829792,181.62106163533488,16.9776069637603,30.626576533725917
214.1415400550326,180.05780081707124,17.065871790290966,31.527312254000215
214.31352721045744,180.2392407179541,16.72189747944131,31.164432452234514
214.408274495849,180.73965275892678,16.532402908658142,30.16360837028912
214.34111080118134,180.5471543136951,16.666730297993496,29.821110116001943
215.07668753679644,181.3171501945813,16.645032311442385,29.00584609656909
215.66638950411513,181.37122652132763,16.177920958331494,29.60998602460288
215.7327817387932,181.1441858392395,16.04513648897532,29.350796755662167
217.3285744642061,182.01505167856993,15.682262661714034,28.316242982892405
217.34832257748712,181.82190870125595,15.642766435151998,28.702528937520334
217.55207318714136,180.22765577468348,15.92600372687941,28.43734223548593
218.85186834626117,180.82668766815723,15.401377624439178,28.622587925737992
219.28499574094474,180.97632036226187,15.220552978354895,28.32332253752874
221.07444608369715,181.14470294939076,15.031275189876293,27.986557363270975
221.22396056298345,180.6382820051853,14.732246231303698,28.329677466335035
221.2250691056017,180.57368818467629,14.73002914606716,27.789229857407935
222.15017029747892,180.76022159808116,14.864782602262782,27.416163030598156
223.19706912083458,180.72491217610522,14.746383695530053,27.48678187455004
223.15917010722364,181.25596373022023,14.822181722751887,27.082158767758912
223.00345325711416,181.11515213435862,15.133615422970868,26.710970113307482
223.29692157501634,181.34049653288437,15.199312734398514,26.91291526348798
225.29920387438898,181.41497795511162,15.135186154209215,26.763952419033515
225.2330986820339,180.11532464610468,15.267396538919408,27.4029246914479
225.68422884188513,180.01076983118503,15.030281050049794,26.946889490454325
226.47928119834268,180.36331402096184,14.748905580061347,26.24180111090073
226.46192549170024,181.1704808972614,14.78361699334621,25.90576384589862
226.70539654637474,181.48044590482328,14.931439761222741,25.28583383077483
226.75591678520252,180.31701729244983,14.83039928356719,25.100398177662033
227.18095211198522,180.55072046612068,14.603938819694276,25.256602020012828
227.90570422946953,179.9531161439882,14.398625912649724,24.58552367239169
227.90480831745876,180.03777447965243,14.400417736671272,24.416207001063267
227.82078447111525,180.2478797707255,14.568465429358305,24.602173182783446
227.92891199739532,180.01869517399555,14.352210376798148,25.06054237624337
228.08577335664677,180.39974414553967,14.653407048772268,24.29844443315514
228.52407285209227,180.40557343591396,14.385503608020464,24.2867858524065
228.64733344932145,180.05545267080626,14.13898241356214,24.38302577953278
228.90420422169868,180.53545271889422,14.226500218243807,23.42302568335684
229.79262910540834,180.50142206318208,13.626584947117136,23.49108699478116
230.07300279465403,180.17916265738828,13.645184183270707,23.556259191723758
230.5362207382535,180.61263510494558,13.880005207338442,23.269942752242464
230.65710698157778,180.2999909836468,13.638232720689881,23.89523099483999
232.45886496730353,180.12031039349017,13.547923569875673,24.254592175153263
232.50395983513852,179.96171176134183,13.457733834205662,24.57178943944995
232.57852476469952,180.1009588065225,13.308603975083672,24.293295349088595
233.90553585074494,181.09138585297524,12.997801657130438,22.89824621971756
233.82206649770524,180.84851971826197,13.164740363209816,22.26419641751314
234.39414711526697,180.42882344358884,13.127211817497306,23.103588966859363
234.61691576277377,180.99745893499562,13.246804849044674,22.53144831060679
235.19346056747602,181.2862943109912,13.211063210082767,21.95377755861565
235.79159909910646,181.39876015982657,13.113749303657023,21.728845860944887
237.37092008627985,181.47926190786126,13.222064940174196,21.56784236487551
237.48629557079303,181.6052633798951,12.99131397114785,21.315839420807812
238.22506454306424,181.29123989209245,12.58633436669168,21.407607226370047
238.77529413942713,181.54774200619,12.547500122147117,20.894602998174953
239.0846349469543,181.29753520102201,12.451348474647011,21.395016608510886
240.71459993243897,181.3131329983793,12.36146433392135,21.363821013796347
240.63557585110152,181.10486643714265,12.51951249659626,21.253998883704128
240.74355769975386,180.6500155917341,12.303548799291567,20.581497854817492
242.4494296319527,181.66963392072145,11.974343888517708,20.59728716592533
242.42517806827993,181.56037726126578,12.022847015863231,20.307375010717692
242.62819469058505,181.41090939992395,12.121754922711776,20.101369581942613
242.8045362953826,181.51071278651438,12.272617621962183,19.901762808761752
243.27848519216872,181.59854633058467,11.827829334026589,19.72609572062118
243.5677528960859,181.70327421612777,11.742299007692655,19.516639949534984
244.11499012579245,181.4919110708623,11.624716041605204,19.939366240065894
244.74825977709256,181.61771476858965,11.343660283846138,19.687758844611206
245.28521150198696,180.75263329351628,11.238250773153283,19.48093391656604
245.70235131021363,182.08471725107168,11.362757487109237,19.69312499268301
245.93847014534407,182.3556559732338,11.375170208198943,19.151247548358754
246.2573165078378,180.48710181200084,11.214293273764694,19.550645336952385
247.82519899547862,181.59086242827914,11.438668181810264,18.783184054393136
247.99543145081046,181.66529163077269,11.098203271146577,19.106733751738524
248.27435802732467,182.30001039776178,11.011820007418907,18.308766107061082
249.1658260285717,180.8205201867119,11.061495268032623,18.51882963449924
248.7505258362897,181.00820473679215,10.967863198346933,18.605576761463524
249.76637592911706,181.25548359689645,10.321635601240747,18.572843237437716
