283.0,117.0,13.0,25.0
281.5600108958207,116.84661583845667,12.92538560374541,24.715849802164033
281.579680361009,117.30186826980167,12.886046673368787,24.39080516714921
281.03853627813737,117.1388577584342,13.388329512227124,24.716826189884152
280.853411160845,117.33000547246736,13.758579746811836,24.33453076181782
280.5179788024217,117.39928822273036,13.835361088266371,24.195965261291825
279.60822981814806,117.52259015870422,13.87484962531057,23.949361389344105
279.15667306118564,117.55525053218854,13.59726105816731,24.47439168290955
279.18917182923536,118.0007578037799,13.532263522067845,24.1767818466544
278.75506676713405,117.90591605954435,13.224676359427194,24.366465335125483
278.5633922846346,117.7217378557555,13.02257563872129,24.14937205699831
276.5604419077604,117.49853618807876,12.398144123631681,24.59577539235181
276.5816435858955,117.31230810551392,11.781130827012024,24.9682315574815
276.62714037484733,117.20591959673833,11.690137249108332,25.181008575032678
276.04960223523864,117.46595379466157,11.703516871981535,24.660940179186184
275.36145192302314,118.53976104272611,11.952804021781851,24.20384589500301
273.3234529980184,118.76953259699148,12.100645365238849,23.744302786472268
273.28384017483717,118.40250955513432,12.179871011601382,23.92135664235974
272.8576755042864,118.76617725366766,12.471244723852998,23.754976874142844
271.6182850808579,119.81729180925082,12.695903168387158,22.77980896413798
271.38614057082594,120.38510270160668,12.607190726004596,22.750190104319294
271.24437809534226,120.40505614395856,12.339664112872569,22.710283219615555
270.073644075977,120.52772728542968,11.951662347473505,23.01083489749925
269.95788220243713,119.96087009663236,11.639525388171446,24.14454927509388
268.54702454084145,119.28387035221922,11.132082293240092,24.388829291212577
267.8250621746747,118.7656452260989,10.927330391220632,24.87572066533559
267.77065447289,118.94861588584575,11.036145794790091,25.062806416002793
267.0304256882788,119.20575881499165,11.401292440494249,25.10617601947009
266.39612938551494,118.75823395896195,12.10518266165729,25.436523347164915
264.8304041645859,118.34524365140206,12.909375791771469,25.680689634348713
263.7638888982145,118.2383339505391,13.843727019338118,25.295169383486485
263.2107458931906,118.91238407429111,14.340283632828006,25.166527929098102
262.7254408186283,119.0546843293682,14.69460703523362,24.88192741894391
261.5093937995999,119.27135977241888,14.654425273397198,25.06664548281585
261.34036893049654,118.62790429610408,14.372342429594992,25.113291271427542
260.07395536802323,118.92106151105568,13.824956368790726,25.14301947867449
260.3111716535895,118.98438485531794,13.350523797658191,25.016372790149966
260.57919735226085,119.08022654742238,12.814472400315454,24.824689405941093
259.0656065396893,120.11325437606652,12.33075317802756,24.5140841723683
259.30626073737227,120.1377955717178,11.849444782661612,24.465001781065745
258.2549024578431,120.1560311828841,11.699410233051688,24.428530558733158
258.3207568814415,120.47666248659289,11.567701385854871,24.34731375862969
257.37829189767666,120.26654866138945,11.782929412532916,24.21097409541928
256.97396202664265,120.15636469552628,12.033267129748957,24.431342027145625
256.5019007141365,120.26770840185576,12.4115027739396,24.208654614486683
254.48049410200616,120.31082790076952,12.470160705917365,24.122415616659133
254.32420122450574,120.23035266023433,12.782746460918204,24.283366097729527
253.94940830738932,119.94096009495769,12.955681046058896,24.28549997919059
252.54667126330853,119.95777887399608,12.86290292606878,24.251862421113827
252.62413058584087,120.13727811440397,12.707984281004066,23.892863940298046
251.34431344410848,120.39971282671237,12.419502378529636,23.93761775286906
251.25432970449685,119.94105291003497,12.034145480066165,24.28961320853714
249.45445557107496,120.273943655504,11.687088619833808,24.187661021467115
249.58841324772294,121.07184254399515,11.419173266537825,23.70449553210781
249.568820564975,121.15956307235936,10.913754491799434,23.529054475379375
247.77741181479155,121.46135346302786,10.76393931587564,23.45870693351251
247.61076215306278,121.00245303577255,11.097238639333156,23.84691943917941
247.08211801284733,120.48343194993694,11.613459851146276,24.34389454223282
246.22002571165723,120.1444187261977,12.223015140630395,24.464606333263237
245.6525602688086,121.04641299476513,12.788285625883226,23.799938597017302
244.72062990652572,121.01282079206987,12.943252267195977,23.867123002407833
244.3670414884253,120.58499031398755,13.077155117689045,24.72278395857247
243.1973978681316,120.09125485415692,13.063764265438309,25.122085355024172
243.30357689436616,119.76760634137977,12.851406212969145,25.769382380578456
242.37087415403028,119.18288199928142,12.318269730909106,26.339195574092223
241.2682952002061,118.70169447473992,12.128688507417976,26.70288584039038
241.11473158926177,119.23649493478673,11.835159019782099,26.233941629821253
239.97557217313687,119.57010310515977,11.758696707134492,26.155420575299573
238.99090806623445,117.52385399407284,11.383174125740162,26.73064260467467
238.54642173827338,119.19336600583232,11.684220472671992,26.331250126107157
238.4782949568479,119.96473293199033,11.82047403552296,25.375971071875917
238.07259286989554,120.27381964809877,12.055913973059372,24.181833403290725
236.2088841538469,120.53840843327197,12.407556736752767,24.215284944345004
236.6829058232151,121.32338491595068,12.597901951159889,23.21452625555932
235.29696236384356,122.37598997536142,13.69655281430931,22.2248068404669
234.65815980463287,121.7668777495688,13.850776192699689,22.881340422036594
233.39749700284975,121.77000998352408,14.07581577754712,23.449147458805754
233.77606542516668,122.09727114446015,13.904996149762939,23.380942353783308
233.17123424480434,122.30352081833294,13.367397888183312,22.968443006037717
232.36227347528848,122.89090920631168,12.716511014092394,22.360868333360884
231.8926665773254,122.64209238872522,12.014259946605181,22.311347014062672
231.22361211317843,123.30386019223837,11.214586697581485,22.591148040024606
230.52148418901766,122.07223767464615,10.519709774475006,23.480043496638075
230.35372634278184,122.42662685784676,10.329611315493501,23.296879281690018
229.4863500423812,121.94504918617453,10.505521153193843,23.740420370667515
228.3133772038343,121.85574767129995,11.264041442719048,23.919023400416673
227.44406717609735,121.69574286225473,11.912601500370343,24.239033018507122
226.57323554175534,122.11792078517175,12.532299384602927,23.955659864898777
225.98978167436175,121.8917493954535,13.131677280369235,23.840472805314395
223.7666719784074,121.80206216931224,13.54519369651859,24.019847257596915
223.7899732954649,121.92532008122366,13.498591062403605,23.773331433774075
223.5523777306015,122.81897325558225,13.392425178568361,23.730096125742982
222.27030573593754,122.49334817892426,13.062009085683549,23.80243426261643
222.20579365481603,122.54882356830498,12.616683734312975,23.691483483854995
222.2059526327064,122.41327488056845,12.051272467136183,23.397487547932016
220.6600939580659,122.24311404913877,11.28561915307677,23.18675625888561
220.6597252524264,122.29832822422867,10.751633691115435,23.61105078194613
219.7758575901021,122.34989023490364,10.393020437155542,23.507926760596177
219.7242205124682,123.37355165725982,10.49629459242336,23.031975473155875
219.5016526434511,124.73527423355154,10.94143033045751,22.38331450174485
218.64336903786625,124.65625761288776,11.623981534669891,22.02433973959373
217.7471668081328,123.80523810997633,12.369328921556507,22.15579313654615
216.11552872406108,123.63620081612976,12.941533826006399,22.49386772423928
215.13014386725192,123.35633895482388,13.253466627889186,22.500645809605878
214.7713312731974,123.18028800230687,13.41276269318268,22.852747714639914
214.22880941337237,123.37693496659828,13.365301132647096,23.02570642614987
214.00634644950998,123.84085081960518,13.242210916656319,23.23390700756728
212.20615324078616,123.98500337151965,12.85950063640839,22.945601903738325
211.74347091270212,124.05158524086426,12.110148431822719,22.81243816504911
211.4669023694328,123.825962024462,11.576350815786851,22.720217246566385
210.7450696759241,123.0858320733834,10.888304451119616,23.134621272881276
210.84493446367208,122.97167942573206,10.688574875623651,23.36292656818396
210.32460196810794,123.31782729873697,10.675488276464701,23.197506617317742
208.44409266413035,123.58336775949141,11.291058301869096,23.190667126234022
207.9609872824364,123.85273796517869,11.72239459611639,22.65192671485945
207.6191098763546,123.82221126198633,12.40614940827998,22.71298012124418
207.07737164618584,123.77286421830338,12.942555580900827,22.81167420861006
204.80529526762757,124.16148217035048,13.583015005383379,23.149779256697023
204.5103113824144,123.45795637142518,13.599439246093038,23.409743795114125
203.88204604847996,123.4762699214414,13.700609871650064,23.373116695081706
203.79849160522872,123.34859818807537,13.288869477212646,23.628460161813763
203.34579977812993,123.65180286204689,13.042960034411708,23.597697362369985
201.6426295854568,123.94005488637598,12.452287753637048,23.592195123157627
201.87026216170608,123.73464142196141,11.997022601138482,23.4422107122776
201.00654174184137,124.16555571955249,11.521367371666104,23.131156134395898
200.2451477323201,122.99249841250099,10.892164593889017,23.8632776508842
199.80431091542303,123.2904881232538,10.698406403402533,23.80501414151889
198.5994165052279,123.5320831212914,10.97431407197359,23.321824145443696
198.18106190067604,123.26503129990759,11.279749522873011,23.855927788211297
197.4680549372576,123.8296637825615,12.161378861398607,23.815431999526105
196.68236042811412,123.45779605597966,12.614601448321306,24.000084237007673
196.41047274756625,125.10623923944098,13.158376809417078,23.551184741934037
195.53779516237083,124.0209652129996,13.186885684470928,23.432604401034233
195.05152996487752,123.75343735921976,13.588402063069882,23.967660108593915
193.1592029633319,123.37291081681737,13.272734592516883,24.142952982878093
193.42059547975165,123.40437207307971,12.74994955967734,24.080030470353385
192.00329505292902,123.63310289521786,12.145965992822646,24.195666229493767
191.96355598245688,123.67089109711331,11.661054499159395,24.120089825702877
191.47822804625142,123.41016848389513,11.521956347114227,24.086658039911164
190.3876657778496,122.70836411074075,10.94323500973942,25.49026678621994
190.19085473767575,122.60592053263726,11.336857090087108,25.695153942426906
189.0289360070051,123.29668400498744,11.944342107170263,25.45786196056531
187.41337283700733,122.63536068580548,12.858187643467305,25.621868197080023
187.19459022285608,123.11732099522534,13.2957528717698,25.25554062007879
187.00382256287045,123.41778294524342,13.677288191741045,25.254375511566394
185.4001697374137,123.54487799595866,13.853182451051724,25.000185410135924
185.27083746674407,123.67997462792837,14.111846992391005,24.729992146196487
184.50687042595285,123.67449881308893,13.82195612223065,24.74094377587536
184.5615871353031,123.6301332900706,13.11134973807586,24.829674821912008
182.98671743403273,123.59026322456342,12.719115774027646,24.909414952926383
183.278732425594,123.37049611495148,12.135085790905123,24.76419961725545
182.14931887820626,123.23111279531865,11.531317049106114,25.04296625652112
182.34814625714841,123.29237000049324,11.133662291221823,24.92045184617195
180.49231170665175,123.29567747661372,10.94418344671114,24.91383689393097
180.48401868339292,123.95556029424483,10.960769493228804,24.701824026246577
180.2484171927711,124.61252959472095,11.431972474472438,24.490075032306855
178.3029878340836,124.8706622488828,11.985157139547045,23.973809723983187
177.97964247455576,125.13996660959482,12.631847858602724,23.993560412239653
177.48537028264084,125.49894739976435,13.050594512290576,23.84539656204258
176.4057210670645,126.19638483976166,13.485527361302129,23.600098736808786
175.00164327345615,125.9491741789147,13.400833939422224,24.094520058502695
174.61637922680586,125.6455436670296,13.586918478862664,24.701781082272905
173.6764131955441,125.88942640964905,13.080505048410942,24.810601970277858
173.61249228070315,125.47278609492078,12.618828159066439,25.054363880708003
172.44320776635175,125.45115924761791,12.031685062557715,24.512475150271413
172.5150211958625,125.03319630923106,11.321012477258039,24.78135530076694
172.4316808833448,125.43548812411315,10.929118227728717,25.093921420132087
170.5970746127485,124.77569801030253,10.704792809634835,25.30106223081434
170.3071010424004,125.8491383229941,11.28473995033099,24.81993550418161
169.40758868952557,125.64237078798136,11.966765225596962,24.674970858965224
167.9480704337896,126.98972011868203,13.180923323471221,24.25344341569413
167.37942741491764,126.23442073049038,13.73517443425985,24.014937411211537
166.95513377854658,126.37493432043678,13.99480794882967,23.733910231318756
165.02816837181862,126.81602463553396,14.313638158897739,24.03009646892033
164.24760564399378,126.78510237826448,14.67681981450206,24.091940983459285
163.74771143391217,125.99727186951621,14.464580273073867,24.45557403936445
163.9791032173097,125.96880640719273,14.001796706278835,24.512504964011413
162.5561940439832,125.6121108655735,13.242506536480981,25.22589604724989
162.13335094983236,125.7062542572165,12.891376483536652,25.037609263963862
161.53766223600132,125.4501114863841,12.313952921267543,25.549894805628675
161.29606486834427,125.2015779996016,11.622942736047724,25.4598593189267
160.9443836194371,126.00809926007736,11.178849952258284,24.99427207957894
159.51047390493935,126.29143758380629,11.250807974977189,24.986767713376405
159.38419186595894,126.49838944179032,11.503372052938008,24.572863997408312
158.79904285412698,126.5998276867631,12.114938462840556,24.369987507462746
157.9069669296364,127.42013070988585,12.766280969226624,23.862190803812318
157.0533214675334,127.88290956521206,13.333229479812774,24.076975506779775
156.1436179488392,127.81459892251469,13.986573137476997,24.213596792174506
154.37305290068642,127.62081416913885,13.950723104390487,24.6011662989262
154.3377610734125,126.87384209366348,14.021306758938303,24.89251743375161
154.15730918045804,127.20690063373415,13.775402310233135,24.833208588224387
152.75754085996587,126.9470851383105,12.964480999047986,24.75109658704347
152.68393575435158,127.2791276805227,12.525040846039095,24.673661866856513
152.51386983100977,126.96530326804734,11.709285960550798,24.7233673257213
150.8797025801853,127.0337160279183,11.025999214488321,24.586541805979373
150.99648091457354,127.13218094495976,10.79244254571184,24.389611971896475
150.8592182064288,127.63803493639689,10.52336283868486,24.46511423565496
149.40001064120491,126.86758249991176,10.742011834568942,25.46606588171247
148.45837768633092,126.6615171946665,11.508687694227326,25.319901467158182
147.7677184865397,127.28998638513431,12.32031518881291,25.20234489621616
146.99007347424862,127.17815603765314,12.711331039585694,25.426005591178537
145.62744683012346,127.08422984290681,13.067845264242877,25.6138579806712
145.34026128387006,127.07074643045104,13.041119222493828,25.039727671326872
144.98257891712387,127.08931933984599,13.164274368787703,25.594791439735516
143.0023198174684,127.18394619577717,12.907431173867124,25.405537727873146
143.05177424078116,127.52308082014926,12.8085223272416,25.91781671026594
142.90769322196428,127.7605581206706,12.495619747261571,25.442862109223263
141.78277698789915,127.67155381544596,11.80198058121452,25.62087071967252
141.67225096873088,127.38329175208398,11.443828377250188,25.618190604095567
140.34864965968637,127.62038662157298,11.226614803204583,25.716884103544487
139.7784609981526,128.784634844253,11.226012679498798,25.099856828344386
138.86108414106843,128.1870970343623,11.376166320773141,25.171865732863097
138.43359923838642,129.0336673845428,11.665920360777179,24.609156563222108
137.06932856589125,128.35656715264486,12.146075708929903,24.839164028599228
136.62183191609387,129.03930161427408,13.041069008524694,24.047500589587436
135.14431047534788,128.2265899194348,13.68568589730915,24.517710982912295
134.978236557606,127.9381565454919,14.01783373279287,25.09457773079808
135.08178850857462,127.58914084218813,13.81072983085565,25.79260913740562
133.68366937149116,128.03088272069257,14.14097874960229,26.14212005810687
133.81065063659042,127.09789843097009,13.887016219403808,26.753484883442503
132.2745846974409,128.42468783177688,13.799455756981327,26.627659954406116
131.89092315205386,128.3928141921758,13.938195430038679,26.062823815891512
131.67192196983555,129.47746306428616,13.753536901634368,25.761508750193407
129.88544980970065,129.91393320979253,13.636126501902925,24.88856845918067
128.3639978784331,130.28449611354338,13.077929708905629,24.747626094267655
128.57504439445117,130.22885243068092,12.655836676869498,24.270365209686723
127.88224800817322,130.99041593042432,12.892872030166323,23.895795629458945
127.53408954948999,130.02975359357234,13.016354440135023,24.671451288367454
125.67978794518885,130.56730723259994,13.206734144128914,24.769085178515027
125.4763661804937,130.69996827546288,13.613577673519208,24.50376309278912
124.16778781954396,130.88024941488922,13.85426710532871,24.143200813936456
123.83686510485265,130.70628967437452,13.923236893273721,24.491120294965874
122.00678789929836,130.19091041336787,13.388989598440961,25.521878816979154
120.19279211486665,129.86689505749212,12.780045285272765,25.564632974154712
117.86017925970174,130.23428113328458,12.682044958011959,25.425264077268643
115.31209984103243,131.03231202218564,13.636534082851401,25.012536503037694
112.81042101595999,131.42335533292962,13.823737216521609,24.230449881549752
110.83698564466278,131.75055049163777,13.02140897314004,24.169709437380448
110.12845498268601,132.75549645701184,12.122185379126435,23.897031195107605
110.18768792678507,132.83015505243924,12.003719490928328,23.188110809645927
108.58650894041978,132.7960994192069,11.375956084945319,23.256222076110596
108.65063117870058,133.60941410770093,11.247711608383725,22.704205221422832
108.3257662741504,134.13416772535527,11.897441417484082,22.181709064770864
106.49590357227763,134.12663444197844,12.373956696102375,21.666240610670002
106.15830854765412,134.9448730500604,13.049146745349383,21.62291131597369
104.53258399063094,134.31821878688646,13.591460382568513,21.79256565159065
104.30003222474343,134.48872000053348,14.056563914343542,21.451563224296667
104.14954513763426,134.2564358853048,13.801394937286194,21.916131454753994
102.51423723760588,134.4293417538064,13.718971898552764,22.129159524215794
102.28878939367094,134.47247827322218,13.048587522670914,22.603526517260164
100.91483067438456,134.04343058080696,12.458183594784852,22.905235007680776
101.10286157139977,134.51601870190225,12.08212180075443,22.51085416584684
100.58210185608534,134.2231644342284,11.50800069652834,22.558015856242903
100.36465237322031,134.4372706332225,10.884159715587556,22.12980345825468
98.93512505009959,134.83253491798067,10.669361463757202,21.851583705083655
98.78781687115276,135.90782250632694,10.963977821650868,21.71906955480973
98.44010410477945,135.502801081685,11.151724435326136,22.02143348502225
96.39922752200681,135.6929761057763,11.626005475398191,21.641083436839672
96.01858467776472,136.39791573590705,12.387291163882377,21.26704823527266
95.89700026060689,136.00069201948045,12.630459998198035,21.536138401432048
94.34959958610857,136.1030512060176,13.057923352356006,21.86488762732547
94.25557729937776,135.79858953973093,13.245967925817617,21.928234944013127
93.45104014292231,135.50463435998796,13.205973529869855,22.516145303499076
91.6780683797861,135.70880128411355,12.847624716770603,22.107811455247877
91.68072454080905,135.84687413214698,12.296683496793989,21.831665759181
91.8220841409152,137.26161650890646,12.013964296581689,21.13091903088224
91.16532487860565,136.95833886231637,11.259456433891506,21.220467727235054
90.30938790318972,137.27581175621134,10.949548041817184,20.58552193944511
89.24777975490746,137.34421399314655,10.618839438451678,19.957932485588703
88.7199987172564,138.7678637707939,10.722649942339984,19.014136073121612
88.59573192343463,138.52682023840273,10.971183529983545,19.032500628417456
86.9853026542777,138.29607020498847,11.382746197909938,19.02578471684809
86.26192126464929,138.2948169958086,11.879353226464977,19.02829113520786
85.01249264392507,137.75763457244656,12.444336142727446,20.10265598193188
84.62627614786764,137.80656913854074,13.21676913484232,20.004786849743567
82.84830027214011,137.74186223818137,14.17053738866014,20.654637349989763
82.77845010994527,136.40276232441403,14.310237713049805,21.1486521692685
82.41514484571611,136.01209648809947,13.925237145023772,21.92998384189766
81.37398714649527,136.3483303552668,13.20195125384473,22.37975662341134
81.31215809731489,136.65376386975578,12.769947049535077,21.768889594433368
79.62734907864696,136.94546315542166,12.364580489273084,21.724774537044162
79.83854380418315,138.07414688012906,11.942191038200711,21.062677809312056
79.61620043844582,137.8732329176658,11.357324729039927,20.949729213920875
78.24236485121355,138.35555918219677,11.086187463695456,20.488211424827085
77.75326190692631,137.88856938695525,11.081008208793328,20.438805871833505
77.32701898575743,137.88242377480182,11.442618389585876,20.941972757685562
75.10366412124614,137.2948271345721,12.357977751237065,21.612687414234827
74.7712227193999,137.2390434411258,13.022860554929522,21.72425480112743
74.62441623839231,137.03541729482419,13.316473516944718,22.131507093730647
73.9324036351286,137.39409944881703,13.592690746153535,21.96804677440428
71.8739390300732,137.34000072977045,13.816814843260875,22.632359228640773
71.70013987164195,137.20289862580682,13.594622952803718,22.336773229248358
71.73951768262108,136.756754274863,12.95422113753748,22.667415737828048
70.93328687513188,137.21099839731582,12.343752765995617,22.31465998955249
70.27743643351869,138.67758381809637,12.035077058072146,21.541991269524544
69.7633660226334,138.61613236213273,11.492876368003374,21.664894181451828
69.36781266574873,138.73752367405174,11.25200254460694,20.906121289030885
69.35265460677488,139.08907519969546,11.282318662554644,20.203018237743436
67.55865452705856,138.72963496800608,11.434498415583803,20.921898701122203
67.02204858325594,138.3924576043041,12.003666578433105,21.092209703770187
65.16481118009176,138.5828684747864,12.620590520213447,21.22764644023026
65.44904699296596,138.41606600368607,13.109553321001034,21.561251382430935
63.95242079234825,138.41936405739784,13.393175220403371,21.554655275007413
63.62746344767789,138.3901678139189,13.49649517414132,21.613047761965277
62.48730170752387,138.24002689440843,13.580018136895514,21.36412947159777
61.34487037935012,139.24128622958003,13.130493082382676,21.549120969942884
61.26044110842987,139.39208078956813,12.757253847192715,21.24753184996667
61.3627224430654,139.15005220609592,12.02137204839415,21.200269887383577
59.90578575624717,140.298719911902,11.308131262421279,20.975571138405307
60.08151726684501,139.99540753488876,10.453994481970314,21.079522133176507
59.05503072953737,139.60454608123675,10.059507100079248,21.371752949179253
58.247567991311634,139.94785974302704,10.21373228442803,20.685125625598687
57.96642173996288,140.4453251838252,10.77602478712554,21.128873923510728
56.40222149738942,140.2146193125781,11.42551404541468,21.094503420633384
56.01179351294287,139.7561125039872,12.20637001430778,20.998645962432775
53.601253783843106,140.19713315503338,12.880965217836366,20.634915192174283
53.44534302521002,139.80717941525242,13.19278673510253,20.890556699874445
52.314256501966355,139.7888429493733,13.321710826215249,20.927229631632635
52.32583378508346,139.85552152562371,13.298556259981043,20.793872479131856
52.122581238508104,139.86195568024397,12.637791450948102,20.78100416989131
51.91295182257843,140.92675374339024,12.5346906839921,20.218486840044903
50.903662992632604,141.00690818734057,11.992081518748458,20.058177952144227
50.941410517241096,140.76629665941152,11.415869975211713,20.038684513682547
49.27119904910982,140.86574627204192,10.830916424251587,19.83978528842176
49.16021288726509,140.03792045797974,10.575122951769913,20.539905324203886
49.03568627325268,140.8461081242174,10.824176179794728,19.890885184061126
48.1855125177976,140.6934498944338,11.567715134630959,19.71779736559136
46.730792292338336,140.4925089658958,12.034715946308246,20.11967922266732
45.32929496760973,140.39549939851125,12.828307717325728,20.31369835743648
44.677650892215055,140.1295884870483,13.09443056237189,21.36410283323397
43.91708073311051,139.47799671906864,12.99937143134003,22.12855321944629
43.390571523558975,139.50134304645846,13.50388439871423,22.08186056466667
42.68975211635792,138.72244906152065,13.792882793594522,22.527008115020465
42.09784553258085,140.14982538298003,13.841061639394038,21.943524115610938
41.921489779184164,139.80353812929738,13.073945651295885,22.076184875530465
40.580564681532074,140.1820513874664,12.461867108835808,21.868146482153193
40.74910840949999,139.52933814757597,11.589246936316366,22.102507528766886
38.78523249801421,139.35588657455529,11.324349311698931,21.925329493859635
38.67057787099187,139.89600690048496,11.036737750830792,21.362009656913067
37.29692467272261,142.11911226066934,11.265557690802117,19.937982684424952
36.51404761798861,141.63745796840558,11.371432438965313,19.44141190764773
36.363306002183435,142.13497247060528,11.672915670575666,18.927446018668068
36.22893736268517,141.75586400413096,11.941652949572193,18.728667071850786
34.27449946823264,141.4243424317159,12.010276116860425,19.391710216680917
34.85086720648487,141.91354723754822,11.839724724880744,19.395484689541018
34.10089658768667,143.90800282772614,11.874820220663235,18.824546906750953
33.75427692706975,142.8295678800663,12.087711933152278,18.57967875834671
32.06650466525035,141.08326428501337,11.141113232986886,19.67109526856132
30.56896534974655,141.15577674704952,10.772267091492056,20.00663102627511
31.068203503220214,139.8688249421344,10.253013034564328,20.663645636026907
29.933997559226373,140.7575149578785,10.121794283693982,20.80597011562515
