40.0,90.0,16.0,40.0
41.766752378827306,89.13775734915035,16.77351707893668,35.694654730471484
42.03850302085971,91.54216423784868,16.23001579487187,34.13675142320456
44.91600995076483,91.15347796765153,15.938814853484086,34.1335792609671
44.84838477783225,91.03137620946929,16.074065199349256,34.37778277733159
48.101283964989186,91.00303153718038,15.818955451799344,32.87179996521843
47.807706553927574,91.51705248422492,15.651174907863531,31.088822705070307
50.3018031251962,92.66248830425326,16.470633233526506,28.79795106501363
50.299519085356565,92.62423200640792,16.475201313205783,28.168211582612656
52.671980453337675,92.37442726258827,15.912224513974127,28.66782107025196
53.047066989579626,92.10575338125282,15.85687774756543,29.20516883292284
51.05767738852577,92.29688180609051,15.624785933212639,28.121100147170715
51.21658795324744,93.542900745722,15.30696480376929,26.99275926372814
51.40466162045288,93.27145684186458,14.93081746935842,26.21614350090575
41.23430092011105,94.89627721792615,14.090100087865913,27.459535217729073
40.334040807193276,94.71683018700497,13.953216813617114,27.81842927957142
35.64763229004255,94.78407408360341,13.595558359883661,28.981338218112537
35.347467830773816,94.33478664543158,13.536420419248085,29.879913094456224
29.733149561521945,96.00827093100057,14.021028423869604,29.890453440156413
28.95958980242858,95.49164040354113,14.20787583362619,30.92371449507531
23.384746865611902,96.19216975909323,14.88096236990056,30.22109573979503
23.272856791996155,97.36427990798647,15.104742517132053,30.676565936423977
17.48740163625417,98.31855237068757,15.30824859829529,30.188946539811873
16.876017677253603,99.3245680748037,15.82417090339834,30.297451970273883
11.1653252923514,99.1433067469682,15.768300068890778,29.94264615067536
10.936533292688534,98.80608000536444,15.514731389844814,29.905946955511183
10.991891466363612,99.26220529235549,15.404015042494656,29.699949726713786
6.9145586465723365,98.42818599777632,14.441490624316966,30.6666660037367
7.534332649510407,97.46107533197636,13.900724445623542,31.2033236809712
2.5986064691333777,99.47741221307967,14.012615693563589,30.65620745905531
-0.14523691383645776,99.3980270986148,13.97125641575413,30.814977687985056
-0.49765467669822616,100.30865714670638,13.983379188022187,30.379143098712852
-0.23629877589749082,101.32446786748466,14.147257741257047,29.034112011992647
2.757750369790294,91.43437028127836,13.517899401876303,29.38887485842401
2.8559502886618677,91.04826086248467,13.321499564133156,29.497053282135735
4.095043774207236,90.13158643695468,12.82982218235433,30.00606240698779
26.29685430712324,75.85743092150162,12.705439155547264,30.13635499493759
42.13948137773974,82.38280854947035,13.387902024396396,28.975781497805805
42.04128063100943,81.59804783143316,13.584303517857023,28.578032412290717
41.58497050921355,81.82535101236897,13.8435304394036,28.12342605041912
64.90592909829977,61.347388967095185,12.789942946221087,31.957424540332035
67.10356128584075,59.59188241519284,12.524665123551934,32.71511327586148
67.36612380608163,60.016572890997004,11.999540083070162,34.64362365892883
67.35656964105331,60.58474299483806,12.018648413126803,34.932422387248536
67.37128697446224,59.21213686717607,11.98921374630896,36.24356290075758
43.46352414721729,77.534243697535,14.224174848742354,33.41718745608162
66.22472491690486,59.430513825069845,13.529406411056573,35.08532333577587
66.64080496729089,60.04780029582123,12.69724631028454,37.58342219019527
67.83126326615502,60.42328485683382,12.617905280013954,39.13402863562779
67.21694931067151,58.37005893691415,13.058740144270239,39.301515241913535
67.20673710823088,58.65586505207725,13.07916454915151,41.12468259630309
67.08038511760437,59.619880223780115,13.331868530404531,42.494829543173545
66.68630474085211,61.91953847828805,14.120029283909037,42.987366292445046
66.03393583466675,62.68443110512966,14.554636860439762,44.067971746281806
66.62080066974183,56.89409738045664,15.167833765166808,44.033616458926026
66.98195500571856,57.55156962589379,15.349701219506315,44.527024220637664
51.137011110131716,72.88180012235755,16.860278228994417,43.13134944025373
47.034410026867356,72.56402491362249,17.69087720012622,42.84507445829924
39.137455869671506,73.1843807885279,18.564466706671222,40.67184278299797
47.618798744055184,73.11302319339961,18.098240878622644,40.81455797325456
48.12879165318083,73.74123722268662,17.988609806077395,40.46848466038659
35.73409305055855,74.61119237107891,18.386024612403677,37.8251676080865
49.58634702400427,73.26881392424258,16.837974213875476,40.509924501759166
51.534875435217565,84.1145014452957,17.35927957179251,38.2593430531649
51.497736597499596,86.29391581103137,17.43355724722845,35.62108402847147
65.16049214517056,58.995831240269574,15.625429569683842,40.00562773497457
67.3045029992999,58.17114054335489,14.756561053854071,42.50979742691116
66.66901776306366,62.08928479711625,15.152576326977044,44.2980161122328
65.59278354957497,62.591206648444924,15.489710267703437,46.01717413895196
51.86779353940961,82.36684204337558,17.6052526186409,42.12177858749595
49.082332425153524,75.54734417339708,17.652814240684044,41.95237281128034
48.51952181522542,73.78887267527281,17.85947862624701,41.79348847035594
51.52735440852368,77.34249897186027,17.365730428236326,42.04879186196216
37.88473276817176,74.4889434937591,18.108619332029598,40.433874024534
49.46540655583767,73.34005092846479,17.572633899202458,41.826644669422414
48.83264512839605,74.41734315733714,17.922437492669037,41.50349873451103
64.92299096629523,57.79677692497883,16.927793418365017,42.64134690357173
50.15258237278821,73.87553054384735,18.073020966717266,42.54337635464639
42.999186833607915,72.76272086266454,18.35569871844136,41.0292321632423
64.76477192201267,60.106303749562095,17.05236628831857,43.39215457059568
59.7575953015875,66.47805120065829,16.847577230575176,46.441879584411794
60.36828737439316,66.36346030586304,17.564314437285336,47.64012205016299
47.94577664013695,70.76117426301155,19.42865213342317,46.83797544799627
48.72158968622337,69.67149061033798,19.919041940819373,47.99633480355888
48.7604412818029,69.45571018672186,19.841338749660306,49.474330102449315
53.678293324617734,62.79060671094605,19.602839675803565,51.07461981738957
47.77920145621444,67.9505750771534,20.550086836483302,51.60561966110172
55.169086503508936,60.65476862197013,20.196248729139633,53.99067473610684
45.19077041253082,64.40736065546893,20.813842213758395,54.448624250365846
45.94060505532231,66.97120075715297,21.624707927045588,55.09728154417323
47.578321683731474,65.21339812441755,21.88664303906959,56.25464123041584
38.794769546939136,63.9272002867519,22.647483703280432,55.225694703738476
36.87257522954014,63.94271804676757,22.89421144593906,53.99543888632735
42.8844482503708,66.44775377668296,22.728844738009645,53.72871915998933
39.90369809952281,64.75501383247811,22.795072539197953,53.57703554809444
36.92132578476343,64.83412950733144,22.869644658778594,53.41880419838779
44.88928918369727,70.06274332673544,22.235569420906767,54.732231605730455
50.540940075798986,47.46952419428547,21.595240628946797,57.26677790165659
49.52271559638161,47.136426237299254,22.42194723865374,57.93297381562901
40.71053154562962,59.671301478601144,22.768174020431417,58.78043531261467
41.8111028732899,63.42655017354874,23.07209820144137,60.03767184987622
36.918407587302774,56.85842203319994,23.92521137552892,59.13749221960902
46.12707857830429,58.97885897101562,23.404795730856083,61.288377750167015
41.15331629343005,54.39033008602673,24.252560882061566,61.36567610160181
39.4172283708718,59.44837545855624,25.092197754817374,60.46347175980526
49.426353987944836,38.99005492409496,24.847435597988778,60.514902068938376
39.05707184255997,51.962104618567906,25.86663141955222,59.54866940765379
49.9731139182309,39.729819782552084,25.13403788155395,58.95759397633993
49.59057915880286,41.66221301824973,24.601886850584933,60.281689704245025
47.983245133149914,45.77229844691604,25.202768859826737,61.20976999413671
37.78784417725696,53.156706976939475,25.629096224315106,61.08156760210804
47.317113154980035,46.02333017678333,25.284136182379164,61.98147983562731
47.42826401254598,40.93223582884807,25.061834467247262,64.10242820563273
41.97993835647945,52.431555107110604,26.367792845595943,64.39547248829832
47.81399446579993,41.79220029392362,25.88069904381197,64.70977258306543
46.86106861398408,43.66691173032362,26.393076028325808,63.74729914850115
45.96976947124222,41.24028660883098,26.78694678947494,61.656911769813476
37.655820698177635,54.119442165663905,27.02901491267472,61.84283057578581
47.751605323393036,44.33233364233602,26.051722587326694,63.57521904915045
46.140903099806394,47.78091055268704,26.512773284385588,63.57894960373439
37.36437229302295,52.41761466144628,27.404758309329644,62.63607968052733
46.87114656208065,43.50180407834526,26.46855017742849,62.39036044051514
37.620675667466614,53.71841711207515,27.153395804210696,62.51416840664673
46.85419133465425,41.23117278322506,26.6831143089144,61.18571499184688
37.385024195831306,55.285910528505084,26.62582685681621,61.56967209590295
42.46741584000547,24.458395545702196,25.990694146724408,61.96266262985962
35.500942533090054,52.709189739050046,26.36542031459937,61.04977807158303
38.51752185635232,58.78746909485467,25.72928120801607,62.385768209826836
39.86193917297018,54.689690340813485,25.7550230541853,62.437596279694304
48.8195865364562,44.81930309488003,25.50014314986921,61.80096905311205
48.36644260077087,44.915519193927295,25.061651783279224,61.60853685501752
47.56585861670854,48.12999639810779,25.328616364162652,61.85059938286261
38.59049670093024,57.087384034845414,25.82755769203058,60.04516180509997
35.71110746972324,56.20618660649639,26.285477509731948,59.1571273394417
48.08391900825949,42.51921797614306,25.307479195372547,58.80216904364973
38.08666891720182,53.66824931782796,25.831394107190853,58.5707696666166
47.329080936703875,44.550005540514874,25.60157976809446,57.24831825705593
51.08331687932055,46.019030762573195,24.496637133146745,58.15238536311066
46.92711785250278,42.18417779079316,25.16326276997071,56.902023487057214
49.603216176619846,43.12369070816088,24.882958804247778,57.558943993577365
47.95721896791117,47.22975810637735,24.357309592368566,59.52719220860193
45.97467661606032,51.41058143344864,24.44740513040998,60.207186941
36.43918391799976,56.69844468055638,25.275432459312142,58.752939480393984
38.67551796410223,60.9991024327029,24.69304559112227,59.22894683213611
40.94197704807529,63.77406467493985,25.333433648659643,58.852328573145684
36.81326687913796,55.97892007088538,25.795513410354687,58.8519366288954
37.159675792127835,60.01875458963583,25.102695584374942,59.923871882686306
39.168956032378524,60.76770672185882,25.016021453284765,61.04722518451446
47.66121997428259,45.097183388497825,25.26038822170201,63.231680901316565
46.932725137563054,47.06306132420557,25.35625306436936,64.74442435298799
45.93307809667667,43.637401909067215,25.970948991612804,66.05735056514739
47.30651010789387,40.39545609961546,26.05303428001205,65.46886890696672
46.563421364294754,42.26813746348996,26.131734435953554,64.53846084173118
36.319474411550736,53.57321555486741,27.082840008958527,61.46509299145934
47.758898580306614,43.88594412760366,26.0907620542319,63.05663490997394
45.560117158901846,47.20819862986243,26.368152425381584,61.90568920100286
46.29623803539742,43.0302426727766,26.25759570233179,60.729805905584996
37.067886297986696,55.910067625715335,25.916227842660717,60.48182423937597
46.718908072570684,46.78034368910817,25.277574633000974,61.410981083046934
48.18768103085937,42.79395240511727,25.010423104770013,61.372580485989545
45.66627270690428,52.77738558728364,24.733678093152562,64.01385117464925
45.8203103373155,43.38135816049806,25.788548418657967,62.36172223330284
46.029238325881195,42.81276077790473,25.370692441526575,64.85691158066268
45.773672789552606,41.770515639775745,25.88182351418375,64.16845474430498
47.98205913728121,42.132011245203415,25.622151574940325,63.44546353344963
46.422113799581794,41.330381136142506,26.000728469651612,62.307409970883924
47.271151690853195,41.07718318539138,25.66363101943502,61.45282754005998
46.7404564529397,42.04208854437706,25.382363437410415,63.550990995643375
37.36531102309819,53.75168664934287,26.349972848783267,63.38607052580968
49.51619903680216,43.97226821568158,25.55492727169667,63.586423492867624
39.269417560700504,52.72206854115142,26.847654654621003,61.17319364636144
36.94718550841211,55.42274270893018,27.413470363619606,59.850493706382096
37.90761039658462,57.716975195462894,26.84291298304089,60.66319831638188
47.71888751685236,42.85057166000001,26.14938681608279,63.35453671076853
47.228896179496054,44.14501755571208,25.750638863827447,63.52310617328031
38.08014588544175,55.59776539429498,27.55935569121572,59.85452488362154
47.98385603560918,41.45548073953752,26.692612349145406,59.728078755739666
48.665545821337155,42.54896751361888,25.329232777689455,61.54870240321597
38.054799745180766,52.542893737065434,26.479193394496562,60.294279389461465
