371.0,251.0,16.0,31.0
366.7573117381362,250.0131874892584,16.447973261497893,28.589586878448753
358.5618162879962,242.51391911879162,16.67502437194041,28.8297438112698
355.05443617191014,240.53972045300375,16.58787700086442,28.516996580896738
352.3836314033733,238.53122672028945,16.296886251842952,28.30953383175388
344.5620059762829,231.80986400737703,16.626685487092924,27.830939604005287
341.7024381021406,229.36076302031532,16.78950635958916,27.867366061813932
338.8802921728278,227.67853875222502,16.85117954352767,27.742677926315093
336.3320977367777,225.62300184350713,16.371493554088605,26.277676882211544
329.292010606236,220.0710880646179,15.775561833110206,26.04087709021494
327.4414340419097,217.52740256815596,15.555431907210956,26.553417852828368
324.9000320406668,216.50987581416138,15.378613973600999,25.958660392769644
319.9548019526413,210.9572427385167,14.939023372880921,25.44261942019154
317.28552535466366,208.73919643354003,15.233333740110623,25.464999555010106
314.2215187883049,207.42610600617226,15.002997322317444,24.27617067943918
309.06136629091935,202.610615475588,15.495383618413275,24.079233041932476
306.5135341423209,200.42444201890982,15.015130438282718,23.495208864331197
303.7640502012705,198.22079632477903,15.089123584529986,23.683075458039944
299.22793029660653,194.65699933172434,15.058996166534346,23.528775662290496
297.42751865766706,193.20579278331732,14.431743958343677,23.41113484048331
293.62106439451117,191.56154910140356,14.352008888191326,22.557429498522453
290.1214397335744,188.10719448808678,14.419470689121297,21.956702244133837
288.1045461533563,186.24038073579774,13.895093479444856,21.70193592486332
285.74513294240415,184.22961572234863,13.599096411020648,21.823047681506104
280.2696505048372,180.3389882006431,13.468906812279963,21.847494593205063
278.02854169635503,178.1219640387896,13.533228313745061,21.86364680141277
275.4080520641103,176.87884022750922,13.238623749745447,21.028544126880057
270.80600461253925,174.12087216957383,13.328285399329104,22.255335182252765
267.5999236471414,172.16074646041295,13.625042605868092,21.72801952838779
265.5905997205704,170.27033627394474,13.772178633530999,21.637328075845158
261.2781794506568,168.084153208863,14.084313608992808,22.130431609304743
257.27147041811014,165.83008067720047,13.59601684793336,22.104328765348306
255.08523737797393,163.68376177644836,13.502848832938469,21.93133247158525
251.43822699541522,162.00677470449804,13.040057010471987,21.40690032169399
249.2837648991365,160.80262250362344,13.041329522855222,20.584465963312457
247.36267925668093,159.02127039885278,12.673912029454549,20.46377999183094
243.87688095495116,156.8495586735441,12.390202692679804,21.179550472331186
241.6139923783206,155.16824550867915,12.723116489955089,20.8734213655735
239.55485323997,153.28015993970902,12.640012649247511,20.448210386104982
235.83142058390155,151.1177207858261,12.325360090741986,21.15104702090433
233.194966794002,149.36558107625984,12.372396314320625,20.99721649068249
231.29366006462507,148.98503963485052,12.006217378306811,19.673903176117307
228.95792280070464,146.4927503686696,11.72536367712753,20.20138630236101
227.19021838054633,145.33535114242738,11.77243336588121,19.52617976779149
223.6568308589764,143.15308287395354,11.502773090536142,19.97795080154727
222.54705374887703,141.92626222135976,11.75733762372498,19.484107576219927
220.11427262590445,141.3770782598006,11.740750639312425,18.629615807195112
218.57414044621584,139.83218260999865,11.494702042520476,18.393094150629878
215.1350037997863,137.60173107291828,11.36003782522057,18.178705551351324
213.96466664034787,136.74571122586087,11.390370988945065,17.580404090313795
213.3531866337346,136.7149266579946,11.252465962410533,17.188351546125993
210.14401689708805,135.06980410310348,10.989183304165767,16.915064852421395
208.74935362322915,133.71029595642202,10.719840987831962,16.5754122817327
207.31143067323993,133.73793800707352,10.60412095636604,16.520128180429726
205.3513659748411,131.74042180963409,11.127402997533522,15.844495461317074
203.89894946033723,131.145515349782,11.070345369307974,15.341799434030877
201.90689299948352,128.57461926151703,10.494108763977554,15.50866485379224
200.32548302854792,126.6818780704027,10.396253292914682,16.441056249703564
198.85909981668053,126.24320571441545,10.389397171202212,16.898454883757022
197.14700956878244,124.60260135950429,10.40027641751782,16.766362344098766
195.37836423833085,123.21338442545928,10.538572433527733,16.570675897907176
194.252395851471,122.6732786197822,10.669174575984645,16.378086730503643
192.53026648498312,121.00635008873431,10.72493367985446,15.899881709855217
190.78594115122664,119.59793700924594,10.457850595591172,15.378277867253079
189.05979796718523,119.70744660117869,10.669982468401216,14.75423937147847
189.05460953877358,118.09288599331519,10.281271529251333,14.790658219419877
186.29026831736275,117.3989848649283,10.304681545084417,14.605525497054067
185.53091983882132,117.55037490781372,9.869267180264604,14.3027454112832
184.3177755233762,115.9761362382181,9.642153129745182,14.039705017233452
182.6804303273632,113.47146837715114,9.203526519334062,13.479065235711719
181.74996671466332,113.2126267086101,8.93075663646911,13.641132388083008
180.40709523611625,112.2143212023249,8.788319350599515,13.163085688060189
179.14208744898843,110.21228927862101,8.566567933941004,13.039499049096753
178.3395410314396,109.22246797783671,8.141109033306815,12.988589914933467
176.08487916612384,108.58137884196083,8.022666021568467,12.287439582812445
174.7874705339726,106.22130293212902,8.072871726894782,12.554521174267746
173.15370081909248,106.47755001365894,8.111227311132833,12.042027011207892
170.86889488190337,105.06531771591507,7.942920331954012,12.02374029456141
169.77044323736123,104.25826974637441,7.950297325164631,12.073888879447257
169.67121899367925,103.03370189852862,8.148745812528599,12.327366357984765
168.17956631446293,103.14163828114852,8.245072224525552,12.753044469730693
164.69339866103198,101.59765153580139,8.313271538512764,12.882102534907226
164.3197330275918,99.98033983754307,8.39692064782953,12.798315143605912
162.80539936900593,99.48894940999547,8.437775446223322,13.117137661194896
162.6285316691193,99.29981271034502,8.454069013620796,13.157969228120034
159.9113774212039,97.35818982803144,8.475166675806431,12.981306867513286
158.2895568297805,95.9134693263789,8.358516190037637,12.846485369064363
156.89800044085126,95.04284019686091,8.153071354002606,12.59537188550464
155.75634848130326,95.35063302957512,8.162288909239816,12.304655700627471
153.58887633515573,93.33669004843748,8.008000552693893,11.843309014061791
152.56426233055768,92.84088637234426,7.879129626652466,11.27913141250712
151.9634178197193,92.57413488968186,7.578244827810005,10.911090085520414
150.88807290852426,92.1260824907708,7.409049875257198,10.937238092738976
149.02504720953007,89.95316758766029,7.396572031096968,10.681801139392487
149.10276796929787,89.74686992981746,7.241130511561397,10.810875291035398
147.16318227585052,87.60567037261379,7.159834087128621,10.567025478211356
146.06945628984937,87.13166330256286,7.124317899359678,10.403555538427575
145.16485357068154,87.1700522398097,7.0097891706024384,10.051958497206318
144.0643981771925,85.88140833659845,7.06974767746893,9.685436918475283
143.3645929467939,86.05201475629617,6.891021384689182,9.607280204676027
