15.0,36.0,24.0,27.0
15.578044488366347,35.784380870268066,22.843911023267307,27.431238259463875
19.36821975675869,35.826234580831766,21.590842505143417,27.34753083833647
20.997246739112207,36.702505758195244,20.640835191527337,27.133686251003482
24.054615804994008,37.36728013416075,20.531021975557923,26.55475311354673
24.7044536932188,37.43633708194342,20.711325682466914,27.15662895966068
27.18349406204262,37.21411893601083,20.265939517699124,27.601065251525863
27.707117770071655,37.15901154444773,19.97028728096487,27.711280034652066
30.411153287366453,37.895267673866115,19.80110621427328,26.987180628372137
32.976469778047544,38.49804517084984,19.078358762732158,26.516273222708207
34.62020640229227,38.8606137629831,19.369051596078826,25.791136038441692
35.815901804809805,39.241504177979174,19.105812838081064,26.448123239807742
38.60968065890833,40.6732338880747,19.23866676874328,26.44486963904633
40.21821509600024,40.05223274933886,19.607521109306756,26.969687273568542
42.73679488955263,40.21288366563222,19.688796701132862,26.648385440981826
43.38382786651874,40.90869574698401,19.122389580733454,26.71207894534392
46.99155141781704,40.83847544934229,17.66153802195072,27.571843983604083
47.95895081641135,41.31929062219989,17.142838541483496,28.734362612970997
50.468111456632904,41.570811900305884,17.141327237284813,29.66469433568598
50.95722844237147,42.62558249038536,17.62404722935173,29.016107119071084
54.3387451912337,43.37746853871512,17.42194678379976,28.970320145116567
56.10582652004081,43.93253385787,16.787407683337257,28.585095396094733
59.237298316104166,43.29550776163456,16.192170153875125,28.442221072899457
60.767064068240316,42.126346684713305,15.917655071756858,27.29927269904944
63.08503731179633,43.7336066798547,16.678950312702504,26.783373572795476
65.01231751710021,43.70431006375871,16.903225981173357,26.841966804987464
67.79270413360692,43.666287634787224,17.502424196195612,26.91801166293044
68.76467995650418,43.44315608511579,17.645256450834935,27.364274762273304
72.0381653365003,43.109718224744434,17.440299507312417,27.326482281186045
73.65623460948048,43.18695939688794,17.00687213594035,27.171999936899034
75.90491167558578,43.04410301259314,16.656182835350382,27.457712705488625
78.76863420062415,43.149671215129715,16.444586051255897,27.93605733366328
81.17748381227435,43.216692599403856,17.17109295290413,27.802014565114995
82.23053927269049,43.312990948819085,17.17480315038296,27.609417866284534
84.35147594819523,43.25116914727356,17.13569620821424,27.032600401235452
87.21651860848988,42.964308451336755,16.243902649647936,26.915137255677205
87.68691728101479,42.06754462322547,15.303105304598105,26.685296857622568
90.48405706826475,42.00045063005845,14.94988772909084,26.819484843956612
93.57527276741821,41.79479614037243,14.627462650339485,27.230793823328654
95.66419650880512,41.35474100250438,14.35964859439003,28.110904099064754
98.00632153142563,41.031756515075436,14.95543685997455,28.096868285069462
100.78246597726836,41.73224635578316,14.763517584851838,27.365934805724358
101.05442099645181,41.35919613044358,14.219607546484916,26.800049171430686
105.34118256459749,41.288667815150376,13.306146631056933,26.941105802017095
107.73613363741725,41.9906973306249,13.513490952291866,26.16170257942735
109.93201966261363,41.43376437347078,14.056261146625907,26.65875071314474
109.68292258811803,40.83465969275246,14.554455295617096,27.22350414418554
112.15687729702229,41.15185280918628,14.809057432779813,26.589117911317906
114.6817956071406,40.263882118581435,14.27637302376138,27.07444437503667
117.3525162737297,39.47919558907632,13.438378050526385,27.357118474063142
119.56510225205386,39.14978376207203,14.077459154146169,26.74987886300469
120.53031621966369,38.433552192398935,15.322831718289025,26.912021802605878
122.15682538083229,39.42158270463744,16.681596133559978,26.91243909424666
124.948119405755,39.19972382809443,16.553227602760497,27.356156847332684
124.90760124748839,39.60108443775837,17.320498413523033,27.239670122234145
127.32818055228795,38.296548095862306,15.966214236812823,28.4539930328707
129.21142786598924,37.15105505378042,15.662647513648704,28.667222374491374
131.90404947549402,35.90682200863522,15.111306710027778,29.774573488956456
134.3509593081763,36.77598525609581,15.796455219580398,28.733618015899914
134.70202624363944,36.16636586499244,15.788144101444143,29.259034045316657
136.5300757140452,35.334766476987106,16.34062381351901,29.519373270365175
139.52311387790033,35.324846135532034,16.072233456798237,30.253924699649005
141.41769181926716,34.211060428485794,15.16687391454818,30.31864885837878
143.7024088224433,34.21702751260962,14.128950201392591,30.306714690131127
146.20080259960537,35.46914303117091,13.948739120128451,29.17864835959712
147.51955562631161,36.66103830498974,13.98523510110074,28.131858829151852
147.52679209947345,37.257829822639096,14.6246028726859,26.938275793853144
150.56007268880722,37.538575750618435,15.031165109284075,27.02409627942103
151.03401955176017,37.92775440991525,14.738792044633525,26.245738960827396
155.59335799782008,38.97592166152239,13.927561588858186,26.066507481384924
158.25612068429385,39.11253899231998,12.95976625802911,25.793272819789742
160.52675891693042,39.29323921398773,13.233368776009286,25.431872376454244
161.9919684187178,40.060269308965566,13.910617223595754,24.499090095025437
164.18430947098008,39.85894859755212,14.318765322368836,24.302627742440123
165.96468901543648,40.21970310313464,14.376660395690667,24.184227758314194
166.80156611650688,40.10784247574594,13.907561639399617,23.80562129016672
168.722703451281,38.08719345024788,13.597921315737565,24.314284995276633
170.94273672657877,38.04847162093509,13.295202777329072,24.391728653902227
172.69098896736278,38.130398149585226,13.32086715447343,24.81490373972069
174.6906865166794,38.104676804424344,14.07110977154273,24.866346430042455
176.65561728093422,37.470869700418405,14.999393127367473,25.52669252751253
177.15965921184136,37.992579232479635,15.256909341780268,25.74887353961715
179.550697160058,37.69695355091386,15.598465831493286,26.980578951016994
183.13995001607864,37.36458630086675,15.065157195306046,27.645313451111214
183.88175131479372,36.99019770213509,14.91209802329088,27.728818935867018
186.5992669538694,37.17706307927476,14.788137139085574,28.682855780074213
189.26462351097706,49.27017860929889,15.539475575539019,28.824830922701068
188.30207585201535,49.37382678027446,16.083021831881524,29.308309111540392
189.1280133768714,47.90023958801122,15.845543014839057,30.841087263397274
191.49276479081647,36.41552407436551,16.19579515204679,29.863102026655802
191.42181873194727,36.883874208988594,16.337687269785167,28.92640175740964
193.0203562400207,36.13248846599483,15.964190875223686,28.311489277208167
195.50198824580443,36.36885209096787,16.5244734734806,27.838762027262096
197.4405496583044,36.826882003952846,17.497861326932927,27.61563229821389
197.42320829169222,38.13773576848075,18.238511816495226,27.11182803817198
197.9934768263816,38.87276257044637,18.51948017305717,26.352527147211077
200.8200131160691,37.913593555275206,17.794050354527247,26.159018280048357
205.12854894527524,38.42336181960878,16.756345558530036,27.20658180476714
211.00634599494398,38.5226026341044,15.99950748008494,29.07036692969323
189.30806861160582,55.797416941930415,16.55819574643052,26.824703215929972
