173.0,55.0,10.0,20.0
166.4740812444518,54.08354171454573,10.008512005049983,19.96958435575906
166.82125716916036,54.66978371122749,10.245230083425522,19.728170290188174
166.8174791680099,54.69994884325208,10.252786085726427,19.667840026138993
167.29014821272892,54.52584488765691,10.238093000840061,19.55072543505348
167.72158924972567,54.6932129704732,9.838559769848647,19.67933811242296
167.59345907905012,55.13075641126301,9.636474996164438,19.72094146091396
167.81076583887457,56.08821582905519,9.657312893867644,19.62782829473795
174.10923363115182,56.258481790538035,9.785031287589412,19.287296371772257
175.0891456260155,57.15881963788872,9.631914348155636,18.84165096479107
175.29148265288978,57.53878120106013,9.669740114482268,18.081727838448252
175.42964775723982,56.91693142092447,9.393409905782239,18.029479957655983
170.11809491830232,57.089388911119,9.35478523856641,18.111034191070566
175.9923708786244,57.26291915834209,9.135289400911432,18.19097577377211
170.92400649518896,56.67832073959758,9.086746037782298,18.08701359501112
170.64596001386528,56.408478799948966,9.220814671355104,18.62669747430834
171.6152375238704,56.570024579289054,9.44348158488129,18.735850302335447
171.41390467287644,58.26459166787746,9.40845180271348,18.410584514248608
171.31842255881975,57.40070414376983,9.167093360526568,18.841391551562882
171.09506847693942,57.19344675082582,9.613801524287215,18.82145550365233
171.61784511770261,57.42050781670741,9.452030587279094,19.251115716407377
171.5236607302978,57.72349643835038,9.640399362088715,19.09052250870233
171.28508698591907,58.05820527893348,9.671252065757653,18.867399612624656
171.43198294444693,58.33112893728364,9.821016073099077,18.765108220321533
171.47533694383202,57.94144712948604,9.734308074328897,18.65520722447128
171.41735515285663,57.80444660120257,9.85027165627968,18.92920828103822
172.13318678926765,58.387124864471794,9.761248388792172,19.10649175983433
171.92060913112928,57.958591473949966,9.737788465221183,19.5149433010302
172.05497455231495,58.731649611027144,9.923252290351217,19.331411029380046
172.08858106509524,58.81199383783242,9.856039264790633,19.17072257576951
172.30648903006468,58.64827816161194,9.87141531274833,19.046961950313857
172.56603436044384,58.668579613562855,9.801964701884868,19.455999096306847
161.88396928189286,58.22407206902501,9.807346062416773,18.5272483303553
161.91241987427128,58.39164404289924,9.309544974016806,18.19210438260684
173.28530094399144,59.790478426228624,9.216622188525319,18.386320058922433
174.14628618223955,59.93654589371642,9.20926634892146,18.522838783169913
173.47530280973012,60.08235601891861,9.259658698852425,18.661743331128164
173.27693096505013,59.84034047189013,9.222972360348987,19.145774425185117
183.4519595194851,59.289485857375695,9.106778541723763,18.927883874415407
173.61734826876625,59.62161278410399,9.216063079973395,19.13296059710052
173.5422891816456,59.92159563096834,8.926621864707165,18.972554292879323
184.4493421705306,59.49628370132456,8.721400983397608,18.526645046379258
176.16628375808511,61.23056011609007,8.825609348027143,18.43489395228646
177.8568841308614,61.23214265185601,8.82503925960987,18.431728880754576
175.00434019903136,61.10669981106633,8.614808851411834,18.68261456233394
175.53430838709582,60.77852648671195,8.822396530083147,18.49394517450922
176.7049433605544,61.42934859483324,9.021432029635797,18.46245368150153
175.31746937820873,61.42127216832431,9.238068434382473,18.478606534519393
175.6766650712369,61.393912887854796,8.95005296817475,18.533325095458416
175.5226950024313,61.926637941844,8.831812763585969,18.746416014079884
180.12640830342792,61.678949546759135,9.02341758724264,18.814564103083697
183.1441970641939,61.56512186664841,9.029696488386174,19.042219463305145
183.0616523988708,61.49125373256264,9.194785819032353,18.754965051586822
183.0567583371296,61.51432671633739,9.204573942514724,18.708819084037323
182.56298561120795,61.636604230990606,9.325791659811731,18.464264054730886
184.1705621935082,62.38524012044804,9.132416746289692,18.262040097706787
194.24922870989423,62.24686332085813,8.967814993290617,18.113416435614837
187.56447981005553,62.37057429315707,8.886039976468545,17.865994491016963
186.20682221636463,62.5739574662653,8.694144804579807,17.87454391041058
195.6659428623192,62.25052510294623,8.733095170062615,17.69718291281429
196.0391872620057,61.93659779528136,8.396802805737561,17.91484109309615
195.949339677932,62.794101104349195,8.168975448337443,18.2374471026979
195.70433195889208,63.73750020676706,8.250768731895345,17.575315361427993
197.03586735753416,63.50288976229286,8.38789285309697,16.84445271388249
196.86127403103703,64.23806945299368,8.345338585317,16.54931609480351
185.7949176704271,64.17601999511541,8.437112826083709,16.67341501056007
184.9440612185805,64.15835517126843,8.578477023055427,17.098831834934415
186.3157780033081,63.87175526312613,8.626382762786466,17.273268892763816
186.45799268018362,63.93289092883508,8.341953409035455,17.150997561345925
186.25927469068054,65.3314291159059,8.343963017057263,17.12190578409465
187.3666540115303,65.21126507978119,8.49942209926113,16.967197569026872
187.26112803406545,65.16814606639618,8.31500623633453,17.4489034136532
188.682093579909,64.32627085481971,8.268214501692345,17.535431347066147
188.0008534034063,64.92982695987453,8.431441123010146,17.527572868644164
187.523552257608,65.83459919592522,8.178602748868071,17.327949284194325
188.24274220528142,65.37278719743186,8.32088165017745,17.461243882852933
187.72182188940837,65.78775281357343,8.563546414297136,17.430488518196192
186.85140181086942,65.58856237599632,8.69095889764979,17.425512474919106
189.58663659832177,66.10726649802538,8.491882364324457,17.19908777571935
188.90583006460386,65.74417366177374,8.657303236869716,17.52654271659246
187.0507544247875,65.88926048918019,8.70997079865058,17.23636906177955
186.48201473981175,65.83212243175436,8.638298797713073,17.350645176631232
185.83627274526322,65.73379297393761,8.719329558410688,17.547304092264707
186.98697834890567,66.04084104557354,8.864510718203414,17.340973343505787
187.01739716740875,67.75726041470651,8.80367308119726,17.16614872125339
196.8201507057801,66.62422127855571,8.572790997403796,17.414036890122787
192.0294629858236,68.46110122009928,8.475525310771904,16.966490715883907
191.81963828542663,67.09669109955945,8.500130686123047,16.930002778863997
202.13521192768675,67.10845809262032,8.405623563901589,16.90646879274226
194.05942802585648,67.65104852957788,8.053060700972491,17.000154395012128
186.58604846719413,67.60870928030977,8.248293196153128,17.08483289354834
194.9748982449752,67.45553357681108,7.969557865217609,16.998351819006977
190.5796793904914,67.70594277843696,7.865551826507251,17.270963306857652
194.8375938516302,68.24661113070106,7.904670707300458,16.967349129881338
187.2507824321567,66.52621314381716,8.443348858912017,17.32710411684166
188.99129687828125,68.12244422353382,8.560159769702178,17.332721782332086
190.6522261096842,68.54058368244428,8.453250217610368,17.30018009218972
193.31567530747336,68.97565704979247,8.320352235579858,17.628648837542812
194.36943156383222,68.28157301150432,8.624954154397233,17.810759698351532
194.0331658630156,69.02443419822926,8.477527302211186,17.55497470563062
189.4480807231351,68.40828060814769,8.363018034883881,17.979918446916514
191.11832533253514,69.23655605488997,8.693447242703206,18.362766679331607
190.13045594092912,68.91872576412007,8.992287859681962,18.998427260871395
192.83313119624603,69.2549216202227,8.791339340811799,19.193435880626755
193.91343521993156,68.99920095097998,8.7958662015625,19.271850237487854
193.42891681562617,69.03059435524139,8.896410768921573,19.209063428965035
193.12611263611376,68.94013714360986,9.066925789314645,19.389977852228096
194.7122958257671,69.43675715503906,8.979507806758313,20.159565484655573
193.94890224573078,68.43417614354603,9.15521531930284,20.363287977604195
194.9563192214464,69.51522853532552,9.42240210840971,20.483203934583273
194.46386624317196,69.1042882000324,9.481645290113363,20.379421830324354
196.01567959821116,69.7113803465036,9.152165010087213,20.08995301406606
195.83788579773525,69.86644871261512,9.055372029890957,20.232196862991106
195.49628096709955,70.49003243357579,9.285834320255404,19.89052416288377
195.17936923642813,70.03463569750157,9.467838817428476,19.897679706692703
196.59457905402522,70.72053736777762,9.368010602129742,20.34627064607094
196.2003098559458,70.13152098932397,9.236773378922727,20.604527783612372
195.95133069155142,70.62003550315444,9.273393186848686,20.550175797677028
195.72734687734047,70.41715631361139,9.260168262867966,20.494741624360483
197.33680772940727,70.18915575790841,9.262334495775608,20.490587316189114
196.2664922550326,71.06800736687623,9.562433031063145,20.5734165117153
197.42139788990988,71.43557853255193,9.585589102125608,20.30486764852731
196.64162676050765,71.3501861091487,9.755870847148042,20.012565657406455
197.94600452097475,72.02707955167018,9.456041878565657,20.04413470377454
197.40982474000316,71.43439057576877,9.614346029695394,20.315457244763973
198.77746756311936,71.61707820677425,9.661516445272639,20.413824659721286
198.63775621800275,71.86520186014693,9.474940245496462,20.38357624298534
199.88383953371763,71.05324904408394,9.29427864388865,20.158277851253743
198.42027513430813,71.94621646357633,9.486229021359058,20.195795293168025
196.3721438483818,71.93481086911149,9.904379544631738,20.218606482097726
201.2086614775253,71.80099750775061,9.578824308265691,20.48623320481949
193.09771819896767,71.7509900909973,9.969947875418493,20.586248038326076
202.09151650632307,72.1405733017884,9.516041975373728,20.754848682401523
199.89628751501598,72.63259983698312,9.690711062389308,20.239216600411947
197.90217268672922,72.8878497415887,9.50328820545543,20.192678181590505
198.75701251657281,73.21095999740523,9.633673838983704,20.006473993261324
193.55406041749785,72.28682612839457,9.928979091123875,20.476023693190392
193.76987814311792,71.79242429004417,9.9689055930154,20.993265416759584
194.28675721061728,72.74949572065181,9.89475548877863,21.478142632449135
192.631831835084,72.51363932755585,10.291188883326496,20.97871629980148
194.57323353283746,72.4220699141193,10.289950190119209,21.161855126674578
206.44687404010645,72.2033509549546,9.959476070354906,21.11144290136285
197.01374579122756,72.1534149167164,10.052611682996362,21.21131497783925
194.8754952235565,72.98986890935632,9.96913670889096,21.476174152313895
199.87722699536099,72.8483743372509,10.18935691744553,21.75916329652472
207.50458434211356,73.11457652882889,10.27374525825985,21.72156868866938
199.44868097805744,73.34223283415456,10.522042808544676,21.761990739825166
207.15357453516108,74.21606570403384,10.131678036907664,21.51626723432364
200.8556890074302,73.51131489620073,10.47082700984248,21.94523908338769
200.67957097443255,73.45942778378158,10.32063279687386,22.049013308225987
197.6154701598819,73.27902938496702,10.432955347703695,22.409810105855104
199.52513572176625,74.05098527123748,10.68193249389337,22.39151393454859
204.54437010794268,74.57738060902888,10.89577951945449,21.8513390488615
206.29357737866064,74.08100273043438,10.44798417226465,21.8272217413018
205.77829301487947,75.80745360342767,10.477930783291267,21.37618634492233
202.56455059856927,74.94094243304173,10.480226261828047,21.6264726809057
205.89257206121835,74.57622773405741,10.297426769792288,21.85796027631567
205.59615764063216,74.89223790551011,10.392120348712242,21.72407519566272
206.48099532404467,74.94953852241672,10.115946348269592,22.107307750643628
201.75037381220653,74.30465074530113,10.602547554491007,22.399900880713133
205.57199226832472,74.42210524339927,10.62963060556271,22.6763465487374
206.85895743905374,75.10153080620125,10.63497504543362,22.86506029193084
201.21952284695655,74.62891923760668,10.50253359191571,22.77289155296431
206.8484022219803,75.21760415496269,10.575622299232553,22.1105602390416
203.43692094135983,76.37634973095616,10.305253401925523,22.326401750821788
203.31555609677804,76.24374545946442,10.042891422747347,22.086518625463462
203.436281755842,76.78675157729808,9.801440104619402,21.99452371013291
