81.0,79.0,26.0,19.0
84.44765248969867,80.38222345476935,24.05029780671213,20.47464119284087
87.91582974143894,82.51836750362563,23.419475229768324,20.40604104615277
88.90394762730462,83.2526415513358,23.51251228745279,20.317008170342973
93.69335257770035,86.3765267619029,24.280250902917977,20.277166858962772
96.29902729338431,88.56220220212893,24.676767917469945,20.81269911869063
99.35642805388761,91.26535464842681,25.003474702093982,21.132179386655416
103.58428149168519,93.42922416543468,25.258639751578524,21.15987631517953
107.93890635487827,96.31088826921959,26.043127024530904,21.238847799510342
111.24305521306945,98.85837972224687,26.871193966966203,21.349320154628153
113.70064893871613,99.16053459266585,27.2629334337122,21.503142830652944
116.6345851147468,102.70412667086916,28.294725476328296,22.848881823296555
122.46832193563766,105.18408973135482,29.495553117974993,23.518837513825193
128.78857526920953,108.41041473260069,29.358219334862078,23.734546382816582
133.94192953480024,111.21710507326898,29.905641717554445,23.96569773202736
138.46696373638918,114.03051134322943,30.17342362773428,24.268426300606826
142.48638285139558,116.86514129767697,30.695487885461432,25.447888381903706
148.9929638613533,119.79464558501388,32.69641331658821,26.65433272536739
155.79008630930525,122.61855564275673,33.10385546229796,28.474079032075647
161.7256829078566,127.38109319568994,33.83025750602166,28.639461803768036
167.91006339044236,132.0273489033061,35.22245617166676,28.19328157977496
174.4405921834725,136.43782451619222,36.12133239860259,28.346573519500247
181.20320621976978,140.5770398789023,37.79703245809214,29.188699673330532
188.66341086369067,145.2821910543151,38.667325624795055,29.252818795231754
197.10531534146506,152.55977360940534,38.8561033313269,29.636167014371765
201.56346517099223,153.12146026528208,38.54918371177709,30.665138712494425
214.82526522858453,162.1219430207898,38.14286531779392,30.07569434894662
221.32266871706878,166.89959675437746,38.01719992813887,30.172243072256414
229.7811664345279,172.9120088703415,39.325417962586194,31.012275406939313
238.01040858857326,180.07229625874206,40.558844380806086,32.17212251565997
246.07875937873303,184.8992859946417,41.574106700684055,32.809321383979196
254.97978277024657,192.92158139743137,42.48178433735607,34.305097221867754
263.9449383149798,200.22692947177305,42.664378843510114,35.39225258938882
276.17358771707,209.0105502256594,43.993061796067295,37.471473372463784
284.9575774571779,217.94432792747492,45.653251332618595,38.83208698559962
294.50145636234515,227.31026922447307,46.50639182536494,40.04110269468437
304.71384003729753,236.7751121723467,47.87365018273528,41.54144089950743
309.1169602282584,240.80785218020938,50.32523897885797,43.326561414570904
314.3916617759606,248.1733001149227,54.51385169884337,40.38607819745607
324.0226635626863,256.74314293766827,57.60696563721619,33.67878072414966
