148.0,170.0,31.0,97.0
143.56480858181686,172.0196354974617,39.870382836366275,92.96072900507662
141.5114120491064,172.392265386129,43.97717590178716,92.21546922774198
142.12143828386897,172.33925255751586,44.867988502015734,92.32149488496826
141.43827560828865,172.5864756294253,46.23431385317637,91.82704874114937
147.45951183457564,172.73243342204384,44.91359852540558,91.53513315591232
147.78072509399232,172.84847231227792,44.27117200657219,91.30305537544415
149.88946476046266,171.74503530843975,42.156356936749035,91.40726512000296
150.3750473515488,171.76542618151956,41.18519175457676,91.36648337384341
150.69848624974168,171.68410209344285,40.53831395819099,91.52913154999683
153.32994290782,170.50003858967213,41.39743950352173,91.85657893704244
152.71610115850518,171.00756406518408,42.6251230021514,90.84152798601855
155.79091171000346,168.46592708266854,40.61002950884061,93.85753814620668
156.81533195995772,167.86138095103377,40.63686692860666,95.06663040947626
162.7264952266957,169.23594983498936,41.3764206437051,94.4111393496608
162.8845845258583,169.1734915196422,41.06024204537992,94.53605598035514
164.7391099140726,170.85137038303304,41.538087960599626,93.27374659939758
164.59717004873053,171.10305186077392,41.821967691283774,92.7703836439158
164.74587671536307,170.9448607705158,41.5245543580187,93.08676582443208
168.04692479449534,170.32485086500972,41.16432073490532,94.32678563544418
167.65461881247234,171.48403657622546,41.948932698951324,94.10066794901108
167.72122586285556,171.34491194767384,41.81571859818491,94.37891720611435
172.07797174459793,173.03053582571175,43.62465102659381,91.00766945003855
171.68314892008328,173.10998069704203,44.414296675623106,90.84877970737796
173.16099520199114,173.02374605401016,43.55711776930592,91.02124899344169
172.91783045281022,172.63794771605407,44.04344726766779,91.7928456693539
172.88407996622718,172.45663743737316,44.11094824083386,92.15546622671573
177.23868330968125,171.87342168585616,41.738699355391574,91.20957846259445
177.468782948574,172.43835050526314,41.278500077606125,90.07972082378046
179.52983797944424,172.42017630912736,39.1890206220753,90.11606921605205
182.07441171808804,172.9327891061261,36.0962996869291,89.09084362205454
181.51321714856385,173.86466519787552,37.21868882597747,87.2270914385557
188.72825727281094,173.66716351603884,38.14708729949227,89.5419046424802
188.61861384611973,173.25370452745003,38.36637415287467,90.36882261965779
188.42454671766737,172.6633522617117,38.754508409779405,91.54952715113443
193.55652697968793,173.80046773589044,40.547445614042644,89.27529620277699
192.4541476826931,174.09711725419217,40.74407740985847,88.68199716617352
192.03315166787513,175.19651756102223,39.583120547547,88.48614544446085
194.21569762450457,174.07771751416925,39.17750598643832,88.74400686209167
193.97420741571062,175.976843904965,39.660486404026216,86.92209777297188
196.9864417187724,175.38224886610806,39.5111653690171,86.15290532698097
198.0621092238721,174.20822717937241,39.30441547993628,86.55636357933359
199.91192855007583,171.04315685844483,37.55160228094006,90.93967876777752
199.59214179780187,170.73293786067808,38.191175785487985,91.56011676331104
199.93783490240443,170.95208501919058,37.49978957628288,91.12182244628603
201.61902844923537,169.54668702997859,38.09948809066068,91.9515756206902
202.22050011678343,169.6053200057786,36.89654475556457,91.83430966909017
208.68520049069866,167.65056875677627,37.831115413594695,95.74381216709487
208.15067050282448,168.6230267735109,38.90017538934308,95.85241716913536
208.41201325093027,170.6031100580675,40.451654012941376,93.9664147198321
208.2897339676527,170.46405106428665,40.696212579496525,94.24453270739374
209.2065428833538,170.6484456321833,40.945396143043766,93.87574357160048
210.0461602107199,171.34640702441075,41.348021131334534,92.47982078714556
210.8989470556761,171.25751377376668,41.711158396749084,92.65760728843371
211.9766968828088,171.79774017380993,41.63332966936298,91.57715448834719
213.57596662486398,171.7992733969468,40.4954029069753,91.57408804207347
214.17299236567217,171.5404748492286,39.30135142535892,92.0916851375099
215.396956192924,173.7809349263232,40.907424102860446,89.63776514932324
215.17208844688463,174.11732076111142,41.35715959493918,88.96499347974681
218.77802521274705,174.58201772480118,42.216452470896115,88.0355995523673
218.7784392153397,174.31589165034444,42.21562446571086,88.56785170128077
219.85977443312737,174.4056642466304,42.079939524785836,88.38830650870878
219.91751139130398,174.65318360308848,41.96446560843267,87.89326779579268
222.08504228917297,172.2431207474635,41.65494902789986,88.6878482918374
221.89079052000622,172.05813249485092,42.04345256623336,89.05782479706255
221.80996562592094,172.4137911262008,42.20510235440396,88.34650753436276
225.08392183945895,171.42712772315033,41.727911858251524,92.34340831743829
225.26087254650238,170.90638359413919,41.37401044416466,93.38489657546056
225.08433533431528,169.54685754369723,41.72708486853884,94.02165155536504
226.02799701842375,170.0507611188914,41.93750564025978,93.01384440497677
225.7820466484198,170.37190678127376,42.429406380267665,92.37155308021195
229.0745434229468,169.00497993062407,42.10273875069991,95.10540678151139
229.51991172718814,168.5987468026902,41.212002142217194,95.91787303737911
229.64658348847868,169.57131280542188,40.958658619636125,93.97274103191575
229.65678881572416,169.74537258836523,40.938247965145194,93.62462146602905
230.62942144098835,170.37571743356597,41.071078674294405,92.36393177562756
231.6830074035298,171.38283327180017,41.026066996163735,90.34970009915915
232.0907737566935,171.8497412278411,40.210534289836346,89.41588418707732
232.97717541196326,176.53478984037534,40.44198689826268,86.05855471890642
233.2021898975226,178.31250626836263,39.99195792714397,84.46260792931967
234.4354401990715,177.30561131077553,39.453837654760605,84.54801751377946
235.67867456385687,177.06881819579814,38.88760156791378,85.02160374373422
235.40418152120273,177.30190643549537,39.436587653222084,84.55542726433978
236.57849826473858,177.32831007663353,39.00799329954226,84.50261998206342
236.50925870747517,177.77147160151733,39.146472414069066,83.61629693229584
236.43707638426721,177.8532400838226,39.290837060484975,83.45275996768525
236.12333978383177,176.23709049154826,39.91831026135586,84.78362395071358
235.89815641322926,175.84054013841538,40.368677002560894,85.57672465697938
236.19277487562377,174.05233420722857,39.779440077771866,87.20194955082599
235.93165697919747,172.7704358331388,40.301675870624486,87.80121173655112
236.3115627284679,172.5016616659801,39.541864372083644,88.33876007086855
236.27399273437675,172.4008693868729,39.61700436026595,88.54034462908291
236.22729223368893,172.67634209455278,39.710405361641556,87.98939921372317
236.169086879291,173.16249109973512,39.82681607043742,87.01710120335848
235.98442554121283,173.37721702588902,40.19613874659378,86.58764935105066
235.80691684441734,173.6860733813756,40.55115614018474,85.96993664007752
235.89337761850214,173.77204835982002,40.37823459201516,85.79798668318873
236.0756512503284,170.8231980291539,40.01368732836262,87.78653228165788
235.9767352801196,171.49862658432139,40.211519268780215,88.41281120271675
235.73373168183127,170.0172767063495,40.69752646535685,89.38580608691487
235.95035747337005,169.1448286681266,40.264274882279295,91.13070216336062
236.06808405346473,169.21041131522605,40.02882172208994,90.99953686916174
161.18345455022586,169.65848044630343,44.06783670590741,86.05533627304418
158.4133186847679,170.20437818287155,45.56343231703138,82.94120274001192
158.84992795577702,170.44489900831348,44.69021377501311,82.46016108912804
158.31049179952907,172.38469840582752,45.76908608750896,80.56072152769238
158.00102768598694,172.4480316940547,46.38801431459323,80.43405495123804
159.51920719243807,175.01884749680954,47.309904022440875,77.27154770610326
159.4925332138982,176.80177214999898,47.36325197952063,75.65337487019826
161.8671629641372,180.9234275368096,46.46283299062425,73.1833248639494
163.44396507444532,181.43633147858512,45.18163639855831,72.15751698039838
165.0648064878177,184.12553602774838,43.77556565767978,70.45033205380447
165.35549176361002,184.7162523561597,43.19419510609518,69.26889939698181
166.72793571964547,185.88698700397856,42.20843880010162,68.68656170742149
167.6890495991153,189.37878595469886,40.28621104116202,66.90462837415011
169.3832033790155,189.99241832235896,38.57288568541634,65.67736363882986
121.51871206733867,170.46973831180713,33.37795631696985,75.422233081669
122.5445331572734,167.71948117707612,31.32631413710037,82.60384885851711
169.79424718877524,187.76830288700862,38.21985366039405,70.47667925556168
173.06335825803717,189.4581232388935,38.452863317879434,65.4042306027896
173.83824868801793,191.9345160866575,36.903082457917876,63.69488217850977
174.4867701241092,193.75214027397695,35.60603958573534,61.62974495241021
176.01841055648026,194.52442130036198,34.0602586378851,60.08518289964012
176.84927810022418,195.52728841078496,32.39852355039727,59.547824049796525
177.83840569519026,196.85064062820524,31.852374958923118,58.333226213414
178.07244465452544,192.68861511133406,31.38429704025279,58.22813965424621
178.26254281452853,193.1378574815999,31.004100720246562,58.72495546260657
178.49149131437778,192.0656017561521,31.94229953858939,58.07727527741953
178.9330963439336,192.61073608857237,32.46170473611328,56.98700661257895
179.57806364401773,189.7366115679943,31.171770135945046,59.94457306073106
179.64531434481356,189.12791469343784,31.03726873435342,61.16196680984392
179.55401488813683,188.71847816847995,31.219867647706835,61.98083985975971
179.4659912736803,188.57483010655466,31.395914876619965,62.26813598361031
185.117427343364,184.00860582284622,31.731888315781475,65.58116176176267
184.8631481524423,183.02330139807097,32.24044669762489,67.5517706113132
183.85818325235837,182.62342801165732,32.703637245233686,68.35151738414046
238.65179563712758,185.89145394478464,32.76932595479347,74.3472270583542
244.54780849794557,183.24785916919683,34.215706885068776,76.32481494655204
189.39987477994092,174.8438523572636,36.84916033647768,77.75248371547568
186.8000275862729,173.62175715158764,38.49729598857369,78.42089475920758
185.46364251415878,173.6657592340361,39.35586898913335,78.33289059431065
190.57634340630725,172.45682573129585,38.26936144475928,78.92297875180657
190.55241407290745,172.311599153911,38.317220111558875,79.21343190657629
197.36752698043728,168.8492198262133,37.44553516669621,82.49289317048684
197.38442667346672,167.29588758481592,37.41173578063736,83.7443679913984
199.23139544997343,165.75253043130292,39.336097106289984,84.95831600553572
198.8479704425163,164.35223762546428,40.102947121204224,85.83475544294075
198.82268726990316,164.4692770269265,40.15351346643054,85.60067664001627
198.57103313660483,164.4697960817546,40.65682173302718,85.5996385303601
198.59882841773597,164.61593133880032,40.60123117076489,85.30736801626865
235.99623590378863,170.6929134588408,38.00506811744536,90.71523802670319
236.11405814328253,169.23336546578173,37.769423638457546,93.63433401282128
235.5132063706307,169.41951311882553,38.97112718376124,91.23998131523588
209.53002138158206,164.65794179831795,42.725294146518344,84.69238961780434
208.55309750136706,165.62227672151994,42.69996098149801,82.76371977140036
209.69473231797568,164.1948601233433,40.41669134828079,83.66809337073909
210.46991068563648,163.27681794857216,38.8663346129592,83.57999233604615
237.66009005463394,174.2596894255283,35.674582498656925,88.15648985367818
238.07218760568134,173.3627039543676,34.850387396562155,91.85626846679222
237.86264424931719,172.0500080453931,35.26947410929045,94.48166028474117
237.33565090277824,168.87847650791701,36.32346080236836,94.85645782610109
236.98653297276735,167.99790933144183,37.02169666239011,96.6175921790515
228.3498348829182,167.7454292652504,41.9856562783973,95.07097955081912
227.35709156952888,167.25144825137596,43.971142905175974,93.94143099178268
226.3883592131749,165.35123077836997,45.90860761788391,95.60595324364753
226.1011981145664,165.00890919628372,46.48292981510093,96.29059640782003
226.13168498226517,164.8877898583571,46.42195607970338,96.53283508367325
227.24478593469672,167.92023702345864,48.62857158474155,92.68434945842083
226.8001430118936,168.87717890658388,49.51785743034782,90.7704656921704
227.81040358075148,170.19348322431233,47.49733629263201,90.32311244405933
228.2530552237947,170.4199936908397,46.61203300654564,89.8700915110046
228.59404780397023,170.65388388037644,45.930047846194526,89.4023111319311
230.36710006087804,170.14317409662675,44.487492967128176,88.32018106468126
230.581244798341,170.9101959602375,44.059203492202215,86.78613733745975
230.89394985861807,169.04624999022076,43.43379337164812,86.4482174624255
231.53201923946267,170.20188496822726,42.15765460995888,86.15409616893714
232.01268453414505,169.48087856928524,43.18706355060991,85.6053694368054
232.66085562001564,171.0528360850349,41.89072137886875,84.46199141711259
232.54059257360024,169.94295927779595,42.13124747169956,82.75900809033571
234.1218695742224,174.2828049753279,42.84986248899414,83.78223924161898
232.7874021631493,172.18192248256148,43.55080844485305,84.04802649457731
238.09903340702766,178.99495222747987,42.84738603500555,84.30974311381351
236.80807996665652,175.35737541362874,43.45361127853741,83.68217019267395
235.1534890689638,168.8204168104846,42.8089490486171,84.89455532304497
239.57078792974258,181.37083853922886,41.90870545532978,85.58036278243479
238.36864075462606,169.61484309627156,42.334965608764755,87.3339775035709
237.9003433932979,171.1462156190958,43.271560331421085,86.28228796053949
238.3956236939312,171.57993069906047,42.28099973015445,87.4267709178533
237.90519856073104,171.3562525513266,43.26184999655483,87.87412721332102
236.24138276100655,170.02605422101217,44.55444344005797,88.49948571800405
236.2323316249351,169.98747723290148,44.57254571220082,88.57663969422546
236.2523853781644,168.51849811119382,44.532438205742274,89.44658604260943
239.33080630021104,172.35535029420862,44.6157631104647,88.01304842539554
241.5342778465531,173.45329339369988,44.32982086188189,87.8776626484637
241.4347804365284,173.69041659069475,44.52881568193132,87.40341625447392
244.2270699742054,171.67472482446271,43.04436064791445,91.43479978693799
244.50068249248395,171.35520487059622,42.49713561135736,92.073839694671
244.38465942529584,170.51104692500806,42.72918174573355,91.67919131420143
245.26671197529802,170.7930950407232,43.04635551124005,91.1150950827712
245.2398311826998,171.0103162392766,43.100117096436506,90.68065268566436
249.88798311236363,168.92826661380013,42.096629735013686,92.7715478121411
250.04772378707054,168.18701629238564,41.77714838559986,94.25404845497009
250.35875046385527,167.51138621734896,41.155095032030374,95.60530860504345
250.52708210390853,167.02305468823482,40.81843175192389,96.5819716632717
250.63309503365434,166.8657904590129,40.606405892432235,96.89650012171552
250.8360012561743,167.3068046701838,40.20059344739227,96.01447169937376
250.6514934985337,167.6602182132441,40.56960896267351,95.30764461325313
250.92452946705765,167.7382485012921,40.023537025625586,95.15158403715716
252.137790951509,167.91050099225257,39.681028956127264,94.8070790552362
251.6645127286393,168.59113308842254,40.62758540186665,93.44581486289626
251.6403838988083,168.91822484385995,40.67584306152864,92.79163135202144
251.77968485842442,171.29580456872986,40.397241142296416,92.1592756146884
252.82183852255127,170.48265554897895,40.360262890508125,93.78557365419022
252.742949048695,170.8557849097483,40.51804183822064,93.03931493265151
254.28922621642238,170.87069481194013,39.48769487383854,95.0717024993405
254.17040629658317,170.33327744888533,39.725334713517015,96.14653722545012
253.931697965394,170.51239010289058,40.20275137589532,95.78831191743961
254.5908428622028,169.80301567302806,38.88446158227771,97.20706077716467
254.67441844479004,169.7660964405431,38.71731041710325,97.28089924213458
254.73425861282,169.7421657156093,38.5976300810433,97.32876069200213
255.07978297872643,169.68774244028634,37.90658134923046,97.43760724264806
256.1375199753054,171.15245228898817,37.870328466302276,96.5874086554742
256.896128353402,170.029778329627,38.41946463739274,98.83275657419654
256.66863450721326,171.58837887178123,38.87445232977016,97.82401230029711
257.1890106651962,171.24815520604238,39.935794283028685,98.50445963177478
257.2080033999914,169.4363288437411,39.89780881343822,99.99728487432326
256.85283170309276,172.4750332651683,40.60815220723555,96.07152344188748
257.5599956080737,174.8324337793319,41.30149043982141,93.46438845610797
258.30338022013706,174.46551364738622,41.89689448026294,92.11605545543088
258.3715644893421,173.79936312940413,41.760525941852876,93.44835649139503
258.0933109508592,173.35963215318372,42.317033018818776,94.32781844383584
258.85785336902916,173.29506921931386,42.9005062529518,92.34438624110255
258.8852062121486,173.9822965406282,42.84580056671291,93.06388728406228
258.9043296066219,174.87141785649416,42.80755377776633,91.28564465233035
260.1158724158102,174.43431262353113,42.4613854310843,92.15985511825643
260.48105549919234,173.99815446136063,41.73101926432001,93.03217144259744
260.2584064706367,173.08516938923685,42.17631732143133,92.77468442877641
260.3548646096672,172.03005782120403,41.9834010433704,92.79737401698029
261.4532941063075,172.08178145411682,41.871021264728675,92.69392675115475
261.61555754598396,172.62125336897515,41.54649438537575,91.61498292143808
262.0036042646572,172.63139427545494,40.77040094802933,91.5947011084785
262.570604332661,173.86681315355978,39.63640081202169,91.16957706680226
231.2745667234061,164.06757309236684,41.64119558262402,88.55272102495539
263.35580900357,170.69312391532588,37.98119454792091,93.45236443672472
263.2599742794749,172.85727298252507,38.1728639961112,91.1472757798727
263.5606974045726,171.4379760822681,37.57141774591585,91.99250676519983
261.1976603819008,173.3086593730003,38.30774775637352,90.24601220117843
261.57108948172004,172.59396628439805,37.56088955673495,91.67539837838288
260.7485725589989,176.79826018698796,39.20592340217725,91.22726166659304
260.02331713327004,176.8499859463558,40.656434253634984,91.12381014785743
260.415513780199,181.2936393029413,39.872040959777095,90.38401658843661
261.742352579793,180.99126381465734,39.23071135478772,90.98876756500452
261.4930799152107,180.6018980803304,39.729256683952215,89.75770291215973
263.3399948803254,182.31679373852728,38.036180616695056,90.32941932171019
262.6065361100105,181.79274340547715,39.50309815732483,91.37751998781044
262.6088393348228,179.58365144563325,41.5187252318486,91.7552368592016
262.5638634835725,180.61038056364495,41.608676934349205,91.76296808601091
237.59405301303659,163.45835999299496,42.039180970602466,86.87229167766287
237.47071789281966,163.96565896422533,40.286678102388585,83.8585206265545
237.53384973369708,164.4230537614156,40.16041442063373,82.94373103217399
237.2486520752165,163.14210935623754,40.73080973759487,81.68731124828372
237.15534659878895,163.55290741093924,40.91742069045001,80.86571513888032
268.8394688699449,179.13521078167065,38.08911876830231,91.32231894878032
270.3962778965802,175.17309452035704,38.964309762647275,97.25214694759973
270.10588805218345,172.8923471973085,39.54508945144086,99.7181735209885
275.86420684408137,172.28446812623355,40.87643325381455,100.93393166313844
275.31241551654256,171.24715783016103,41.980015908892156,103.00855225528348
277.16407408682875,168.50708799621958,42.740988149757946,106.25654723244726
276.62111620202273,167.35290189495834,43.826903919370054,108.56491943496971
278.235767020271,169.2690735764343,45.28782136486197,104.7325760720178
277.9758155818221,169.2943264998779,45.80772424175989,104.68207022513057
284.1042951648114,169.83684170244214,42.84730835791004,105.92117564053433
284.2681945768085,170.71942660537326,42.51950953391572,106.44557051575062
284.28428918022064,170.83758812166892,42.48732032709154,106.20924748315927
287.1739335195619,169.31482985059517,41.28261641053246,106.96747164424502
286.96153566344213,168.61745288756137,41.707412122771984,106.08558828515682
290.01597297419704,168.20351358020093,40.1416885872264,106.91346689987765
290.12896411150996,168.6245310422288,39.91570631260062,106.07143197582198
291.9525510230202,167.320372147773,38.50775081595196,106.44053143836176
293.2989512953439,166.36479204709076,38.03404231208369,106.13259959894717
293.2538977323277,166.52183233539103,38.124149438116035,105.81851902234658
298.95609678445476,166.86329252403053,37.73601994008179,109.54210608755552
298.34378390893113,167.2730135209768,38.96064569112905,108.72266409366296
299.0999808610046,168.68072950841358,39.708172506970776,108.16715283877807
298.9096473168056,168.7944333666117,40.08883959536871,107.93974512238182
298.7842168846063,168.77143491345763,40.339700459767464,107.98574202868997
300.9046229997188,172.09439842190426,40.64747372532408,105.88840050757833
300.37303534625505,174.65175347697198,41.71064903225161,103.02343699171664
302.4748704442451,173.23995563576094,41.962101251229626,103.61947146665965
302.0611611600342,173.3259480517376,42.78951981965139,103.4474866347063
302.79124982887555,172.37859572434252,43.582214654723025,103.08931911674208
302.2967002384116,171.44586234470222,44.571313835650955,104.95478587602271
303.4660407775182,171.87747409612467,44.53887342205148,104.09156237317781
304.48629111633,171.7710162527703,44.791557365096324,104.30447805988653
304.44843919115993,172.0361421567614,44.86726121543644,103.77422625190437
307.075686608535,172.4060413826607,44.2015583791062,103.03442780010572
306.8485301046088,172.7407307640416,44.65587138695862,102.365049037344
312.67693714749754,171.21462518515176,42.08010227824365,103.14699895085798
312.61467625030747,172.2040010194569,42.20462407262379,103.40416937968143
312.62431532689135,172.19883100893543,42.18534591945607,103.41450940072443
312.57724390312666,172.23727306943837,42.279488766985395,103.33762527971852
312.50542148478286,172.2873666402229,42.423133603673044,103.23743813814947
315.44226343335083,173.04929974202437,41.03610862530486,103.95690139393041
315.3958735715393,172.65503767684675,41.128888348927944,104.74542552428565
318.8727431297739,171.81483682822432,40.90101430342162,106.42582722153051
318.46415019395135,171.73600574498167,41.718200175066585,106.58348938801585
322.48019120497685,169.51952859868146,40.52289767802833,108.73751717227864
322.01086624132415,168.8924222923326,41.46154760533373,109.99172978497637
322.8014108876272,169.01980384809514,42.20370657510803,109.73696667345132
324.0417176412924,168.84311982946937,42.05602363681583,110.09033471070283
327.58718038154444,167.92246420389603,41.97115166466185,111.93164596184951
326.9177240351129,167.75806178309512,43.310064357525036,112.26045080345135
326.6465258994749,168.1863490212658,43.852460628800976,111.40387632710994
333.5036230897931,169.7668750543238,46.8432303614097,113.01567115049264
332.07131747195587,169.97137114333356,49.70784159708421,112.60667897247308
331.01883715402676,169.6450967359091,51.81280223294242,113.25922778732202
332.6513516548929,169.69951750312475,51.10191068866376,113.15038625289068
332.7272227823073,169.52803782406338,50.95016843383496,113.49334561101348
343.19802794216366,168.78584951110207,47.80539517104035,114.97772223693607
343.10193751045045,168.99526037177864,47.997576034466775,114.55890051558293
