263.0,175.0,19.0,62.0
260.2218682698274,175.2991780065223,20.866759804719642,58.94197488320496
259.6997833938493,175.80128744604474,21.910929556675768,57.93775600416011
258.4482572989924,176.5564541697991,21.963893809305038,56.42742255665136
258.44439309140716,177.42535048156856,21.97162222447558,55.893944080554235
255.75421400397667,177.5725739019295,21.36805716138251,56.796281887423135
255.66275986545136,176.99787060365554,21.55096543843313,56.74678079067397
254.4984044249576,177.15103171445966,21.476699945651788,56.44045856906575
250.92719190390966,176.94682406303664,21.44457296898051,56.84887387191181
250.74524035152515,177.43465839918062,21.80847607374953,57.07424404642215
248.76325902352198,177.3951513052567,22.139996118210973,57.15325823427001
248.7323236847964,177.41937459638308,22.201866795662166,57.10481165201726
248.74623805506596,177.29975172075092,22.174038055123027,57.344057403281546
246.80052656727617,177.61592623726187,22.401714266477228,56.71170837025966
245.62464352833427,178.23621518145018,22.321005383836702,55.47113048188306
244.6111115720441,179.12418053894766,21.954185402872003,54.892141713660635
242.88744840165126,179.13776819776555,21.855329996425258,54.86496639602484
242.9462348481645,179.28227222559272,21.737757103398774,54.5759583403705
241.70803338105935,179.23690119598922,21.86686931235529,54.66670039957753
241.58108199546496,179.32015977473716,22.12077208354408,54.5001832420816
240.71098523870785,179.95145849141716,22.681579523495653,53.23758580872166
240.65507607582882,179.68965369789964,22.7933978492537,53.76119539575667
240.79485002368483,180.26942819598423,22.513849953541676,52.60164639958748
240.36193419162282,180.4976161066413,22.220727184492617,52.14527057827336
240.6685054597577,180.24509007163698,21.60758464822285,52.65032264828197
240.9372927232013,180.79762826090365,21.07001012133565,52.68883139682855
241.10003070668458,180.7928705364433,20.74453415436907,52.69834684574927
241.12022026538804,181.04443596468423,20.704155036962156,52.19521598926738
240.95402785621445,181.26836822536006,21.03653985530933,51.74735146791575
241.11076120884525,181.24765123620136,20.72307315004775,51.78878544623315
239.66538942492272,180.2589105530551,20.267580499023886,52.650854739569354
239.59113170129461,179.4466148132035,20.41609594628009,53.155792290447934
239.2401809072572,179.7414258698227,21.11799753435493,52.56617017720953
239.1947016459913,180.61749775996725,21.208956056886752,51.94767791795579
239.05374956995146,180.80396911581553,21.490860208966406,51.574735206259234
239.20439798717558,180.67132606872028,21.189563374518162,51.84002130044972
238.4575601555843,180.49504977781842,21.558774715275245,51.06810955982796
238.62865934599805,180.1883385359486,21.2165763344478,51.68153204356765
238.89930349449807,179.31289000661732,20.67528803744772,52.30976941872925
239.00774074011338,179.16887741949068,20.458413546217137,52.597794592982524
238.92132985489067,180.05470933036995,20.63123531666251,51.948444550221815
237.3495280488271,180.22880354537398,20.4266295765715,51.6002561202138
237.34773770297298,180.79920486916203,20.430210268279698,51.566857411793706
236.64961688231668,180.77531369925677,20.719464418852333,50.50765226086422
236.06580361425122,179.97693134057573,20.790201489588455,51.007527512831544
236.20451781780469,179.56758795861566,20.51277308248152,51.82621427675166
235.99428349482508,180.12987461937772,20.93324172844077,50.701640955227546
235.88872991637027,180.85782573828993,21.14434888535041,50.349227120639995
235.92395625695866,181.16011784887075,21.07389620417362,49.74464289947837
234.79731360235587,180.40670810249685,21.14285232712247,50.15929779909783
234.10908017767565,179.91000250993608,20.32056278023541,51.15270898421937
234.2993177773218,179.5370307867469,19.94008758094313,51.89865243059775
234.08727877695745,179.78927032327724,20.364165581671838,51.39417335753704
233.8997075125939,180.94118696283562,20.739308110398955,50.19366292887577
232.93992708617253,181.20192581546007,20.47344236754319,49.67218522362687
230.9713385178867,180.68145713204873,20.08875943053082,49.6326575720535
230.84057458986769,180.75137930381214,20.350287286568832,49.49281322852673
230.89178997818485,180.60783889605807,20.24785650993453,49.77989404403483
229.98094611077894,180.81705372232278,20.991539950939163,49.36146439150539
229.77612803306616,180.78011217937757,21.40117610636476,49.43534747739582
229.88928967526195,180.49811673248186,21.174852821973168,49.99933837118725
229.23926464937074,180.5228682837543,21.37726928660086,49.94983526864239
229.24997439010687,180.7212086801434,21.355849805128553,49.55315447586418
228.98544172991933,180.4514419718681,20.790532885070217,48.99830565198137
229.1100099153869,180.1856717986315,20.541396514135027,48.453486492684576
227.6438917562016,181.1648092227226,20.281413068260903,47.55928489925059
227.79603671729961,181.93561083948018,19.97712314606493,47.064225713067586
227.92664538879023,182.15148767687907,19.715905803083643,46.63247203826981
227.04662574414064,181.72036582319225,19.42967473456383,46.47158056673391
227.20938901142563,181.92670471777774,19.104148199993872,46.058902777562956
226.67658798244096,181.48560303523695,19.165748899627953,46.94110614264449
226.61670568050454,181.70155608164742,19.285513503500784,46.509200049823576
226.6375280189833,181.3507828080839,19.243868826543306,46.19702560736837
226.38569990033528,181.65733761987804,19.747525063839312,45.583915983780045
226.40169743100248,181.74692299024662,19.715530002504906,45.40474524304287
225.8028278720226,181.52352623221776,19.90789990235993,44.84616954099584
225.91809793176483,181.36669073056183,19.677359782875442,45.1598405443077
226.10581708643818,181.52486175165976,19.301921473528743,44.84349850211187
226.5136082186091,183.0372056513985,19.476280794525714,43.798693873312075
226.54264068094736,182.6456361833439,19.418215869849256,43.603953918031735
226.47467404336953,181.9943956976574,19.554149145004896,43.93240209449614
226.51169323296867,181.89109140062075,19.48011076580663,44.13901068856942
226.64021135204712,181.11094269387314,19.223074527649718,44.71642687977808
226.69654697412844,180.70850055849758,19.1104032834871,45.52131115052927
226.83809780910664,181.33767418008068,18.827301613530658,45.259314679284294
226.99325929786318,181.56677505091278,18.5169786360176,45.78865786174653
226.77814275359657,181.20904427151703,18.947211724550808,45.514461352224465
228.7452526152211,181.173774300087,18.986418573347823,44.59164465207306
228.61481456284827,180.84854117716924,19.247294678093482,45.24211089790856
228.40875812167877,180.99131740558886,19.659407560432413,44.9565584410693
229.06078434643948,180.84587655042026,19.35324321524314,45.24744015140651
228.98677967524748,181.3774302619712,19.50125255762716,45.181025247640704
229.01070457162126,181.5740697280182,19.45340276487959,44.78774631554673
230.0032139850541,181.93748993484658,19.45200288325536,44.06090590188994
229.93445658256005,181.44625971478743,19.589517688243458,44.06211231808815
230.06010225191943,181.34623702004765,19.338226349524717,44.26215770756774
230.73781671171525,180.90119262411952,17.98279742993304,45.15224649942397
231.67990497738418,181.22753109984924,18.04054897687103,44.49956954796452
231.7287187179586,182.0694281399597,17.942921495722185,43.778371427060264
231.96868284937284,182.39462569544065,17.46299323289375,43.12797631609842
232.03501211941958,182.58098832568416,17.33033469280024,42.75525105561138
234.5602741164203,182.50215666166625,17.82866611784437,42.91291438364723
234.39905580920265,181.55223308468769,18.151102732279657,43.876814977400514
234.13882959466426,180.85725723780092,18.67155516135641,44.311182983469465
234.15150329416966,180.34565876816825,18.64620776234561,44.3632896336483
234.5350588911244,180.87190931052382,18.850490334945317,44.282182315446384
237.0111381303947,181.3386424449292,18.767531528009975,43.34871604663564
236.46422506561228,180.819709345923,18.902488798753573,43.42771338582678
236.6437488424685,179.93839869001948,18.54344124504108,44.22794023664332
236.57703104776428,179.84646778392369,18.676876834449548,44.41180204883487
236.88291106482777,179.73913073198864,18.065116800322592,44.626476152704996
237.0356553622987,180.6098186844381,17.759628205380668,43.849962407262495
237.18954094933272,181.50678194602858,17.451857031312645,43.00426686091889
237.63876419097318,182.0385522478713,17.483972843042796,41.94072625723347
238.8093007392457,181.70760493560437,16.97448765931168,42.602620881767365
239.15439016610557,180.9765577904383,17.20057247163459,43.14845150605687
239.60561469225163,180.94904090035033,17.226280063928105,43.20348528623281
239.59977322433448,181.707799490166,17.23796299976244,42.61537587918246
239.62760147940833,181.8106856841895,17.182306489614746,42.40960349113543
240.55698496096397,181.97976858695682,17.157922693598884,42.07143768560082
240.6082650693849,181.7581694788517,17.05536247675701,41.602751944653576
240.45514003346855,181.6899762198103,17.36161254858973,41.73913846273636
240.55251673071507,181.13937639500926,17.166859154096706,41.929626192982596
240.7237701824981,181.1409334054942,16.824352250530648,41.926512172012735
241.68846132062575,182.13457727713063,16.702672361863854,41.74692681632839
242.01817199515025,182.4842439786339,16.942345282756808,41.04759341332179
