97.0,62.0,29.0,23.0
98.8305092470138,65.18845264863653,30.244183654917585,23.163364234653848
99.37084716635863,65.48970170694915,30.841935250326074,23.400079835077676
101.53184105949587,67.04462584987132,30.78091119028141,23.69900253021719
101.970110147474,67.35027044312552,31.616647619656554,23.94385064637449
102.01976869705581,67.6688555793855,32.39021068143513,24.179560534796725
104.59613120272857,68.64991558519415,33.45708055991797,23.994467634558944
104.8062404705856,69.39646245094862,33.03686202420391,24.30472502588114
107.12466865778444,69.65092594533822,32.901984087512815,24.696193724643262
106.94497091926908,71.78051146088563,33.26137956454353,24.96079128036981
109.54392948615137,71.91620878641749,32.63622291938249,25.603948727026825
111.51416470474425,72.31849377565374,32.35773262599152,25.714873784502984
112.61130379958827,72.54060465224255,31.98951884512323,26.183684235735257
112.36336986424837,72.48179631142536,32.48538671580303,26.301300917369637
114.63451652111038,75.49569172984509,32.565559085957446,26.744962037959976
115.5571825082192,75.08010929387638,31.653125940159264,27.576126909897386
118.15598233290069,75.56422872154015,32.048675534382824,27.540079595167605
118.16106625188411,76.3027275962665,32.038507696416,27.93854952346448
118.86634639370288,76.52469417091704,31.57191612879734,28.438585090182247
122.77540497650233,79.67931701944772,31.311600240525767,28.742415510782287
124.17079596097398,80.10305712642136,31.357366700020812,28.840451439647765
124.7126903702719,80.45150153591322,32.169157800835016,29.0913525803691
124.74896277459817,80.89327111816915,33.06104099579465,29.172241419469394
125.21508929335528,81.8841118298161,33.10836118425113,31.108852900058153
126.63682526620342,83.53064806648013,34.30957782856868,31.860469016743963
128.0858627933386,83.37675372104056,33.49524182836112,32.168257707623084
131.93317866953922,85.94315291745166,33.03873655513007,32.205549657065355
131.79790839748003,86.05687062031605,33.30927709924846,31.978114251336557
133.39660609861062,87.97941854797004,33.19616509451792,32.24539625940275
134.7555357113368,87.96662356968241,33.56995160167176,32.27098621597802
134.8526693778986,86.59033087709687,34.412498982792904,31.91312745841479
137.5406208946366,92.9798650008604,33.21384648858741,30.621498193881646
138.0415825041192,93.56639296084741,32.21192326962223,29.448442273907624
140.0663286587632,96.65114740696652,33.987144216624046,27.162075552529302
141.3965068317779,99.40713347580513,34.21122524504862,26.457499038942096
143.5099494714172,102.93493918875232,33.79818107368699,26.076109551902327
145.59479677056322,103.24623601492547,34.33318491091157,25.45351589955603
148.74181012712177,103.97525084510036,33.672697009804295,25.87333250987617
152.06945247132882,104.73159398776977,34.50316939743647,26.23208549354895
153.18559087645787,104.52903998154771,34.17937429162456,26.637193505993046
153.29230897170538,104.39220097695002,33.965938101129545,26.91087151518842
154.0780972537794,106.87585760032789,33.35144061499284,27.686032736500536
157.20460332719767,107.16993837004928,33.819718901467766,28.058055544673664
157.3681224583971,106.59769880668034,33.49268063906891,29.20253467141154
158.4843822093993,107.12920181179013,33.23365746708875,29.126276826204098
162.2395223336817,110.45620564684249,32.593971821279304,29.342863758854683
165.96385261901773,114.4893533009407,31.97064199089099,29.07694643955404
167.09344011058164,115.9510355920502,31.633685610591268,28.075800460163137
167.64422421378242,116.78303461924239,31.47200685148711,27.351691853076154
170.28850865219914,117.86703416855308,31.73817293117929,27.03527107329662
171.55468454238655,120.27816483109234,31.055471099820906,27.761959595267406
174.7871017653233,122.51065008615318,31.997801812665884,28.8523629541846
177.73305296296888,125.25071107546655,32.811550773103804,30.077892331286897
177.72086709008212,125.24467122444734,32.83592251887734,31.08012302741642
180.85078705788138,127.8635990366002,33.62128121917857,31.881009091024758
184.54578471498408,129.9820431486904,34.48281479786118,32.80132642489939
186.34598206096177,131.49798124959747,35.120460313037064,34.00749043021652
186.16088160691396,129.98619687305356,35.490661221132726,34.85387144046342
188.5588567674674,132.57700786652595,36.23359374216053,36.31890886408025
192.6951073358499,133.9557506533093,35.95900489612354,36.98909998653983
195.17314218760222,136.73391321377125,35.597976869620865,38.325337381118885
197.44039562977585,137.0631869824267,36.88321290810558,37.66678984380795
198.3213263834669,138.28225625302662,37.46935055809341,37.57665045997813
202.02006223807442,139.4972440734673,38.34466424867912,38.69215427615423
205.62526139663345,140.19586234464424,38.41331688557498,39.72126805180499
206.45546520962978,142.26975368342946,37.98333206347553,40.495176589807265
210.42607493473187,143.75788782020365,37.45645514891278,41.226079584079585
209.95822500016428,143.8473604722805,37.15341554577409,41.04713427992585
213.56457821737365,147.65648066593465,37.32744723720904,40.81563201847134
217.72135182416318,147.63722466864778,37.625951899166594,40.8541440130451
217.5947481961983,148.3413024066334,39.11480475575241,40.681634137729944
221.09984165438857,151.95277139001192,39.64407545978615,40.99815379138716
225.83770961662404,155.7350162435104,40.32763240198124,39.78322212605645
226.9211441086879,156.52519229270612,40.68392537280748,39.46445100514195
227.656976833654,157.06074557351366,40.47440255318371,39.655487073835275
230.62924409094177,160.21343946838746,40.83922579222909,39.65945703770853
232.37450222228864,162.61806282390165,41.15169479730363,39.92085735037121
236.3188293947896,165.21491598839322,42.19991469050727,39.83393630036268
240.33823681399994,168.97496614358823,41.91152386043068,40.06425999831674
243.7298237311746,169.64575142908927,41.58272643178343,40.013564708455064
245.44508905683423,171.64914192694215,40.72203889933648,41.14646995049407
250.35731579045876,176.06242286477945,41.21169362762009,40.05548922146893
255.61455610089024,178.99852284727152,40.93533919627054,40.58211812493067
257.15459274425814,181.26633291044982,41.70647532706557,41.18144388861518
260.72331165518057,183.17247581212774,41.09561258440735,42.59041814860862
260.4021070918231,182.86124942453267,41.73802171112228,43.21287092379872
264.8087929960446,185.1964107683412,42.28896239902032,43.89358394837651
268.69077923538674,190.6115691927516,44.025016410991064,42.56329359021065
273.38715829880886,193.73758576978477,44.17708628920538,41.76544786760634
276.3438806807205,195.61716000734904,43.67681157891341,42.06617693262625
280.1130968285712,200.94231409921244,44.239721636087765,40.867434827254534
284.0408956888552,203.51541400439802,44.42416661314965,41.08126348196996
286.11514401128903,204.00333773554772,44.31452470137428,42.7979858417321
290.5068678936312,208.21595759673397,45.13366704945324,43.975336232122885
290.142607422219,207.89105119856302,45.86218799227763,44.62514902846484
290.2147864816001,208.0486443593134,47.1427940164135,45.73492684986207
296.5293646657451,212.8463498562698,47.67703101804462,47.84030996254593
300.4890561541181,212.13992264004344,47.278695765047786,49.253164394998635
304.6822100512993,217.86363985347953,48.01303160439794,48.44648087412443
309.9375401676328,221.91404798369297,48.13567661697539,47.940882646015
315.306221175418,227.6429153814738,47.989425928434656,48.58727508134439
320.1016354430393,232.16536334381857,47.52391125704284,50.18857866448093
325.674459826084,235.43382895651536,47.14871671235663,51.344829025803875
325.6875683637136,235.52904357425575,47.12249963709747,51.15439979032307
332.5667046406804,240.5089296740661,45.74296354937531,53.57336405691386
