134.0,85.0,8.0,19.0
133.09986734468814,86.39613683096742,9.383983739351729,19.12169733696922
132.57959006931807,87.3979190644189,10.424538290091826,19.772003320496037
133.7663067323947,87.31404889087806,11.339744181431605,20.409549270076717
133.41172711800883,87.07427092681625,12.048903410203346,20.889105198200316
133.41461442982947,88.52249679266363,12.557145866027678,21.07675594329894
133.1057379233913,88.43012767879941,13.174898878903996,21.261494171027373
134.93520226794632,89.21751867149878,12.747296211614849,21.302375196539078
134.97914340335728,89.35856437052944,12.659413940792936,21.552250992150313
136.9212449265258,89.44512146773296,12.51458757579525,22.447530135268778
137.09728573073562,89.55178595163514,12.707507055304855,22.77920225539369
137.00035906275878,89.71134431950593,12.901360391258528,23.01327573345594
138.89420055387413,90.06590864206862,13.033343803163138,23.424051772369225
138.2128158882681,90.19140263032098,13.259567766744285,23.741336479679948
140.3973408453461,90.1829582133864,13.505051254934006,23.181408638255885
140.47826268800176,91.01235457766188,13.343207569622663,23.240696215598337
141.92700892998278,92.85676255631178,13.87068964803806,21.835196633216828
141.07099627482577,94.28812115372561,13.906346972949502,21.207636752259283
142.86626111879303,94.56530085905324,13.065714723561335,21.753236317022548
142.88179574677713,95.68139079010446,13.034645467593133,21.69724167943458
145.0422983461372,94.4361046691591,12.512463984731845,21.474368409997552
144.47906402909982,95.35643398966151,12.577825702118458,21.2253701440249
144.48085525933573,95.65746509481609,12.574243241646604,21.151269008225913
146.59447867846163,95.6963016304235,12.561388702616792,21.073595937011085
146.19970011221938,95.80240300415143,12.300091706258126,21.38682025397683
148.21014130016684,97.39231069059701,12.484453222406993,20.835282313613035
147.02587402836696,97.58682328113424,12.250067900610938,20.446257132538573
147.30001779749793,97.49791896184055,12.212622641467753,20.113223492007176
148.29642547480526,98.94972593299323,11.735566492714888,20.24112796142543
147.98596486974517,98.34037954404306,11.857391155495828,19.96253109730796
150.23895578349197,99.67501200941948,11.824593652194364,20.275389049349897
150.07390838149132,100.23305046428419,12.154688456195675,19.660425019471784
151.79925717561642,100.57980666590434,12.186683390761369,19.464440119490895
151.5926526492851,101.31690530886824,12.104754652619137,19.475656205977607
152.87366220069796,101.19886497341702,12.012391188609211,19.711736876880043
152.76605123081717,101.32439969648306,12.227613128370841,19.46066743074796
154.6856261238694,102.81567811611434,11.85883517753053,19.94848242674961
154.62900025065116,103.22648195363921,11.97208692396702,19.62371075858579
156.47343903718033,105.44413246168902,12.234493264161735,20.127514634052517
156.55308883684933,106.18042924230367,12.581027841875486,20.172423603978455
156.42044724992672,106.7498021759817,12.846311015720662,20.57065909473443
158.19315713052768,105.8227450568883,12.959965863588234,19.811148612157297
157.4839991786498,105.70503938650249,12.838521951246406,20.046559952928902
159.3332085369568,106.35936579953226,12.743394050288408,19.767418788485365
158.74458241107618,106.0999098700163,12.393690622447016,20.286330647517268
160.99164149656656,107.98623718886397,11.986611778434934,20.600715336790607
160.91101498927245,109.00230242299149,12.147864793023116,20.60332140972678
160.92244896340458,109.20120464522532,12.124996844758854,20.716968446733837
162.9898786881691,108.1077152466724,12.092156761354834,20.852937560777143
162.75250677198972,113.47742528014581,12.566900593713612,20.912010741501774
164.5751151431661,111.72654845304709,12.583496957697314,21.275067447410805
164.47569432997773,113.2299834335334,12.78233858407404,21.440970366765164
166.85496461558594,112.3520283948944,12.300758149796733,22.66226042692576
166.69848182268473,113.68206183523407,12.613723735599141,22.724796021099294
168.18221847420284,113.0180175201403,12.400189588093761,23.502096820180633
168.584318687095,113.64373159937081,12.713172357145721,23.36785185655588
168.45112122431192,113.90703609349613,12.979567282711828,23.403220316245587
171.43855123886814,113.40277302924723,12.675188532547361,23.844698316848604
170.83071028413056,115.03039465756343,12.75416681693313,23.999565935484213
173.51880282047838,113.3419506366616,13.09783961239502,23.372553469577635
172.97853578872756,115.6325160582615,13.609763496424069,23.34030406215854
175.27634037641903,118.2434149967684,14.205575193883627,22.73310251656027
175.0939215534958,119.8024262381914,14.570412839730118,23.08201924643059
177.65044844947062,118.3469354670383,14.170574184220817,23.63639322051663
177.155479674075,118.88244930556607,14.569810157976722,24.337470274567053
177.09674461307424,117.72993247869216,14.687280279978243,25.42677030895666
179.66236978943667,119.05066743245561,14.56428488132779,25.915459747726228
179.90143855446607,118.36589129355524,14.717326691900563,26.653832684895438
181.3298128020367,120.73637096085702,16.373472940475317,25.781068844905626
181.11215026487247,120.05270058361165,17.468503275171017,25.828999078661933
183.23588398565138,121.89816477982808,17.97169160648194,24.85273112786838
183.04040787552424,121.44917232187504,18.36264382673626,24.40627531644656
185.0303568727596,120.7952689822192,17.07011800051507,25.714081995758256
185.04220195760965,120.90319414905107,17.046427830815002,25.498231662094483
185.0635308672625,120.92543656567891,17.00377001150929,25.453746828838824
188.12281224123845,121.46698808709195,16.207635925065038,25.701250951389696
188.2805062337617,121.92236975034317,15.892247940018553,25.446222990073974
190.41264837316135,123.43826619399127,16.154431968918775,23.70770676212048
190.55707635092017,124.09874318407661,16.49050249338471,22.38675278194982
192.59634924179696,124.21846368045172,15.464343606598739,22.75778916819307
191.59544624068172,124.90922387149084,15.668617140044713,21.97544627570965
194.8226874853223,123.87610342622472,14.530760821949531,22.860214683756116
194.2947699842545,125.12458431769612,15.001425567351578,22.118763671013852
197.89702479986386,125.09593931740642,14.197566965630104,22.17605367159325
198.1112256726959,126.49576419449973,13.769165219966059,21.653833871850075
198.0303405085411,126.75858260454453,13.376558567225306,21.128197051760495
200.1518939870037,127.4364863972466,13.452996157311684,20.312332534732768
200.0084435089567,127.5313862075795,13.739897113405666,19.593545589541257
201.7670707882716,129.1568914942062,13.883003185062483,18.9570783236354
202.0673919855479,128.8331727599764,13.28236079050988,19.604515792095007
203.9603702645135,130.1307012393744,13.104943157457804,20.102492197481173
204.00621674976514,129.86477939730827,13.013250186954505,20.114294882139774
206.67296517271959,131.54372613960257,12.347950971647487,20.387221776908156
206.67482702475064,131.5854412998967,12.34422726758537,20.81540475940252
207.4867564250632,132.05333224958338,12.274132562622142,20.915465590470404
209.53264914807875,131.06826443646122,12.3281312204699,20.29448615179033
209.5339208468158,131.36662154943497,12.325587822995843,20.20767009846439
210.34852730878276,134.55814820971432,12.222060054705281,19.92735740047948
210.46675359031474,134.74899331079817,12.488249069948433,20.048308776618867
211.55316821970737,134.76424824031977,12.860005154368746,18.999964780293382
211.9018704372716,135.1898501307444,12.66199781577264,18.648158095976488
214.2168370931787,135.88324521347627,12.4494014891823,18.73381359225403
214.3187993501302,136.0376032055652,12.245476975279281,18.913672371555492
214.38379161241255,136.19079644824802,12.11549245071464,19.095163963611157
216.64569337904487,138.80805428105995,11.987506310054119,19.233314000059114
217.1159041681431,138.28366627566726,11.535429687525323,20.282090010844506
218.86152912757223,139.11380246778816,12.014640064961593,20.607047774749944
218.80941602572537,139.1126223862177,12.118866268655344,21.118660696218218
220.85434802880582,139.05935062185742,12.17785348168552,21.22520422493882
221.0366492646713,139.24933816370185,12.33443725146586,21.366415382761254
223.14834240392858,141.1562259305713,12.318535156945329,21.234188510017077
223.28515738425742,140.87305552884646,12.044905196287603,21.800529313466743
224.88719061796624,139.82672328866855,12.532880630206288,21.783455564487532
223.86161599148957,140.90505156021223,12.977579464843135,21.768732912488858
226.71025430048164,142.531955812265,13.250992007411128,21.771663950502628
226.57047176686845,142.75640911061208,13.530557074637503,21.870199331911074
226.51700173222738,142.6886942738124,13.637497143919617,22.005629005510453
228.52641718752434,143.68425942383428,13.520664133918864,21.686783520006625
228.32035326987653,144.19412082564864,13.382085087987996,21.76847447883079
228.98313179272114,145.40454408825389,13.155726632605846,21.5460251342344
229.39177246573152,146.01622572878904,12.88092149673322,21.407614273460354
232.16770646050023,147.85417846163827,12.686920710834897,21.482215850309295
232.16669724620334,147.87186066319526,12.688939139428676,21.44685144719529
234.3132813299936,149.26785649872832,12.127681320879137,21.853640075298593
234.09851292852662,148.9529628830141,12.027587302770177,21.953796485684133
237.42946425053353,151.35526710237053,12.247903145864441,21.384399423653146
236.8721572105718,151.7079970988172,12.313049272606623,21.203673407350408
236.85462803431582,151.75836904246552,12.348107625118576,21.10292952005382
238.4217672488297,152.75396932642695,12.869635507685796,21.723019174698795
238.16632982303534,152.16562514109384,13.380510359274513,22.359420111814355
240.16606838573531,154.10659449324032,13.289661144439812,22.38610931808666
239.93891464185523,154.04204102732302,13.743968632200009,22.51521624992128
242.17636071277357,154.72542186708228,13.8036254717776,22.282091815756274
241.83675777498397,155.81235402722817,13.918487308009205,21.80125961350732
243.8756738735884,157.2069556277496,14.313301521220339,21.807460418976973
243.41165034962708,157.28119300357457,14.675586682673448,21.658985667327073
243.4704259520174,157.44887256651083,14.558035477892826,21.893176298751484
245.8447286966931,159.09668725731044,14.378404418013396,22.024277739256238
246.25182605712303,159.03145944765447,14.134310280441543,22.154733358568194
247.93386511074274,158.6661448455895,14.178117254007505,22.885362562698106
247.40142523544054,158.94267636187146,14.663360865796395,22.911935668949774
247.75676879182228,160.733098096127,14.540835462359565,24.03638587505162
248.18709324190974,160.62465765236553,14.88598018444699,24.253266762574608
250.79314214031118,162.1159419838411,14.569378407062608,25.554257116614686
250.93513122831314,161.94752891241652,14.285400231058727,25.891083259463848
251.03889511192787,161.6099517208837,14.077872463829253,26.566237642529458
253.58884543290435,163.43327899588547,14.037700572352144,26.081913561573373
253.26660399395752,163.4016818625258,14.682183450245837,25.520461077777256
255.60800421451646,165.12032277159824,15.018057934577367,24.59251672235714
255.64559445771846,165.76330950790125,14.942877448173354,24.544975519331004
258.0496632884468,167.4154468048936,14.4554378100108,24.326913799127894
258.2016436569732,167.23270636548074,14.151477072958105,24.086615314604508
258.0472238406836,167.30923177594755,13.863245097877392,23.933564493670854
259.9584210657365,169.73892372437993,13.58037112161356,23.793541228595302
259.9599556729743,169.53043764925252,13.577301907138015,24.21051337885014
261.8273311754948,170.46340594654578,13.96670093285267,24.112069654587465
265.7684722224942,172.98923265194918,13.810590688455836,24.409304447351275
265.62703731075464,172.97906757073426,14.093460511934897,24.429634609781104
265.2368459751739,173.18185348442162,14.272664327125243,24.6252416383776
267.40528897504714,175.3347460323302,14.185599981037956,23.962160817125547
267.2889211897352,174.86634221900655,13.822536013784877,23.707369368018973
269.84595036655986,176.27665068551772,13.395475045800968,23.816125801037494
269.9097478129329,175.99435526393685,13.2678801530549,23.800480055715024
272.470068128935,179.45661188481887,13.925564211662874,24.387788911746775
272.5796566418887,179.04277359653386,14.304096764327163,24.617755909745142
272.50937685116764,179.23064765086897,14.444656345769172,24.84954671657201
274.8825228427939,181.5549176408652,14.605235000962528,25.10787737502544
274.8658327886702,181.60948766493894,14.638615109209923,24.998737326877972
276.93236458274345,183.05813736656006,14.837549813727417,25.195722418395636
276.5133054414922,182.79019585298076,15.05052084206663,25.106458191390974
278.6336105378937,184.21323686813184,15.201828056329337,25.397460023278533
278.3805291032683,184.32301842252227,15.707990925580042,25.17789691449771
278.3226570657876,185.14415670178266,15.823735000541443,25.454240228118792
280.92764916771364,186.37827791354707,15.778620497393463,26.214041367530044
281.22558631084945,185.6191293561038,15.838923267958995,27.07616142557946
284.36894571751327,187.9539862178372,15.582302043907454,27.766534448135786
284.3637683716036,188.59951286764155,15.592656735726761,27.827248635183544
287.2210869947946,191.27404763058178,15.293682113808817,27.216883905709047
287.1776995112297,191.23961768969602,15.380457080938488,26.6229017639506
291.1591484374408,193.24462927823572,14.628279433203064,27.201518717126344
291.1251148749569,192.9625167311,14.696346558170866,27.114488842813174
291.06226126533363,192.53255672240005,14.822053777417405,27.32327138679105
292.9906162233227,195.19801557952496,15.559904793481907,26.586914604583825
292.8593121812227,195.52346122383747,15.822512877681856,26.59404905022393
295.1222079198964,198.18354141647907,16.597288123366926,26.574455387973252
299.91205659134107,201.18222579263409,16.472012221155516,26.654928990384704
299.82210092661336,201.47905820743543,16.651923550610896,26.061264160782027
299.7648485612078,201.20746585824483,16.766428281422016,25.935892990579585
302.1759227811744,203.78633042344669,16.624412389821366,26.126886772555885
302.21084516328096,203.95113770207345,16.554567625608207,25.79727221530239
