266.0,211.0,34.0,31.0
262.7769881980348,209.35961314545915,35.329276359615356,31.210725362492717
260.6723864959822,205.58369032781383,34.30161921815211,31.430966233987547
252.53422954542268,197.95406671207581,34.019340917464135,32.20144528888237
247.36221861083396,194.0398489923981,33.935874944955486,33.7733880232261
239.39387956320124,185.60197957996226,34.94453730520487,33.58853743665088
238.503893378749,184.1772361765959,34.566093267113814,33.20039963289034
235.67316184268068,182.52528497907088,32.75761354716909,33.30289797419132
230.29592158529525,178.30976249792622,33.10895250286514,34.4517438451282
227.63648710485842,175.10110503151063,33.10834428165387,35.54958159587447
221.19715087050065,171.9689517417441,36.25751008858846,34.24649410513351
213.4762424549086,167.80448738141317,36.156717916140394,33.69393196657692
211.51962435005777,164.61844539498966,36.77043625360622,33.46698019495229
207.1415206349595,161.03477554269273,36.6802824301006,31.787958645843943
203.93393457719856,157.5534660352586,36.63014460895841,31.207716067937447
200.66889379766022,156.74626273969594,36.755470825951136,30.687204211701463
198.4739405706824,154.3142126924597,35.84030718747131,30.246234213738447
195.98328706217592,150.66268228698044,34.58281191768903,29.230891975636673
193.2216332942312,147.93902121867393,34.081781900654484,27.6498203005051
189.0209426818574,143.80783429874603,32.774852082154794,28.145545305763065
186.84829519016193,142.56640133106447,32.326729017972774,27.75236041258238
186.25335911400074,140.04648675853255,31.625718096318955,27.119540335717716
182.03938239055807,138.03886168946914,31.733697999440267,25.588141444668484
179.3940178000958,135.16174693253413,29.813161548623448,25.933921734732532
178.63284519314755,134.3128241634189,28.70338092322819,24.999641433671172
177.82820808191534,134.61142763471446,27.777013412290998,23.557220579946183
174.71707774086107,131.58361674947886,27.537433959241095,22.343272198364097
172.97725777248635,129.61330304445627,27.879243932127743,21.577154662615122
166.74280090867717,126.79687011091161,28.68928025818923,20.991952582207432
164.5496423270635,123.77850761705565,28.395414492954416,21.56846415338022
164.59804107622142,123.59327669409353,27.513622665435083,21.938925999304438
160.38050724424417,117.83564430313032,26.61818330802556,22.568599256306122
158.08771011044257,117.27744269570626,25.78620868317016,22.137125644737544
157.9670778068288,117.43984687023152,25.27332227184631,21.05816627713567
154.78929171871383,114.43233629258263,25.069024365365564,21.242191803357294
152.51608581339934,112.10012514865669,24.514621997562983,20.805799912777616
151.4107416636929,111.41761715885453,23.872871441816073,20.03148675101209
150.61579031604805,110.23996958840449,23.39053828080391,20.314546035610267
147.93506310646447,107.6795645202391,22.561407947618406,19.932614169849852
145.70716083290216,106.11779308356896,23.003950520553243,19.711772064698604
143.0492837308868,104.73034752288339,22.942193665862177,19.12571877436863
141.85954315131883,102.83019995294153,22.674455266502953,18.95518457650963
141.07757118849705,102.7690435744033,22.27360785668649,18.42256688843276
138.22550563237934,100.51639935622478,21.57607020175365,18.44668718777198
136.14578799812688,98.84852189258831,21.326920919753405,18.003655357469118
135.30897257763317,98.82667717531092,21.14407331739715,17.428518644242633
133.97690394977178,96.21454294841,20.774523345774455,17.798887534291765
132.7857407005621,94.88316276395388,20.72883681537629,18.03363487438641
130.86683832707277,93.64017678168173,20.296196260664587,18.079352380821984
129.9426319051552,91.8381286995239,19.72826027154177,18.058925295700664
127.95505025979206,90.50800817936937,19.5389233613561,17.744523335358334
126.24455057810667,90.06412535703356,19.438097538395755,17.45834725125291
125.27651505886416,88.20016984489686,19.050819664635142,17.1203976790964
122.8433547068707,86.74520253231367,18.79233670469815,16.61379652831352
122.59768532482005,86.69999521843212,18.726362499301786,16.7042111560766
120.50619205107537,84.70760218981195,18.447472602291374,16.78485532437966
118.41592478786112,83.61441623193917,18.190524397928897,16.197800533380835
116.95860784149629,82.48027871015022,17.85723189536255,15.759470247545433
115.8867240863828,81.6632282409415,17.355303736450516,15.27701465065164
113.35870704717018,79.38778447058897,16.76136209726495,16.23246309833166
