148.0,15.0,10.0,20.0
146.49432513607357,14.008527227970124,10.216351405128625,20.58544638269764
144.77113896263722,15.732258377146085,10.793841972941099,20.485012826582675
141.78003631236228,16.396079200268005,10.936441561736986,21.590540226902977
139.67084568743306,15.464733439338005,11.617584705674421,21.93727256051109
139.25819078836753,17.8108029426393,11.920756542590055,21.944375204847287
137.45456610995194,17.850534226995297,11.835949962181564,21.864912636135287
135.34992165704003,18.814541837833886,11.846723901404154,23.085783639409016
133.7225318393325,20.860572492821717,11.843782944117024,22.251442922135563
132.01254951064507,21.391138977138073,11.54925381970533,22.25159389115617
129.76228091033508,21.586924942844995,11.845120099842646,21.860021959742326
128.27683469944813,22.458138952762248,11.666617516425429,21.69229144250336
126.6492755236036,23.14593432091093,11.286132159953258,21.87481658113223
126.71911992467719,23.19615389248788,11.146443357806119,21.774377437978323
124.47166118001455,25.363799801762447,11.036605257079806,22.043841209480778
122.07158753881443,25.379475837723888,11.727220148347856,23.03987223534094
120.38237200612687,26.216845831380102,11.864339021540978,24.0662257415135
120.0051555474309,27.1638843306763,12.061152850749004,23.84500600747281
117.55125449077873,27.125565830336527,11.948875422799917,23.36385639245754
115.5265272138513,28.77493121824537,12.156769961910278,24.455479919205004
114.41059506989161,29.25571335829015,12.11511387740838,24.062295732220765
112.98330657060626,29.46228460877778,12.160177201479101,24.21105596614551
110.8474487931939,31.814575338664785,11.913006611305715,25.155082187619094
110.40484958313381,32.62894850334192,11.649481363863355,26.39814502717126
109.88260598023766,31.607548179702334,12.106155261837582,26.677505750996218
106.85861542515337,34.618841826952774,12.755101246250376,27.853631957503023
104.41178789529852,33.39636762420972,12.621877606404901,28.41350085065594
104.05958268630542,33.87205335104073,12.692137176096914,28.09628024528811
103.91086141490338,35.61207912512776,12.989579718900991,28.400917798431408
103.70774090015217,36.63198939992128,12.755397282459846,27.641944180731464
103.55119574881404,37.01317333007226,12.44320091837816,28.755436320703396
103.73840029691512,39.12490087076487,12.068791822175985,28.983676143180176
103.86900412277866,38.29129149506599,11.8075841704489,28.120385234052804
105.51954172104621,40.88249058695368,12.19967490254639,27.86220828845419
104.60294518686463,43.59934167239075,12.79541906150822,26.7595773004846
104.90019225574204,43.192950904912365,13.427189385176227,27.572358835441356
112.92032493193852,42.2221480826496,13.922480490740504,27.6060156578949
115.80773543498636,43.09989270794872,14.598215832364211,26.495582042068605
115.46888285985234,43.40452449776231,14.63559095715737,26.526648487916297
118.0724804304898,45.58450971732162,14.55980823759581,25.373810812368532
119.05571505288235,47.110300455176535,14.462592812197709,26.06073697543266
121.28389193153215,48.2803478630146,14.427400102542858,26.878614336645676
123.09771389568378,49.0454837136149,14.658102026428804,26.63445791950813
124.16211683734392,48.61363361721601,14.459503466871915,28.141560553560375
128.8095089826336,48.28242414210056,14.435188102963373,28.803979503791286
130.96926654421873,49.50465165155277,14.815939206418236,27.70245769249405
135.01700148047203,49.446391498639926,15.324494564545432,27.818977998319745
142.41657651461836,50.98551529557993,14.642890912788022,28.102050979805252
144.90366486254564,52.08777704857188,14.3219923230427,27.227035504138293
147.52594457469002,52.384311318606784,14.248448315485021,26.633966964068478
153.292429665748,50.08255353791596,13.534080584280549,28.055540628123207
156.2545735629055,49.45357108237252,12.768964649300566,29.313505539210098
162.96830714486646,46.54398453823427,14.28657461255961,29.284604969024485
164.62612755234292,45.909117496597105,15.70238289964876,26.498811250548478
174.29073000482745,46.06216261741857,15.48783645451025,28.170099470267317
176.28767309503294,46.650471035835,16.255600493872887,26.99348263343446
182.12352563130912,47.07501283661057,16.07282713944879,26.14439903188332
183.6160512742503,45.87328369544038,16.38823325643819,24.587308430777618
188.10694452315613,45.29051996169707,15.753050658299,23.82669653680135
191.44690858757954,45.45075225189938,14.65359689769077,24.126284663978794
194.08081638434356,44.71159365227844,14.234859781017548,23.78619743440014
201.18703624176922,42.18775736123243,13.684760084564932,24.67576653263169
203.56121315668838,42.549364678315,13.719378837869076,24.55042347135936
207.2564226468644,41.82720162518265,13.488271728762854,24.2049216098126
209.49848031375606,39.51491036766028,13.1171127373871,24.128982590677232
214.6037028249842,40.857540798842905,13.348620142864107,23.184047132967525
217.13857720768254,40.42742840637037,12.839521957778565,23.474190595373692
219.5911254985866,37.85431272551041,13.02577505692907,24.094777796241537
223.20177285559618,37.91963281788456,12.740981122052938,23.96413761149323
225.50558217096915,36.13114221605366,12.703268107671466,23.54245140083609
227.70883956509397,34.83349081312572,12.811808518404975,22.751462807454608
229.08475104317276,35.081313726291036,12.832765269874088,22.255816981123985
233.34844401827664,32.982653220378424,12.518959543656553,22.62013388842042
245.75529103854745,31.362099843670595,12.896050293860203,22.575486103912787
248.6034939045918,31.53500227417395,12.733474651953578,23.889830269960704
240.13375820630384,30.811511427684593,12.572473739839333,23.056748988447396
253.0427719593936,30.227690024751173,12.838686996503222,23.114424102278342
255.00192676444718,29.120813107810083,13.403414193885673,22.526279931479543
256.24949999376156,27.567670155029663,13.71448592002103,21.703860378370642
257.43744132228096,27.52490746910678,13.00123412597971,22.343596037882236
261.9917723759796,26.67391464097482,12.168508610949429,22.94212348183055
262.1236356969141,23.64350661668287,11.904781969080481,21.90003863456364
263.8587208146248,23.795680621700427,11.593669436742594,21.59569062452853
265.69707673388865,23.432782479657543,11.533854045426759,21.80478741615547
254.45511486190793,23.628993185109593,12.230205293634203,20.89361427916199
255.25681325629733,23.878335135573863,12.178274471224892,20.912085700356627
255.79482937351196,23.639206271277878,11.618792570659455,21.390343428948597
259.32956822183445,21.390101204221203,12.260863287049762,20.233418060169388
261.0163316175857,20.92774280069189,11.934471322915616,21.158134867228007
262.52398006751713,20.44790716775177,11.4994637841878,22.63386400533524
262.2245878997459,18.632776687532747,11.567913349004098,22.02144679996475
263.93731770885455,18.080135942443444,11.800114159326624,22.08168245341769
263.85144844210885,17.770095748876685,11.971852692818011,22.174368700136043
264.7754647792368,17.40943459007046,12.250624505136088,22.36398989610499
276.60359536101475,14.116894781213968,12.861247075874804,21.399372352037446
277.3731401015078,14.170831390944787,12.392822303954931,21.291499132575808
278.4553260495123,12.425124986280807,12.331705423362518,20.576401911070555
279.42958343745244,13.292439870492455,12.953969092274322,19.870083520564087
281.38495862159294,11.17103933400187,12.641482068842175,19.48654600731103
281.53731594186587,11.321194371298683,12.33676742829633,19.186235932717405
