348.0,167.0,11.0,29.0
347.0300435771518,166.88351051340885,11.712374246017376,28.005440373503227
343.05937503494414,165.94312489311318,11.69538387186076,28.661853543544993
342.27663858760417,163.3330423704084,12.018161914054328,29.53258660525214
338.54535044197604,160.64052653727964,13.084291926056839,31.079750503957513
335.5874454824861,160.12886732205385,13.552825545947055,31.422159397022803
333.76033325464834,158.36826065786636,13.042145037641538,30.778467761416785
331.01846738036704,158.27254713833938,13.119402653346508,30.294085533863566
329.3688056811713,157.86530408493928,12.397714005560632,29.7682342919379
327.5718623384379,154.64761636896333,12.09285101188653,30.355485205178553
324.7737919349863,155.12150512237497,12.466370465049643,28.75488002913771
322.9979889132371,154.44236165956227,12.836189525278304,28.204094764801276
321.17361335061673,152.00515269388262,12.675693161660178,29.26926520730172
318.4317742785946,152.67805172738895,12.97937611603081,27.923467140289077
316.37651312522337,150.9067090174742,12.656796927977753,27.033051065322972
316.21956776750693,149.97128896656204,12.355986706586489,27.059788356674815
314.93358399222996,148.5502869546809,12.488643346091578,28.072309197150503
311.08588538801723,144.3573822214957,12.034882095400423,29.56267689042219
310.2378329809942,145.48659873266192,12.450234830194326,28.584995947341977
310.36110183576466,144.38847669977028,12.203697120653382,28.246789155584473
307.9748078921597,144.60041314015703,11.981368255792884,28.447280868819746
312.1675816024309,135.6636143928227,12.32244785517922,29.490954825054228
304.58861345931746,139.99210774710926,12.657971781211886,29.211853363547384
304.3601373954877,140.25241779248705,12.46856850065463,29.337588681008583
301.9856911548004,139.16573728632807,12.703676332441479,28.931644179276343
300.4169896972997,139.43580624102285,12.625564920171254,29.034609135341153
298.1316688809394,138.02794157110174,12.69368653883626,27.991035605992934
297.78465661597676,137.58624098438258,12.758431002599096,27.615876647106383
295.568122664215,136.6175142617686,12.191814548621078,27.05348791358365
293.2110676022883,135.96839867613815,12.051072145289051,27.744862518946395
292.05679969370334,135.1309935714782,12.516396310609693,26.96205719246717
289.268196971818,134.1711525043738,12.592674368772304,26.43688271085017
287.4924168281166,131.56439396969958,11.909971455139878,27.41613657916328
287.3597896653859,131.7828531084558,12.175225780601178,26.979218301650796
285.2842553560792,130.6291431006799,12.087885978061413,27.470177565279837
283.04795225633967,129.72802292475075,12.894050107270479,27.439196882003102
282.2770550156843,129.47969631123755,12.561569187975298,27.31109164216085
279.96753404709574,129.78983622503185,12.861036118231972,27.307893958418035
279.7126362208443,128.0288531860991,12.748562296200639,27.09624318907815
276.84292063164594,124.84112906045576,12.93298373709606,26.68223509453003
275.9751580286081,125.24159677832887,12.825320036931345,26.495695960863884
273.90382009982847,125.20363976061746,12.699387372006775,27.181411213784394
273.5518092562606,123.55764973687823,12.785803900697122,27.385365469035904
267.7426128725516,107.4666130961589,12.584594390373832,29.70739089091753
269.77013200914115,120.42494095579386,13.095138581491888,28.575325692118096
266.83577548806403,106.91360096632668,13.160579109062128,31.0952994983642
266.5596560352149,120.48460331486086,13.712818014760433,29.205270390718617
265.9240756002735,104.94907091640368,13.654427771936383,31.690986264438305
262.95560280763596,104.73579156818809,13.99268477644901,33.51721710606011
262.42092230585183,106.10015649783112,15.062045780017218,35.18182117731893
259.4220108963591,106.12982290536863,15.633329183863019,36.67292819514097
259.8095212768511,105.18347834552512,16.472087020112138,37.758728016211435
253.57721280438778,97.29742388638385,16.375412910769107,38.45728766937039
254.40273185360957,103.3487579002597,16.41601623294674,38.19610958596728
252.481322686341,102.46054707712761,16.887789790292693,37.44424764933804
251.08898060853775,100.8123371265448,16.311781562998874,38.2201482633284
250.9299600891166,100.1987739342637,16.62982260184119,38.606008785983846
251.00778539525876,100.12494393933406,17.326642314834373,37.90119845056559
247.68911870875405,101.36243736765266,17.12790915031622,37.98973654550126
247.63100315885583,100.7007410710018,17.24414025011267,38.460819994378504
247.44879678801684,101.57702566674281,17.608552991790667,36.708250802896494
246.92937929058132,101.83669535868304,16.963271509583677,36.18891141901601
246.5891010114441,100.62906881151324,17.643828067858205,34.487968090658356
244.5992564611636,101.21678135352992,17.572572976455735,33.312543006625
245.08725288616222,101.59797375206503,17.388278382084827,32.55015820955477
242.86620239432153,101.25714621485454,17.16647375269256,32.454495681796836
242.15202478939426,99.62616828890434,17.050619133693402,31.855926961562975
243.75690355220829,99.91378245441643,16.886093418610063,31.28069863053879
241.9512995855646,100.06227479023505,16.747220284301456,30.983713958901536
243.25974752659576,98.91399922500182,17.103374340628825,31.050477635575795
236.43683949551328,99.50755358744063,16.492838733647947,30.613703209074266
241.7706337405192,100.6961858081723,16.827081719618697,29.70334963107526
233.15204749263265,100.56970334226938,15.921389595415627,29.23059997808208
230.99619243164446,100.28186263228038,15.310070083683982,29.806281398060072
231.48298276816166,99.60674922416032,15.03775442269993,29.052713178148963
231.3109565938364,100.53122546364608,15.381806771350437,28.57478564749998
231.1952956901739,99.83775141358718,13.559956356181598,29.27734300678648
230.2753579168998,100.29987080202163,13.410370150407115,28.353104229917598
228.66626151141222,98.85478869032602,12.746068149566431,28.65493857876494
228.1135318912859,98.92806824680741,12.571852653363454,28.50837946580215
228.97463384566535,98.66949572366818,12.118940962127773,30.29481672960385
226.5649125654219,94.95841008173902,12.371441488933248,28.5831039460993
231.22540590500572,95.42719877030237,13.165571186865932,28.277721342541348
224.4914476072144,94.38717905022439,13.799268282848487,27.149205907797295
230.22759466402258,94.8019451404686,13.779161338365476,28.864604209338502
229.30511071813797,95.30221208830457,14.302195493631892,29.84697091842078
223.46892508827872,91.9643398898588,13.655303368476227,29.678680101493374
221.64453873407635,89.69582857745849,13.950774163660586,28.17975928249733
223.75850100721274,89.48156983677828,13.646517422679501,28.608276763857766
219.48419370514154,89.56900462863682,13.681195240457077,26.46865253713342
220.40556732253663,90.31969660646669,13.086872846648538,26.21569342245527
218.60949800831844,89.94193292470278,13.017548148484128,24.530245234915917
221.59249869125213,89.80548139910745,12.89468455456121,24.803148286106598
215.88015614876625,90.07076171012768,12.595073996879005,23.68637288193343
216.6748041580078,89.8783435237687,12.135072889929505,23.50656179888459
213.10468921009698,87.83893196644897,11.517935436010601,23.15260357081523
213.90592149272516,89.59281815233909,11.530227369510486,22.874344196547476
212.27599617429206,87.77299450541133,11.583735373751587,22.238867980236233
211.08140621225695,87.1082496827487,10.81697366722214,22.516377082028253
210.099674716865,87.4322063305786,11.230072001454605,21.868463786368473
210.29270490621147,86.29400461194766,10.84401162276169,21.572558448045893
209.21014957931138,85.91271533215195,10.491826921186616,21.328218865487212
212.5662886146962,85.81102045498552,10.692541133613991,21.53160861982006
206.7480834077662,85.81161075585482,10.823465703397279,21.530428018081473
205.783046158209,84.35195770269596,10.241106396225938,21.434813556856312
205.29509096398,84.58525810981853,9.744062037167463,20.96821274261117
204.02258581145426,84.14582625082494,9.435985192386841,20.42053288568231
206.96429796051353,83.85730842037037,9.56060880366129,20.997568546591452
202.23859467904296,82.24630547057964,9.557417706257237,20.910465265052096
201.38199965561753,82.87465891236883,9.384975555063686,20.12516643098482
200.04105340417732,82.73958840910942,8.86809755524838,20.395307437503657
200.33110055227414,81.16142627364142,8.28800325905475,20.388932200344808
200.12687107604532,80.1764694412841,7.8135839651364805,20.151650249119733
198.00956878724324,81.62824014498024,7.752705880667313,19.395850172764142
196.81345170612232,80.1013788019658,7.6393929862747125,19.52643462605284
196.33700058567396,80.02142269810102,7.757407875369404,18.85145948198037
194.6225970501193,78.9213736972432,7.907567489113582,19.002402822842814
193.893906769534,79.88595272600506,7.706241260283679,19.146628252819756
192.53133031825791,79.10553018945171,7.5391772468064655,18.64160410019118
192.68682975401413,77.66728789030121,7.631099490855945,19.10056200512083
192.54745093843397,77.32849897314277,7.9098571220162714,18.544630474249402
191.09678032894206,80.17860026608494,7.954473292219404,18.557877985926478
187.0618501133935,93.07450608675481,9.069901508908812,19.356542458498687
180.75691996335706,91.83681710669676,9.352146491568778,20.511104491749144
177.70846726712173,89.65167020031339,9.442969524567374,20.723341286419835
171.61946561709925,86.35068998039924,9.48722383142087,22.191792536820977
164.7203528408011,83.78875093178263,9.60045973844334,21.45067507166543
163.0506046210652,79.43016756080729,10.059900886526712,20.08764829375639
157.76956035902148,76.93637682521602,9.85447818885233,18.989245161334456
155.76270305498647,76.81401045430952,9.831684772838889,18.785477011582607
152.14134312123332,72.94727511521744,9.952563350549548,18.951991319358847
150.10388247685333,71.34444924141661,9.980721769770401,19.010160835096706
146.1197984990332,67.6052743799952,10.733220109224188,18.821861590741435
143.35072608190038,65.8719260279009,10.738691923604357,18.139053530015907
141.13947648968224,64.08802315619363,10.199981938374496,17.647688134612697
139.4574151848088,61.53129435810976,10.08724584522734,17.11125033857772
136.74474997763707,57.736162234563295,9.56625822192484,17.48098553995765
134.67141666073562,55.34355601528018,9.49935467423381,17.631270778880538
131.36607536260863,52.36776739716056,9.77360715555445,17.246417900186422
129.42550908911528,51.22076164850242,9.86192175283513,17.011884097698754
126.3949148486699,48.81044832302936,9.631388036271886,16.379684844184716
124.92330011198834,48.57549179584471,9.32532016675576,16.84959789855401
122.29801172642591,47.13575337276001,8.864968497695125,16.873610524630667
124.75225112891202,40.52765419162127,8.761248434837437,17.277118907936078
133.90280742077795,29.17949736124165,8.664136782375055,18.128631451171955
143.48780242754927,12.183839228164146,8.59794148620215,19.31125678967024
143.12725454040392,11.22418787048331,8.887693656412308,18.642497880548454
142.87378384018572,11.703739138199499,8.967946976383887,18.110083425580918
127.25557389462192,13.229310950081643,9.101737306339357,19.261997850623672
126.27206946472295,13.202698759672833,9.31094555922404,19.315222231441293
126.0080009805195,11.781312315449066,9.395212563042639,19.494775332358895
132.41609205148438,11.883789201041068,10.017721749819225,19.28982156117489
126.39507840199639,12.278944293194986,9.299447650324781,19.410961476757798
132.71890185415182,12.45580936352141,10.003811973520605,19.057231336104948
125.93717988179364,12.708327169296119,9.553144137832597,19.456331968452588
125.8559021201932,13.02577552967725,9.265561684608668,19.72171120053995
126.61403637566842,12.439916853641435,9.096312719208662,19.99541552224462
126.62076193571872,12.983051899884503,9.082861599108082,19.809200768870053
126.78552630829455,12.464252454955973,8.753332853956408,19.9526288822405
126.43931093057826,13.333559667929078,8.559007529883534,19.54414857555245
132.42527670877885,12.1917287480507,9.174074953836842,19.22360372971862
125.90577495546346,12.914765914423944,9.008545078613247,19.09798273515757
125.86271431524435,13.395736646341348,9.09466635905146,18.571475828051568
133.78532396784232,11.917639659479875,9.560930063152377,18.522922931640878
126.64606003475652,12.927423530075956,9.431679025024547,19.559550715603145
126.40156749345728,12.719294796261888,9.471128016567679,19.076736001120636
126.03605176731858,13.368365300589335,9.315830028944948,19.108089152315934
