196.0,220.0,20.0,55.0
195.6093696780417,220.26976838323296,20.78126064391659,53.31196306457231
195.57504249108285,220.49225632924282,20.849915017834277,52.866987172552584
195.49146599553734,221.17147633927414,21.017068008925342,51.50854715248995
195.51624742070186,221.2264473795575,20.96750515859628,51.398605071923186
195.81329412018226,219.96563184490512,21.487560330566765,51.691938999365405
196.3166006689954,219.51607781024563,21.60857259934146,52.59104706868435
196.22670594657959,219.64397929079257,21.788362044173102,52.33524410759051
196.10291247978122,219.63839331809808,22.035948977769827,52.34641605297945
196.1773317324616,219.6140465185526,21.88711047240907,52.39510965207042
195.99686682272352,219.67604766464206,22.24804029188524,52.27110735989151
196.538761383792,219.7898892848712,22.313723411711372,52.04342411943321
196.6026490131184,219.75775153945773,22.185948153058565,52.10769961026018
196.59135094581802,220.40169777298505,22.208544287659294,51.96581794766772
196.6376563100064,219.82224574211435,22.11593355928255,51.980363132338326
196.6295539078803,220.49616608888994,22.132138363534764,51.7754531315838
196.6335647029494,220.0433991054572,22.124116773396576,52.680987098449236
196.66103769644852,219.96124246691744,22.069170786398317,52.845300375528794
196.4651596078386,219.1426329122435,22.460926963618206,53.32792074153279
196.40941022031683,218.40802447740407,22.572425738661686,53.62862129972794
196.40070394954807,218.3968315772517,22.589838280199242,53.651007100032714
196.41453133897198,218.75837026915428,22.562183501351377,54.10339842767576
196.43211625281006,218.64863380041288,22.527013673675267,54.32287136515855
196.42380844636466,219.76925251265888,22.54362928656605,53.26568911455836
196.4652092233127,220.65255755836276,22.46082773266995,52.668161325463025
196.56872047716783,221.3069143589817,22.253805224959727,52.51842626566596
196.54816209393707,220.10573905371757,22.29492199142121,52.614477845237744
196.60198872921475,220.66547397971055,22.187268720865845,52.65027389334499
196.59274582031173,220.77737653976655,22.20575453867192,52.426468773233
196.68405459635335,219.7473713151884,22.02313698658869,53.335509707675875
196.66084126791395,219.19474700176005,22.069563643467482,54.440758334532546
196.6023740392624,219.08990582886298,22.186498100770564,54.65044068032668
195.91915987474388,218.91751823184137,22.37020436252012,54.995215874369904
195.25723859821397,218.1608064995872,22.50308435652389,55.31767677982226
194.89122548670704,219.28354713827883,22.0371343689976,54.270171712979135
195.19950865561844,219.40818081415213,21.420568031174803,54.02090436123256
195.38115829120449,219.4421781090895,21.057268760002735,53.952909771357845
195.58310933737724,222.2695330434088,20.65336666765722,52.908257924725305
195.58281965657244,222.62360564630265,20.653946029266834,52.20011271893763
195.57233689415042,222.35727126065348,20.674911554110846,52.732781490236015
195.514490631074,223.07839956903146,20.79060408026368,52.41865592993854
195.53365736171753,222.53518322176558,20.752270618976617,52.379405901197416
195.49791201710735,223.82943187484673,20.823761308196985,53.164207472452745
195.57737964411606,224.93084532232095,20.664826054179557,53.23537525748624
195.6624124879296,223.96927458016899,20.4947603665525,52.888170588157095
195.76274518920894,223.78260117657308,20.294094963993835,52.134380570007345
195.8832316899469,224.26323923139742,20.05312196251789,52.28581551464772
195.70022136776728,222.84784439467717,20.419142606877138,52.895477180340166
195.37762650636802,222.233328486045,21.06433232967565,52.99862326900235
195.10447074334633,221.7609214603222,21.610643855719054,52.80451907696202
195.03524949371652,221.3592141489588,21.749086354978683,53.607933699688814
196.24037243054397,220.9740126396305,21.658656255175803,53.21842883141942
196.00070932927844,220.12786323563265,20.985298296198714,53.75804347790698
193.6487614547135,221.57653897892374,21.09549398875039,54.30596703375844
195.28256599992733,222.49542027581307,21.30270216150696,53.62647686104118
194.228735912971,222.86310224935275,21.105940393830586,54.043323884756354
201.97675300051847,222.36573954973227,20.620818860971156,51.57399252040453
201.75457292995884,223.0405797991779,19.95468413631193,49.11381715573481
206.80725593355953,224.1438862038803,18.354789310517905,47.97038824400592
207.3611774576308,224.74329096019045,17.24694626237539,46.7715787313856
207.76698289046317,225.35504866498488,16.43533539671065,45.54806332179673
208.10157684345762,225.18095613185483,15.766147490721714,44.94743060325172
197.09125620199984,226.34455622653442,15.512407583224222,48.188825711495845
208.31665467521955,223.26145591910966,15.362688316417357,46.59812974212528
196.96682951697736,225.26886017944784,15.400202592085284,49.19311090002042
195.67879619603661,224.58985542045144,16.012670688318636,50.55112041801325
207.45025001354364,223.47899192943592,16.76631172869242,47.71106642600513
207.78882770759563,224.17635443372237,17.074879692171617,45.33061806584902
207.58550172347717,224.07410077981854,16.524283260362814,44.577876973610984
207.75173623655974,223.6016723576328,16.191814234197665,44.586192816686705
207.84558661575144,223.22262245767672,16.004113475814275,44.413637788185696
208.37234471070198,224.56060986870892,15.8753875332912,42.662453213499305
208.4628746339572,225.43168808828557,15.694327686780738,40.92029677434601
208.6488295885643,225.55507462103733,15.32241777756655,39.804362426238164
208.33145639363667,224.97498892668406,15.11069897908229,39.27160343826572
208.3167644020711,224.6152960333837,15.140082962213471,39.99098922486648
208.65787238108877,225.16227335730417,15.30373469670394,38.89703457702552
208.77660728285997,225.67652282117183,15.06626489316156,38.70162920539479
208.82795747014148,225.86599970713354,14.963564518598524,38.322675433471346
208.91917755682906,224.87595894140037,14.781124345223349,37.84651320562757
209.04376348860447,225.71501490127974,14.531952481672507,38.59431317249695
208.64292952050104,225.72396792541346,14.518722432253444,37.761509138603635
209.11358862189968,226.3641249729475,14.380116141939006,38.08661886850119
209.15021889276062,226.9611354670362,14.306855600217144,37.697483870354134
209.2411994657147,226.35201402105906,14.12489445430899,37.31975223941858
209.16839860021346,226.339656665886,14.270496185311435,38.1337640880327
208.725625258264,226.12803795959778,14.35245450580025,38.55700150060916
207.67241063130086,225.9410475042843,14.836623851310506,38.11985245702803
207.2826608222574,225.61512078497088,14.802564067009468,37.95814649326699
206.8610056348962,225.0629139541763,14.835248848790645,37.4413089689736
206.90106569694305,226.75030136114478,14.755128724696906,38.08543056539761
206.87630127062567,225.91112188925408,14.804657577331653,38.14058100808422
206.8629998235598,225.96615527437496,14.831260471463427,38.03051423784243
191.82311482191963,232.55033969297784,14.048206721640916,41.105736849638205
206.4794276639039,225.37401866251457,15.048693935528094,38.617760633978286
193.78446935580644,232.40716642225973,14.0541843408723,42.690758134447776
206.50577558062952,226.17725959914634,15.417437598102062,40.450580909161935
187.88890395653098,230.57339541580978,14.923520485857804,44.52001167144003
188.04038445195266,229.71901584228843,15.527206567369626,47.13541789083792
187.71519220835205,227.8728260793117,16.1775910545708,49.872885462068346
186.8380799754244,227.6998728647235,16.92605713165693,51.224550280013915
185.52953768985458,226.30517513435143,17.465736110552847,52.97524294463622
185.2930170512381,225.79832490284718,17.93877738778579,53.98894340764466
185.03041266109983,225.18125725921308,18.46398616806234,55.22307869491287
184.81642983642374,224.45766494802555,18.89195181741451,55.546514001013044
184.52412218643863,224.26902906343702,19.476567117384715,55.923785770190136
183.74744492375686,224.8156790317863,19.877717343040757,57.134894432906584
183.04423229115807,224.49776228936875,20.10736121441439,57.7707279177417
178.50439929643463,223.58184758200548,20.85681185175357,58.412526567881415
178.8354436332598,223.5118283658164,21.40752815964411,58.55256500025954
179.24219761055483,224.47306011685444,21.81879575937086,57.854877052500214
