288.0,224.0,52.0,37.0
284.128092776048,218.75828225589385,48.57109939474335,37.70730981669669
277.62125577770894,213.6289386397342,46.66855694400829,37.11783963271556
274.0279225091455,209.3444088957404,44.633941432585445,36.46561707215353
268.34528600541904,204.5854014017329,43.243835808993666,35.77932915533284
264.32248277702377,201.8685952471646,42.58794853426485,34.99758879909835
258.76697279193354,197.2809782607166,41.495400143571054,34.409968083294984
254.60982429815914,193.39277459526483,40.25723742504502,33.82797317138309
249.200962249623,189.3470484470839,39.418987558319486,32.594646296706685
245.2336334730409,186.32926909844164,39.42405060028474,31.83340969867777
238.89214866303175,182.22677913845212,38.6601575078758,31.073814477038653
235.26417178446988,179.70798568678583,38.24028265157585,30.628666656497156
230.17735192385373,175.46908138373686,37.58499144506981,30.443330520404423
227.6061943723315,172.54837209158114,36.308294870762175,29.865737427363708
220.88899288075675,168.8664239772326,36.21131893291465,28.902631243139545
219.7163079357938,165.97365783904144,34.461487296321046,28.545361229742507
213.21911772335596,161.77001193742115,33.57991163713565,28.032395550372435
209.35972798955464,160.08542734320082,33.544380697596154,27.524409535241972
208.0960710027693,157.8407061423899,32.229517261702945,27.211130175033915
201.43368220912234,154.05310887745458,32.4609518274928,26.36917561965197
196.95447491204988,149.74909621694908,33.092421119383886,25.725039493714213
194.34762931691097,147.50403054571115,32.75946721100751,25.59296658731158
191.23726271640325,146.6223837903409,32.55978812207853,25.521856586639377
187.43531022279114,142.13698257057814,32.85976293902992,26.275737584607946
185.5563519867257,140.12577665315902,31.968561463439542,25.64903147172491
181.37301000802552,136.96415994231788,31.275263295762564,24.72427919334536
178.11669174392352,134.55144207014465,31.625290935542516,24.26747874761414
174.68165295801268,132.64109258933559,31.469029733677537,23.696715975678075
171.8989105422916,130.14037929844073,30.968359199793106,23.498580815759247
168.53338777711767,127.37181539765183,30.853579806540306,23.045611809186536
166.89644282399598,127.15869247016403,29.89458620595759,22.625280962796907
162.93985190381375,123.74170508876936,29.556752672287054,22.858443426358257
160.08277297738138,120.70343068968621,29.504664735443562,23.168746434816313
157.84601566582057,117.52524024541825,29.010173791915733,22.901119901152967
155.33571528894709,117.7433134335075,28.31818482208209,22.46497352497448
152.4474967247913,115.03066616344938,27.70737673827397,21.503022852971036
151.2888493014964,112.71674215434824,26.93096934176787,20.71689194575555
148.42642887584455,112.66242702304032,27.414469145942114,20.076759201638605
145.14662964942653,109.97349010022853,27.26314309554015,19.489366822161713
144.52498905667454,109.27499122077653,27.039002025318098,19.418942325339692
141.73148202115107,106.85419779381104,27.521919253437062,19.15643233634269
141.22388275522178,106.78778733690866,27.804982813593373,19.289253250147425
136.4095867585692,103.21951579615418,26.354513167770833,19.778359348179762
135.46253146511776,100.68623935252373,25.350006681665082,19.77233235767565
133.08092855887514,98.19568923751636,24.43937653067647,19.788826119650754
132.8020560466002,97.96536217842117,23.60603383006014,19.553936375258033
130.64996495264816,95.72108394282165,23.157669110352092,19.28994593884502
128.1822355981611,93.70299330309386,22.75094955428313,19.319493519518264
127.38051860652415,91.79637144964707,22.368457102462024,19.160884356221903
124.82079254907745,91.5693590681569,22.25976908859461,18.961391603107174
124.14792526038417,89.33528841345588,21.659606491643288,18.88910617238743
121.68554667610384,87.37642534090925,21.478846322189064,18.3395046467177
120.68965367629124,87.68236868605914,21.590912631678393,17.727617956417916
118.21455540643757,85.5477287801438,21.593574963330084,17.049363560192916
118.08855069181172,85.33823550796266,21.23808701152341,16.860852723496873
115.85309392961989,83.39674683441615,20.917060434521098,16.55088248187714
114.3501461072128,81.7165663239521,20.977736437972897,16.37697993317041
112.22567379498165,80.97510142017809,20.52950712359189,16.098469513652198
111.85351441575573,80.7079440395564,20.698063517914647,16.057021910766498
109.40817017375147,78.67427872049171,20.389762450930434,15.503028503569025
108.7298654249266,78.12498003145208,20.054583155069878,15.473766685974747
106.50650830113273,75.66162493420487,20.034595666307716,15.375437427075532
105.95623517865499,75.68708247887822,19.46585120087856,15.3245223377288
103.83121388010385,73.54484569171802,19.34062480397035,15.233726918038712
102.15483526148108,73.34339227851156,19.432281093517105,15.093116919835193
102.17364971036885,71.76417606025787,19.39465219574158,14.995754510104799
100.00499096018264,70.41897514794138,19.408189988349477,14.983794017384962
99.08451150907383,70.18019585665144,19.08721109038888,14.920868149920299
98.17130130696167,67.9798760489349,18.775413117152446,15.045071010431837
97.07215530781616,67.52086481244896,18.31472766190411,14.89950250198795
95.07457151356681,65.9281103344547,18.653326177232756,14.428442384806413
94.13277538748139,65.71142630708758,18.457280350437635,14.341900919799164
93.95623707272722,65.0783728415742,17.779346837727715,14.5769977086077
91.87134672978965,63.50159051572903,17.87773190977524,14.168091198198836
90.42506994464823,61.87318227411218,17.74740995196524,13.898219565324238
90.37121806410592,61.263708440053605,17.35767983653863,14.122299480418924
88.17581398961022,59.796509514716966,17.292653609556137,14.086141080442943
86.41490392244275,58.427602213014424,17.35991202928187,14.35641160198429
84.83866633998676,56.67531694992984,16.52111158293107,14.867525419706396
84.73083194099812,55.48355014577974,16.242642648112238,15.274508096822004
83.42359908997649,54.97069113694124,15.87946112180664,15.307677038382728
82.79521668193377,54.392389718020006,16.153995142661646,14.499818285764343
80.94615752468283,53.96375672180517,15.991621700422963,13.90939986941632
80.44472743626004,54.10591913962864,16.05328845759336,13.625075033769384
78.52615395824859,53.20015011813315,16.154558971593517,13.101690300496124
76.9484478276065,51.70873924361389,15.62916473804654,12.863806366557403
76.49902281313811,51.883625312215216,15.631655627602555,12.514034229354754
75.237951588925,50.10620555917798,15.055885748379033,12.528402503829533
74.04712997371708,50.49775374458825,14.833876257801357,12.179248253174567
73.54365150780814,49.060307984174955,15.415943497885095,12.0799119318623
73.30859598777661,48.82123539111717,15.453846438394635,12.558057117977866
70.36980226924304,46.422048539346115,15.163836672514568,12.95100424798626
70.54245860393749,46.82974028653299,14.81852400312566,13.020441598744998
69.02305714973303,44.960983265676155,14.790065275540545,13.252513770751168
67.35058051924588,44.87842130009363,15.044872479629484,12.976188265218317
67.20865353331702,43.33633877147032,14.887750642202953,12.973522657475069
65.80252937245726,43.01258736361178,14.630490293572317,13.182524234570689
64.00566993114896,41.71784310754684,14.721394668000048,12.70705005203531
64.00958961141599,41.56725083623296,14.713555307465985,12.576581889115866
63.876079135586316,41.25576898167367,14.551139849312776,12.340672778609381
61.7311041421182,39.70795617237876,14.60973694020791,12.051216080366318
61.71071409719913,39.30685485104858,14.231143104877866,12.43404479785849
60.24740359725086,38.421207544191006,14.219963957890759,12.106910735228176
60.10495540289926,38.37129052829543,14.0905978842368,12.206744767019323
58.68739210646005,37.042782699148056,14.028664998754863,12.380566586719498
57.48116134179065,36.703148867449464,13.94698114033588,12.22845245419742
57.67213358255171,34.894440610426415,13.565036658813774,12.549953856173069
56.05570252633297,34.71726703402032,13.919624655609969,12.493118992465071
54.901125654369096,33.50634412955988,14.14979324125854,12.004385579795095
55.07120532861585,33.55918502915303,13.809633892765037,11.898703780608795
