81.0,79.0,26.0,19.0
84.56620153808541,80.65125331248365,23.813199709938658,19.936581477412265
87.7418462429864,83.13742884513083,22.96828160796958,19.78230530647167
88.74799413043283,83.25481377818471,22.97429594404035,19.5475354403639
93.70802994527938,87.98433732067208,23.7596851715585,19.455766605448993
96.18763056533602,89.16437667425413,24.2381959280491,19.81454389658685
99.75198468746481,91.3492731733688,24.73104615578378,20.294833562352572
102.7220246754191,94.20999001655927,25.164838652412612,20.23906429600489
107.79860506803196,96.87821487419453,25.72121850596318,20.614369588081743
110.6857016631009,99.16696759964111,26.50429471858881,21.136962561560168
113.75854288845993,100.08814740618725,27.100194902186104,21.54179715990635
116.3199040861731,102.71707816233625,28.095586685171625,22.40204982602015
122.98362025524756,105.21793540088711,29.059681069133845,22.958151296406058
129.04147131564707,108.31309883361288,29.21050508976481,23.30997170638387
133.49542076677534,111.43665970977882,30.212064021575458,23.669155176763436
138.25397912755514,114.26335859183423,30.011481768927652,23.944461165596497
143.53360644372717,116.67728867095053,30.480854001046747,25.05509239592095
149.122176907287,120.28846430043438,32.406779042406676,26.568118449273
155.14527740415838,123.16866987102902,33.34697759578653,28.22850704929661
161.45151178407104,126.98831792916916,34.29847552046388,28.340049038446445
167.4799817887937,131.43521241872085,36.035974896084284,28.31411394974243
174.4184215401013,135.8862557114378,37.33251872029031,28.516081360401273
180.80802021220313,140.8928442793843,39.03855494292361,28.849499629391786
188.23765841044926,146.27045824654536,40.17060851691129,28.755158342056305
196.42757779346186,152.1489831944419,40.01652550363022,28.896995998275543
201.29324784863684,154.13406715086055,38.93890276592242,30.335401443339606
214.7242404516905,162.29943976732875,38.20880223853786,30.337084134604947
219.95700051184414,166.97060198753354,38.520100367336106,30.693896118390352
228.44953434160257,172.5091686680577,40.03512658269068,31.58741173520002
236.7766758234769,178.63010463172685,41.39605779273863,32.85695043820911
245.40611546143353,185.76925120371425,42.81564321477364,33.75490986131734
254.07873576051705,191.07850807406444,43.52624842943036,35.1736266624995
263.68871201027036,199.3957449906502,44.108245232623844,37.10348030060932
273.4296324499741,208.80717544042926,45.0701631004528,38.72437814828753
283.1285722520648,217.4012101930759,46.77072725918193,39.99744693554108
293.4267178768724,226.86496979782112,48.02062364875079,41.55072863778554
303.16088510746613,236.7094893573434,49.69707267179292,43.00647300297081
307.88748779183686,240.35197658336926,51.91544736891484,44.47518360031641
314.8763605126786,247.10584604261712,56.13968294458347,41.58526694194284
323.2924655777582,255.18074292443362,59.258607641653825,34.64368925241581
