94.0,201.0,35.0,59.0
96.52888042208562,200.81381316485977,31.41044224506423,57.90417058104499
97.95245201037429,201.87307892309343,29.954272034364287,55.785639064577644
103.81830049079036,203.40378805104547,28.901193402815387,52.72422080867358
103.62401331121688,204.51660444960692,28.018088711341555,50.498588011550694
104.13882452381675,205.3231814778538,26.988466286141822,48.8854339550569
104.45437728127209,206.11657350556607,26.357360771231157,48.481009276874744
104.7839202022027,207.27506424473236,26.863886485963103,47.32963935513526
109.69217038678238,210.7727702641392,25.14803649210667,48.434877691624536
109.83701002041302,210.57796658393056,24.858357224845413,47.68029806102089
119.78916415017115,201.45649450204937,24.132059463888854,47.873349990844766
127.74801303258623,204.35012716668922,23.872355388795917,48.796653385738196
123.92962353201301,204.97993964605405,24.74449292927294,47.5370284270085
124.38118291862763,202.70945094887216,24.965428822383195,47.58178715601448
127.78299149277562,201.69417470877113,24.932880146986662,47.35531681191668
127.62397232442225,201.77224184783339,25.250918483693408,47.19918253379219
127.44881588765173,202.00568200645523,25.601231357234433,46.73230221654848
130.97360954213423,201.6225673065599,24.186111427236316,46.37163814054576
131.03928046452,201.91968744945737,24.05476958246478,45.77739785475081
135.28996945743955,202.08368983580934,24.244080312726737,45.44939308204688
135.07542268303715,202.75141847430598,24.673173861531552,45.198695595716444
135.7162320863566,202.50229923734696,24.479965515942148,45.696934069634516
136.21964468260194,202.50854025045953,23.473140323451425,45.68445204340936
136.482505760488,202.55331531116795,22.94741816767928,45.59490192199252
141.05657895826138,201.29332121806755,22.315865457042186,45.985741686965916
141.29141960088734,201.38714176684067,21.84618417179028,45.79810058941969
144.8953160236668,201.28936427372562,21.97744640558203,45.99365557564977
144.7530495320081,201.25651940550807,22.26197938889944,46.059345312084844
148.5396760050124,201.87313210598717,22.105113245108953,46.94508756890334
148.36348796190566,201.41554388590967,22.457489331322478,46.790594210511735
148.24144804460673,201.4622973203647,22.70156916592033,46.69708734160168
148.37583433405567,200.9529429232992,22.43279658702245,47.7157961357327
148.04190390252893,200.92955483238782,23.100657450075943,47.762572317555446
152.58838967045855,200.57107785701203,22.799134599832712,47.38059518260504
152.5288864055884,200.81731222135454,22.918141129573044,46.888126453919966
153.7579171092481,200.4280973292938,22.626055282634557,47.66655623804152
153.42854531421665,200.96813558885418,23.284798872697497,46.586479718920685
155.88991887809925,200.3300578863663,22.70177195625134,46.777705071066755
155.82145204599456,200.16882824626927,22.838705620460725,46.022547246428516
159.9617909968121,199.45572700842362,22.040704120142628,46.379795950503144
159.899478719847,199.77679003439044,22.16532867407282,46.797977618089845
159.79744292190514,199.97634718151832,22.36940026995656,46.398863323834114
159.97063290902872,199.85943634519847,22.023020295709376,45.56637692212202
160.48823202967145,200.98260942477083,22.035954317184963,45.416295288499356
161.2151920829109,199.27450273934625,21.628199766373044,45.69401199234774
162.33196197154936,199.58764855195048,21.48090018534056,45.06772036713926
165.97290651429944,198.639957234801,21.418965475804576,43.86883684031074
165.90383275670766,200.07753088290536,21.55711299098814,43.01937811183005
166.37371853950503,198.41826237909424,21.620154258654743,41.32385095314558
167.00970003321433,199.34189452067758,21.327218522285783,40.45561392102849
167.11808411514633,198.82301351956968,21.11045035842177,39.570917408029224
170.8848210245638,198.9827531881737,20.18842194579481,40.19593027170805
170.8037435383035,199.3804670240625,20.35057691831536,40.3382968699967
171.80439728711633,198.56526989741434,20.234634949272362,41.026008359001715
172.22441871090706,198.68762164769493,20.345334571926088,41.732047328675804
172.15656373034,198.3296329419408,20.48104453306023,41.48504150254329
173.0901833477561,198.42740925941044,20.537259278695885,42.251215857837906
172.99273441623762,198.8482400322683,20.732157141732813,42.38345498354504
173.73378076309746,197.91829175708588,21.208498108814478,42.284917873108604
173.4994769240166,197.94903909306265,21.67710578697622,42.22342320115509
176.577382289312,197.58348543226958,21.48060139993337,41.96131279881656
176.53509335004696,197.79121198666653,21.56517927846345,41.54585969002268
177.73015492025684,196.5034791898123,21.13774268351994,42.158638738254865
178.09266082035236,196.2465317530216,21.3956859196725,41.689578575492675
178.32843553021092,196.1772519592383,20.92413649995536,41.82813816305931
178.89300224174417,195.90752795638554,20.769423727933955,41.39316551771977
178.85626883475715,195.91260109207028,20.842890541907998,41.383019246350294
179.60796288102804,195.81730297521213,20.3059992655908,40.60711866384196
179.40588541015785,196.24049710267855,20.71015420733116,39.76073040890914
181.1660060678114,196.2238223667827,20.01113970241736,39.7940798807008
180.98551573905482,195.80912715787377,20.37212035993054,39.69462700899285
181.66713231968646,195.97060094765703,19.942504344801012,39.371679429426294
181.49132298877248,195.90469394092608,20.294123006628958,38.58202510579904
181.5673723954885,196.33349139359083,20.142024193196935,38.64036324597835
181.72435792902115,195.28395999125172,19.828053126131664,37.99689845656782
182.36042077186644,195.81246850683922,19.45524873651501,37.83920272146675
182.77987470865907,195.3473188272925,19.506928138017305,37.87891480547259
183.06792652168727,194.89072277193534,19.82288516615022,37.900046261997595
185.14358645067028,194.91534689132817,19.26280208446811,37.85079802321195
185.06013525909802,194.60074258407454,19.429704467612627,37.592568394793766
184.82506097210944,194.77913968499323,19.89985304158975,37.23577419295642
185.22042096353522,194.77453820577608,19.109133058738202,37.24497715139068
185.754018157075,194.477057489129,18.917840520719203,36.964036735624305
186.16072576799158,193.88159764512002,18.104425298886042,38.15495642364228
186.59610628015162,193.85035598545534,18.105458583125852,39.08923405153155
186.93141129549818,193.09485614348966,18.32026797336093,37.943975472678204
187.5976985002971,193.22100900982704,18.73264157597012,37.69166974000346
188.3013848451867,191.60324248579195,18.20121082557435,37.42343503054006
188.19253557586083,191.97586034759456,18.41890936422605,37.54100285992432
188.71237007283997,191.90853702901657,18.247540924151224,37.67564949708031
189.26738967306707,192.23083434223065,18.00479378389987,37.89834693085501
189.21018096914767,192.13845290854107,18.11921119173865,38.08310979823415
190.44093315529307,191.97868207472587,17.399715760118198,39.27365593619976
190.5135578306666,191.97456601791535,17.254466409371148,39.2818880498208
191.13953794861965,190.7677333472441,16.87578493623706,38.2024383400754
191.36777109313934,191.48163805189745,16.419318647197642,37.62559172415064
197.49254750860814,190.6810579907769,15.853610898046071,39.22675184639174
197.05984468432158,190.46501957300026,15.871358299540535,39.65882868194501
197.5035159573427,190.7069438221603,15.83821266299632,40.02917709312301
194.10430355221084,189.6451996910262,16.624098384793577,42.152665355391186
193.58095072129228,188.82511621813697,17.670804046630682,44.696360566582555
191.98080746673182,187.70530393428874,18.953430821580447,45.018325400107855
191.21145266391457,187.70488552204387,20.492140427214988,45.01916222459761
192.5212139262579,187.52220066495065,19.899491010396634,44.371095384849944
193.2032751601124,187.4896513309581,19.52899238642412,43.44257020909846
194.08670407141423,187.75660320562142,18.735772183170777,41.93502884042157
194.16896083009573,188.00294435303815,18.571258665807775,40.50452585406613
194.36623994683723,188.33074672137363,18.176700432324775,39.84892111739517
194.6342820989704,188.2928261660769,17.640616128058422,39.027048255689
194.6151472021708,188.27033953074238,17.67888592165765,39.072021526358085
193.96283607476673,188.7063606380545,17.228115028260536,38.19997931173387
193.53139008266095,188.45462054295564,17.233885930655163,37.84633842011456
193.60606680197355,188.61036990431563,17.084532492029968,37.53483969739463
193.52851063560175,188.3039289900058,17.239644824773563,37.302780997464005
193.3761791424526,188.41306350481824,17.544307811071874,37.084511967839155
193.15097800497063,188.57483903110196,17.14828407585177,36.760960915271724
193.19493692289126,188.6815328267581,17.06036624001053,36.54757332395945
192.5159747767617,188.3139722299022,16.75797492955657,36.45253671631474
192.51393606291862,187.47230480024155,16.762052357242766,36.48889861994033
191.45776722583435,187.55624627624456,16.40213014652392,36.32101566793423
191.79909175432323,187.5887386823851,16.53481853591949,36.256030855653165
191.3318423547149,187.55909605852116,16.652596693775298,36.315316103381065
190.58661325098453,187.63953115832922,16.503762988921935,36.15444590376494
191.0994469441828,187.9957606004779,16.292795569060168,36.25668698600236
188.92843850605846,187.64958858883028,15.75990965855145,36.136547211504734
189.11454020184667,187.79105294289954,16.18906917016953,35.85361850336617
188.1064765226136,187.13855419494254,15.790765498516063,37.158615999280165
187.47416074546862,187.1358584546635,16.238699411039867,37.1640074798383
187.4532365925767,187.1427275738193,16.28054771682371,37.15026924152673
186.27785353154445,186.45329240435152,16.155630477473345,37.70391179332392
186.07884523279586,186.6357501394814,16.553647074970524,37.338996323064165
185.43379999686252,186.69974518648712,16.17819151022912,37.211006229052686
182.983552840342,187.07046537234638,16.957173241098243,35.64526334089982
182.49879004782971,186.91950653213456,17.11148829629601,35.13197049149662
182.39793469890927,187.02905221829374,17.31319899413686,34.91287911917823
182.077317352355,187.50105255430384,17.143734868411727,35.59027608482531
181.53720350071941,187.12143783357675,17.406306457923627,35.53184941252016
181.45290460663597,187.15844368089222,17.57490424609051,35.45783771788925
180.85973466045274,186.16594322065902,17.114833758563634,34.9732230685156
180.55010962361155,186.1372680372259,16.925941999025298,35.030573435381825
177.34787880998581,185.68717149507233,16.079117549070077,35.93076651968897
177.47684915483467,185.51516262797352,15.821176859372365,36.274784253886594
174.43649703907255,185.94741723175542,16.270761106797824,35.41027504632281
174.28988364416807,186.56242979189244,16.563987896606736,34.98004983428271
173.93365864848178,185.09046950196333,16.47777821480679,34.72933172145077
173.80644349183976,185.76925670341632,16.732208528090837,34.165259403826155
170.79009654336699,186.29854588565644,16.447355027904724,34.68606788862885
170.764521283191,186.06997155260044,16.498505548256716,35.143216554740825
170.34596885959047,186.44929722238845,16.5357156243956,35.18445998622696
169.17589954366568,184.9342485133881,17.273564169493273,34.208832187347866
168.87212931701708,185.44153573170246,17.881104622790488,33.19425775071915
163.52873547883866,184.451806928586,17.434428101447182,32.787973028873495
163.61709501865298,184.65595558677862,17.257709021818524,32.37967571248821
160.84914802430364,182.53252456525547,16.6130494339313,32.76369177016829
160.85274243348644,183.3075027366602,16.60586061556568,32.747969325314365
157.71831670330474,183.66561667117537,16.74061322320283,32.79850381287484
157.59675704828564,183.45488235786854,16.983732533241046,32.450143300323774
157.4204990696337,183.59789053878671,17.336248490544918,32.164126938487385
154.2154728657207,183.10155759748594,16.80963758595837,33.156792821088985
153.7443947088278,182.9907906263872,16.975520281265293,33.37832676328648
150.8721820151844,183.94918894516292,16.460864817309343,33.02630033854571
150.4931761169746,184.06736917926915,16.45054435885425,32.789939870333214
147.06097140061647,185.27223826638019,16.432714708162745,32.67428139058039
146.947340453801,183.64030371305273,16.659976601793698,32.887386528785825
143.74817385431956,183.94033696736014,16.90038696514921,32.28732002017102
143.20909920542869,184.37580112080607,17.213460474975676,32.18146750123441
143.07709624226325,184.49933905030267,17.47746640130658,31.934391642241206
137.67419020956947,181.11038386984768,17.506525466029917,32.55415743134305
137.99601137577457,182.53904187219382,17.64228567910493,33.59385415407687
134.78442141145686,180.73124099590495,17.68920746772185,34.02132683664542
134.11925780761828,180.6508204281117,18.215413782507607,34.1821679722319
132.39931295679077,182.81687756997178,17.57767901760631,33.92767815506804
132.51828660748023,182.85248768017362,17.339731716227405,33.85645793466435
132.9374394470024,182.52757992989058,17.29710680611639,33.71059266629715
128.36457730815772,180.89622352934904,17.721966971599116,33.80208215385056
128.02555741614393,181.30379588057875,18.400006755626688,33.78840010960653
123.86459951675128,181.88391833436495,17.78020293228692,34.253922406056866
123.59398731239008,181.98903394749652,18.32142734100931,34.043691179793726
120.61657778454367,180.77623786757712,18.56913058335583,31.57746978533565
120.80052458149501,182.03179613999436,18.201236989453164,30.63243216351065
121.09714405418893,182.32395305041183,17.607998044065326,30.0481183426757
118.44786760985096,182.00961017935103,16.953989964980305,30.67680408479731
118.53067143146099,182.2808925335479,16.788382321760245,30.87650703930911
115.57594158848934,183.22710472550776,16.758752933470372,31.953627192505955
115.14874529054885,183.24301613035095,16.855409077723216,32.67954083444771
109.99051020276113,182.11749459939418,16.391001251554734,33.39045846754072
109.77260675163974,182.25275777135928,16.82680815379752,33.892380428030094
106.23587179193846,180.94412886884948,17.601534593172573,33.36026649303596
106.1814879291482,181.3926878580075,17.710302318753108,33.25604599005507
102.83736492829219,181.2658614913529,18.052703761269193,33.50969872336421
102.5618198501353,181.0098326069876,18.603793917582966,33.21892319377106
101.95406911645286,181.0309557086236,19.01134408968263,33.17667699049909
98.85702418516946,181.2000472060117,18.69139584212133,33.65274875948887
98.31514445522701,180.75897476693945,18.959299510960722,33.71903784658794
92.4320013762411,179.64132509809068,17.5832003820387,35.95433718428547
91.42875511196887,179.9974817101941,17.928475394721207,36.07263271800955
91.23728273023491,180.08825578742366,17.473095616031546,36.72940910570802
90.43022992422149,181.06263821986786,18.24719318050932,35.62065228836872
87.37130833119657,183.3990479914608,17.667358167736488,35.13388161944703
86.85072809515863,183.283830827454,18.708518639812393,33.72419008819998
86.5639036872056,184.29044602878292,18.464964280387328,34.16256921153544
80.28064111571263,179.8478021127908,17.919309984848788,34.852744894441976
80.2122614579844,180.3441611614888,18.056069300305246,34.68031702296573
77.57697268345963,179.90205735240764,18.40596628082343,34.74441121303949
77.5057375273321,179.932665606513,18.548436593078492,35.51026273300348
77.25582995633279,178.31001831555608,19.048251735077116,35.392451961304005
75.20642206208191,177.56245366375003,18.0613492642334,37.735200974807015
74.98155786225969,177.98233460206706,18.511077663877845,37.760361634264655
71.83393399934366,177.2558017542421,18.694583221614373,39.21342732991459
71.1531564641711,178.11797300561943,20.056138291959492,39.2841067584457
66.69751374627158,179.19830276513528,20.668110797136187,38.96773900177455
63.50043901327239,177.78406497259562,21.494094870267062,39.012131890420115
60.227163668864584,177.61713833522774,20.498109202428925,39.34598516515589
60.09913076478302,177.3352315853251,20.754175010592046,38.97913063707006
60.10206117719701,176.96908255515484,20.74831418576407,38.78175708581847
55.774696489625036,176.69804204453317,21.063055312522735,37.47050738519842
54.57772953113363,176.81181312030924,20.718919087300602,37.242965233646245
51.13475817600356,178.72284220586147,20.377142946700022,36.131301631614605
51.36137183048168,179.09670574377174,19.92391563774378,35.38357455579402
46.86010639950669,178.8320927285686,19.439654650739577,35.05036496356816
46.47515100423108,178.83819137714582,19.36030421394973,34.18890643907262
46.506338424627295,179.0142369573561,19.297929373157306,33.00164294435935
42.26147703785402,181.89053503386248,17.989455066888276,34.597694601208296
42.15947752118507,181.4734970661088,18.19345410022618,35.43177053671565
39.017563674610294,182.23435060351522,17.80918534742854,37.24411168487637
38.69406444784903,182.34929714989713,18.45618380095106,37.86758702927843
32.59086607491457,183.40874994346876,18.430499068509697,39.24356186450947
32.66178038383336,182.60518071748015,19.18201581810083,40.85070031648674
32.928604855130246,183.34414910822557,19.578240334581526,42.16238391221923
29.65550352294031,180.69421378444696,19.43319177306538,43.638682430693
29.325087369704104,180.65288260276975,20.094024079537796,42.74654484098119
25.59054178724922,180.28751990040107,20.749256775202106,40.55704518747054
25.43684156218918,180.62618445676355,21.056657225322184,38.92694383047985
18.249077886860928,179.24163575337764,21.420913839269538,37.02561765834858
18.234300702862825,179.32684972920896,21.450468207265747,35.943010168085706
14.195397604167821,180.1575969568606,21.45886049622492,35.17811725816362
13.592208891564308,180.99499279143868,21.779882981807155,34.388680528632264
10.581907584455074,180.42174749461986,21.647801194657298,33.777261293307504
11.09125674582965,180.76914339891457,21.49669744458835,33.08246948471808
11.12803341479064,181.15695852358192,21.42314410666637,32.30683923538339
8.712143691264622,181.09870345678564,19.520599896901864,33.26513982607803
8.925336148513363,180.9943534708188,19.09421498240438,32.64964340026351
6.989148887422667,181.28672416937465,18.92737332478229,32.87274523911255
6.751769021853779,181.27285887636492,19.402133055920068,32.0921500725065
4.7510735539295545,181.4362570923249,17.77024596522478,32.57010764437856
4.517783007661151,181.38631789834383,17.452677517426245,31.885836492005282
4.414213970789422,181.13343822248112,16.891187431407914,31.622967683968913
