134.0,85.0,8.0,19.0
133.4156206107118,86.38398745771231,9.168758778576393,19.14599608347944
131.88695736685432,87.18392059937892,10.031452814325107,19.740762252112475
133.2939003662926,87.94161677561284,10.918196583290637,20.075684783565666
133.2523484738797,88.20272108406618,11.484037460810757,20.518950352047625
134.891350440254,88.42094672004856,12.197535575549125,20.58143683601872
134.43731654891116,88.21171814146241,12.593637643932366,20.999893993191023
134.82706023432686,89.17370288079029,12.339025118349678,21.175423895530354
135.09503549316014,88.92236053050414,12.326254878922018,21.678108596102653
137.14350907624979,90.62661433095775,12.47262572491453,21.982504255845715
137.4502542202222,89.59200573237663,12.396544143812317,22.43949533247998
137.40874769720878,89.88103993477363,12.479557189839186,22.947166358431495
138.6949443595851,90.22256464408643,12.666059915110282,22.81589614981064
138.6951416025659,89.70916715526977,12.665665429148651,23.28966510099967
140.5792242439657,90.8711329370029,12.81758516507394,23.205782119661876
140.79936315511054,91.53105979006793,12.938676476681266,23.00866668132592
142.3199661661838,93.52190873557711,13.260586780077997,21.82956572826022
142.32931259585234,94.08472022650237,13.241893920740885,21.252408940423088
142.8988569829666,94.47811159767147,12.642348159689607,21.54471222443941
142.63218931776822,95.36647061582181,12.641887457149055,21.36938228695077
145.45798418355463,94.89841467155892,12.302135077023728,20.71194297004231
145.2527926776758,96.24553798768049,12.196845645658264,20.59605855341464
145.29438482114864,96.01688662518507,12.113661358712584,20.541189904003666
147.2920173015604,95.70988411853321,12.197998170661227,20.64524469571087
147.16688187008333,95.69212806559123,11.935347256840934,21.193678578369195
146.92820443113325,97.00041824473959,12.412702134741071,20.126894044430685
147.30630635507075,97.44926227032718,12.165320116304809,19.73802782269425
147.35307369577194,97.70606831626344,12.071785434902436,19.224415730821736
148.3507275319182,98.70810532027589,11.545352942832418,19.668467023167747
148.05374592682782,99.16375987418704,11.65193905027844,19.731912120815032
151.72129268496732,98.90997945528908,11.668672658534788,19.749351150308588
150.28491652712844,100.060477897113,11.597442474897903,19.411009266203827
151.21741629255482,100.90523661338261,11.670166258951067,19.174784319844
151.69355298226102,101.4498330299886,11.68217207333667,19.049870680430132
153.1313214362297,101.49348090024253,11.689512558261534,18.96257493992225
153.0854778154705,101.60486987195397,11.781199799779909,18.7397969964994
155.17002156403015,102.71386247359354,11.43221103443732,18.909373500580656
155.35311182834297,103.03243886067563,11.54020966054291,18.746399881147774
157.1473734356887,104.80131538017292,11.740224624937163,18.997185021238884
157.06078679659527,106.42644868776156,11.913397903124043,19.111602500913232
157.03973302536224,106.51259947865056,11.955505445590115,19.42458491326016
158.57032466672158,106.35186722153497,12.328960283475132,18.764724250175973
158.4890509096315,106.36413136583425,12.491507797655265,18.740195961577435
159.42762195921532,106.60002398420582,12.571848211595523,18.26841072483431
159.6636505875621,106.87625522623789,12.099790954901927,18.683143497769144
161.56049475420843,108.60761708587755,11.680040441572661,19.076348715590804
161.59652483007636,109.19263147825362,11.607980289836782,19.348835504337277
161.55021080014674,110.2311194894537,11.700608349696019,19.206593936043042
163.5996342058746,109.10203645496966,11.466769075465791,19.532256236398407
163.38697053855122,115.18231650796398,11.892096410112499,19.95634753271115
165.2326954042605,110.76429941807572,12.180762862811997,19.83712029822201
164.92574873732735,113.90430977023767,12.294054564760176,20.064920808833655
167.1592613888956,112.5808364812835,11.874255849033792,20.68825409303696
167.10251013914092,114.0595044930029,11.987758348543146,21.28745941622427
168.9870433068935,114.31091080887154,11.850835809987037,21.822402155043854
168.81376159328187,114.44414131650143,12.197399237210275,21.555941139784075
168.75031476822102,114.3004619588763,12.324292887332007,21.3168837915444
171.2346430450277,114.0402180882164,12.080898192234184,21.31234243747355
171.02442632795103,114.79280346780611,11.980501670903301,21.369661544746773
173.03071141444352,114.28887867590001,12.647660871842104,20.297631406815064
173.24147443718607,115.71001491442625,12.741449730385867,20.03193344990679
175.62020738237308,117.00512834639046,13.113122429132389,18.98044816271453
175.43971380684434,118.4556456640393,13.474109580189852,18.092591904806532
177.88085544433523,117.67959775519189,13.053859439737424,18.65312480371704
178.1345569163591,119.04320211178273,13.043828822634357,18.412777725258408
177.97838964356222,119.00773559274037,12.86259089437036,18.48371076334315
181.5801110329434,121.97210807169006,12.542308245789755,18.94647164061247
181.04870068441983,121.58376859615184,12.618497522818103,19.22983488167953
183.43486081267287,121.04440914269756,12.834573079608184,20.308553788588085
184.17969679143366,120.36240062890363,12.900732981035885,21.672570816175934
185.8286827050662,122.07721866492429,13.9232625462274,20.943248114419994
185.75072658992661,122.11702132301208,14.62546432327471,20.863642798244395
187.45079938011028,121.37714023147615,14.565643954405516,21.229963244150227
187.24883662312868,123.13848382653934,14.969569468368714,21.07485182059118
187.14910653630918,122.65070896444558,15.169029642007711,21.484812207553134
189.29082269488896,122.78211891808053,15.486234212847847,20.64691268928328
189.10581310721633,122.97473371181758,15.288680229396494,20.261683101809176
190.87502301344287,124.25299795836031,15.659600569292413,19.93906326720883
190.41130444665885,124.86243758998361,16.027442440519025,19.279779266303645
192.44004010091754,124.68659645308547,15.857975406385886,19.076032358045076
191.416240311655,124.78987958916039,15.707342991190185,18.869466085895212
194.14946882319973,125.14229808906909,15.136410073284523,19.252523331674272
194.00425383002568,125.4696291716771,14.886252745600515,19.138448480490354
197.63560438798865,126.27854764991162,14.57562604244039,19.12493638850573
197.76769230511098,128.0964599286775,14.311450208195733,18.666155264406775
197.87330122066635,127.88683055709483,14.100232377085,18.049015679645745
199.9632487373396,128.55411111260258,13.962991053718445,17.725117996125242
200.17259278854988,128.96613565441513,14.04244827590691,16.90106891250013
202.06326914953706,129.03112465939074,13.668551030296264,17.257870256315144
202.2288305631498,129.34814356499015,13.337428203070754,17.596251511066953
204.20683378194738,129.74794552877526,13.269333638908346,17.76862555185495
204.09905439331894,131.27045786008017,13.484892416165234,17.161106726451834
206.24532457697083,132.07046885736017,13.046314359334922,17.48806588712862
206.47609303375822,132.2111350087688,12.584777445760144,18.165899158741137
206.52626934715974,132.35182434289274,12.484424818957109,18.366784994505103
209.77656480118625,131.9272205988955,12.271062206123474,18.248726590927394
209.86388334631647,131.62530637610254,12.09642511586306,18.374238711914323
210.70763951054874,134.206797820592,12.318113218779267,17.506956793542166
211.1009505461598,135.53720705326464,12.467302612597328,17.18566699079722
212.26285690875346,135.76089785754678,12.470968050925142,16.73828538223298
212.21319124296,135.41213660143407,12.11154001023517,16.977048522181455
214.11097477434063,136.85062436194272,11.967838301042226,17.29545518553648
214.39965902871998,136.93310740161922,11.849395766544877,17.58941508044484
214.62687111460377,136.4293502404765,11.856366512040875,17.674139568203024
216.5009252256899,139.42867662682073,11.810543354070441,17.691700024842454
217.69508474635043,138.94974840680123,11.271378919829003,18.6495564648815
219.1565687082425,138.9037165888164,11.621615643386015,18.741620100851158
219.14632527469405,139.6962071035391,11.64210251048289,19.056091890719877
221.04804691796357,139.48825751911875,11.677846791422681,19.471991059560608
221.195812528182,139.2946329243082,11.869010064503414,19.85924024918171
223.04672663457714,141.8675810402514,12.132626838746223,19.670150251086675
223.18295349062294,141.2530006533206,11.86017312665464,20.402008968905953
224.0702359997839,140.10810065198598,12.099985254059192,20.677431825848664
224.02331972981645,141.0586863290509,12.70555998755053,20.823229245944546
227.2820592162473,143.04964960941712,13.00176200641021,21.034337141656028
227.08262613051124,142.656418848489,13.40062817788229,21.288541878225637
226.42117735472914,143.0919392233689,13.638037908084701,21.502988949827653
227.86788733773943,144.10137623173486,13.494247922870436,21.133892921579537
227.7906503470002,143.87206175809072,13.648721904348943,21.05052479605569
229.2955742850765,146.16176986311007,13.355513362125823,20.817731520304196
230.08309745067135,146.08183588793045,12.850355185945363,20.977599470663435
231.9112065585198,147.2565294654987,12.896199309704482,20.74367650950185
232.10665391695392,147.28791577109595,13.031450430746844,20.68090389830729
233.56747467849974,148.82147518326508,12.74718612193433,20.778637731103945
233.93531269575962,149.4568692430953,12.535674701535278,21.08034345380576
237.54757425300352,151.3024114094213,12.662457373380683,20.53981874386801
237.60589373853188,151.6098661375209,12.54581840232398,20.44408774126765
237.65712807456282,151.88833956017703,12.443349730262057,20.402931179186027
237.92209089275423,152.2686429900127,12.940330724962774,20.6692309505982
238.21630036486266,151.9569426902626,13.40345993635512,21.292631550098402
240.14743321513268,153.02540969026796,13.341161648252909,21.327107500052115
240.03754778421617,153.2134092708602,13.56093251008594,21.493432007318578
242.15587584850465,155.31830706651292,13.712214617580617,21.12308237257583
241.65063401848874,155.8736885759148,14.177223274723609,20.557794356660928
243.7402544246333,157.6365745199666,14.355550873088955,20.844894827879962
243.90643985251964,157.07751693086368,14.57515772766575,20.85905458538678
243.8744292302443,157.0679590964008,14.63917897221643,20.878170254312522
246.11825675700194,157.91214204602372,14.60885822477983,20.861304719846274
246.40936656265995,159.2929731999763,14.58305005987157,20.88169964397983
247.03239995619893,158.91785383315607,14.449570374467829,21.631938377620294
247.1014318830739,159.56074115003815,14.876897845214085,21.476946392848546
247.77351994282606,160.82407526786625,14.672997453983294,22.371105342012743
247.75408998836278,160.54315127077115,15.292071423881623,22.352739275231148
251.33064826570515,161.9584945955938,14.6313640598773,23.653585746927963
251.42703477843477,162.36221282959215,14.438591034418064,24.043574445793766
251.23484234024826,162.20517025514937,14.221695293960877,24.35765959467929
253.48895033725975,164.5812534966451,14.531750566805542,23.821480470197084
253.30980532377467,164.09677679614023,14.89004059377573,23.59134952401503
254.80801999950177,165.8038908475274,15.50633497959917,21.983483289879494
254.90434684950316,165.98098271200274,15.313681279596388,22.21748339573548
257.35006015944725,167.82584348426718,14.542012007782937,22.647519199281227
257.511504354972,166.99501198532022,14.219123616733462,23.144834293948698
257.5090846481676,167.28064331742655,14.223963030342215,23.157768047278438
259.0796250332442,169.53546771825606,14.005235558885353,22.739413863794404
259.4786893285027,169.44248617684894,13.781661502787278,22.925376946608626
262.294533266104,170.3856414526519,13.885597791913321,23.333316060734205
264.5510621979151,172.2539941801966,14.02361626941822,23.666302404130867
264.552569983382,172.66598572629022,14.02060069848441,24.019650665428557
264.7653060740057,172.862637827665,14.188991247874812,24.22020919331684
267.17743256650266,174.96482730822774,14.162258187888444,23.613970175947024
267.30372411946456,174.26113640472988,13.909675081964725,23.840896637004676
269.7245338110172,176.2901457324756,13.782709563079159,23.908200112705494
269.80868724947703,176.53104676119904,13.614402686159416,23.426398055258637
273.0374280294286,178.46560632651844,14.095088167771031,23.604543032170064
272.8382067199872,179.05019246622322,14.493530786653732,23.61327919424327
272.52478620407237,179.25214213305784,14.524576412779977,23.805175266277573
274.7857724559477,180.8782601049067,14.796031504805427,24.148010019411966
274.7093523898246,181.71276304477757,14.948871637051719,23.696714397648087
276.84333097834366,182.80030774590006,14.913684077343504,23.940350491020265
276.7427070466175,182.73688829571444,15.11493194079588,24.06718939139147
278.8527079300381,184.76304838712448,15.18594200237331,24.30588103699006
278.67847295759657,184.44187766174278,15.534411947256384,24.330463770319973
278.5995336475708,185.3797836428752,15.692290567307857,24.326535141683287
281.03043396529614,185.72416894389357,15.842809244545677,24.890844367818673
280.85101063811527,185.77821997914592,16.201655898907504,25.42024856054092
284.6995438433107,188.57519545998366,15.670335181698352,26.340611865394344
284.6706108097165,188.25753950522102,15.72820124888672,26.975923774919643
287.16771176501595,190.5648492959766,16.06718888013432,26.361196349793282
287.1263707888836,190.36191894541403,16.149870832398964,26.10382814342355
289.9990448769816,192.60485979198953,15.69076656365026,26.243409869289003
290.74268745134776,192.96096539749936,15.513746247632877,26.186331074626747
291.05491146469353,192.9500153525149,15.540593173705702,26.208231164595713
293.25456078287647,195.17629546967834,15.705812519339633,25.66811491484006
292.871547591814,194.70852374246306,15.825020257825528,25.956839725631546
295.0741776286773,197.10920958245282,16.644782001153875,25.72736213557517
300.0593020300729,201.01799357836597,16.626048604155972,25.871006468383342
300.0276113742389,201.219134182735,16.689429915823883,25.468725259645346
300.04442713783436,201.35615559642724,16.655798388633013,25.854981644880908
302.31509624527484,203.76339729084236,16.773176634856277,25.699214717155037
302.05746735995785,203.39756010828506,16.62328082478029,25.765735501559597
