29.0,157.0,34.0,80.0
25.06545274947008,159.87142779019567,41.86909450105984,74.25714441960866
23.316343720166337,160.30156877742593,45.367312559667326,73.39686244514812
23.126217583579855,159.79847040068506,47.604798987412984,74.40305919862988
22.67637281093629,158.50022488532287,50.41425022613884,75.08978853591553
20.739835311140308,157.66253848696252,54.287325225730804,74.79829314940376
25.890066336663008,152.46947002390607,54.1189567995311,79.10517390060929
24.690013779438125,149.09046260551008,56.51906191398086,81.68564335603114
25.44238113351861,145.81702409663,57.18173933344909,86.06510824616205
26.303997190625275,142.6025848432054,57.70286952355096,90.24962444869611
27.427422888339017,136.59596396130615,57.77184193519619,95.31539479127647
30.445742100477567,134.72732433971368,58.91309169415548,99.0526740344614
31.39636380320116,132.87897884641976,59.4793385237286,102.74936502104924
31.98113400078006,129.7495516211735,60.84176026861968,106.47625733149283
32.33457809169062,126.8182575362481,62.745185724827515,109.72853186331469
31.641078226646506,123.6021774783222,64.13218545491574,113.46988262683946
31.038408736435237,121.91439013057482,65.33752443533828,116.84545732233425
31.778569432538667,117.2134198355934,63.85720304313142,120.56697384251649
31.58882449165609,113.85534368252176,64.23669292489657,124.41334056610648
30.892223608678627,111.69711939413554,65.6298946908515,125.79695226986529
31.098402104201853,109.88413069279228,65.21753769980505,126.44579278506322
34.053643832073426,108.25442547390391,65.26618988695272,126.72563540139456
33.003394680148446,107.52639123661812,67.36668819080268,125.19719034716243
34.04865097845726,107.88319129403008,68.27429456438233,124.48359023233851
35.082600911513325,107.69688779119114,69.20951296200113,124.85619723801639
35.46682152642605,101.76158886699153,68.44107173217567,124.62847523606973
37.369703457100755,96.82952386440294,67.64341248697727,125.4682913927939
37.06793760095117,98.33580513335879,68.24694419927644,125.46258035359793
38.04512155574425,90.5443145687818,66.29257628969027,125.96009544566068
39.965602998231546,90.42149206841643,65.4425388405663,126.2057404463914
41.774209624043685,88.33358624594237,64.80524354734716,124.42171617452925
42.02458881735677,86.61214216894278,64.30448516072099,121.9791107960489
42.53458606211109,86.75764519045443,63.28449067121236,118.7898684440726
43.035498360918105,84.95124488950233,62.28266607359832,113.9012441536625
46.0464037355183,85.6961514004984,59.00547341618528,112.41143113167038
46.921644978258556,83.52546341193965,57.254990930704764,108.75323562227896
47.99413015128318,80.77675838945702,55.110020584655516,103.91999193555077
48.59212452059524,80.42220056197662,53.91403184603139,97.20487565769648
50.74431504400299,79.781570831908,51.9649372518214,91.42027576001728
52.77623443559328,79.0291452535988,50.137659293147685,88.45200526762187
55.30465363400147,76.1642279551925,47.24238366677443,87.6971515531051
56.29409830430101,75.24089788768407,45.26349432617535,87.44278990279466
58.04241431832287,75.00194187167133,43.83016603308942,87.92070193482013
58.36587737638922,73.67713389005397,43.18323991695672,88.52475242201854
58.72131241410071,71.26495790357387,42.472369841533755,89.262736668348
59.904574540050106,69.10279569968927,42.14743703967744,89.50387817603223
59.71227001967378,68.42827620893915,42.532046080430085,88.81347650762706
60.39895080464866,66.40261441921167,43.194762697794204,86.75656552514039
60.05265231660311,62.407051630712154,43.887359673885314,84.6600535307334
60.072096199003894,60.946668936313166,43.848471909083734,83.58332025335274
60.08724160642507,60.33033420403663,43.818181094241396,82.83372930562001
60.04520253734755,59.037122659558484,43.90225923239644,83.44943532952594
60.19204148145268,58.86793508092693,43.60858134418618,83.78781048678906
60.011819219037804,57.35277850658892,43.96902586901592,84.83698321559552
59.05684769344131,56.18167281870803,43.876215499532776,85.17644117068117
58.87488449001439,54.995284078488986,44.240141906386626,85.5430800752735
57.836188049594995,51.907368187561545,44.29974537228841,83.64775419738032
55.72449856596951,51.720168545492385,44.54120772335398,82.03119517342594
54.74875775534286,50.950422863355605,44.52140322344282,81.59940041653503
53.74940046578052,49.185775827863424,44.55553824084957,81.19953536408354
51.859504200653916,49.050345333926785,44.416804967623825,81.47039635195682
51.271282389461796,47.8649344347567,43.632359678330474,81.88032923861941
50.64020291884219,46.59828451594486,42.94101937793406,82.46012983460746
49.8577356370683,45.261667352665086,42.55580275759164,83.18321297727681
48.71579299101254,43.94693605069372,42.885557630310174,83.85854516182656
47.738636370003995,43.06735057457721,42.87014708236727,83.64799232409958
46.86943372093454,42.403231906351145,42.64218305388954,83.00986033393507
44.4486731474602,41.20372222485537,41.6244747905775,81.50272675675279
44.71356747028575,38.80971031227363,41.094686144926385,78.63708050982329
44.3111260510684,39.247910480757156,40.037345907251364,77.76068017285624
44.018934331226944,38.82016660108953,38.79057708765878,76.78501567291597
42.590592156279705,38.24883944585446,38.05659652692094,76.13233752806997
41.94713920552898,38.04764917840508,37.570420089611886,74.76163572415823
41.42211119895244,37.37813372774647,36.87587464904681,74.35606517175728
39.619422026498754,36.61610082351903,37.02796379520761,74.15348638083888
37.90910360417653,35.6382738270903,36.99597429348317,74.38282720051188
37.20038589827136,35.19934111948298,36.6842935435963,75.26069261572653
34.355183913205124,31.956260579809467,37.16505428634838,74.80066272523305
34.26387982618545,30.24475165815737,37.347662460387724,74.74736376715234
32.59370015272712,30.100002067101556,37.20694297418529,75.03686294926396
32.593922387801214,29.861433719338095,37.2064985040371,75.51399964479089
32.39176073156544,28.86843603200444,37.61082181650865,77.4999950194582
31.56740627112921,28.416578948545244,37.47417941279321,78.40370918637659
31.814948233637324,27.055599780394218,36.97909548777699,79.32950263281734
32.06063663570737,27.046101982329176,36.487718683636906,79.34849822894742
32.43785198543941,26.255240789169996,35.73328798417282,79.13751852674723
32.98622871279146,26.371471887028626,34.63653452946872,77.1286448455294
35.18151026717997,25.44463891137736,33.70194651678073,73.79834815269838
35.91949686876395,23.88883937246849,32.22597331361277,71.92029467299534
37.492159276808856,22.953265973685028,30.6906900966421,72.18139987144312
39.302397953678295,21.26011811056729,30.2437122166759,72.39419612390591
40.61141220568049,21.836225823401605,30.789490190512428,71.24198069823728
40.708376517708544,22.42918593849995,32.17046865394384,70.0560604680406
42.961264595967,22.58903167312411,33.99263759550735,69.73636899879227
42.51686135151108,23.394669478644744,34.88144408441919,69.73419263214076
43.52229674758431,22.93486014204708,34.49504613085547,70.65381130533609
44.217167840148434,22.28367775205092,34.73653079134417,70.32494923971146
45.63785095426922,21.708297993229394,33.52577271114356,71.47570875735451
46.447620541015084,21.47199641548699,33.53257611883132,71.94831191283932
47.66949931193122,21.074145223487875,32.722161673907344,72.74401429683755
47.958911754621724,20.73601157550455,32.143336788526334,73.4202815928042
48.026233586222205,20.80001920851521,32.00869312532539,74.92260451246896
48.13650984872501,21.695952703383554,31.78814060031977,76.43015141422812
48.53071497205962,22.55933641428544,32.667310180764915,76.37096381953872
48.96093977723967,23.28635477331777,33.48916336418699,76.59922989525624
48.801859552051,22.908759783193226,33.80732381456434,77.35441987550533
49.57551126666891,22.910686795808964,33.97668915616521,77.35056585027385
49.48115517851818,23.0931437003644,34.16540133246668,76.98565204116298
50.210061335773915,23.373375944519957,34.425219471139656,76.42518755285187
50.699675946903824,24.216834661337103,35.16005430869001,76.45233417902776
50.353228300667084,24.593774188353386,35.852949601163495,75.69845512499519
50.66585150788937,24.73585320997958,36.9561742828842,75.4142970817428
50.29388900547406,25.197098046460738,37.70009928771484,74.49180740878049
50.88270520240336,26.777931707484235,38.26535615102592,73.07302934390316
51.82376533012002,26.395663729591313,38.115042741716806,73.837565299689
52.41707401890275,27.319725371239343,38.66887581818589,73.7298924704275
53.26669121548778,29.247199922788326,38.71803922948276,73.37173897626343
53.884040988939276,30.033836584908805,39.22731587178711,73.5424418412298
54.61596461323073,30.71327804346543,39.51869509316049,73.93878539407284
55.67364701418262,31.75841679371011,39.169387188860135,73.6145647911869
56.90898758583716,31.41512192909515,38.45400075653451,74.30115452041682
58.44755864836229,31.05029928027703,37.12995270030449,75.03079981805305
59.59317682631513,31.18916973774661,36.57963368677536,74.7530589031139
60.38725124005016,31.408139932390036,36.71879811862508,74.31511851382704
61.33005328489784,32.336692742746735,36.556518018793845,74.18133688297777
62.49860977937428,32.68113805938494,35.93795948496915,75.21100070482954
63.40209509814046,32.16641381021668,35.8538334550466,76.24044920316607
64.38554311987261,33.00008971105938,35.62332185733706,78.04586629299017
65.53724900893403,33.070603401018374,35.078533466808935,79.66346230066688
66.20993131652413,35.25501950664961,35.50569858232669,80.61221928149838
66.94893449600467,34.694947080520905,35.82149748510387,81.7323641337558
67.59238156690697,34.42116501816902,36.350205802952644,82.27992825845956
68.50995614203147,35.40982388615876,36.34790859299634,82.13546246277278
68.65043509261798,36.41470656014314,36.06695069182331,81.95641401898628
69.4030664656175,36.73389105461431,36.38486210556647,81.31804503004393
69.93090323623586,38.28988572164437,37.148698064733054,80.02556519638713
70.93251190983305,39.36859293810083,36.95959663533901,79.68226668127454
73.3708656596591,39.22838975868533,37.500330051724504,79.96267304010554
73.2418342396559,39.33066239201116,37.7583928917309,79.75812777345388
74.96575547812299,39.326930779200424,37.95228236753111,79.76559099907536
77.01871462389495,39.93366431850442,37.495072459141504,80.37647811204452
79.49809909005876,40.80209009752403,38.01213634564368,80.46490416028189
80.92317778202174,40.719251454961295,38.83316224649244,80.63058144540736
81.63546192715796,41.10882879022677,41.11320983406314,79.85142677487642
82.15999495358238,40.72701682340694,41.9445194741225,80.61505070851607
82.77426876212375,41.60903773555965,42.6218737984174,80.75691082558828
83.77858061602356,41.359068622836574,42.532879851730215,81.25684905103444
85.18143975455953,40.335200989816244,41.65261269769444,83.3045843170751
87.64018219429934,39.14174722644164,40.61574180107446,85.69149184382431
88.67850445706635,38.98464708106577,40.49626535805907,86.00569213457604
91.00523515603743,37.3467989155385,39.76213033644491,89.28138846563058
138.51481089089538,3.714317348528155,50.44745234163,78.76381451434679
142.3469930194893,1.4038432396035105,52.89594170559678,75.29447983527234
140.05865227465404,2.4322891081234914,55.46159522326338,73.23758809823238
136.08655695508142,2.3805750062141584,57.34002619621783,73.34101630205105
135.6437972337687,2.2365582726308446,58.22554563884323,73.62904976921767
134.90856064814932,2.0794798053001173,59.69601881008202,73.94320670387913
134.71179007379732,0.8853573920860427,60.089559958786026,74.22988885210002
134.72192797103307,0.8027154250606685,60.0692841643145,74.39517278615077
135.54870917349825,0.8290893198248739,60.53026562998923,74.34242499662236
96.13357431828541,1.3146957778248236,58.75519647432834,77.61359833673228
95.82619283895937,1.6032609764299082,59.369959432980394,79.17886815774148
95.37395554489851,0.7966499586704572,60.27443402110214,80.79209019326038
93.75793976574052,1.6282099470447804,63.50646557941812,79.12897021651173
94.34455684100828,1.718218619041302,64.57608793956815,78.94895287251869
93.86055032213321,1.781338237228816,65.54410097731828,78.82271363614366
93.73527784391568,1.620148598366029,65.79464593375334,79.14509291386923
125.12910717377086,40.054930528908955,55.44913985443808,91.19917908040986
127.66201106312384,37.726826375148924,52.67553437095066,98.1475896831485
128.0626215108949,35.67305446259206,51.87431347540853,102.25513350826222
130.8022770811944,34.00556422379739,51.18419902174368,105.59011398585156
133.57809256625296,31.958280895602,50.49544026295385,109.68468064224234
136.48457945162696,27.416489500540045,49.640654076350934,113.81007584822122
137.54688514146517,17.269009701438726,50.039991473059416,116.43739401172972
142.08634734538063,18.224653761671988,48.66816550500783,122.2332043310426
143.32023117825986,21.387097308424387,48.82868364680246,126.42146046775017
144.1659731696081,17.006730127953332,49.828567883994815,127.10809016902576
143.64647910813497,23.125835695455677,50.86755600694106,128.46562758215356
144.31879593244008,18.520725910194457,52.28017852041387,129.40407866642695
143.06093252127923,23.86389153763166,54.795905342735594,127.10568929622698
144.60753519102664,14.808881756158016,54.51013784140643,128.37108183018
148.63516983824928,13.970607695513117,54.91692826312091,127.22694337941654
149.54098430362743,16.247318398769963,55.916629755437874,125.48485239597616
150.68963092904153,18.842753096140612,56.423041807681216,125.90139360737788
102.03337370306659,-10.99364221978312,71.99468238966398,106.65196119236057
98.45027486294269,-5.90812625071694,79.16088006991177,96.48092925422822
97.60600610212265,-3.997714435026353,80.84941759155187,92.66010562284704
96.47088613549883,-2.7951022789198205,80.38880711851431,90.25488131063398
97.83341895546378,-3.664116486625467,80.34992054008657,89.30673066454308
98.19753008282721,-3.422689337109361,79.62169828535971,88.82387636551087
97.96487995587412,-3.196164491291256,80.08699853926588,88.37082667387466
98.15464476184326,-3.014716226921294,79.70746892732761,88.00793014513474
97.577331508537,-3.019511926765176,78.22171683422445,88.0175215448225
97.88965349557813,-2.956817815787211,77.59707286014219,87.89213332286657
97.91411967429619,-2.913938146207421,77.54814050270606,87.80637398370699
99.05521590435691,-2.858618853064172,77.86870309042291,87.69573539742049
98.37931196817976,-2.8984014377391674,79.22051096277721,87.77530056677048
98.28054848584571,-3.265114517303104,79.41803792744531,88.50872672589836
97.82930409389533,-3.060979664320108,80.32052671134609,88.10045701993236
98.51508733995688,-3.395728881659977,81.60055163817074,88.7699554546121
97.09616025458753,-3.4192836873259083,84.43840580890944,88.81706506594396
97.01732921546406,-3.7805283565529706,84.59606788715637,89.53955440439809
97.88685541107606,-3.981925686736382,85.59903248812533,89.94234906476491
97.93312604129981,-3.9512834822933414,85.5064912276778,89.88106465587883
97.82696564481411,-4.040165116639919,85.71881202064921,90.05882792457199
95.34644156695771,-3.939307967721099,85.14397844857815,89.85711362673435
96.31718081752469,-3.7727286045601005,85.95817277527036,89.52395490041235
95.95571353885614,-3.8307340880669045,86.68110733260745,89.63996586742596
96.78985962206336,-3.8716856387654843,87.78942723681538,89.72186896882312
97.53449071171667,-4.158965539712547,86.30016505750876,90.29642877071724
95.76375231246786,-3.944833696467299,87.06077115731404,89.86816508422675
97.10543459824261,-4.12895582848931,87.16360135608002,90.23640934827077
96.09393395423847,-4.157101875787717,86.39300646407159,90.29270144286758
96.93101986198043,-4.057316370406959,87.50111730417515,90.09313043210607
96.3197619551961,-4.325779862832071,85.9269477819389,90.63005741695629
95.87985837225563,-4.104993278006624,86.80675494781985,90.1884842473054
96.71623231951017,-4.0544679835432405,87.92120646207775,90.08743365837863
96.91835167334307,-4.075688412325469,87.51696775441195,90.12987451594309
96.66782932838534,-3.9544011144906293,88.01801244432741,89.8872999202734
96.70104612695962,-4.082321765961083,87.95157884717885,90.14314122321431
97.74265323556804,-4.05703819084799,88.67295280283224,90.09257407298813
96.28639227997564,-4.154628553475973,88.77029175850826,90.2877547982441
98.25230543158588,-3.946591709733198,90.47803833857068,89.87168111075854
97.9176057741632,-4.417805702487023,91.14743765341603,90.8141090962662
96.4961259526537,-4.691876506424428,91.12486232914137,91.362250704141
98.50639788549958,-4.562769094121194,92.85194285502259,91.10403587953454
96.18845124666684,-4.421592300683102,94.5909242791906,90.82168229265835
96.6052400605383,-4.822472689718353,93.75734665144768,91.62344307072885
96.88674184301755,-5.113222149056369,93.1943430864892,92.20494198940489
96.72746242727865,-4.8519333964434495,93.512901917967,91.68236448417905
96.57457866668739,-4.810830273696602,93.81866943914952,91.60015823868535
96.67892824612056,-4.939405797603037,93.60997028028318,91.85730928649822
96.28241067601857,-4.807435849539246,94.40300542048713,91.59336939037064
97.55822969938619,-4.729655481532092,94.7803605940284,91.43780865435633
96.91677387613267,-4.701176179848851,96.06327224053544,91.38085005098985
96.66618471980024,-4.8184826878560045,96.56445055320029,91.61546306700416
97.00502441816792,-5.127270975934131,95.88677115646492,92.23303964316041
98.27755978017245,-5.243109109114144,96.30407744154836,92.46471590952044
96.87307883736233,-5.256465056362842,96.14045614575764,92.49142780401783
93.44951425918507,-5.268943332147032,94.07625962947482,92.51638435558621
