175.0,65.0,13.0,24.0
176.83397718922467,64.84009509073964,12.789267613955516,24.31980981852073
176.8266129702994,64.60723780844316,12.803996051806035,24.208225244671358
179.27888157426568,64.07330113697392,12.506746886965288,24.124276576836877
181.1961766337532,63.95332552541982,12.0895610529279,24.36422779994508
181.3006105139559,63.58654285838061,11.880693292522515,24.531912243801138
183.23186143014223,63.468486866268606,11.406438983030966,24.768024228025155
183.30422673064243,63.28412605854008,11.261708382030562,24.57686870609978
183.3615717276695,63.115920343580505,11.147018387976392,24.35871678243809
185.63101958930721,63.07595733988229,11.003185787900081,24.43864278983453
185.44754167303665,63.08715388539416,10.822120230200184,24.416249698810795
186.79118333333471,62.72267961431898,10.857405385789246,24.056170850487057
186.7894696126962,62.1983176039478,10.860832827066325,23.485169173936235
187.62700226581535,61.492460545273815,10.780774880857674,22.770206811244663
187.67253427320134,61.359420868074395,10.689710866085715,22.516426554544374
189.78947254018757,59.51440363975282,10.572416296011959,22.604451792776146
189.8528194565367,59.37773024237107,10.445722463313711,22.877798587539637
191.49752073581598,59.11131830703576,10.249733808854906,23.410622458210273
191.51464724954542,58.8828032688464,10.215480781396007,23.86765253458898
191.46705249775408,58.50280956257566,10.310670284978688,24.101772515093877
193.40470290593672,58.97517952124784,10.68286568862187,24.749843680252674
193.32075062039428,58.94763172549786,10.850770259706753,25.351830774493635
195.0089122748272,58.63678466772454,11.38442815330247,24.856387403622676
194.96107282268045,59.153537054990544,11.480107057595944,24.94443584680171
196.92238847435053,58.88836397940109,11.503601860699037,25.474781997980614
196.65198998083474,58.419316604180096,11.472547424485121,25.8410253251771
196.5822965905772,58.57822349410523,11.611934205000246,26.099832427407385
198.12929802698096,57.11386735014021,11.43206460916834,25.531584782966682
198.20040053944817,56.82597204799376,11.289859584233929,24.964535952696274
199.21988488040705,57.27671856942921,10.932961140998273,24.623732989386106
199.61327197172545,57.32940003290888,10.695659944704435,24.518370062426758
200.2404545764632,56.903293686010464,10.528826508281764,24.283050983170753
200.3123551325774,57.529250547908475,10.385025396053365,24.105966490059867
200.6709993573929,57.28006140486147,10.200048939592014,24.072032782984273
202.46174224071646,57.232838187909074,10.318409341788797,23.637929764197068
202.22138824532854,57.07884641798628,10.274757409763279,23.421553381241225
203.44640328827708,55.890317017984835,10.427005307237792,23.196334197872474
203.6054902715779,56.02913094878696,10.628698886588849,22.918706336268226
203.82586322773327,56.09385823353535,10.707319931672703,22.789251766771443
204.7757409089765,55.99689425907455,10.364131693731615,24.539746840238415
205.02802730151404,56.55571721531673,10.39777394192808,25.57496106084016
219.87680175450836,53.19655713491214,10.60279216653494,26.20201754689842
219.84905062304043,52.38293317203862,10.658294429470812,26.696387479977716
208.11386448595692,54.41853631280799,11.146749838438291,26.647016649848894
207.7313106408915,54.79035820417381,11.329328452353714,27.068431019548036
207.6479613073596,54.986380668741674,11.496027119417537,27.268239373037922
207.92550420472173,54.590709204664655,11.538636214096211,28.059582301191952
208.12519286035408,54.652251207274404,11.749133521564794,27.936498295972456
210.33114727580303,53.95493540741377,11.620070935711428,28.719294717830223
210.06986433505742,53.63326771731636,11.521803044592016,29.36263009802505
211.5135277557842,52.224641642894035,11.776162205111891,29.03819624489624
211.1877042420484,52.590679827963434,11.79959947086751,28.93432963647344
211.5827210923609,52.06264840847154,11.636696051067474,29.363262194632245
211.5285618514458,52.197865223541555,11.745014532897724,29.72322971817706
213.16768912444147,51.71633144875125,11.654337424745204,30.048781780189902
213.11892516096987,52.01137151068179,11.75186535168843,30.099273285470634
213.1194087890816,51.226008134153105,11.75089809546496,30.383910857670294
225.68608529712142,49.56770266578286,11.855094361161868,29.170705256655985
225.65931728783275,49.56797580505314,11.908630379739241,28.53863372909713
225.9441588697452,49.17323657745571,11.962307122848564,28.081392370423476
226.2303272018449,49.91008378424585,12.007675153697935,27.843107346940716
226.2353656044527,49.631418613321706,11.997598348482292,27.785377832552683
215.0890355056774,51.14878758843322,11.570543132038168,27.820871695031663
215.1267139324765,51.10848189951993,11.495186278439945,27.901483072858234
216.75201215169534,50.06320456242415,11.278698451801368,28.778394302330188
228.25277810956743,48.155165678618225,11.669475373862529,28.285362547188402
228.48918730010743,48.030153241449746,11.812114391752523,27.91993002255539
228.81166825279905,48.345473154182216,11.779864238784107,27.902001949505305
229.0998573196054,48.17177052922258,11.815367488876703,27.637525815719314
218.04424112322954,50.09884511851733,11.405199423370885,28.044182129232574
218.05715479855144,49.888231735192704,11.379372072727126,28.465408895881836
220.09142251825557,49.425626508012286,11.601027823882955,28.777734894447804
219.70983170061655,49.214466190536015,11.742873343723598,29.200055529400352
220.37474356106247,49.21285130891469,11.672945339127422,29.20328529264299
220.3886330294289,49.1358184341488,11.64516640239456,29.357351042174766
231.76128904427165,47.58626211619103,12.22715159965462,28.67365872236941
231.93113226923413,47.772358523560314,12.518419889708692,28.30146590763085
231.54922777342662,48.13016283713103,12.651523278864348,28.216562882948764
233.07714079513025,47.81308085165401,12.754770460670539,28.218912208860115
233.0483353058962,47.22067250769711,12.812381439138678,28.13640553562793
234.03496293008035,47.54305832858879,12.739546964126284,28.758581076081878
233.70481345046358,48.02963142773927,12.75862014046498,29.06788644357067
233.3413587351912,47.17348932669054,12.839484239532336,29.4880799827133
223.88540919548794,46.89813238262485,12.144635816616503,29.38523562076727
224.00769001214675,47.091697641589434,11.90007418329891,28.998105102838103
224.5822178529744,47.159287612149825,11.38085617396975,28.86292516171732
224.70504332281143,46.98210360525874,11.135205234295675,28.598662820646474
225.1627596588235,46.639983122950994,10.830206806573667,28.062035296657825
225.90112604099988,46.831943603391665,10.547990007428076,27.678114335776478
226.19111833575863,46.478008545345986,10.5546855945877,27.212624098513682
226.23569624599315,46.330946685434185,10.465529774118627,26.926630446307584
226.87748653620554,46.40052039222491,10.330770708638553,26.78748303272613
227.090037590853,45.48569670013844,10.475664442204646,26.337147045454838
227.0181735835118,46.08978921784792,10.61939245688708,25.695078319745694
229.306564491956,45.81940785196181,10.518016930724702,25.67641526517715
228.83078642998467,45.63174020708317,10.354864839114827,25.49439644715816
229.1443301499911,45.5973323091995,10.279603384149702,25.563212242925506
229.44242152333433,45.5650154177255,10.234896432055999,25.62784602587351
229.72647796261725,45.55016910377192,10.218392065458028,25.65753865378067
231.32510749666596,44.72995334893985,10.331579784964958,25.642746769642642
231.27606000712848,44.34843891754088,10.429674764039905,25.852227461529868
241.86720282387904,44.77077511284121,11.021650396465365,25.565869462363224
241.67146779027902,44.81061559779656,11.413120463665413,25.48618849245251
232.90621536712322,45.157834145549835,10.689929230400569,27.073463406893016
231.30692688855967,45.74837251444422,10.405275288920004,27.634002118408095
232.27363804933825,44.82020196420904,10.805776579892655,27.156419606348635
232.2142948796854,44.70001404225943,10.924462919198351,26.812993076927
232.20397890312591,44.50277881491243,10.945094872317352,26.626490446238655
232.6875316586172,44.45627321790749,10.55664059057581,27.29815286948957
233.00729456492542,44.004706048116745,10.498495721694173,27.619906265336233
233.57256051226568,43.06214735401055,10.537874856756979,27.16520159406194
233.80638686615097,43.252294984007825,10.649356938699418,27.364041123780424
233.43939421782568,43.14415448478566,10.799352807442581,27.58032212222475
233.8121750551836,42.22038663661688,10.643575246611647,27.658505476907568
234.15528391504895,42.07985289586668,10.5454726968733,27.93957295840797
236.14380007931294,40.92054985423876,10.701137403520573,27.306252587967187
235.52371135557866,41.172723414076685,10.773142377937535,26.801905468291327
236.0697784467098,41.403945940925475,10.837241455693544,26.33946041459375
236.02794684120067,41.16609689537458,10.920904666711799,26.242564874271984
236.43719628823024,41.33778209762012,10.675087685444982,26.471876382573193
236.43277912696976,40.9164624472734,10.68392200796589,26.17128568817143
236.40195176802425,40.60948306181589,10.745576725856944,26.21780336787241
237.91103916699691,40.52856576433322,10.573446396203357,26.37963796283773
237.93637122243373,40.81607922126847,10.522782285329683,26.37308478051068
237.88963613684606,40.5370904119134,10.61625245650502,26.363587381138046
238.45010520023865,40.59907594731156,10.633326805018179,26.239616310341717
238.80469450528207,41.429316932282134,10.491673005777809,26.281708772939915
238.76468167756528,41.46454484308351,10.571698661211379,26.211252951337173
238.7475111904524,41.4659027170771,10.60603963543711,26.208537203349998
239.93449667094225,40.72406922409537,10.498431862253184,25.425841001517632
240.26410602098449,41.26134443949461,10.39260501539507,24.90468242394551
240.5468252333044,40.67574927897411,10.371157579440721,24.443899778930177
240.61662157808675,41.32654690215578,10.231564889875969,24.21621299494488
241.1846724813338,40.69903449834379,10.15784578675013,23.34647239583245
241.02708135704492,40.89559945518393,9.955721531691436,22.953342482152188
241.3416208089991,41.336858430430254,9.83468983177021,22.578871735646658
242.2227461835095,41.38288381461983,9.57390622838605,21.98633191872195
242.29804925555993,41.17922184933404,9.423300084285252,21.90634865630924
242.57032750254737,41.02081850040202,9.362233872730947,21.739665071752686
243.59440405274398,41.116982091151456,9.234078206751457,21.54733789025381
243.9712680263158,40.44146085858898,9.430253706635108,21.948476908351477
243.89505956614306,40.26868865986245,9.582670626980587,22.29402130580455
243.57455001460366,40.364718003129845,9.73177383674754,22.59387851258161
244.86228758621561,40.31738633390681,9.650745828958751,22.688541851027672
244.83972152295553,40.331626992797005,9.695877955478899,22.660060533247286
245.11743667541433,40.50146878949403,9.6396600621981,22.320376939853247
245.03141300608792,40.05635536027007,9.81170740085092,22.223995559803736
246.56430192666323,39.93810707343766,9.715580810844225,22.46049213346854
246.53123640345385,39.987187492899274,9.781711857262996,22.362331294545328
246.5187817258306,40.01117484349665,9.806621212509521,22.314356593350574
248.36913177165755,40.09782687089009,9.579055529503531,22.141052538563702
247.7385549234157,39.62819406605198,9.37129443490616,21.611403357158835
249.0322671725777,39.90501042164719,9.1753842921859,21.536073517089182
248.84792675320222,39.71708544605324,9.070314457874094,21.438172795214275
248.86706103590512,38.36936785076789,9.032045892468238,21.31075564516839
248.8965494571736,38.092964586613085,8.97306904993132,21.395606051789414
248.92369809647394,38.563102921159356,8.91877177133063,21.391603333895297
250.02846506899266,38.264813515337536,8.577701468051199,21.521066235099447
250.33727339965262,38.47923975741015,8.422994742222238,21.555123686445146
250.30958166261,38.70302791242571,8.478378216307462,21.107547376414015
250.80306382273415,38.71327903371688,8.401782529187189,21.087045133831683
250.59695606856275,38.42954768523039,8.360476060477415,21.200985853752094
251.70288045819242,37.4599691076521,8.420741834213768,20.86802845591301
251.46207564553555,37.79391640438115,8.451644468371072,20.650840853611335
251.4217578047662,37.631664620057556,8.532280149909758,20.975344422258512
251.63093898094448,37.3318053887226,8.568158415750425,21.12082226673122
252.05324489263006,37.56145354596609,8.637498755400198,21.118502033754737
252.10574283212745,37.100231803954145,8.532502876405408,21.58276826062569
252.1258325580079,37.05268932008047,8.492323424644571,21.677853228373035
253.35109174353053,36.39560053644469,8.82363588390448,21.601115380491972
253.05557663987676,36.1330855457422,8.946218534509466,21.657697805194385
252.86698172004992,36.666378157031346,9.32340837416313,21.06255622000449
252.8323620184462,36.52157277785396,9.392647777370588,20.882660356946186
252.78488176038155,36.88398466330521,9.487608293499886,20.62595041432686
252.92947070398208,36.21813404241988,9.198430406298822,21.02555401993082
253.23506037052533,36.26581215195618,9.054019916476348,20.930197800858217
254.00279377244684,35.88773542853451,8.907073375068595,20.76067107274475
254.23055683808673,35.71111475724986,8.909337973182893,20.656121685919942
254.4664550861272,35.5242603773536,8.893859453238267,20.573512469576112
254.65010272568634,36.17463715422868,8.981413135319585,20.637305799424773
254.17985320210354,35.8446764601184,9.00727629997201,20.839909246388757
254.36873737308258,35.54990375739733,9.090215720311658,20.50803912723547
255.28108270661906,35.53824194486171,9.09497193192414,20.53136275230672
255.36321726724572,35.58284030518081,8.93070281067084,20.899949672981542
255.17274497727266,35.498063901483974,8.85142424160369,21.069502480375228
255.08400785578573,35.316121052211706,9.028898484577551,20.510848387299003
255.3232887740445,35.39129039319816,9.006659564121705,20.360509705326102
255.5694129318239,35.45606877114966,8.968163156147996,20.23095294942309
255.2853933104789,35.48088415353078,9.08500665547859,19.730126441301444
255.27704115902685,35.603442037556576,9.10171095838269,19.485010673249842
256.19944478720186,34.76956716723216,9.027696760357824,19.824665620154875
255.781797239025,34.54064082717945,8.970304759722538,19.83617475176578
256.71091726015436,35.65363735591404,8.894081210241305,19.837702310268526
256.71060421436243,34.75887736491585,8.89470730182516,19.850470588048587
256.7233402483158,34.73087657622243,8.869235233918413,19.90647216543542
256.9556179169171,34.70996384875146,8.849429005619939,19.503548511473166
256.9817964390548,35.02598007780908,8.797071961344562,19.310067987838934
258.25641265099057,34.70090080939289,8.856775549855987,19.525403855940816
258.2496871286574,34.96306074302849,8.870226594522332,19.440082279239398
258.2613453485344,34.73057024439216,8.846910154768358,19.905063276512053
258.0539910096104,34.358562828657305,8.817282803876807,20.20474207924211
258.24904394638577,34.97785914173214,8.875334855315803,20.310623228061736
258.2940996073176,33.67287468592955,9.235938878710058,20.216300068119722
258.9218330338141,33.95938743520865,9.347527307113518,20.09895966336035
259.4377417634674,32.73135911900823,9.227572422594145,20.731291146186855
259.3818602838802,32.88446092237133,9.339335381768493,20.888103667237196
258.9210479832449,32.856806257280184,9.326447559693909,20.9434129974195
258.9084090991147,32.54368479201354,9.351725327954227,21.10182381872619
258.88719040417044,32.23878554118991,9.394162717842697,21.24104793626939
260.2950786146732,32.849195930246864,9.418426768709441,21.440247394091593
260.29309721091397,32.41041651193993,9.422389576227792,21.364496453103563
260.3799295920332,32.55908192127059,9.248724813989398,21.06716563444223
259.9736279871592,32.50054612199036,9.124811602456859,20.715979022362433
260.0076940084762,32.28841401365668,9.517665086352592,20.218272185970182
260.1686968830007,32.62728478977246,9.656299411863998,20.001170708298876
260.3561262591146,32.23137487557947,9.741329408092575,19.87321303977185
261.07546861364875,32.06591139931342,9.681134243175078,20.20413999230395
261.05188050583575,31.95090608803613,9.728310458801063,20.43415061485853
261.25540700994725,31.43663341081557,9.788716831264509,20.06031782724019
261.2834766600076,32.131497775922895,9.732577531143928,20.059748994342105
261.3076112559583,31.921268922529038,9.684308339242452,20.01813677962308
261.45752053787186,31.714774996073483,9.845113166843692,19.97050124110583
261.6411523984757,31.46764203122533,9.94056830859359,20.002048307844557
261.6216909610397,31.679521377105615,9.97949118346565,19.578289616083993
261.63996513660237,31.843879303451544,9.942942832340183,19.24957376339213
263.477191161024,31.76611671808501,9.445416955377757,18.951252338142243
263.4252208144708,31.431838356427246,9.10847446934116,18.738042703171608
263.5399418587125,31.512552253555565,8.879032380857664,18.57661490891497
263.7824820022828,31.384865836142566,8.819528416475077,19.257564066498972
263.75346949416445,31.07321814702323,8.877553432711752,19.880859444737645
263.8827618903791,30.570950326791113,9.063492397026442,20.44087132845799
263.8031358858652,30.310410170991226,9.222744406054293,20.96195164005776
264.7954591055456,29.734536077700213,9.103200708152377,21.181148455910343
264.56609296826485,29.758161660977166,9.094592377451388,21.133897289356437
264.85183435520275,30.37283109726544,8.989614402555421,21.30407281371943
264.9008741427834,29.964985836852907,8.8915348273941,21.185547411389216
265.1251506583806,29.70674451122076,8.906639037044513,21.23837282180856
264.8350910924103,30.299145201930127,9.022070122465713,20.51825948690925
264.825300144295,30.488764578492244,9.041652018696354,20.13902073378502
264.8523536550702,30.344716731044933,8.987544997145912,19.97596246316635
265.34636588770627,30.388906164445096,8.895193715453749,19.88758359636603
265.380323985034,30.39859590512927,8.827277520798209,19.868204114997685
265.46451964698423,29.82107331858271,8.658886196897766,20.13633718234893
265.4949134318952,29.30624014840199,8.598098627075847,20.277260790783004
265.617939356126,29.285521508078187,8.797380859806209,19.87336399023871
265.58190719823716,28.582768195068514,8.869445175583905,19.949856148253808
266.4494447542943,28.730397332289513,8.915898590178749,19.65459787381181
266.4160088140002,29.014066603058474,8.982770470766912,19.529171475152022
266.4050480396233,29.270358075774126,9.004692019520679,19.45784943728016
