288.0,224.0,52.0,37.0
284.59038379584916,218.97223785337377,47.64651735514094,37.27939862173684
277.8223640669229,214.16319066865555,46.498409814008944,36.21811335554818
273.4203674019422,210.13520768758386,44.901564110914244,35.17334516376745
268.93992418486175,205.7290147262608,43.792902347403064,33.91618288874139
264.51937248886196,202.4102456649853,42.863673546405614,33.22597186654462
259.09536057149967,197.89913307459852,41.75313041669869,32.681343475772934
255.04319026949844,194.74053227980738,40.497327267089325,31.978437250146346
249.47294563561675,190.1276590264504,40.24403839998074,30.949783435475574
245.46118373311452,186.43799341257122,39.31739012073095,30.497714089511405
239.1345460384565,182.4210544058104,38.80360553824252,29.75355212183013
234.8355856093138,180.48175386094243,38.783238473668845,29.32300925013655
230.2807154140697,176.03965235230973,38.263433651254154,28.577667054499067
226.85783406690217,172.5768749883598,37.76025158085295,28.154277017662665
221.773758241049,168.96674600929788,37.57575657026506,27.09241764595113
218.54183991708962,165.58619384093535,35.919228774158846,26.748203094154327
211.25180242214404,161.8500493329886,34.75141319165106,26.346546823848392
210.77613782696304,159.63165564074114,33.782954570203174,25.98386467881855
207.9668139031637,158.42532980327047,32.827172792206156,25.578903657076086
203.2892285557646,154.85684206013326,33.002260326391095,24.453804298798516
196.65249893027965,151.12375917255216,32.74102788578781,23.799155059016837
195.15704295820748,148.12714406388466,33.06911454261028,23.579126272600917
192.09178917152127,147.3598641602135,32.08791630157567,23.335759626341485
188.1513829858119,143.32846646807894,32.13792857010259,23.567754907718808
185.9082198545902,140.51138484723253,30.501666074027003,23.079329390892624
181.50327217290885,137.65343969217838,30.893873556039196,22.061069395920544
179.14389712880399,136.38952658288625,30.626438512663213,22.09580304871196
175.77585155362266,133.17838570566337,29.914579997373863,21.89768510035593
173.1603817175726,130.42800298396713,29.451049880445318,21.70398075471973
169.58101075432896,127.77697300975986,29.380288116415315,21.383093388287513
167.02778861976336,127.68310624319112,28.908156458453423,20.77388750326882
164.24164869139162,123.76675962636956,28.242289587342377,20.80889732709372
161.2031804756989,120.84042027873612,28.157314350584596,21.269903312735284
158.753576348632,118.11862541039623,27.621093556444208,21.27806400114085
156.7610105929887,118.03245368590962,26.99556053041222,20.681963360560978
154.16766974170707,115.58767100669812,26.1888058898122,19.578092375820727
151.44952875627214,113.5909553642267,25.87423643314019,18.539528661664413
150.8790805056458,113.32743309709149,25.621051205103697,18.369532331290227
147.67162956087776,110.66498611619102,25.131872925607524,18.171162157865403
145.37243625040776,108.28617155511397,24.97213943020454,18.170671163676555
142.38300414522345,106.410496233072,26.209901410410474,17.85821989619247
141.09273914211064,105.60850576015918,26.02697778435129,18.080474025875716
136.7890490982105,102.61232439430177,24.949415901700384,18.538584203046995
136.24978640507123,100.30844125677291,23.97897876503094,18.365437924559487
133.99567705659854,98.818720127747,23.164200061171872,18.018006807108495
132.21914232895602,97.34036894631095,22.186368634654357,17.738351397264505
132.03509358398358,96.29736237139838,21.92670663412843,17.313326585206497
129.36876731265144,93.63338110506567,21.707397195795828,17.706211801430225
128.1365369891549,92.99576027072408,21.07242459268344,17.741680170071184
126.07206508943838,90.44327860777568,20.92658846482344,17.96118072191883
124.1337702699069,88.41156349731703,20.519454486893494,18.352847842556482
121.706177378966,86.87609373901914,20.479244425040527,17.75224047635121
121.04651116997711,87.05541782759805,20.5952016322241,16.791904693796276
118.657813836179,86.15455343017028,20.668506533721033,16.241588605602168
118.62033831516295,83.77383255227123,20.163242363520435,16.36130866353862
116.09683994854285,82.78833382057758,20.040547203413283,16.034665285438184
114.15947891224559,82.58176296585702,19.94460838243169,15.880569724368424
112.38004447819223,80.39589251377829,19.5606028840865,15.746168495438013
112.12521121715025,79.93715435971185,19.51506907098134,15.553244133192674
110.16270374358297,78.13876583456928,19.580458151997128,15.290395317359003
109.4525706432644,77.98267131298147,19.356402306272656,15.05447701174746
107.3818290990261,74.26053451169363,19.171134263611133,14.92693613483141
107.30586324026937,74.7371792358229,18.78712941830247,15.045519812217146
104.72576104699237,72.5911892110563,18.627509274291164,15.081640237298087
102.59902126522357,71.80372374606301,18.64004478353762,15.066217146925469
102.76960403868192,71.71746305625892,18.298879236620927,14.708677697998843
101.68300563992753,69.7736769910702,17.876902181845484,14.443971664721477
99.83635276094024,69.95520618237465,17.504033012194064,14.080913282112583
97.96991890873142,67.99393812017779,17.263541566414442,14.030090256309023
97.18598143584579,67.10747656423906,16.86279658155592,14.326548420214145
95.21079858595678,66.93130354719477,17.377809862962966,13.697365191911006
95.50960951848822,64.95761882650393,16.780187997900114,14.225136557815883
94.38128103861636,63.30981487821246,16.597554079317167,14.10573722474156
92.38638409644483,62.290755876081164,16.722402824913615,13.728264517287503
90.09743715862757,61.90598275874077,16.989673097972698,13.539894395840426
89.48814314600871,60.480951039561,16.768223266365755,13.50988212051068
88.0562760270227,58.13422704693763,16.29904879202421,14.39429157739905
86.7997968812753,57.3580439190892,16.396372342438234,14.497276988447457
85.72569511095125,54.5288179064827,16.11315436915831,15.779170288590024
84.15109046788383,54.37444625692838,16.24895696620018,15.5856791395165
82.65354588648731,53.033429915556795,16.236212243037418,15.259877936303837
81.24604980421206,53.60020323828043,16.571495208449413,14.126331290856566
80.31486852135347,53.83759396510406,16.501670602024042,13.168503044173658
78.63380658584128,54.124393248415515,16.598230494335485,12.594904477550749
78.58328757767822,52.87552242429034,16.240616055695252,12.340731396002923
76.84382292163893,52.563144337500034,15.678084291744959,12.06738510824379
76.6426653617772,51.60378529252984,15.644388834865506,11.806050315169566
75.24868293250981,50.19298428714138,15.413725659434792,11.609024291981004
74.98290733460384,50.48779088763938,15.096278246416512,11.443910395400117
73.2429189810681,48.95510122554394,15.240533902873628,11.590533800303412
73.40999114789331,48.771855749288235,15.32794750890734,11.535466813130743
70.11775348643533,46.88669425934651,15.1605728440273,11.929864799116185
70.14672450784153,46.97981283212867,14.67676884165472,11.743627653551862
69.8027126730346,45.534469860301584,14.118509307987235,11.726319456216306
68.39124534344657,45.11583939692629,14.095460429390418,11.34387315249279
67.5011202297861,44.01717343435678,13.875544991561426,10.7409731464219
66.75499404681125,43.837132873061705,13.433421416779076,10.714179080865634
65.22530128281772,42.33501182088843,13.455415619378737,10.68102985982477
65.16604621638582,42.100306269821914,13.19445253226715,10.770967741982425
63.98464100699417,40.719286490575755,12.918784749871406,10.894529099295662
62.32394621373564,39.79217638807842,13.242782828617116,10.500705673461823
62.788404241550126,39.45014225703147,12.68715607976997,10.811484628773865
61.09350571498633,38.452153743774026,12.749090648608256,10.588886665762562
60.92020628309234,37.56978400149651,12.728556128395574,10.517959230314345
59.657338442857494,37.40650083033528,12.694582102571324,10.478852757451943
58.21148080397417,36.49339737091864,12.670147764649586,10.482466166479973
57.75241864706533,35.905207615248145,12.495669227425214,10.930443777126284
56.933257077231,35.77915594522133,12.659155409198021,10.81383787770594
55.82308030138469,34.29636049727934,13.03267016650412,10.455118943694183
55.40437156603037,33.52196117439745,12.762100005033245,10.526600746551956
