81.0,79.0,26.0,19.0
84.31018235417547,81.03081642386798,24.32523807775855,18.470940570913694
87.49244469195624,83.56935144192093,23.33973155227176,18.10051141612321
89.71641123554227,84.10967010460539,22.799580688493798,17.67117112798663
94.30224844684156,87.85540721097442,23.168718112552437,17.812346392574337
97.30615525187756,90.38749409429383,23.600819266134344,17.900104436858662
99.95571107608518,92.74764140135407,24.16983860412723,18.39592625510095
103.70745776326692,95.03286667286616,24.69174687584293,18.506960005622986
107.92241361642976,97.29979403172283,25.082975900327945,18.722950296807696
111.02230481783506,99.50988239904784,25.763563586074334,19.119032624147575
113.59849532787449,99.66543273386449,26.25017068722439,19.512805469667878
117.62141642092442,102.84794491802595,26.828987550363948,20.3349969757111
123.19871679034748,105.66983212438709,27.530029620440594,20.619043967450224
129.11985539802254,110.5560596173539,27.78851942801831,20.678462187645458
134.87450121666197,113.28492771135508,28.458484735593423,20.549150913016696
138.37250802470436,115.62282977387996,28.385783381921037,21.258145214287676
143.9413759810979,117.7008973956616,28.164926534662598,23.34022657959787
150.2039495395821,121.73644462910562,30.2236425880384,24.181492939031344
155.4906042338107,123.75360972901902,32.482110790243695,25.27987377546953
162.34335623630363,127.70739615247042,32.39462750420776,25.543113359936644
170.79861872800953,131.9705842216371,30.967855837033802,26.124827407625617
176.68015742491494,137.3840326561543,32.67910302399874,26.07739020321184
182.80232636094863,141.55070482380174,34.292332374262934,26.058586201315897
191.5502925832284,147.14138693685578,34.81209143293956,26.25555345093598
200.5392193011253,152.31821527187805,35.06155058811175,26.45455143881912
204.46413017377006,155.48818643189784,34.942801198539804,26.879297430032413
218.24611726947643,163.44798847158708,34.58093390299618,27.475258251717314
224.17435710940404,167.3340044493618,34.432373322828425,28.484165620933503
232.19080282835506,173.50639415431976,35.22445035720961,29.995242599956665
240.11542427976116,180.62812969825043,36.82156138813278,30.119357104583244
247.32030191204225,187.030149150619,38.20479512986965,31.002575338638636
257.4362791378388,193.38269878832284,38.65250578028382,32.446720606709704
265.5294130703273,199.5703330157694,39.245329174652746,34.61333124324964
276.49288636198304,210.5940790525724,40.56951326681437,35.816969845116844
285.1943116753487,217.73298830974755,42.40433520639903,37.16976029089825
293.57285775314324,226.12850208406908,44.43410312662869,39.165592818073875
306.5058212114194,237.6400596371259,46.20159089338533,41.14413861590649
308.4671528945752,240.61065307512894,49.15366119254796,43.45263213846955
314.2964910589712,246.37920833727696,53.529418453702846,42.11925208050345
323.6730212920908,255.625779792281,57.33030497164843,35.65488089539387
