211.0,142.0,18.0,45.0
208.8657588549096,141.20402026304413,19.361242550481712,45.62287956067871
207.33467264305972,139.7816197024915,19.41662704364044,47.46541803827029
203.64809168355546,139.26885411065425,20.610720652564247,48.490949221944796
202.54866716501255,139.0068674488653,21.74372760831426,47.94908046418689
197.90332597448983,138.73407533540382,23.48873677859278,47.416711375286
196.23332763932885,138.3126229207869,24.627511126680986,47.15900504340294
192.70914271313353,138.4785814297635,24.976950352324987,46.82708802544974
189.59887243085163,136.5475912381305,24.491849277623807,47.33624758908326
189.28793171524825,135.38536561670537,25.113730708830612,47.42718402961208
187.1439059497653,134.62415284303341,24.88664314538736,47.82082480335376
185.49996059792474,134.4047115839702,25.913195109083837,48.259707321480136
185.1902047524246,132.4528835139223,26.532706800084163,48.699118658131894
184.5687559145516,130.40459921942403,26.603778425102494,49.28020909494555
184.12718934684852,127.80842237497168,26.3053028045031,47.38291024781681
183.7419286444919,128.16884908445118,25.927309318065483,46.662056828857814
182.09299306008936,126.71340750890542,25.830918781530876,47.310098843056196
178.81282227759132,126.30123428247342,26.69454753746878,46.99510273410857
178.5781843142139,125.8632509572254,27.16382346422361,46.72166411452906
178.61090196482678,125.27554634405769,25.945073252709875,46.743758430576534
175.5278814889191,123.52499310372446,25.31353122919893,46.846073423579796
174.8283411102523,120.43093361779795,24.465307538208002,46.2922790504592
170.9930755044242,120.06156518451415,24.429126980509565,45.930057092833266
170.39096019704817,118.90127541170156,24.53834924613679,46.060619940208724
170.35960080963562,118.89995904676364,24.60106802096186,46.06325267008456
167.65721663947002,118.0849590628081,24.50624931100846,46.593335227938695
167.05544465034518,116.5760653014959,24.603703855785227,47.398943883617235
164.7643990380973,115.57144951504989,24.70738028784099,46.04936436217924
161.32960730422693,111.8745819001459,23.866220384148384,45.73235622055388
160.94321811771857,112.1958796120661,23.55656586947023,45.08976079671348
156.43919625156988,111.24239170029936,25.090952744809613,44.8614060896875
156.09277268559666,110.63712058067019,25.783799876756085,44.98139120111366
154.8148649455159,110.75608934619191,26.13138970279543,44.743453670070224
150.8899266887447,109.99170268856935,26.235933186460933,45.16575083819009
147.46915073071597,106.64038524201231,25.275894037314366,46.295820684729804
145.70696473825754,103.50393783269399,24.340685524039223,48.10913500517442
144.9292479647401,100.34419195751215,24.770631410409276,47.67570079154959
144.2686876811013,100.61030347765018,24.96521057060808,47.14347775127354
140.726518725536,100.83787927094254,25.31717779173232,45.56626438302109
140.2552443561225,97.55991158439689,25.1548973452556,45.49322464428996
138.25251020435235,95.02965091040028,24.756434229432323,46.14981457291957
134.36839318126874,91.6961391124006,24.797685632272618,45.08985552559196
133.47121300963948,91.76735517293264,25.5031148192406,43.858492248237326
131.04815267109007,89.45629239209939,24.935712196814855,44.14979917028418
131.15289552138938,88.7206017207547,24.72622649621622,44.54379040469304
130.35625564733104,84.92103019526783,25.239858223390286,44.58539730906841
129.74105363407176,84.91957092700011,26.470262249908867,43.49930743237392
128.11651389214742,81.77055267462156,26.43825940985579,42.14148518136029
127.91085875450352,77.82845412276562,24.70378067320338,42.5154207432814
125.8651190725766,76.16856448650073,23.54906894463622,42.68748536035857
125.56823836981503,76.15377112348237,23.110677961684452,41.68491969792038
125.55828840604407,75.93508748534848,23.130577889226384,41.11241949899545
123.67698675508596,73.02662564314043,22.88620553562468,40.918879700134674
123.88633004876412,71.14883350249062,22.46751894826834,41.69029922638537
123.77285214496717,68.98697239382321,22.69447475586225,43.01714906604916
122.98043738366343,67.44961054251921,23.256922870092403,43.0247285435251
122.71703023647416,67.64202390129947,23.783737164470946,42.639901825964586
122.52867084795734,67.6557231350431,24.160455941504573,42.612503358477305
121.61177582759868,64.02186529602949,23.911332352561715,41.54856451786377
121.79701686013163,62.53798294938137,22.519383130049555,41.45192773882124
121.29376584932116,62.245625222505154,22.529553818989676,40.043980527211964
119.85584528588024,61.392858191437114,22.47825881678773,39.798090503292165
119.37041395199599,59.22601079232284,22.477919871637063,39.27577723692488
118.93114328547966,57.240052368802694,22.392998606431888,38.430381092775974
119.0142141626194,57.55772494330224,22.22685685215243,37.79503594377688
119.40803191260645,55.03619894090999,21.439221352178325,39.089111390809435
119.18409061896239,54.21054467160792,21.887103939466442,38.854387021691196
119.13554856332027,52.3543587337747,21.98418805075067,37.83084341350596
119.42888731869454,51.57990320072781,21.397510540002152,37.51241804219109
117.11244506383538,50.08037178309091,21.435411219463514,36.83549381325931
117.1469004079813,49.815589083810124,21.36650053117166,35.54584930240713
114.74984940157717,48.861791716679946,21.71422171898807,33.896339376673986
113.48367309891958,49.14855405690422,22.50559870653933,32.452326887343474
113.91365870586316,48.328621463430714,21.645627492652192,33.23026399366462
113.66041053429512,46.18204796377764,21.292764201588298,34.085972456170964
113.75522068375778,43.44274399670537,20.23687506024362,35.23323617821876
113.81120002441291,42.922587223737715,20.124916378933356,35.40802230720227
113.87293836783647,42.55953215908169,20.001439692086247,36.13413243651432
113.88717074787915,42.84953047505881,19.972974932000884,35.554135804560076
113.43889369254694,42.51259070272425,20.00373571499768,34.496428693893954
112.97390325608737,41.48042523716511,19.232416465971834,34.859459503067235
110.20231788575963,39.057975200642,18.875240563837227,35.489826259834814
109.89104454455178,39.46101221559411,19.497787246252926,33.837663772942335
109.19956527086003,39.28716127588977,20.04844149772078,32.520757060519706
109.42502215906006,38.64473410632837,19.59752772132073,32.9835956864298
109.99383152405048,37.82065701190331,18.459908991339898,33.810436383259855
111.45805716551212,35.44268507255189,17.15992275314801,33.68098512776852
113.4678582165041,34.49259592548101,16.30034219489954,33.211147264108654
113.32893210750434,34.46226450948468,16.57819441289905,30.967046878715898
114.05419635505335,35.18578089381721,15.867788249125448,29.52001411005085
114.98962447133488,35.39529135665569,15.410209457718391,28.394354463795896
115.15544453832987,33.71688257378579,14.396351800533715,27.657866890367583
117.38388074028295,33.10183229308953,13.209415426930928,27.579993039638772
117.69611798838608,33.136904539609255,12.584940930724656,26.877540574447636
119.1784801838125,32.80624002918259,12.064942365792657,25.705325225860328
120.54017446431229,31.27885552995523,11.681673644511367,24.66488450480807
121.64149702296629,30.395609953509076,11.16857890479945,24.17864182090556
121.74923682946707,30.738033756524402,10.953099291797912,22.946652530974944
123.72489030199449,30.228744861829526,10.679838080845048,21.338054796006148
125.52011965984967,30.241055257846913,10.07249295608121,20.816248405480287
126.60357330116753,30.67261891921143,9.342658518790287,20.432145364532857
126.4958510441649,27.682543229906024,9.097410590261553,19.041217662599664
126.0132534880722,27.850193660879057,8.754138243174284,17.833605161138504
127.21920702411475,28.254867168473467,8.405011288005305,17.024258145949688
126.74594670954251,28.880420622096985,8.167527711977264,16.167819307093495
127.58040395416148,28.82990473624723,8.010697119552777,15.512809130386284
127.26876495472634,27.194667591614444,7.902557511527086,15.126195385171762
126.70700000400377,27.163263690374137,7.593410164691456,14.830833875582183
128.11719940082486,27.577306839919366,7.212575655189227,14.699765943388854
128.0409344070208,27.598093126822093,7.025102685138066,14.318190411924167
128.46719638673457,28.12060454473763,6.834924439411836,13.935513289794404
127.53588215786687,25.71735261964963,6.441594856511246,13.907821338607473
127.77092561102604,30.42414914087972,6.2865325913306105,13.62994288914092
127.20997586221914,28.774151419765374,5.867085558130071,13.847245269740949
127.88213311227457,27.913382106730346,5.738917380497064,13.744564412094238
127.44338380197709,28.573121543413425,5.715571996486917,13.32592954333321
135.8977158058612,28.40016907583618,6.142150469616489,12.79038147098441
135.3186005095092,28.19765390512846,6.419825378982442,12.314856129061873
134.80284714765054,30.01185577760898,6.577251946330566,11.891412957454573
127.43211701412115,29.39036509370839,6.0642865656716705,12.270936269724558
127.41630570830502,29.621475263846825,5.811331410695155,12.377871462665258
127.96415821133878,30.183514737333194,5.56084324453603,12.662487248873212
128.3262202996858,30.176607378805883,5.399681073428827,12.676301965927838
128.2702701246336,30.51476387027919,5.2327461446277095,12.836494819697734
128.41498408537143,29.43144352216145,5.221503185847304,12.499470851675884
128.06684725679307,30.173809833816804,5.098407436571432,12.653477041230378
128.2467462672555,29.35807122230205,5.011763837709699,12.919182153944448
122.06006697380862,35.478487825097,5.26632664569877,12.521717550465954
122.5990999425019,35.819177050659675,5.285218153158734,12.388817821763855
122.72843132997664,37.84521869840059,5.299208459143978,12.153877659368788
122.57026230624341,38.78309638182351,5.346046383743676,11.895123029723624
124.51315068326544,40.14857681479118,5.192284737397056,11.829887240715035
122.33194569344903,39.15460920732398,5.347953225006293,11.451530366386162
124.17881068344295,38.94244412775082,5.296420198548591,11.355546675028176
124.52271078713967,40.41184049094581,5.124338326388876,11.511063960040593
124.45203412070751,37.69441174757765,5.008588927052285,11.546764070557064
124.24005602353108,37.50124802146066,4.921383542585495,11.421929943971382
124.3975551773023,36.69493021921878,4.858619160129307,11.268928072851505
121.43474837236533,37.06343254522102,4.810369752102336,11.029745339005439
127.62230939617002,31.731784698361594,4.665069193447001,11.41999098200289
129.2320176011004,31.904802986990582,4.665245458201035,11.81693732965601
127.56771592186098,32.47643297234769,4.699912113727698,11.687196344465546
127.34834859415241,32.56695248454667,4.634383303636457,11.758289052821755
127.08273314835897,33.15121234457414,4.661645496706667,11.597706729800219
132.64338954492644,36.109514899903616,4.547394300828404,11.434792908616345
131.0129766536084,37.048667692979,4.613133487133792,11.031142674618195
131.58831770174422,33.827347872058,4.6680906558231205,10.963330285671043
124.99186525834591,33.96486010131812,4.599298964866808,11.170549339069083
125.54098095997016,33.32884570478624,4.472643832176621,11.471001861574566
125.56480801267371,33.42098339970038,4.4249897267695335,11.531685866135405
124.80448370631677,34.286912721567816,4.475779836479131,11.759638559739578
124.12880617075346,33.40631091719094,4.581334320676096,12.025881464177738
125.21215178469826,33.20382234454794,4.708536624217524,12.175981550415859
127.19228472954605,33.389957288754005,4.6379997941255935,12.581657473924436
124.11785959226735,33.80226290937869,4.981852931304825,12.548636751408456
123.92838674021438,33.51708791428392,5.360798635410763,12.5798572920421
123.98062428374597,33.68870013373302,5.533076298291858,12.790138353032454
127.38685486838679,33.28396594077094,5.225936589360357,13.599606738956606
122.49040224112498,34.21552414940027,5.480511801577084,13.470732147571939
120.75353422003896,34.805078973930684,5.745131397659158,13.166836074717462
118.98733374242903,35.95870034750066,5.773092478918464,13.195886576884542
123.26726843446401,34.633787929450804,5.708787861341952,13.209156830279376
122.83627392047583,35.60419314319644,5.694752704905763,13.020394771613216
122.60014659500986,35.875372601232876,5.588953351837049,13.05608985954099
122.2940699642193,36.02712507947422,5.9134309359310215,12.464909225571159
121.09388008114306,36.02108849664473,5.750716782849693,12.476982391230138
121.13089510540632,36.479430968141095,5.39456464868217,12.970907876442439
120.98248461305876,37.29556730463149,5.408384990747889,12.753638416608736
120.77041093928945,37.724867467475526,5.5524249625804405,12.175145466626725
119.8184307617742,37.94331667791375,5.536560070098142,11.738247045750288
120.78247731904726,38.82786958621468,5.481846242506331,11.57489490368067
120.64386709584862,38.68936517171557,5.494775912502008,11.323322179875705
120.66577778251911,39.33376225456873,5.450954539161011,11.07790931817095
120.66364175039897,39.69713728375771,5.455226603401316,10.86415624832377
120.55713665572587,39.53534597616464,5.414792234932133,10.68084974787916
119.48672543112644,40.71512319185753,5.555133718588213,10.321776282036158
119.15788422405488,41.046280422716535,5.471225217616987,10.153855763727705
118.21709222808356,42.19540849331372,5.406520101402565,10.045174869210022
117.23498135921119,43.17981324478556,5.44612631936936,9.760403946072046
116.00667424484995,43.33729202513909,5.295177370160817,9.682497583358707
114.82994982673084,43.745850589321186,5.082047278336683,9.798681883380821
114.00572576583873,44.25467605490624,4.87945084026102,9.93793380212314
114.03480426604995,45.10962246776921,4.821293839838615,9.837481584832993
114.09522042209929,44.919355369947915,4.70046152773991,9.763130231548391
113.59662296506161,45.953065776693585,4.576368307998124,9.938285685691335
112.56048189253116,46.89105804552727,4.402208023032246,10.308743578050786
110.33078097034247,48.817424298262466,4.322565958715016,10.768102785840235
109.45964715377407,47.68887935749738,4.439673342415694,10.935700918095382
109.42724054125269,47.469950752375176,4.504486567458454,11.136890551422045
111.72479638231796,47.51377001134363,4.723798030800589,10.567809718937871
107.45807422759496,49.88516845790637,4.9841048892473605,10.552519940669095
106.91998573975907,51.09335048033273,5.097439647532637,10.783971993629278
106.5955508661603,52.488046066026264,5.2541890060398595,11.193363348729244
109.47068578385766,51.53785596266282,5.10863691537203,11.310424273043047
109.3108999926335,51.75390328879454,5.174293756099143,11.132244362500833
109.91356775353951,51.95555772434376,5.231329936605221,10.98140983186601
117.49227992230564,51.116086726250366,5.401510121382714,10.650174185782662
117.45226234512882,52.11446566329132,5.481545275736384,10.149703092919038
117.61259870140276,53.78698222897769,5.404274171213224,9.968890865867898
112.60835013052949,58.50800211403321,5.5967871521958035,9.864006760873782
107.94910664049516,50.95640218027137,5.751669428590718,9.774914619675208
106.22256151952588,50.278409958679646,6.052880035870308,9.433733105734593
107.24826525256172,50.689673648173404,5.940884001071508,9.338485013474402
107.00726783246151,50.7924795083301,5.9446225645474655,9.132873293161005
107.92899508597614,51.140325499595306,5.753938228287316,9.381621408212958
107.75776671998682,52.1019657155393,5.623119954564759,9.351440999129744
107.56902931510858,53.02716343294226,5.53262391026505,9.606914407576742
115.08316590022434,57.20360374713572,6.0968301699114935,9.28652318246029
115.83223209100514,57.17757688992624,6.0444103860812435,9.338576896879243
116.8470447080581,59.70159610652045,5.70079909564831,9.830298564330674
116.34080811248087,60.32458576813237,5.501206233664603,10.281211715500273
116.93910067737055,62.134057471093904,5.532999367203816,10.347403099532968
116.74556552286757,62.47057547100525,5.425679233309196,10.663147985511479
116.04277763845629,64.97574197421163,5.331323551398762,10.90257505666413
115.50553457709161,63.89408918259831,5.146509216965213,11.302859999862676
112.58852278981529,64.79473238201051,5.382210885801684,11.028388666233571
114.26995865881065,65.09124947531649,5.583485654778595,10.689936372976476
110.13056578321434,73.96586088105957,5.509956170706625,10.910846340392938
110.6806067463538,77.28447503863899,5.175097842845696,11.670779476608146
113.3429732649363,68.35186002095041,5.316921086483676,11.834779650337472
113.95414312345723,64.39679436513659,5.1553212978704055,12.319731462965127
111.18203711623616,65.32833468776472,5.851168122932208,12.072772547502337
110.30685541317045,66.4663674310609,5.933632829405379,12.854521343616707
110.22670322991938,65.94280396542632,6.09393719590752,13.610833652292841
109.02020585469539,66.78810361650055,6.6792459004662375,14.052534737015229
108.49652594767201,67.06876017817932,7.4053244965527245,14.13378404957826
107.42003694055808,67.29249199088949,8.218160530655652,14.356391414220417
109.77581377039601,67.61600948440548,8.085257765633996,14.413764257135213
109.6215404374213,66.31779951913464,8.744598149415088,13.50224700936025
110.36060550406903,66.17852779706521,9.00814497030678,13.08411967182425
105.23914466815373,69.00541936647453,9.204707277831258,12.9731554926228
110.79913963587819,68.24139019628764,9.220554203361951,12.413244421562895
110.69617677145727,70.14669724298831,9.426479932203785,12.000240022250527
108.08494064253047,70.92432149132082,9.596659206457563,12.802728251265417
107.70645221190594,71.03308433762821,9.298110755612381,13.640727870744879
107.65045789640753,70.72520212903522,9.769718965258113,13.537253130633047
107.4792726165598,70.861378840659,10.112089524953575,13.63073782376973
107.96350461389187,70.86017892806325,10.635125082152154,13.633137648961217
108.32382227230758,70.59264481340081,11.440280193548272,13.405310664172346
111.83268442778935,69.9781339309485,12.241817787059535,12.679516952958226
108.1262794433089,71.11145861740164,12.198137959082064,13.159995399976612
107.65105909364773,71.70445329864165,12.350040944037444,13.571081466230556
108.82833875069865,69.39123532817655,13.260228920675509,13.300396471050924
107.64403023241161,69.77652605764408,13.537458729015901,13.366369903409344
106.10675067827722,72.91906108799341,13.646256444782352,13.860183025573122
105.24941306658938,74.23334256842533,14.0614246682789,14.26380306442724
106.88868553534367,73.00062509986932,14.797453319579319,14.052855608999913
106.77646938401817,73.72641707093399,15.476183364954636,13.964164895043522
101.13979297836141,78.79726433049731,14.235720852296694,15.872811058259753
102.29694383070678,79.32595122438882,13.34334370693303,17.65928638913087
106.81693133551151,78.2341730526746,12.583154431873513,19.355796512879888
106.19986931278966,80.13676543025082,13.31713790131666,19.051595789731373
104.6610994256728,80.28107721979644,13.348237321641403,19.778452328609795
105.96252256572303,81.24313904671413,13.34147761849992,20.969632567125224
106.31291381399825,82.88519323605274,14.251646071789386,21.44440973807447
107.54974838557382,82.05941189595266,14.015106111282769,23.655254713935726
106.8281995795708,81.44971704498391,14.281488314193329,25.463002120420967
109.84805524985418,83.24323113839898,15.058192350158226,27.453041059843997
109.66178930408839,85.08759732448063,16.093040259827404,29.725152850918988
108.74292680441502,85.11260068185989,17.93076525917415,31.81569894759541
107.32953962021894,85.33887922724662,19.98179714990987,33.69036928979121
106.33861393993548,85.08730504339917,21.963648510476787,35.03182787351774
105.21591097896443,85.17858487257323,22.425756913615537,35.740916974571334
104.56636420341096,84.41900313268398,22.814859682436293,36.3500896720636
104.50687835975516,86.96747377105791,22.933831369747885,37.73246042437778
104.41497027179874,87.67171016812745,23.11764754566073,38.22047150969603
105.05673640428273,89.46223753132766,22.792721775758324,39.43244925862351
104.9925553807061,89.50723797092118,22.92108382291159,39.342448379436476
105.29085237869701,89.74999528286051,23.296454980556383,39.828898909184446
105.66378153542198,90.08168623916728,23.53613659646347,40.15105692592792
107.51024108206374,92.3808098233573,23.820732444390096,40.5247034340606
106.53753039062322,94.42790034055119,24.761412206620058,41.45423050292818
106.31044627655167,93.84397641776239,25.215580434763154,41.587629393252676
105.77422852453763,94.42688210885476,26.288015938791233,41.4659086805959
106.4944274080483,97.20500119206085,25.907894924585996,41.21105427826423
106.5688813443243,97.28375505049169,25.75898705203399,41.05354656140251
106.79553120035746,97.56641796044552,25.30568733996767,40.48822074149487
107.05637483632763,101.32521965439537,24.784000068027332,40.17505071142667
107.72982996335011,102.07594792987172,24.452863135793,39.689367482284624
109.53851216332417,102.5386755730941,23.844390505877726,40.769840042528415
110.05810042460666,103.04929754062957,23.81399569549724,40.757377819642
110.61308158573448,105.66171427650116,23.71211562635809,41.5810378665977
110.80204196114813,106.13685322450347,24.35276159241689,42.667893404365316
110.39779462541127,106.45455471043365,25.161256263890643,43.07803486851877
110.6935591800406,108.16168169764586,25.63506118792057,43.925117027248746
110.547501447296,107.96303655167529,25.927176653409752,44.32240731918991
110.61891285465512,108.92467393549906,26.881123445351903,43.495902158202775
110.92228712102298,110.63843122720112,26.27437491261618,44.47059220451219
111.03031740005216,110.40254451028258,26.058314354557837,44.94236563834926
110.95754119159372,111.98569428820467,26.2038667714747,45.10063563373987
111.3252355448396,113.64863088560816,25.468478064982946,45.1137737341822
111.97025097929917,114.69864176853531,25.279162485351062,45.21518254690238
112.59108076843927,115.68945049964,25.136495671852913,45.43155061425712
112.92558737086162,115.95153204830953,24.467482467008196,46.00714561575842
113.0741937412833,119.85850948274582,25.267070538025205,45.870796429908154
113.22589620962418,120.36443001804508,26.072137728234893,47.075899613092595
113.61130726862328,123.21565024459923,26.44131928276564,48.21348119515788
114.13199150187044,123.0596946862235,26.56305062265259,48.525392311909364
114.5944421322906,124.6941137211664,26.80793113538582,47.59611778917062
115.00882848562529,125.64902393823053,25.97915842871642,46.84652499291592
115.08800666644852,128.71808283729447,25.82080206706997,46.383556409779295
115.66813487748418,130.15982621400443,25.786035615967158,46.876539569264985
116.76302244151671,132.63044143666178,24.728438540150186,47.596199385190815
116.90019439931127,132.48154878081147,24.45409462456106,47.89398469689141
117.32917258836432,137.1432837707267,24.720429410070828,46.44055286237183
117.64606357763836,137.97088855638333,25.194165683561774,45.89286154309761
119.32119630145918,138.80025705564773,25.166559780366953,45.341677726051046
119.14819765899463,141.25926913300836,25.512557065296065,45.91836986857804
118.84481809124014,142.55982236374206,25.005953982566204,47.770712280065894
117.25368216241,144.97761479866085,24.792270969206196,48.59505219526208
117.0498592812904,144.96267164972133,25.199916731445413,48.62493849314113
117.01074700524964,147.5214043969546,25.27814128352692,48.098957929701484
117.28715035642061,149.3339257258018,24.725334581184956,46.75689133071667
117.92554495261058,152.59381303474078,24.560802581978173,45.79840267870449
118.44673716498154,154.05625570476315,23.518418157236255,46.15949910208326
118.1807898773059,156.62235913452145,24.050312732587543,46.44084700987112
118.06422148459586,157.22439675573452,24.28344951800763,46.33277927752721
118.94015191347461,160.25526999945404,23.630019053779677,46.861615151265674
120.28059752705403,160.5748313595006,23.1389863082859,47.3174216720051
120.81847493853546,162.32388898533867,23.156325963197585,46.00549537607804
122.54470257405404,165.12633215632144,22.926470823188765,45.77160925249314
122.44227242861874,164.6688542346296,23.13133111405938,45.61976513639875
121.87807655867968,167.71631985193082,23.19160679050323,47.00164634583627
122.24244964013114,171.30104832892144,23.552251498433144,48.547316358517726
121.7796372704475,172.34113812178745,24.477876237800434,47.58537557745099
121.70087248338226,173.46415386451397,25.755579479718833,46.45951775978587
122.04598402266748,174.66926346085484,25.065356401148406,46.30029929615991
122.22048330320001,175.18659980925887,24.71635784008334,46.37698763264044
122.3648086326605,179.15955296327263,24.427707181162376,46.1766707617631
123.8946150026714,179.52627568267536,23.56531989508362,46.54183804992911
124.09946377040673,180.72705752003213,23.15562235961297,46.31852567386469
125.37790966105881,183.92034363934994,23.835046648794467,46.404585576200446
126.4591981101085,183.9744419756185,23.85600343937181,47.38815574800173
126.58572166575195,183.76261865039916,23.602956328084915,47.811802398440406
126.19901608846634,185.45452220368588,24.376367482656157,48.86147344300832
126.35679170535325,188.53290925443747,24.060816248882343,50.66456457825079
125.90077738625958,190.1229161789106,23.814861956561316,49.80051659032124
125.18159649148916,191.29173808812797,24.112125861324678,49.74506854144141
124.0160306312507,192.92056887442033,26.443257581801596,48.77832572303272
123.77989245751512,196.981933671418,28.08699830923453,47.6843824088079
124.17946775035439,198.30303240965134,27.28784772355599,48.59187611656084
124.41172869849416,197.95531080569674,26.823325827276456,49.28731932447003
125.24410274578764,201.67137429630517,26.34404709297678,48.968008504976865
125.39073422158575,202.5330802836731,26.05078414138059,48.41715828251867
125.82285519590113,203.92129414566364,26.34596642956994,47.95957903217786
126.49581108360326,206.331009496261,27.31550310540478,48.92876945908094
126.42405642996606,207.28279557937333,27.45901241267918,50.590923463764824
126.18726030043563,208.8838549417766,27.93260467174006,52.25105475907493
125.70256619776956,208.29112721655773,28.901992877072193,53.436510209512655
125.56545735311926,209.51090590105247,27.894012896358575,53.56134818055166
125.35944636767738,209.6381510353394,27.039294613926238,53.30685791197777
124.7439646157293,211.49316720986502,27.0219836681538,52.09337446226371
125.15706503989033,211.87902185929042,26.19578281983175,51.32166516341295
125.67221836306446,212.49191162817914,25.165476173483476,51.30049446687835
125.93423416850887,212.555335335368,24.641444562594664,51.17364705250058
126.23518631390367,213.398918373254,25.215058691452064,50.66199939637561
126.4870983123586,213.40184358578756,25.889229687916668,50.65614897130847
126.26296129906471,214.22634097463984,26.33750371450443,50.19671393174599
126.12328468964778,214.48787042968303,26.616856933338312,49.67365502165962
126.90369061039218,215.6641641690465,26.243674117229197,49.69632559369202
127.16627855192924,215.5391388811448,25.718498234155085,49.94637616949548
127.24883392292563,215.8289736675788,25.553387492162308,49.366706596627495
127.71350631073292,216.14817278189284,25.788891719199277,48.728308367999375
128.18979633384862,216.40467168897553,25.99582661297402,49.374825493840156
128.23401336929308,216.42465606228103,25.907392542085116,49.33485674722915
128.23534863122168,216.67798687223078,25.90472201822793,49.99866533646379
127.7118475115754,217.11898028907908,25.771546699817065,50.29685606047059
127.74581277121403,217.172320855387,25.70361618053979,50.19017492785471
127.61095134249776,217.1991820812142,25.97333903797235,50.13645247620036
126.90123180559203,217.45469004460986,26.20939591824822,49.62543654940903
126.53051248977339,217.5056390439691,26.950834549885506,49.523538550690574
126.11173009884305,217.93794205586957,26.597266282289112,49.85006557634665
126.36249523642562,218.75645815652427,26.095736007124007,49.40292418255247
126.30226667675176,218.92080925999215,26.21619312647173,49.074221975616666
126.39853927007415,219.059356266793,26.023647939826926,49.969063436892476
126.41297561102661,219.90433818696778,25.994775257922008,49.46088905039585
