283.0,117.0,13.0,25.0
281.303686209201,115.30510245157123,12.256197935139529,26.02612101316698
281.4122066364694,115.50338455085928,12.039157080602681,26.222597916930937
281.32266891274423,115.3071099551027,12.218232528053054,26.61514710844409
281.0065249359697,115.56874089452617,12.249569824918433,26.09188522959714
279.640672095874,115.543321810226,12.011858206081303,26.142723398197486
279.39069351702085,115.2049052206586,11.921347808631772,26.229089022176506
279.6058282311522,115.72692472508378,11.491078380369173,26.365323934113327
279.4236390658522,115.74405213687277,11.270910570073589,26.33106911053534
277.9484703336609,115.72490525993803,10.740275988491588,26.94952487206558
277.84035845086186,115.53624871159465,10.376844651818928,26.747182866481634
277.9496870923156,115.51993874148627,10.158187368911411,26.779802806698406
276.0761887213346,115.66453724627046,9.937682235436421,27.057391779335298
276.0977828398968,115.47325947699552,9.894493998311933,26.87315722390226
275.4932297948233,116.34185405247504,9.976854494779401,26.826086463462566
275.1411682989963,116.4147305503473,10.11679289858638,26.68033346771805
274.1209421054271,116.6639897026673,10.46340067036326,26.18181516307807
273.5341876623793,116.9143468900836,10.509585996421512,26.244762568264154
273.21457686564224,116.23829354991973,10.583415273715506,26.466084616231885
272.090917605358,116.97515834529689,10.551149236675986,26.132147304281574
271.91394393230183,116.7615183913918,10.340584594353455,25.994915223656793
271.56044255085385,116.55459515092713,9.930029978056131,26.408761704586155
269.5730220641355,116.8904785197112,10.003348639216176,25.736994967018017
269.85825698836805,117.25917273030231,9.432878790751023,25.54864292529801
269.7029344189434,116.30290596956362,9.207448030591037,25.85294874974783
268.2248490802452,116.3442858017911,8.945517932988317,26.30653921445939
267.9397354326381,116.94088195367793,8.977688601527138,26.18946016403661
267.38417473760825,115.98801641927939,9.551835119665979,26.484266617071135
265.1089889429736,116.54304497605932,10.240910544294593,25.925823241317104
264.8086274096061,116.61360045044593,10.841633611029604,25.7847122925439
263.83582321080286,117.45522253728282,11.65791364966341,25.230796477842727
262.011359180673,117.80352527879057,11.880786561023053,25.10520018631058
261.91823965872726,118.15864574723258,12.067025604914578,24.968032244024123
261.6789149363499,117.26941320596379,11.971360400856682,25.597868028936613
261.45577719016774,117.27273784750423,11.835804948376284,25.5912187458557
261.2778654736903,117.22869454246305,11.032898860809464,25.679305355938077
261.33765237913786,116.63981488651477,10.346799245736545,26.290538863656735
260.72741748310574,117.26393274941356,9.877842522932445,26.73172965272738
260.1316217704517,116.92930969008881,9.38629228571703,26.839928550535674
259.4307935586803,117.04977403672035,9.12687582693246,27.152690818048384
258.8825526580557,116.11846886288808,9.116516578625262,27.35503959137843
258.7706549265596,116.54917554073874,9.340312041617532,27.04973770051297
257.9798495495315,116.89349920540126,9.810227867005597,26.916937835522027
256.63961261320765,117.02085346206393,10.240793695714665,26.662229322196687
256.2831450764668,117.46607041940294,10.387145930766247,26.33837824594871
254.6774780722337,117.8803608821519,10.775720879677852,26.074349132361696
254.26433754013695,118.28573343376834,11.034326220833075,25.831279752167106
253.6772553476968,118.49548128275977,11.070991880637727,25.41178405418426
252.79710752376147,118.60602664843607,11.141309833011444,25.190693322831663
251.8896787683697,118.23585525430289,10.710722768712177,25.369674967327345
252.0491955095532,118.545562050924,10.39168928634518,25.306609234249233
250.32702213699906,118.5722859202483,9.987615829926417,25.253161495600626
250.4309303136074,119.51465189571151,9.779799476709726,24.993827695586198
249.2002899500497,119.86050927759686,9.569318075270894,24.30211293181548
249.4728340979017,119.85440571707431,9.02422977956685,24.31432005286059
249.01680131749941,120.16202898270902,8.91424339381983,23.69907352159118
248.17977321130667,120.16420163223172,9.087616664336302,23.19450057525605
246.77026865722763,120.0774218343515,9.42614327590066,23.368060171016513
246.29102009817748,121.2005509753073,9.879998780773965,23.14036834201267
245.2140595388382,121.08986800418657,10.505673633682413,22.85231886233072
244.00589473319198,121.02921080320263,10.857008603475876,22.973633264298613
244.10785081430853,119.44466427467061,10.65309644124277,24.046111043975337
242.78196688009245,119.88669433700478,10.624005590456466,24.23439440699437
242.91332120302036,119.52296987008094,10.361296944600667,24.42345469884839
241.8874497059738,118.8441014611931,9.73061934780483,25.244707398446273
242.03867606592377,118.88437192315223,9.4281666279049,25.164166474528038
241.07717052142473,119.40968532068044,9.229246007087472,24.64402260692548
240.5188119280519,119.47379442225791,8.787628004155312,25.035249466996483
239.82203101889118,119.88722948559116,8.63003536755888,24.7254308253026
238.60801326496644,118.86794990727732,8.50924615654211,25.234695150610513
238.56267417718814,119.49686499534423,8.599924332098723,25.00651092671341
237.0917528041829,119.93948186218583,8.975636979434828,24.121277193030217
236.6137889335085,119.25811917320004,9.424180320675156,24.46923377078467
235.94322470873038,119.55286395963762,9.7244245901027,24.400186287973888
235.47239137960932,119.24343841556822,10.141267082749195,24.494213210517117
235.000133123557,119.5328193637259,10.552179788285587,24.449055120770034
234.36978141431223,119.92577319937891,10.732423328449629,24.20337738862674
232.6773376776417,120.08742310107525,10.33837277279758,24.419925875090215
233.01864998045326,120.21011644883937,9.655748167174444,24.174539179561954
233.06020633277635,120.85232044214624,9.052285251417677,23.930831615169378
231.5314621214565,120.55060078592328,8.567530004228258,24.028236117639732
231.72698999474076,120.80479607572109,8.176474257659775,24.01852023040786
230.87002585548822,120.74478787697387,7.924709990124004,24.138536627902283
230.93627080186215,120.99638024187674,7.792220097376168,24.123878512385232
230.3552920625164,120.35649451217547,7.982404547095902,23.94599042833014
228.44310725172505,120.90795793006276,8.398863913335623,23.32990791474742
228.05894757549757,121.25641964724596,9.167183265790595,23.11862194345963
226.37267137702597,121.25959838295752,9.56116495532218,23.11226447203651
225.93997134691284,122.16790185555385,9.923207840265272,22.30237187741011
226.03062912962957,121.22608632965265,9.741892274831823,22.691881224508336
225.86993037169162,121.10014610900632,9.562803546898365,22.943761665800984
224.156018243,121.46598399449853,9.483947490148307,22.713040225407006
223.09271184443975,120.674249161446,9.129440814811716,23.304062102529272
223.0174906415805,121.57604044999627,8.781463089116695,22.99573991966923
221.90973832511781,121.43739562999227,8.558209221154017,22.785277859499608
221.85742343178418,121.78334778936451,8.662839007821255,22.574091536592746
221.39581303258285,121.83197075498529,8.14735100053036,22.956415207249037
221.31891759841966,122.64969674846225,7.8254008547898675,23.223927276562627
219.6058553643272,122.8122285572567,7.935664295482361,22.898863658973713
219.3828105601683,122.4182752791024,8.381753903800108,22.744625212956414
217.72672635261412,122.6266740104929,8.832195836581448,22.327827750175388
217.59784726311148,121.96817571956282,9.089954015586745,22.686694605240856
216.80806159341418,121.48254015112857,9.203026076864106,22.6802995566979
216.43185677207768,122.62843326205179,9.464678636741393,22.351541666034247
215.38871320492004,122.6108308401152,9.58832473598851,22.38674650990743
214.6180320103942,123.58573383493462,9.649615312973939,21.917012332334863
213.9173457438646,123.43936707145753,9.100438192193023,22.209745859289047
214.07050744784974,122.76089464626511,8.794114784222725,22.602394549209393
213.80071677552542,122.92171629498625,8.369035088535082,22.763081771935283
212.19117997027413,122.55435825347699,8.249185591805833,23.02080883963494
211.97285154381515,123.46846390897115,8.207334850362088,22.149612717370054
210.945645457884,123.0844864634042,7.93531515180794,22.452281234420624
210.42876901159124,123.53109020404003,8.039683085358881,22.48845871218355
209.29545682115696,123.1112745011508,8.43789723021178,22.393884999954206
208.20433539891144,122.98569633879666,8.728375887450808,22.172100277849502
207.30625250472497,123.54023309072409,9.099635979471644,22.012963904896033
207.11890661200337,123.10474246836422,9.474327764914865,21.925354122673333
206.78161654743954,123.0950570188938,9.664241146820835,21.944725021614165
205.28464241065345,122.97384208289208,9.240112491069983,22.18715489361763
205.25271736162716,123.29668114291071,9.303962589122541,22.025781017228347
205.04886496332568,123.2685458868862,9.228561599641175,22.082051529277386
203.42346663390188,123.59069965322837,9.101285440123076,21.920325827788137
203.3163717332201,123.49976684641715,8.83748722464151,22.102191441410582
202.35674503825157,123.27469074987411,8.377177592141871,22.076431030009317
202.53105608017583,123.67422339486352,8.028555508293385,22.21195795041543
201.0327842853026,123.79349335262631,7.784460889756755,22.436366350358853
201.0249867193103,124.09780176413258,7.800056021741348,22.28947279150242
200.20207415624378,124.22390893708936,8.066148169461343,22.497169438393193
199.01458218729547,123.75453939650288,8.102598756672599,22.500495179291995
198.032495076951,122.7223316366348,8.193115097836666,22.691252819503248
197.72808264187285,122.61963625015618,8.329159202463273,22.8966435924605
197.29163108279553,123.7767297837323,8.72388251495035,22.49517574797849
196.28346745569564,124.04196632265354,8.82208404924144,22.444234100113185
195.26254853097956,123.84564732266278,8.94168963399582,22.83687210009468
195.34781957794786,123.47445077475163,8.771147540059193,23.090921821311504
194.69906480032796,123.41752009065112,8.601861118138627,23.204783189512522
194.4923156089001,123.44285977611749,8.527843762807418,23.154103818579777
193.15609281871954,123.45068332378125,8.287563240259797,23.138456723252254
192.94251100751273,123.76087165332358,8.233842349077882,23.47984909135871
191.40995564497462,123.76798618349204,7.905453101113911,23.4656200310218
191.3460948808028,123.17354086252358,8.03317462945748,23.697312967701777
189.95608267333128,123.04488191718133,8.392041584579916,23.470399366422157
189.2412638336727,123.30805990740572,8.846635255132195,23.9190873947383
188.99377654354714,122.67561640378327,8.839448130425367,24.179650992067423
187.6076973521478,122.76196177514672,9.082796202948664,24.512722311395564
186.31468820003272,122.27304975837085,9.094194116689792,24.460698188751714
186.28496034995615,122.92874724059732,9.153649816842917,24.6924565126361
185.99278291782443,123.1621725029315,9.21922826586715,24.22560598796775
184.39550681449475,122.78462559253029,8.820926684540277,24.46743498191499
184.1584703267745,123.27813597845852,8.785456114171636,23.989957755867685
184.0342525039908,123.6550510144939,8.531820030520205,23.73819941301574
183.9095211065637,122.50781721055216,8.287400438699152,24.05713747419805
182.44494153317146,123.16304739461289,8.252583953505066,24.228664922065857
181.53827143078448,123.81033304651169,8.082699589627037,24.421512044757268
181.32284508504645,124.09419539434518,8.0181059512672,24.34923367892617
180.93780191734103,124.32398291406771,8.294957443567121,23.8896586394811
180.33653731025888,124.51914018467536,8.513996767655305,23.499344098265787
178.67528784546235,123.83214626329486,8.895629427937033,23.89304318458968
177.6008437901997,125.00418862986592,9.033828565294465,23.55964742461543
177.09906557334608,125.35764418895711,9.036630209779116,23.35311370104434
175.81076772200726,124.28569682952207,9.125915335771396,24.00462207390324
175.77035914828525,125.53367880271287,9.206732483215418,23.54232701912082
174.6878442131877,125.28566189701777,8.855618704538532,23.53513210073664
174.861375528687,125.2226736306376,8.508556073539893,23.661108633496983
174.1053001457765,125.18320418300557,8.54362994143077,23.74004752876104
173.9345566529503,125.3333987572022,8.39099422396374,23.43965838036778
171.99782639020583,125.37410724398032,8.36794519167259,23.35824140681155
171.67394408469912,124.8039968253343,8.044745041685369,23.5274974831029
170.51081511402722,124.67469529496641,7.96088831993179,23.786100543838664
170.34294325005445,125.0248509199853,8.296632047877312,23.56996429989514
169.0539888299015,124.93874130208596,8.43847605179063,24.229396502972335
168.52912063611595,125.27080161695378,8.4898063166495,23.56527587323672
167.14528547393192,126.0528342332436,8.804229955860155,23.47315865175152
166.59082450545333,125.27319049942949,8.923135163293349,24.042429389855776
165.2757490875207,125.0370754099497,9.02674490624739,24.51465956881536
165.3072095854472,125.24609619004102,8.96382391039441,24.610558325346677
165.12693505947402,124.8678323247365,8.810196944201044,24.852910037815995
163.65015655382626,124.67141020762769,8.67460771824029,25.24575427203361
163.53823531137166,125.27762186042993,8.898450203149494,25.069326554129173
163.08537450081386,125.4018713510874,8.76507114462695,25.34037791263328
161.5664555662377,124.38683576286454,8.67693973857272,25.286469572274648
161.5706503919463,124.85246204466885,8.66855008715553,25.392458470919706
161.26187664784382,125.03794455594999,8.766119126552745,25.54147189716521
159.01945568302145,125.33313017207219,9.059910360582986,24.9511006649208
158.59100752469172,126.51402299828922,9.396021302235459,24.672456512514774
158.237652207817,126.51845156251478,9.579878598772625,24.140746046851383
156.29861184088753,126.75738398455336,9.828397980881578,24.18138996730998
156.16382204713491,126.92596501968261,10.097977568386781,23.84422789705146
155.82572988222077,127.04060577528249,10.250712524677205,23.614946385851702
154.72049413237244,126.98483412976825,10.369852872911686,23.726489676880185
154.26560735145017,127.2573964729074,10.226526642939717,23.707914886510153
154.04117332108933,127.21575440131446,10.151643168035903,23.79119902969603
152.5479012536457,127.30942063770887,9.996391556099665,23.603866556907207
152.43483583281403,126.89687626567296,9.70434599022147,23.392602485896113
152.10175942740983,126.93364692594571,9.35060691457274,23.319061165350604
151.62072948000485,127.35080423959324,8.804900726592725,23.489923926582183
150.2743097712165,126.70650378051386,9.021436397571176,23.788003346101625
149.88816974827532,127.0741558261926,9.290284989011479,23.556130709186235
148.37534570780997,127.17528658765119,9.791321208959669,23.858791558465544
147.5396471198675,126.41026679078462,10.42628413518198,23.834179777704726
146.90249484266948,126.95862407282297,10.642378871544281,24.32477994067858
146.37873008349192,126.73313929789303,11.149886329639205,24.775749490538466
144.62256120071748,126.11362497043166,11.32927424126343,25.459286503140447
144.0999934508267,126.52480567637966,11.237282393290265,25.774052438999146
143.2519452658711,126.559044216825,10.647355121768534,26.277081268466727
143.2030743492301,125.93630457399135,10.745096955050528,26.38593142975361
141.49468718680615,126.56788696722795,10.16050246412734,26.2660148763579
141.3514278721323,126.2881044542321,9.88756813909054,26.266126947965112
141.30026283040576,126.55562465903267,9.989898222543594,26.285637624497788
140.5861770788126,125.83814652907712,10.304726568554532,26.60725072723348
139.66364072264466,125.49922478624819,10.448978418753242,27.285094212891345
138.96484627398425,124.82371868271561,10.688044441611332,28.056844982725153
136.255553469255,125.17604187007076,11.34958139301089,28.541460772529568
135.66586290540528,124.5507877987854,11.915515531168204,28.56507493601601
135.2355488349754,125.07989138125346,12.152279834490688,28.13073160861714
134.83002555183396,124.9713306217756,12.341549666877803,28.34785312757284
134.035670334049,124.36822048046724,12.045477062537525,28.925812396886172
134.13431069179552,124.53238042129205,11.848196347044519,29.228870777015548
133.70789648952996,125.04112192227171,12.068784241056097,28.843628285575722
133.7524157846897,124.994676330493,11.979745650736607,28.936519469133167
133.33230186773517,124.65206430782764,12.18960795100491,28.99137798082311
133.04389784265027,124.75206583563752,12.131534207449203,29.42625671892886
131.42067875100892,124.72680748542504,12.177329659312779,29.47677341935384
130.01536085198327,125.37025738968666,12.421280485884441,28.83154485370052
129.20023668124188,125.36688897769841,12.141516400499704,28.838281677676996
128.4505783335257,125.75374079986508,11.745380031305821,28.696395721552395
127.69987691244314,125.54595845293443,11.378577301179762,29.1119604154137
127.27581002405029,126.13855130936606,11.604541165728966,28.548944614786972
125.6437999420911,127.44099110266974,12.396151104037472,27.180270140984504
125.46669487176845,127.38370186319646,12.75036124468277,26.07028324022999
124.15583382332879,128.91659780645733,12.962943444546768,25.41363125072361
123.88792922381631,128.5633466718748,12.902401788144417,25.52378266446133
120.70930483201207,127.95923688341591,12.09660612897649,26.135081871147758
119.29652518288069,128.52253056984136,11.3711284829185,26.192173479737107
117.75695385524675,128.35312072401337,10.390814557651115,27.110915540041013
115.1939436527325,128.0608896071001,10.91109931559591,27.119660817982012
112.9395596113743,128.59939547616318,10.738642235125266,27.21295537065268
110.78537292984817,128.56391465530834,10.379689251926004,27.283917012362352
110.93571075609795,130.08572813343795,10.07901359942645,26.55228902530225
110.10128822669115,129.56183995477173,9.499463161213715,27.037966508378055
108.66778698464148,130.4491704993841,9.573593226039968,26.38045438686253
108.18487720196889,131.03633391961844,9.988889923631103,25.20612754639388
107.21952604217532,131.59476352862552,10.837301093937809,24.089268328379717
105.5363559348634,131.19432620117894,10.963424325428708,24.35010681941737
105.00302839731589,131.979376660462,11.484041605859161,23.326043695515814
104.77739946238349,131.42139906693438,11.395097511274827,23.361594953672746
104.47411251765482,132.4052496858606,11.46249311289449,23.550606867170963
103.50149493707262,131.6403838584954,11.235288342503427,24.537228539012553
103.20778894607018,131.54967743915188,10.715651765764317,24.718641377699583
102.05724396370807,131.57239465720423,9.734629233394742,25.767244440626165
101.8349993597086,132.00236595955107,9.634472858214426,25.451947419111725
101.49160801503511,131.6778240304795,9.244611218763815,25.02438694845729
101.43694298841204,132.6312533122848,8.828770061816426,25.218213225620914
101.13917507715162,131.93463229521257,8.383484368939158,25.57063374436723
99.43462708520381,132.46957758262914,8.171471335835669,25.53534574581954
99.06428583639237,132.70851520875507,8.399248042681538,25.057470493567664
98.27192537844185,133.1961190979778,9.473679780469556,24.592551893235274
96.73867832162783,133.52968867170526,9.924669220644194,24.448513680471038
95.85991591885399,132.8968785148986,10.624010589221568,24.126858838628884
95.26662603143225,133.7126478447941,10.736929722061227,24.10581114184356
94.03038909194406,132.63968673732396,10.516841525936464,24.63619611172316
94.09945401688907,133.7012188353821,10.378711676046443,24.682382651142937
93.8259631060603,133.52484266415962,10.385159301440634,24.49460079732452
92.39853149457561,133.7607187439318,10.012412511623953,24.02284863778017
92.77881575669771,133.2029375726531,9.25184398737974,24.08938594968636
92.7710135793323,134.44116525686184,8.755552661444987,23.660513303931083
91.45586055452209,135.4595556089665,8.404966941072978,22.617363189719228
90.24818657658902,135.40733790161278,7.967011082154643,22.246247968629277
90.3079431693987,135.42850413261445,7.847497896535298,21.741591581781428
89.22792387912726,135.88041979976313,8.195756826519723,21.290705160123693
88.42752641678369,135.57008408823918,8.891029246634709,21.45861533088552
87.73823676103467,136.5882087589328,9.802018005099145,20.825137648599025
85.9477051849818,137.2003819072318,10.536420993770342,21.024121433718335
84.46601917233812,136.46626803650878,10.559145280439765,22.002241218728017
83.99753628160515,136.93564535621852,10.99131165720919,21.063486579308595
83.60179166202975,137.08288226444122,11.28426987475015,20.769012762863138
82.4227916912655,135.2388224861033,10.646945281642935,22.959470052221157
82.69843806543217,132.80248090471108,10.095652533309591,24.71047796589476
81.66107947606653,133.20982987884116,10.026722175885705,25.503515669750954
81.42900195885278,134.20805595978482,9.944778024539247,25.14536106518554
80.35056538339285,135.38324727584774,9.943719451760849,23.87394429490884
79.27985123299653,136.34793568987692,9.4794295331352,22.986854754617767
78.64132761911482,134.86142985698038,8.756095390923255,23.459389707941604
78.70084652359766,134.95824636471147,8.637057581957588,23.26575669247945
77.2787140008384,135.49529694499773,9.036203198422232,23.169703303528465
76.87826417113837,135.63774087787695,9.837102857822305,22.884815437770055
76.07072914359289,135.81323101383342,10.947212525842515,22.533835165857116
74.02567545743628,136.31421159241228,11.40216774708529,22.570488909005263
73.41162109669135,135.87620887344937,11.574825327865238,22.918768776576098
72.30911714639787,136.39333231827052,11.636585250650253,22.956145875834743
72.40232252597237,136.06541950754132,11.450174491501247,23.074544931902125
70.78637652076766,136.54220415485725,10.930511122904743,22.65691211998538
71.10909263331259,136.31613228430533,10.285078897814873,23.10905586108924
70.87199395882362,136.93058808568787,9.727062928812556,22.91235757630443
70.28352325252622,136.8335329920285,9.393767386116895,22.603055445193036
70.07167586846055,136.7617818174007,8.831391218450646,22.746557794448634
69.15558180046757,136.80989062523588,8.723300292235443,22.650340178778286
67.83777980766625,137.1784427520945,8.95015713796829,22.39498535303502
67.77165676250222,137.45768471918447,9.564541784408096,22.318639974966786
65.887104743887,136.52331591693837,9.88998464136894,22.21957119073354
65.63612334546163,136.84393383896898,10.391947438219653,22.074590502457077
65.46848663579888,137.26016781791802,10.727220857545145,22.248003964915142
63.652117565185584,138.11909188639763,10.780788482622501,22.064086049162746
63.81918615451944,137.05622190125322,10.446651303954788,22.661161897845602
62.635478781758714,137.38310226037592,10.251888998312424,22.519836589832973
62.211612900939876,136.49499693877283,9.578712821365837,22.268169981593452
62.19864286450586,137.20497190208044,9.113180985331859,21.83116387278227
60.86563101731792,138.4455570243777,8.91773208612411,21.25764202391018
61.08123299397802,138.28636553757872,8.486528132803894,21.57602499750815
60.51506377034248,138.9401507733169,8.232654185800126,21.65466692030662
60.243642467926,138.63562814353887,7.8582016775711345,22.2637121798627
58.60645950148516,138.33544425223383,8.368969778788731,22.40348032386208
57.48332139316588,138.29216977242706,9.19973391294206,22.01819192264719
56.77560413954572,137.9563718826058,9.652871852770478,22.20863941858377
55.1456402977679,138.070673149736,9.961281193032788,21.98003688432336
54.95379236685044,138.16533156282313,10.344977054867693,22.28475043412
53.63853767205791,138.29157708555198,10.449584212049526,22.0322593886623
53.10939779610383,137.5301529362924,10.50120595113558,22.045120667948233
51.70883692387467,138.8101055687544,10.275831200716233,21.502879732942688
51.15529880360254,137.89181197649683,9.412577766808043,21.861719661618498
51.54347484856013,138.51928292658135,9.118880721578048,22.054742895505004
51.28798336972473,137.06643781195703,8.669383155498096,23.03947207725215
50.65887471098875,137.77250496232693,8.468509896604768,23.08642835287762
50.395640260474956,137.70048029998944,8.511564698101688,22.74706357802195
48.88044947039912,137.94995467294174,8.665965008985836,23.206775255206455
48.69282652003717,137.94928034066916,9.041210909709735,23.208123919751646
47.69039526425799,137.41074278003737,9.559689633571601,23.294276515884214
46.89169941909428,137.6925296834193,10.145168465250812,23.23665913844448
45.35266215778051,137.99241957761748,10.645780862849199,22.636879350048083
44.61132192727832,138.13466573771694,11.097337337289785,22.352387029849194
43.186569435794404,137.74941469716893,10.831288573220602,23.122889110945188
43.42694317545029,137.96264746361842,10.350541093908825,23.222302987009535
43.488889650509265,138.15844409472817,10.22664814379088,22.830709724790026
42.73416396707151,137.81696377019057,9.69193628828777,22.491588762675924
42.50201461444397,138.08116814894763,9.659529620484832,22.956590751277847
42.277595378821815,138.568262041861,9.605512867649217,22.48525818953106
41.84672833346766,137.2950813973991,9.477074840481233,23.051275242702353
39.38426595327721,138.97374185515778,9.392172739523778,22.198867757854153
37.85391893150311,138.27151367899762,9.042679449159113,21.6546456336528
37.67894295504827,138.65020495787982,8.919518928018583,21.370375549938593
37.10196448962712,138.4833916674187,8.6730077698834,21.70400213086086
36.5223374265538,138.85872082087835,9.365017237064976,20.95334382394158
35.337899625968184,138.65701863432568,9.390621352769653,21.3567481970469
34.1633358661436,139.50235805322438,9.839929237309827,21.09093408558121
33.39498162718194,139.0847036445307,9.460732407035499,20.968290248869785
32.098430742785325,139.26009606337703,9.230519107815454,20.61750541117712
32.51601869213369,138.563886743131,8.856760183512758,20.625673128487055
32.80307355428505,139.03235461377307,8.28265045921005,21.50853078808752
31.98054728868467,138.96270184330973,8.097910752433195,22.105284388508593
31.63778734560517,137.7805465344186,7.858077933246552,22.618889595599626
29.794188426912925,138.26675208718044,7.819942189843206,22.577811885272936
