91.0,9.0,15.0,17.0
94.09765417215203,8.751257792132128,13.337909618703039,19.512247954850007
96.30289223238319,7.6782486059548205,12.532684169918458,21.14323051696494
97.3803269338311,7.105491526149537,12.481725232128994,22.288744676575508
99.1818470190687,6.803909996390022,12.673343662586664,22.891907736094538
101.07892754860413,7.117632292473342,12.204821021631597,23.373009283299837
102.95981493551884,6.434348095866678,12.316402417095862,24.186241080899784
103.96444353773421,5.903794160478569,12.5759286142579,25.247348951676003
106.01719342642434,5.955363623141171,13.16823800855629,25.731436172810632
107.94882360617113,5.720463731400525,13.53685148545651,26.201235956291924
108.66096247939365,5.6227973730795995,13.348174741342444,26.396568672933775
110.81106203280353,5.464976409836902,13.369853378616206,26.71221059941917
112.22745822770153,5.788653614328144,14.271517322752853,26.064856190436686
112.28307636067451,5.798330468304529,14.788675331581157,26.045502482483915
113.46389027132498,6.2682224786971386,14.337807468950786,25.74263844792222
117.3706937290291,7.419298978423955,14.021407221362576,25.314787115423595
118.71423972083988,6.291760375144355,13.786522794685645,25.730708654274306
119.52067042013269,6.411985488603815,14.019174220811843,25.490258427355386
121.68929638183839,7.657264585661965,13.991155878899825,25.462119422667318
124.3751024445412,7.443351760729637,13.537232450232114,25.275233985439733
124.65753703713797,8.511236355548334,13.576554791407233,24.95203937490831
127.01608067798814,7.4039324548391985,13.660281140387859,24.766240360986085
130.00549883504922,8.305197624580648,13.66934668076258,25.358870763301947
129.97852634277825,8.107015390727682,13.723291665304572,25.147548810290736
131.30503381324192,7.67928676268895,13.492251331031337,25.397512414704664
133.60379950577686,8.177868374439457,13.736483269140223,25.61079002199833
135.65027008379428,8.498342463241762,13.93137418873874,26.19493672314612
136.1224333254432,8.202771532264414,14.236025298951397,26.16158978834555
138.95578741797365,6.8919195566224865,14.23224913655736,26.8956497320738
140.9234543168547,6.999702909239662,14.136687524231363,27.960007088651487
140.90338250406444,6.9046612640658225,14.830774800341642,28.150090378999167
143.4435939886574,7.545860942904138,15.099868859109112,28.205070278310885
146.3604662168132,7.213185568872401,14.659046821919295,29.54453632876458
146.3235474027372,7.069327575012341,14.73288445007126,30.5184333389086
148.68672941848294,7.203083737536922,14.918389450236468,30.95261658981039
151.047608877578,6.606164441537601,15.175446818251904,31.435195712351096
150.89795804340312,6.789421218119985,15.474748486601618,31.068682159186327
151.4534413867785,7.050960222769515,15.086391382508491,31.26821373254488
154.04228286351403,7.028140458358891,14.940224011043238,31.313853261366127
153.8024195939792,7.204393439100485,15.419950550112919,30.961347299882938
154.7516283286961,8.518500751061055,14.96171308920485,30.4934026887505
157.2401606099176,10.152634831622589,14.921778240355334,30.046351506823697
157.58552299181522,10.137339974746393,14.929127408207556,29.37886728892863
157.94772178837837,11.590714729077835,14.89315472795658,28.537392518891835
160.63170933124653,12.301495780550036,14.928819021495226,28.466740260766162
160.60889226640163,12.360963508226657,14.974453151185,27.67277507699891
163.46002301336577,13.019600444764254,14.585194522332399,27.01962656205818
163.72659201255806,13.096551036939008,14.05205652394783,26.86572537770867
165.1035482237788,12.77423429053386,13.843850172442828,26.237505835050715
165.80426155088304,14.152702640876505,13.68964948812917,25.975021074155023
167.2952236417313,14.715694767545076,13.793248074731629,25.46614137447767
168.20674313276552,13.648219613568624,13.804372792246177,25.766927982847577
169.6524906338635,15.106741756116117,13.99292882635893,25.31392452679955
169.75902101943447,15.740639644849917,13.77986805521696,25.883788897359565
171.57441239389613,16.580726465620288,13.852949347733208,25.438236602965347
173.50136220051203,17.03443963363491,13.67103457387864,25.754805213395173
173.52303755890068,17.227042533167243,13.627683857101346,25.36959941433051
175.4913625572453,16.484500911195152,13.333820035674329,26.24755162906431
175.5135866730591,15.821393978269775,12.67439275123191,26.34380738928546
174.95160237535438,15.809699634460351,13.193401845490211,25.762236575753164
175.47192767502497,15.80753589915184,12.758190428217468,25.16112486430174
176.77658878312417,19.76239359936976,13.094440867327005,24.909898367666656
176.8079232838629,18.75752687521174,13.031771865849556,25.737195386536655
176.73623518595292,17.85179324802936,13.17514806166951,25.741814810386614
176.648475990438,20.11454158917996,13.3506664526994,26.054916684905812
176.45735328994718,17.416657542548258,13.12046718562511,26.55112743372192
176.45047256808638,19.043609034052047,13.13422862934668,26.375893883181153
175.71839595568082,19.575762756101817,13.984973415270968,25.924994877968444
175.59926574324564,19.17642897717539,13.601801962513713,26.102230558193654
175.5671130928966,19.040363121371847,13.6661072632118,26.37436226980074
175.1112120839032,18.66624753039495,13.955341122136435,25.877457133630244
174.7964195331158,20.3889985702762,13.964702122896579,26.153299658755827
175.05782793021004,20.12871870006519,13.441885328708114,26.67385939917785
174.66096863726142,21.08945384196762,13.612510666555906,26.621668859521243
173.4786034448014,20.423329892511696,13.476144537198493,27.328642629863722
190.66750020230936,37.64259304109748,13.2949406654196,29.619786690243036
175.2264079065792,21.28096372559057,14.320279689486505,28.505287011544304
185.57201734612383,34.0935234715394,13.582214449637956,32.144792857199725
184.5788201564732,35.680725613287734,14.158366895590039,33.90623534042508
175.13491049981207,19.91795786260665,16.008269199390888,31.355936822744336
178.24298879447986,33.56910024276034,15.680418007653783,34.231217225129015
177.87450153138664,31.82852870333506,15.645074277037489,36.94004204717692
174.33112537833986,33.83863776544865,16.244156797928042,39.40749370815275
174.08684671036102,32.03366019871402,16.732714133885743,40.44580250989056
170.13496983709047,32.43560863731169,17.589447639719886,41.40366069287196
165.42120149916,36.62012815435145,18.82784108231158,41.22376489206169
162.12899308100026,35.667882308952386,19.837614096582485,41.270041975510274
156.55176661952405,40.02257465496537,19.623118092334913,40.13995656828428
152.0399212804017,39.814715299659184,18.447807006310885,40.55567527889665
148.72056573470977,40.2063539794588,17.784623160181738,40.685134786486536
145.09609196120184,41.55570876692331,17.8099318182321,39.7923349337989
141.3818020445611,41.72295399599071,18.114868482922304,40.34829987173801
137.74232495326342,43.56059543253919,18.162764832232323,40.288545915283734
134.28650434403372,42.49157703671648,17.843559493156228,40.61887106754529
129.1061149639158,42.74422746567821,17.36793595216957,40.11357020962182
124.71977228247887,43.16837013733934,17.267360049707555,38.37795873976599
122.07060321569301,43.090062691198874,16.542938309064084,38.534573632046914
117.95271862958181,43.19158076159388,16.279694156623396,38.3315374912569
114.23750469305614,43.09356444882145,16.129345012421204,37.685261559329135
111.16088465190519,43.59220237116986,15.64015875346615,36.687985714632326
106.92719604864388,44.36088467435938,15.22802944201823,35.15062110825328
103.10809580555437,44.53923714592142,15.089219565901873,34.01621512889967
100.73322731943783,44.940707416133186,14.5272337474336,33.21327458847614
98.33414686342918,45.303647604771584,14.16442712590301,32.48739421119934
95.28717735725317,44.986938537338695,13.775048038419316,32.4004436683056
93.01878137267,45.28400568661574,14.03845593994559,31.8063093697515
89.92675579741504,44.93877355632747,13.847990925879955,31.78849405648633
87.140996716894,45.447012487040695,13.782191236691837,31.476680926338666
85.04016428573756,45.33988953628656,13.78993019552816,30.991939177267497
82.40000941476701,45.64510803636183,13.533467058064868,30.381502177116957
79.99995105442402,45.45147798492859,13.58246604206937,29.411300069503035
78.86239981607834,45.418761527843294,13.19558214505181,29.476732983673614
76.43507183092551,44.94863879360488,13.432593617315401,29.75731495243015
76.00603615795299,44.83758400984247,13.622765703127161,29.3115252598217
74.1972398981125,45.47198709076115,13.916610310859578,28.707468680374056
71.72616129646723,45.2240412095712,14.231314448914192,28.54229571914882
69.60128789950215,45.78155849439979,14.496413896961784,28.091369040472063
69.65590875358052,45.566368364836045,15.04924789303152,28.521749299599552
67.13019686985764,45.65096723312401,15.355319615741868,28.352551563023624
65.28009954099792,45.499236300392454,15.652202897142931,27.975351153223066
65.13302514350563,45.35133745943138,15.946351692127514,28.271148835145212
62.56494748061221,45.48013991809492,16.25570588148626,28.013543917818133
61.99573120146939,45.32545649496549,16.703159610452005,27.63193193475708
60.357410762477826,44.456997064578076,16.515465469181013,27.983116787830248
58.10313965097793,44.62870123169917,15.464622182239868,29.02955483107332
57.92655720684913,43.08946813716719,15.817787070497461,29.33799290788364
56.29472563691638,43.49283162236353,15.565946454677574,29.9374674397651
53.972438756357,43.758455366478756,15.964933906210447,29.406219951534656
53.730578498359534,43.730680296337965,15.742030130624233,29.461770091816227
52.3124529543177,43.63597708083437,15.763776577950939,29.65117652282342
49.93688094280224,43.757265340205066,16.274197418043496,28.701812806925652
50.01126132835838,45.07112916869098,16.125436646931224,28.178559055188966
47.895267103420856,45.2830038121878,16.210131282006913,27.06359413239543
47.34788508392844,45.57049905299969,16.628799132023392,26.48860365077165
46.93136625867069,47.33515235809091,16.112714225163685,26.3321034340272
46.17131352575868,44.52254212321303,15.642136318985239,26.64883491177637
45.27503072008183,46.53983395717768,16.11402900816493,25.255597088195053
44.89597771396554,46.78232211478374,16.224633510842335,24.123119263427775
