285.0,180.0,24.0,21.0
283.9993667164109,180.12093628367117,25.29299896006489,20.758127432657634
284.03141145241796,180.12065766069074,25.953244468320392,20.758684678618508
284.20046108898975,180.22402578771954,26.349628127211886,20.55194842456091
284.4471038121321,180.2755963044426,26.59353806231018,20.44880739111482
285.12140776292927,180.1812351727687,26.723415489065673,20.637529654462586
285.7917612448549,180.1334448267723,26.871309767378115,20.733110346455405
285.33790895316986,180.0022334163196,27.779014350748223,20.995533167360833
285.8997935971953,179.85586395773157,27.421488767033495,21.28827208453685
286.45285405413495,179.8782415858822,27.08092900525859,21.243516828235613
286.71010427794397,179.79476337604856,27.326054118422277,21.410473247902864
286.91741434435306,179.70633422461117,27.67752361254285,21.587331550777662
286.92557613137114,179.5825944821272,27.661200038506703,21.834811035745595
287.5752663758888,179.39883423931585,27.918046495152318,22.202331521368322
287.92934383590745,179.7871163535055,27.997904714484676,22.213780432358565
288.0357214225921,179.7708780042269,28.574572034610846,22.246257130915794
288.35315060214947,179.9402669045123,28.73848897724705,22.70625463209603
288.40027403943225,179.939684240525,28.644242102681496,22.70741996007062
288.4931205061303,179.83885649845465,29.26588452289981,22.90907544421134
289.1046922784713,179.85325244050995,29.682994793784722,22.880283560100757
289.506752418074,180.04776066203868,29.704907782346716,23.317300384810572
289.4810597678852,179.93688434824298,29.7562930827242,23.539053012401943
289.63373525445365,180.04342296976273,30.288809964604027,23.325975769362454
289.71269061573076,179.87914847855825,30.130899242049843,23.65452475177143
290.0490226369277,179.72106085487897,30.30371326093331,23.970699999129984
289.77676776804225,179.69257561482885,30.848222998704237,24.027670479230217
289.66946054240486,179.61716624829322,31.062837449979074,24.17848921230149
289.5293399751783,179.56087612414217,31.34307858443219,24.2910694606036
289.8781239106901,179.44694120692003,31.519877631656108,24.518939295047872
289.83945185807295,179.7897303982492,31.59722173689032,24.7141385742537
289.8285849088962,179.76037869715012,31.61895563524391,24.772841976451822
289.5684309193772,179.72451951901388,32.1392636142819,24.844560332724285
289.8604697975406,179.6399921518539,32.45072879515412,25.01361506704427
289.7037794545912,179.4890285292893,32.764109481052834,25.315542312173463
289.9919574790431,179.1794370769882,32.187753432149094,25.934725216775668
289.86708061577207,179.60833117261876,32.437507158691076,25.990926431548793
288.74756635945596,179.53621571801784,34.67653567132335,26.13515734075064
287.79507110869423,179.207618175547,35.6262262283184,26.792352425692314
287.43154998779255,178.97789055724306,36.35326847012173,27.251807662300237
286.7916165226818,178.81022000470486,36.634047644498835,27.587148767376632
286.76372629974645,179.2957752304219,36.6898280903696,27.62488387053879
286.6334993776518,179.2732096696561,36.95028193455889,27.67001499207039
286.6839922534581,179.34240120417024,36.84929618294626,27.531631923042063
286.31666392818386,179.57857356953897,36.57273799802188,28.07050202777742
285.5361966029784,179.34341710391288,37.11787255492372,28.540814959029575
283.61389620287065,179.32736256651543,37.86711189869643,28.572924033824496
283.41401327124373,179.0144741542058,38.26687776195021,29.198700858443743
282.46628183450923,178.70659709815453,39.10229264601179,29.814454970546315
281.6017561882602,178.55166635611587,39.748507630106076,30.12431645462364
281.2024735722902,178.91546024510012,40.547072862046136,30.494475514473585
280.7725831934322,178.6920576424674,41.4068536197621,30.94128071973904
280.01258438343046,178.4685604947555,41.790494577564054,31.388275015162836
277.6752226254287,178.49898995644574,41.86718951563384,31.327416091782368
276.9403355896587,179.00481580236715,42.18728409602227,31.465443891091304
276.1633984418528,178.77166339601467,42.58434945081359,31.931748703796274
275.4966554537167,178.76898084609635,42.74735516951591,31.93711380363286
273.6379781641089,179.08709907877824,42.94556232600473,32.47392647917803
273.5536143681894,178.9976171556102,43.11428991784376,32.65289032551416
270.50085473893307,179.01874976820292,43.26812334698883,32.61062510032865
267.98035843350294,178.84265696486494,43.54115339329156,32.96281070700462
267.39499809942976,179.2556393276504,44.71187406143793,33.338750064195
265.7683497796614,179.8057347515339,45.51341654165914,33.464436296085815
264.54333874559904,179.7809793129868,45.483194789757455,33.51394717317997
262.6655180864487,179.4894302828336,46.75788726443593,34.09704523348635
258.431162359875,179.27291581286178,47.61021421925142,34.53007417343
257.646536086608,179.010321356267,47.890025634237986,35.055263086619576
256.19232862979106,179.36950080435778,48.19382122798116,35.639213850383385
253.81343185630575,179.28950387515061,49.002117763452205,35.79920770879774
253.5595697436667,179.2395597328343,49.50984198873029,35.89909599343038
251.9892821566553,179.01487908395535,49.96892485850903,36.348457291188225
250.3006778939177,179.3168836152182,50.63595047913153,37.099539681088935
246.03695245216582,179.71253738546343,50.89813776467118,37.68577607359244
244.2537366054717,179.80287723778977,51.68229414775516,37.50509636893973
239.87798840807352,179.70541216283195,52.03329505591388,37.700026518855395
238.98893336629052,180.32695910196924,53.81140513947986,37.86554175604777
233.65098769456722,179.9803814470688,54.41946709506805,38.55869706584866
231.69564851057214,179.80891502009774,55.41237085780895,38.90162991979075
228.4819399070839,180.30192027285293,57.401110573306326,39.39517857810677
227.6257182169303,180.41044286518547,59.11355395361353,39.17813339344168
223.84374587975412,180.84729123792445,60.517815415421325,39.844357451099825
218.24229886296587,181.23002274364106,60.71599933802381,40.650995884091444
215.1162520786158,180.94825469469788,62.20261394480096,41.214531981977814
213.3530048920418,180.53432893569232,62.488688233027574,42.04238349998892
207.9657439158006,180.42177664143958,63.43360787666265,42.26748808849443
203.95409863401568,180.16678210572653,64.83201905664367,42.7774771599205
199.93060550121498,179.773166049873,66.13613943873142,43.5647092716276
195.3786041807887,179.48463962215592,68.36651794222017,44.1417621270617
192.40527165780804,179.06813461736706,69.02872386660496,44.97477213663946
192.9492316985605,178.8131983281294,69.72611589083955,45.48464471511477
188.51354818079875,179.27649305704756,71.3803864701899,46.362329371321735
181.90150490597966,179.89721221415107,73.54214089407937,46.96461307807281
178.73990219229222,179.47360448197378,74.20683560568756,47.811828542427406
176.301269323283,179.0428491318338,75.26353928400803,48.67333924270734
170.25710894844053,179.93960161646282,77.6493630685766,48.82033366647258
162.41221775021938,179.52894431488943,79.4884541578239,49.64164826961937
156.84920687785566,180.61026350997298,80.5148802934143,49.498929001279706
157.82625000596065,180.5584525868894,80.59363820314104,49.60255084744689
150.9255750157834,180.19925071008504,82.18042585238896,50.32095460105558
145.43779779307272,181.09120717376936,84.86997503613046,50.60854298910692
136.3033902664812,182.0773659647,84.09123279059118,50.75262066265923
130.79210764110513,181.5349246976853,84.57761200800408,51.83750319668862
123.65822034889837,182.54949188793674,86.04891392543597,51.94111426068272
116.78409293867213,182.11836024848992,86.85869833665765,52.80337753957633
112.30166150589243,181.27219792673188,91.45757129047982,54.495702183092405
111.2408981163313,181.00932142316094,93.57909806960208,55.021455190234306
102.41370678382775,180.32426599686235,94.99076132091236,56.39156604283147
94.9147327946516,179.65813977065525,95.80158711112462,57.72381849524566
85.98237451342709,181.3907849705736,99.27194336344739,59.05664819878439
76.82102991885242,181.05447225749214,102.7555864883184,59.72927362494734
66.63222169647445,180.31978629788634,105.3791766033915,61.19864554415892
63.14513553647073,180.91789534568898,107.15314089327387,62.60253146361616
55.103348027514116,180.5668909999963,109.98570441842705,63.30454015500149
41.014622098934694,180.07793211226186,113.82613997781266,64.2824579304704
29.915481005189477,180.89206088535116,119.3588299976262,65.43179907890465
22.221437469790217,180.5087842286461,123.23114573140364,66.19835239231472
