66.0,28.0,31.0,35.0
65.54721470058783,28.652782365968125,32.944463354885485,35.77222078018604
65.91099456943678,28.993855402648833,33.29882703418242,36.17199812381948
66.27490447108565,31.191807858156963,34.75859683751614,37.245067229381775
66.63316258019867,30.391463309362734,35.17582755228714,37.712009393973204
69.57507840861163,30.69124180383392,36.17799322679672,38.26011862692009
69.50484859446135,30.463346066992436,36.31845285509728,38.715910100603054
68.82946843390056,30.31370292209844,36.487720466564475,39.01519639039105
70.02182154318285,34.24457241422898,36.48072574856799,39.47544765811826
74.47945540038798,35.044024625235565,35.93695236633156,39.072470997844206
74.5454475108524,34.9271298929028,35.804968145402725,39.30626046250975
78.86322216896994,39.48856132984515,34.26461483039959,38.461126256729
79.31723113736108,40.594981771121496,33.35659689361731,37.39309585832265
79.3950871118709,41.07023932305349,33.20088494459767,36.44258075445866
81.74055699510804,44.48220214669805,33.9921972831778,36.197357633234844
81.55841294159214,44.991437223427646,34.356485390209585,36.28409841493247
82.56404866013229,45.35424909199966,34.56990713435649,36.67082126840203
82.46503174438968,45.23082659013838,34.76794096584173,36.917666272124606
84.97040718741076,48.507958946185326,35.40109153450578,37.13608330567817
85.549963272979,48.25619366487528,35.38421538416706,37.639613868298255
87.67059587732125,50.005770612862776,35.74232789286364,37.58999326035911
87.65184139561717,50.01381548028312,35.77983685627179,37.57390352551842
88.29098935888419,52.15513955473784,36.811722199810944,37.9116179167554
90.82235657273046,52.68466502577245,37.63255598783836,38.02928061783017
92.47128622098451,55.76742141013142,37.90925936451463,37.82137230441958
92.57252259080805,56.676239104186934,38.89939479682937,38.3889532602322
92.98123778461311,56.487899210701784,39.29909711256171,38.7656330472025
92.8698566232136,57.09506914964196,40.75121808847321,38.78065182243458
93.96718785706513,57.4431295569342,42.313678450886634,39.336905284555584
95.41790525841552,58.95565131701609,41.98348827522499,40.16872870495053
98.28322054892102,59.98817778345607,42.721141613526015,40.69098933979538
99.94846075876227,62.59715939542587,42.01762038400137,40.72694449617144
100.3313993797901,62.971745584755325,42.55476752455318,39.97777211751252
103.95747088155086,64.73342245432991,41.80045767208915,40.35311826899786
104.07945184592418,65.19640474396242,42.85020264994411,40.72086059633447
103.87628396566993,65.15468305533653,43.25653841045264,40.80430397358623
103.76714302560002,64.91225208913966,43.47482029059245,41.289165905979985
107.63893555137022,69.53614592575836,45.07452009774806,41.38466309143856
107.53174238641583,69.28533423784702,45.28890642765684,41.88628646726125
112.14886100710262,73.08442831689186,45.66270272315853,43.89613184604687
115.68831617128353,73.89312614422575,47.045632902410674,46.50965644518606
114.0344853562954,73.47908912620525,48.87998893361598,47.33773048122705
113.7017977032962,75.71168827639386,51.06055525203061,47.4181052180985
118.02743153395392,79.29383753122298,51.71276650654887,48.00670580496832
118.18352400217455,79.52130015105682,52.97069580505861,49.12189480025168
120.20529402777206,81.18514708829511,52.14209912210789,49.009144294019386
120.44653846834937,81.57595661228416,51.65961024095324,49.82026718419466
120.35736122076636,81.56168778303541,51.83796473611925,49.84880484269213
125.18188886824112,86.24328561891613,51.79664854910419,50.09334827886512
126.04319126520944,87.54012885993775,53.28306540858866,49.10417262353247
129.8885768797601,89.07676314269789,53.65260251329063,47.64296572477286
135.53450891664147,94.26607070440735,51.92776122639627,46.83137338822232
136.68865700617926,94.38410880587203,49.6194650473207,46.595297185292964
142.812356825157,97.23440663366496,47.97710727241273,46.95472545144852
143.271853009437,97.47930676148286,47.058114903852726,46.46492519581274
155.94521117286837,109.43457878364981,43.80334419774945,44.64632677223829
158.00533147895732,110.28684001535996,41.07599597443995,42.94180430881802
161.98847083193965,114.31006854986248,39.7248842608673,41.51051423220498
166.1489114300599,116.64874557695735,39.07932515451485,39.391600874644574
169.618307021982,117.7286947972419,39.555094980845695,38.467462602438005
170.6585295330855,121.73913105597988,41.160665503416354,37.818621174517354
172.84808557236815,123.9238775071093,41.75551293250494,37.179597902998935
174.58319121335188,128.7652670978507,43.25550292963678,37.43722127971475
179.27958064097368,133.67025966841294,44.022127773865,39.05656530049606
179.2183728899314,132.89011743605838,45.4522847910678,39.30910825008694
181.69078859340019,137.31568469077877,47.177195160594124,41.129560582988375
182.67663686310468,140.33569484281836,50.764866777778536,43.428592513799245
185.46478790359583,143.95223578698074,54.081982852506144,46.57116514046939
184.02446373977577,143.49626906796067,58.546616466729844,45.89911329192595
245.58944686261157,150.76003589417894,53.62604119817706,42.86415931782037
248.49729101675666,146.89617514959588,47.81035288988687,39.97171836626266
245.44369576586203,147.58763046929752,44.25042960054195,37.20779147098309
245.88180815492422,144.90686912418286,40.81098986935855,36.16127677856463
243.0269184883698,141.00535524198642,38.03950869803167,35.48304403852178
237.78051855483545,140.31787697508162,38.11336424359083,34.54267961199596
236.11502244814892,136.4994135671435,38.01282392023428,33.02885299659322
228.9334101185459,133.32957462081413,37.84103380460421,32.660062531635354
227.86875670074193,129.10045309372376,36.64182939698517,32.24227560387736
219.95003747886383,126.40832787731607,40.552674318878054,30.036875613688867
218.97896933761905,126.05472547686702,39.16913537835828,29.635522006917135
214.985898632545,122.85997159380562,37.42686697680295,29.539423231904316
211.71157929617453,120.99668074875706,36.60620723497871,29.054977256535615
208.15659863664501,117.415804513545,36.48990398269903,28.990465155621045
207.02262390342807,116.11068010205213,35.669369156223034,28.512229685696852
203.29045369276548,114.75197182662836,35.06041746682931,27.193000181184956
