116.0,47.0,42.0,57.0
114.63161400033121,46.781060626312495,46.29134680725316,58.99245355529055
127.17182117013516,47.19770497280786,47.690831210570806,59.81415853373268
134.1786076855014,46.94223855197008,48.88994547958783,60.32509137540825
141.60620425836152,48.00207540795329,49.49282243204594,59.92298100768387
151.9084907959397,48.81924300735124,49.5417516735158,60.009771001940166
158.4719328428005,50.172181807219594,50.20087317386411,59.027144101462184
165.92315712215262,49.83282857067646,50.766920062541146,57.98712885817277
177.64314125329872,51.07560227752615,51.29100831317439,57.213299766825216
184.46138019989183,51.93309897894747,51.31927307934316,55.498306363982586
190.45447077060587,52.19221620200687,51.10600505324498,54.98007191786378
190.42408229364707,51.79713515984439,51.16678200716254,54.09986563558385
195.14994931536373,52.10792576241101,51.660537549313965,55.135866028048056
201.426204467092,53.065338218365476,52.56091115606218,54.90265160491471
208.9784390679967,53.23190390367755,50.994354893853,54.569520234290565
215.96237385010633,53.843192338262355,50.323964244311284,55.009128229455655
228.6206302233684,54.40732001279374,49.88313024482397,55.539251463528686
237.2241861067315,53.8204101781527,49.2719936130941,56.71307113281077
244.0994255019059,53.18497469132453,48.86573416550462,57.98394210646712
250.82593885293352,52.735924361269056,48.86182458369615,58.88204276657805
256.7038520811555,52.54707880625996,48.970426974628566,59.25973387659624
260.8065894945959,53.03124324623352,49.27737874226656,59.99389031555289
267.89778858846785,52.47636618461024,48.8448785754984,61.10364443879945
267.9941894846851,51.618768448021335,48.65207678306389,61.09005974808089
270.55905487791426,53.567345054201986,48.69868217350887,58.9183519280207
280.67072069332596,53.289707889206845,47.09664492627347,59.47362625801098
287.0472350592002,54.93382705187284,46.07169596666404,57.86082790012742
292.99145449579106,56.779183621120424,45.621944211695336,57.4383110811217
293.5070803548296,57.55521958881887,44.590692493618214,57.50656615874434
300.04221564279806,57.86604071230153,44.357311704355986,56.88492391177901
305.77555444106645,57.46493448254363,45.62112614781911,57.68713637129481
309.52317233185477,58.43522474264866,47.87064193362662,55.74655585108476
309.9866333434549,57.89674527753508,48.57430794185174,55.19292674988644
310.4842493123596,58.428326758405234,49.21237445414378,54.129763788146136
311.21922936915365,57.81867414136031,49.36938891891717,55.34906902223598
314.1076233198577,57.491964896526795,48.537912865267984,56.00248751190302
314.51677817033004,57.2284897864557,47.71960316432326,56.52943773204521
315.1901430020392,57.105185331492294,48.01312447873354,56.776046641972016
317.43096644461616,57.319209128712444,46.82903765297132,56.34799904753171
321.76685317361955,57.5724290718232,46.27279195645213,55.8415591613102
323.63456295942177,58.7934588544953,45.75004034422271,55.005833575653554
330.6480458878259,58.8998123274819,44.40333074429915,54.79312662968036
330.97933109776204,59.058641505044925,43.74076032442693,54.4754682745543
334.1864865525035,58.91122204270162,43.504053222355395,53.22590624738807
338.62028070044835,58.60674001183614,42.24337400541307,52.31348849332954
340.62596125943776,58.940875778840294,41.20595655624928,51.64521695932124
341.26702835161626,59.12088012062209,41.383733342416505,51.28520827575763
341.7920236882558,59.672292124193376,40.33374266913731,50.18238426861506
341.8272952531464,58.60746391801826,40.26319953935616,49.46536101067589
341.5829632273048,59.5210420028984,40.75186359103942,49.04939407424061
341.8023676339984,58.924197393889074,40.3130547776521,48.83040028096298
339.9434275351537,59.985510592623356,41.226472876844305,49.51223598199164
335.86768670580705,60.56711796507811,42.24062515030096,51.20395299117681
334.84244160711955,60.787193444237744,41.3513659151875,50.76380203285754
331.2853008415654,61.03794058158356,41.22195707855427,51.7110458317142
329.65031811106667,60.78268323282262,41.56956346471287,52.221560529236086
324.91986186837323,60.65868009423565,42.182622579862034,52.46956680641003
324.79185916677903,60.286785000170376,42.43862798305042,53.213356994540575
320.9548261134974,60.60249195273772,42.59299728711824,52.58194308940588
318.6314976709524,59.877034209184075,42.74939575594659,52.5361057710926
313.2091346112483,58.74406258004054,43.10406845965409,53.303469969993856
307.0195034611029,57.34843888153578,43.35450383913777,54.578614001902494
302.9152218119302,56.332483242022334,43.864469793463215,55.07080581212537
297.5035271425201,55.925071714086656,43.799113156957375,55.88562886799673
291.47816647599853,55.18500211687446,44.88117720547021,55.79881702177394
286.62832148083845,55.21737927445271,45.0817902159697,55.734062706617436
280.6282316242599,54.9074880054257,44.398497323106696,56.35384524467146
274.186063037197,54.67021489437394,44.61198631716971,56.828391466774974
268.31896894394936,54.3643627406009,43.5894741609713,55.845508231484345
256.66223968741326,53.968312290821345,43.45900207519892,55.07468042445382
250.22247478911,52.943453245705605,43.94642241981448,55.57538483318645
243.64972195040983,52.917372139777996,44.57516477408474,54.0629516296504
243.69504784097919,52.842539273655845,44.484512992946016,54.2126173618947
237.4854180159789,52.86854508399158,46.036994591342584,54.16060574122323
231.27129566581786,52.87413013061484,45.852295941670285,52.572817729227424
225.31452413279607,53.52251215850387,46.92215148382,51.276053673449354
182.62079520696759,66.726056410306,47.2769486937405,49.605739174713904
204.8931051759419,54.58520802062529,46.974770045224055,49.47781317369896
198.64195733039435,52.936390160096906,45.807771723713905,49.73782800306569
189.29613824664293,50.38730152820468,46.44736753128787,50.32299467686791
181.0108441055876,50.092320145203274,46.257947335105406,50.91295744287073
174.66876520611808,49.41905403776225,46.70361369855522,52.25948965775277
166.25316900171956,48.90833873567845,47.95620662695786,53.28092026192037
160.52335087788515,48.70470277177985,48.25970441122843,53.68819218971757
149.80130971321034,49.60317284641194,47.23505260375295,53.496161621655176
143.99084913935326,50.721633931859834,46.17155720680122,52.84479151884263
137.66921151441528,51.498813064664795,46.347416431814295,52.84886025634056
130.38907356414066,52.095039319525625,46.85592879097294,51.656407746618896
124.92071344327914,52.607494682449214,46.93624525136825,50.63149702077172
124.7156318708449,52.37572373313358,47.34640839623672,51.09503891940298
119.29913759247484,52.65737529675076,47.32955102891604,50.53173579216864
114.63742376768518,53.808281642824014,47.40748056760797,49.77083945183668
109.79977032477508,53.006772040160556,47.90126286787316,49.843604559571105
103.63842184806995,54.02148814842171,47.91025366170207,49.35338561299648
97.66418674992347,53.24690262107141,47.6053742250931,49.370887963584316
93.64340764299978,52.82183500598926,46.48420069219849,50.221023193748636
88.31960987648189,53.34470652374885,47.99600037882737,49.175280158229455
85.27956559725772,51.08679223971257,49.48540429762236,49.10042408664863
79.80460210659373,49.77152909630944,49.567622881302015,50.178420602362266
76.70924995916474,48.11859238185748,49.4751412893615,51.91349755956657
74.12832043834769,47.064293624790864,48.25077617999552,52.42553903594979
70.61009617761734,45.55329217158704,48.94677283155747,53.86242897488275
71.00234114009149,45.40886716915469,48.16228290660917,54.15127897974744
68.59787524591796,46.88545359225094,48.13957384909196,56.0297469794192
63.41974708525043,46.41719812072509,47.020835983114736,56.9662579224709
58.543416516606506,46.03438505344392,46.959185890495874,59.367602595351016
52.573065031262786,46.7957970476464,47.198796319796436,59.51636325571562
40.336130373003485,47.40150176984809,46.50637609578097,58.304953811312245
33.497399077160445,47.757626971600644,47.00019422151854,57.592703407807136
28.72757174246788,48.4106928900498,46.66973373392466,56.286571570908826
24.506433813887163,48.73954792722933,47.014060060949674,55.62886149654976
24.580727215662126,48.387264425004915,46.86547325739975,54.71842847115672
24.761992670217385,48.25307987584455,46.50294234828923,54.98679756947746
25.117110863486246,48.15515382564189,45.79270596175151,55.182649669882785
28.959030902452078,47.57047291545875,46.05108221175959,54.7635682246611
29.078734035332225,47.682384804349155,45.8116759459993,54.539744446880285
33.875154811249686,47.19548647841795,45.69188809277195,55.51354109874271
39.72006417126728,48.12997699733921,46.73734044034438,55.23646894435111
47.55408725663487,48.65925807287471,47.11421153895899,55.78239852021511
61.940059530369496,48.7785080182616,47.48392447265371,57.1628796006171
72.40635509815746,48.563043878079135,47.952167002795534,57.59380788098203
78.82076286611166,48.540929260674076,48.40660459857263,57.638037115792145
85.19450862921947,47.98648948335875,49.0064065381832,58.746916670422785
91.21397408194983,47.837163162936406,48.833655555502695,59.045569311267485
95.05290135386416,47.527298476196165,49.64070840262702,59.665298684747974
100.69280952003724,47.580903807409484,48.67815433655463,61.277631733366974
103.71063073429502,47.4183055392583,49.55748331377611,61.602828269669345
108.80054379645615,48.52870974280758,49.86556622489733,61.13000470181137
107.98355974758196,48.34769294937782,49.75382437445503,61.492038288670884
110.35712888371492,49.55524908002865,50.25507666917299,60.82638954969717
