81.0,79.0,26.0,19.0
84.37921710630681,80.74278960566565,24.187168573495857,19.753508891048252
87.42918956953295,83.1076840639013,23.616007487299946,19.861405834801296
89.50671490674864,83.48248482556438,23.56522748863986,19.795849424103682
93.88653992459768,86.94745623568154,24.356465321985752,19.687969367472213
96.40483127628745,89.50172823564314,24.860989574253153,20.120532323195953
99.65407956792951,91.88310464497853,25.436356109889253,20.309483687769326
102.59647169026219,93.75099996880724,26.025046559772598,20.170067870416737
106.74448009800305,96.00955448716434,26.44126790832224,20.735097762720844
111.13686984473861,98.81518866187507,27.296963645802222,21.056429555423133
113.18345007612278,100.5503874561961,27.763105107051313,21.385450236795595
115.62448245923207,102.59622012571,29.059937782088127,21.92795797870936
121.76274522364113,105.02480298773466,29.599297318946512,22.677741970893564
127.79061713105972,108.31980437335459,29.8653709492895,22.65937517041646
132.82825835391506,110.85822553855047,31.343070267325835,23.3590237218982
137.0504431884194,114.03611759973887,31.4902337552331,23.876466125054122
142.4226667796377,116.28013522262185,31.18402316813982,25.477402226571762
148.30062870816667,118.59533092573687,32.79570657921407,27.085227545470055
154.98557525676125,121.4174126354233,33.55482695442399,28.976537978043353
160.5393225391362,126.29791486630627,34.256362396406615,29.056391855221232
167.6880814472915,130.5424582134123,35.89820749349227,28.536986617707328
173.33096756175007,135.68571209410624,36.769283377152604,28.38118561680063
180.20313823119014,139.43245499677607,38.38289478632698,29.0786079437567
188.01448655681304,147.14374178894082,39.717906665681745,28.494029323702755
196.63329157718906,150.95468923360502,39.60928964565683,29.436630944737864
201.42691035412827,154.17249409336878,38.69711618493605,30.591702306723278
214.65864705095697,162.25829986179852,38.37670877677638,30.7595070107999
220.73011222950896,165.81440730900988,38.191944469064076,31.25703414780824
228.84397246380914,173.14928310882618,39.44135480730527,31.879772004162014
236.70581937604146,179.17906708417576,40.541482609056054,32.157673246020835
245.01292938355894,185.5002125777587,42.2146832087,32.08798393144674
254.14762695588087,192.9468405283854,42.6236995536798,33.53833808361394
263.32750418240016,200.17178997157856,43.4202141923513,34.65290783424207
273.8684849509318,209.68702010492285,44.434303770236454,36.49094028722711
283.17719017716604,218.23845108201658,46.18293385930919,38.48124134073442
293.1194607284189,227.4381524303415,47.60902062403216,40.060552269611485
304.2153668180238,236.83038144272336,48.86604293963645,41.96624232850726
308.9635099531562,242.08813446782673,50.8049373063046,42.88591691523339
314.0334039556953,248.48338522939667,55.40643269231686,40.41431376585683
321.9482936015592,256.1788707754178,59.13338008050354,34.04952421839051
