155.0,75.0,65.0,43.0
147.91239998096887,70.84676152537666,67.33160191326787,47.92259177073398
139.07320802871772,67.32800825665123,72.3499177714899,47.72577371031043
133.50015641742527,65.37238830786512,70.32909719252856,47.87503537886941
129.46508214769563,60.5970641360324,67.28084388861865,48.160348853060505
127.02977311212574,60.89316094184212,63.09282839052682,47.56815524144106
123.30796371108045,60.62538494250765,60.10604694664063,46.36530719911386
118.4846589370681,60.052331587004886,58.04011784544327,44.164974296055924
112.68573573772568,59.980398060719196,58.39724708091881,42.703024611025995
110.94941370881338,58.70765110056714,57.10790956789118,42.073864150761935
106.3713616928219,55.01891163577129,55.36203672292763,41.66421673967758
101.43206985872115,55.04382890760286,54.57149317789982,41.614382196014446
101.91826539993008,54.887955945233045,53.59910209548197,41.92612812075407
98.91808298540961,50.88158431234987,53.593371679230415,40.92972851858172
96.98310164515946,50.74442968277953,53.00770663698487,41.204037777722405
96.14121119741745,51.20519029532648,51.730016528464276,40.28251655262851
91.40537975899582,50.61357116768713,51.078209498227366,40.01954482118149
90.73670384264858,45.96013456380582,49.551630830452595,39.30266127730178
87.28231605331021,46.116875945741555,49.47565073405799,38.98917851343031
88.22866901044927,46.361692731916904,48.973642637899566,38.49954494107961
85.92201190013444,45.52804666481475,48.086719068768545,38.79177762784375
85.41848160969971,44.832853997417885,46.361366989974314,38.81595663280563
81.5418453988808,44.324557379527704,46.074286820839525,38.49249110345723
82.13849315130031,43.095594205189876,44.880991316000475,38.2895743846224
80.33428527196713,43.18763654835337,47.18066310078198,36.79674572441055
80.97489147155102,42.061144133115086,47.21939963112163,37.72978162537969
80.49144341133659,41.97709940709572,48.18629575155048,37.897871077418415
77.71065902821357,39.55917097102309,45.62846367351129,37.32079405337354
78.00094326442695,39.26796579176048,43.74324658646015,36.59855579727436
78.82130812119563,35.60105712651615,42.1025168729228,36.34852978016042
78.93107322373265,36.11020871299947,40.64836815325318,35.33022660719378
78.11059714648945,36.39345310466075,38.70197936684166,34.763737823871224
78.76390585281058,36.21036964509713,37.39536195419943,33.97337997101954
79.74074513738955,35.81356163535025,36.56527754830235,33.64340182725246
79.13901756964195,34.08776689935756,36.663323585194256,33.77876400342804
80.55877880753326,33.08542407573608,36.041984445671275,34.674357982541196
81.16631096875108,30.73693983606725,37.054102365146434,33.8033708571018
81.06371712540269,28.65509228970675,38.37486216247025,34.62034961794167
81.116590074955,28.28184491646382,39.418266949885854,35.36684436442753
82.6732376814391,28.094039311415475,39.83683020768657,35.74245557452422
83.18020005413666,27.593424690505337,40.012693730062395,35.553896548573576
83.76833269639366,27.355687512790297,40.02593548135066,34.83986386820136
84.52446205736905,24.698851443310332,39.69195833352727,34.262128136524325
84.411804998422,21.568961923442924,39.91727245142139,34.702675972311674
84.91397643340127,21.288723758280305,40.08732932418032,34.08875255991944
84.95717261582098,21.354810970252736,40.000936959340905,33.95657813597458
86.25396838728952,20.480099603824424,40.898482764981196,33.37857596977961
86.58327982885999,20.35130388979283,42.57629553662734,32.467949570449264
86.76914094810289,16.996708242442523,44.562804929934245,33.28156178566812
89.36155759829302,14.659980905447352,43.04599071752028,34.28699737169214
91.7550081685239,14.314913545860364,44.33852889861555,33.76124422655471
91.57843698691748,14.187483262515428,44.6916712618284,34.01610479324458
93.71237654955357,12.186394978456633,44.133708795090655,33.0717258166496
94.71661477038761,12.784786936495252,44.550651561295034,31.87494190057236
95.71529092506717,12.996877436600522,44.95211329585605,31.450760900361818
97.53897042835753,12.668998277528082,46.09871066240789,30.908030125223554
101.74684363961089,11.065770835039645,46.13050393823424,30.49411085377196
102.93404007037162,11.074981471422557,46.15688954695243,30.475689581006137
104.74943691878906,11.113953380661084,47.3280121707147,30.397745762529084
105.11629072924792,11.1690852533688,47.811051208944285,30.28748201711365
110.54504523507113,6.595298820013765,46.73061175864236,30.880119017647292
114.51411739016719,6.391214289481841,46.08743051177189,31.28828807871114
114.4271004579457,6.374227617727392,47.47439491394398,31.322261422220038
119.20394910737751,5.528140698284844,47.795556895670614,30.545720440957567
122.31656433588498,4.919301072503618,47.70143299512915,30.537178381225324
122.26386296659004,4.239998468528782,47.80683573371902,30.671114411366517
127.41618913475632,3.7108149989306565,46.10158400415023,30.500995549596514
132.0876700967034,3.4311946054689617,46.3591764315443,29.860167042608875
134.1568889713814,3.271761539884956,46.99375228402141,28.98577977331862
138.48778531887453,2.2290441152791285,47.83673251683853,28.695021390579424
142.47817532615872,1.5008925010637455,48.22629265739896,28.95556173970607
144.5306486372432,1.1655950557464632,48.94516047121243,28.420203021345035
144.53042815039342,0.5779428523309864,48.94560144491196,28.38792181869836
149.47234539828537,0.12855955522445583,48.71812847835422,28.079643221758154
