186.0,71.0,11.0,24.0
185.60255304033575,71.48546245194875,11.794893919328473,23.570667735126683
185.81804694904378,71.19560135766753,11.913071310579952,23.601224715021665
186.2260311406979,71.25705705382518,12.200414999339305,22.926657286672523
186.15639096908725,71.17993350374513,12.33969534256062,22.534207637049903
186.44496814726244,70.30317931608374,12.305838279012693,23.201121426767813
186.91360895055553,69.84961166708027,11.921101080633331,23.555712316567963
187.11865401580835,67.76494898960601,12.062138786511603,23.31601498044526
187.2062989613465,66.84026650885315,11.886848895435289,23.515247578160093
187.32174192015526,65.94981034974205,11.655962977817751,23.64633041968577
187.30340648105872,65.30148883652541,11.69263385601082,23.299374762206053
188.77087177902212,63.52095364282993,11.474822401436876,23.599902179973594
188.3759792807522,62.96309095900156,11.176518969994273,23.083494905656693
188.53194252449464,63.01408753251067,11.395911678926044,22.450182562221862
188.6430848081857,61.8649550359214,11.17362711154392,22.645030325824855
188.67355131666662,61.215565968646814,11.1126940945821,22.369223447020367
187.71161814674429,60.968494950621164,10.957475338734383,22.3435942091486
187.69918382089497,59.276702091699924,10.982343990432994,22.110238470616324
187.6909542689567,59.32634871043329,10.998803094309544,22.010945233149602
187.3310097754333,58.72205779581016,11.206136193086344,21.68185939758598
185.49095676892784,56.8189037609542,11.307068772502738,21.39768354318985
185.51342534408516,56.56679061505793,11.262131622188114,21.39303986057142
184.8222433250503,56.17411909431767,11.120405712594305,21.162322936942886
184.56887467060483,56.12551258844111,11.12494016282475,21.259535948696
182.80952242538316,54.515418963010156,11.117676139905678,20.95375468619547
182.62247005130936,54.19635112472494,10.99269260900472,21.09280208371735
180.90217038269026,52.817051235817814,10.940393473347712,20.85748888476425
182.14573532141512,53.12405065963726,10.926404235031683,20.738118164952105
181.42000145554468,53.41456812376849,10.899973879753574,20.649715932362632
179.36832521923492,50.449458701127604,10.585418175030236,20.198511854815763
177.7242313226491,49.44041099091544,10.521722445435632,20.30124526223083
177.7953261637893,48.57174569096816,10.379532763155218,20.600813346859155
177.7933166129562,48.47935690470654,10.383551864821403,20.785590919382386
176.58578922555674,48.55964556980351,10.378752546990611,20.62501358918845
173.88736505950297,46.36455808513796,9.99716473692223,20.681361451887618
174.02449606584733,46.246184998526545,9.722902724233519,20.44236223803565
173.71557017241827,46.19399529761174,9.873269612015562,20.079256740789223
171.4441541072107,45.143618750286564,10.232926058871172,19.85602334457316
170.90177437604504,44.80882261799463,10.382197373158965,19.122383387091848
169.10009852088558,44.57774897974243,10.768950289800454,19.12501655021374
168.83483375356488,43.27376404165117,10.833329235944667,18.936082895413335
167.41016141734508,42.98491782801929,10.431538365519373,19.5137753226771
165.79371505959068,42.02573906939233,10.401550580720018,20.03375548265609
165.69439975744012,40.190716068553,10.600181185021135,19.44448575575918
164.89031811873858,40.48064812829575,10.804370648383081,18.864621636273696
164.86055823474135,40.32468108464556,10.863890416377536,18.71365809764847
163.28098174808568,39.27180826621713,10.791360593441858,18.51105888004319
162.23850414719874,39.15473251834695,10.589143470667636,18.745210375783554
161.12302080424615,38.74467200746975,10.532747262692759,18.650386239985902
160.77280905180643,36.935204380513355,9.867839923924597,18.62843924417175
159.67538094764362,36.65654784280501,9.402134724557868,18.7423254183064
158.49983630383235,35.12317979471438,9.567846516622053,18.31245752159434
158.4176385351896,35.560115900155125,9.732242053907573,17.43858531071286
156.7401538048266,34.895556947618296,9.698710706553008,17.073452811746233
156.74583248466757,34.808168879781604,9.687353346871085,17.66581971987337
156.11725773450388,33.615632159363784,9.666044046198863,18.346281426042886
155.6120052145444,32.936708336019834,9.804925063048213,18.832505049661144
154.1923977001548,32.344038387512605,9.526718826001995,18.23646136620394
154.32470380876907,31.901120193847543,9.262106608773443,18.690494520546757
154.37324765353526,31.554189083011458,9.16501891924105,18.950463668678683
153.75785640330267,29.618891687550114,9.087778355082325,18.460981577521615
153.35347040459138,29.603296690149783,9.041520737930112,18.06465676503487
152.32834017744662,29.66533768783753,8.987207444800553,17.519660020175564
151.4365799415616,28.585903045927562,8.710783458493108,17.618584845917987
151.47935536315146,27.558292979597667,8.625232615313394,17.630504106346734
150.1292440038258,26.95539704264128,8.881350731488922,16.799542144862993
148.93824422673904,27.408722363592123,8.865818254118416,16.292480174885306
148.95710994241227,26.67968187996639,8.828086822771962,16.183143938970183
148.33502586170053,25.800009085872837,8.903464876476644,16.773699419438476
148.30143164232285,25.413576887936735,8.97065331523197,17.146975826640826
147.6705777291684,25.461052847455566,9.013667247619022,16.64579260962922
146.5753510040485,23.615646101868258,8.806566834176856,17.139867615894573
146.2616233383197,22.957195793471005,8.62741759427836,17.246861375654944
144.82428661920082,21.42793050965751,8.689652831680736,17.492953742446538
144.4271678040036,21.07496277647118,8.670978137740747,17.38597688448478
143.93089807527133,21.45410646257682,8.854383121335442,17.032256749208422
143.72981717880774,20.766900779173866,8.85399900815117,16.79648449156851
142.50408643717046,19.97943645227409,8.511942125805497,17.174190988673672
141.5201503208814,19.52680169051171,8.486243571839818,16.484603882963395
141.51460636051257,19.847585359031036,8.497331492577462,16.23120229268443
140.11584130015913,18.247119514375385,8.602417371088347,16.739689739799715
139.73271484417273,18.1353349836849,8.580847660252736,16.569347489776494
138.36617839489074,17.523364592047713,8.576645583790059,16.2291311444642
138.0361300083054,16.54471851426728,8.464808340583696,15.870621250894029
136.82679094043382,16.62573573156763,8.610850832854023,15.70858681629333
135.39171721682345,15.934714394048779,8.82881336204085,15.575095252454538
135.50044949087405,14.85387987038767,8.611348813939706,15.833641120922632
134.2271165405926,14.353657794501563,8.873593647960075,16.07261158384735
134.24861494692774,14.657773036060929,8.830596835289763,15.46438110072862
132.9474740032666,13.976975746464497,8.779769349224036,15.688928805612306
133.05270501357103,13.748653806629203,8.569307328615118,15.764098581336235
131.6942147610338,13.260970433424799,8.633340588483296,15.223495473341458
131.30660966461724,13.297595638256814,8.664356001404123,15.150245063677428
130.2163374417215,12.337704716449979,8.24412326311483,15.212328918661957
130.20596651582437,11.810346687203722,8.26486511490905,14.80586365431274
128.6033700989694,10.766214977608511,8.233212933569558,14.736230396803553
128.35961298500516,10.70251382511554,8.004565266736755,14.505551754408824
127.37106955987196,9.860428168656224,7.877003984601401,14.786624312392961
126.93695420485727,9.773018070194379,7.68702568228708,14.961444509316651
126.45838995396385,9.739073468854416,7.588035820808066,15.029333711996575
126.1985837415198,9.062007403052721,7.756321636242042,14.626832796329348
123.86429460195062,7.766573586122714,7.54849695847086,14.779498951734585
123.87308364433002,7.67585442684757,7.5309188737120465,14.613955722991726
122.74775826382668,8.113557044994794,7.371822198669737,14.771299387861117
121.78513003541438,7.590099084603801,7.234226484645628,14.442980528077284
121.55906672457166,6.399186988351566,7.3497318805789735,14.80507736606933
119.06027813164468,5.759282007589509,7.188500402907366,15.053125594888327
118.77906476449233,3.8077153697606505,7.406183036209676,15.853561961524445
117.32431861910308,2.6350773059936454,7.434031870378556,16.75801636075364
117.11185182369542,1.4424828382283827,7.48512927523008,17.274024366465234
116.3372059264882,1.607675034589926,7.887780449881723,17.325853513663088
114.57921738086695,1.049520076460615,7.893320304780437,17.27201768447379
113.45629394937865,1.1171953697765638,7.802987548241903,16.747303827922703
112.85858200905398,1.053951871471396,7.857961486625279,16.493640843777715
112.34774549372908,0.7271416868200067,7.7473947308896465,16.01502142669508
