283.0,117.0,13.0,25.0
281.14235225989177,116.41034821558416,13.169784354680655,24.997466526986422
281.2751499582859,116.7741865117089,13.497989054741678,24.86359003158611
280.35056310847267,116.71062307410295,13.55480092790308,24.99071690679802
280.4578229867594,117.25939219878535,13.340281171329583,24.493478642699813
280.52952398291416,116.54673870212086,13.196879179020124,24.740186744559846
280.5338207213616,116.55336099349556,12.597806129878453,24.726942161810456
280.0730022961272,116.83791297769164,12.35948191288056,24.737818727151648
279.67649516741614,116.74188721904989,12.000453058115406,24.929870244435158
277.9419459077604,116.88144842342797,11.461352411129475,25.22334771657865
278.2719169560272,116.85020658756987,10.801410314595838,25.285831388294845
277.04317455568577,117.26769780450829,10.475188992199483,25.00759017903386
277.18659091238766,117.27914459690591,10.188356278795755,24.984696594238613
276.7873999346609,117.04227554663765,10.445223279049241,24.916919739575242
274.8246873061605,117.0777806010656,11.100041646863236,24.84590963071934
274.8565197162195,117.19087369241059,11.592011074226349,24.61972344802937
274.3513883646031,117.26363098660724,12.041312317786726,24.47420885963608
272.5520724886641,117.44930984596512,12.240024449065984,24.669504411020096
272.2100166240144,117.40647098699687,12.35118255213822,24.755182128956584
272.20421462566395,117.17279447998197,12.362786548839034,25.22253514298636
271.8634659577726,117.40735964873463,11.877945452215936,25.33657402168398
270.5501820917673,117.5170246633125,11.622540820913706,25.117243992528245
270.73353580272016,117.7467424485097,11.255833399007965,24.657808422133837
270.58411605988346,117.78348242533451,10.443398924937512,24.584328468484202
268.8934352179036,117.75257241842682,10.042918781383884,24.64614848229959
268.98861528237876,117.16001625498654,9.852558652433494,24.763169077457512
268.48559929962164,117.33246019289369,9.79391791647057,24.418281201643232
267.98214603937294,116.76456955757709,10.274499268530384,24.501412135401086
265.71328162136706,116.94605061675612,10.523648015941736,24.138450017043017
266.1499028097361,116.82675642618676,10.7208642609056,24.377038398181742
264.1945395420307,117.26641182498865,10.836453741817166,24.582052473292016
263.7256637884313,117.48520346506226,11.2270353200049,24.69163912215602
263.4401180807287,117.19504905858354,11.242502956163126,24.716324155866477
262.9674715753552,117.00590787611087,11.075288642024242,25.094606520811816
261.6468716374164,116.96915447192251,10.922459742354707,25.168113329188543
261.94022265376015,116.95525817716808,10.335757709667135,25.195905918697417
261.02509396727726,117.61511409221283,9.977282874871578,24.970560192488595
261.14788831235666,117.9248670635235,9.731694184712719,24.88860267521973
259.32844910909597,117.46196844563423,9.646721946128132,24.750442583825063
259.733593273199,117.7539549779926,9.364904878496569,24.694940779682852
259.64626207903035,118.2628792239303,9.016950723273421,24.72232537492818
258.1045984254553,118.2200480448961,8.999864320315314,24.291252114645182
257.76098621601,117.96965554427557,9.17683264007019,24.79203711588624
257.09919120229915,118.06184737190841,9.459180993104205,24.607653460620547
256.62404056473184,118.36202886392873,9.886424694293757,24.530348050524957
255.97682249150412,118.42942912552213,10.121682790522488,24.395547527338152
254.65482506996682,118.43440406867279,10.638349148509057,24.385597641036846
254.1532245866303,118.2060938170737,11.100718108611533,24.301386137664416
253.80089666483954,119.22599955560571,11.257635643442612,23.904789586851738
253.50600219818034,119.2556791643982,10.758002882530857,23.845430369266737
253.0245203121559,119.28311975101744,10.115656118231007,23.79054919602829
251.6854945738891,119.65926824557204,9.65578900439171,23.56123863864793
250.78605698309693,119.88706720016994,9.408602220251536,23.61715622088324
250.82856748656673,119.81462319148173,9.32358121331189,23.254129335696238
249.55631096629358,120.54433542987714,8.861064708914238,22.7970480405534
249.5739210601732,120.90492791720071,8.825844521154966,22.562190019085474
247.93924445428286,121.08732924466852,9.201271277370509,22.679708440077377
246.9700121028691,121.09730723975683,9.66758406903899,22.659752449900765
246.62726932834337,121.43252592592339,10.353069618090442,21.98931507756766
245.55201636390672,121.47455092257356,11.0005157655885,21.905265084267302
244.15430053947406,121.23104764710962,11.240757087637494,22.903309700558438
244.0081914879802,120.74723314792232,11.532975190625244,23.34113655405036
242.6422098137984,121.41174090045234,11.55858365526166,23.094663002481184
243.10790870102642,121.13273969129963,11.165293426038408,23.114557875553775
242.69514608357812,120.43209343823179,10.396085888765878,23.984272790966433
242.28740302739533,120.11255066298583,10.150080213222846,24.09261244750406
240.76415121564494,120.12554011574564,10.028813998871573,24.066633541984423
239.94064846432428,119.87454410388203,9.574076623135458,24.56862556571165
238.3908952707574,118.83535273033766,9.526239745432877,25.073336680382162
238.23471832239298,119.08976564378474,9.3076484314225,25.62640127496643
238.16266016052938,120.37564737764154,9.451764755149657,25.194342642245083
238.0381117516335,120.49371096379076,9.70086157294144,24.42687502771703
236.551964544733,119.63093120699224,10.049219497025742,24.578072647484014
236.30408461148158,120.19274689350951,10.544979363528572,24.52079465033905
235.10129117423236,120.1967873524637,10.786002748179945,24.512713732430647
234.94621153829792,120.24994707813924,11.096162020048823,24.406394281079578
234.65748958240982,120.3048275728806,11.124421486814285,24.296633291596855
233.44067119190706,120.14791717449378,10.81763569640693,24.61045408837048
233.70462965774743,121.05076880865644,10.289718764726166,23.89925105721893
232.50622532060385,121.58746007426626,9.5207066034674,23.353505331923614
232.4996192735096,121.84492165070873,9.027802045687586,23.34469883100696
231.5948752359744,121.40426046003466,8.848558340239277,23.7288382672254
230.323253147997,121.52669465708726,8.394975743244483,23.483969873120202
230.41416729271648,121.57902664417624,8.213147453805497,23.37930589894225
230.11908109541227,121.8692783747447,8.320345406979007,22.798802437805325
229.46489551474255,121.99574085736259,8.67547536539025,22.545877472569543
227.47856084874053,121.88278123736617,9.292405201374827,22.771796712562377
227.14785970487424,121.74737426388593,9.953807489107398,23.04261065952287
226.22414343874686,121.91077222938694,10.273323043505936,22.71581472852085
225.92416025712774,121.79316982760933,10.363097100111288,22.95101953207606
223.96937930066167,121.54200760724787,10.666373398086417,22.938160313519433
224.0826406424768,121.32589849548543,10.439850714456135,22.850069797150415
223.60607564996153,121.49915566054746,9.847791520159188,23.01861852680222
222.60589957320192,121.85802040512267,9.312718870095711,22.807973998368333
222.77819514090163,122.54837151966984,8.968127734696267,22.416372735700847
221.50711401839177,122.45840230267962,8.613686703695365,22.596311169681307
221.73008641885949,122.04646934453106,8.167741902759925,22.462165670636928
221.7200883071267,122.57738303148636,7.7186929547691765,22.33842863963894
220.06827414513188,122.99179727355028,7.808417609116349,21.968729251174356
219.84568481627798,123.11375660349727,8.253596266824173,22.18029361222026
218.90762169035125,122.91991687702779,8.730042222870484,22.101412966556836
217.2640537235065,122.4885614899935,9.1732873429048,22.49014193834952
217.2799085497096,121.91169890448053,9.629064638046959,22.66889321427876
215.62786290316885,122.40431223676758,9.944207897782732,22.181824555262306
215.106715881174,122.7338484509295,9.993180754030156,22.516073314680717
214.45328764621638,124.49870579258922,10.295295096595634,21.498213949735764
213.74137568950806,123.53881843534855,9.74770610952909,21.93942898885471
213.87819256098123,123.48469114838643,9.474072366582739,22.04768356277892
212.91605874587924,123.65165187148065,8.966177523034434,21.713762116590498
212.615744999532,123.73875630431253,8.62159065529811,21.539553250926737
211.63362233485702,123.70662268394645,8.266037939698917,21.139860882669034
211.66718934874984,124.3220571218232,8.19890391191327,20.812700203838915
210.24823966482376,123.95993328497286,7.915159125980238,21.09099871271314
210.06064193662343,122.89800890666176,8.290354582380854,21.435438088146917
208.15347535587853,123.52604147745726,8.908931451707666,21.548982786054367
207.750587134424,123.21442757889665,9.714707894616712,21.70299804017344
207.40109416628658,122.86125788544251,9.928015125790754,21.923658721980914
206.72901265464867,122.83020223387106,10.286922466537412,21.985770025123827
206.26957369631322,123.45549545969328,10.206173236096241,21.73481072059151
205.09807525889968,123.55571159923129,10.075426678535834,22.029127127992943
204.93584601435683,123.22840524689789,9.903140320275586,22.186994985313795
203.19025186484618,123.76463774764325,9.922231501458018,22.106557731777027
203.43382919229342,123.87520776007014,9.43507684656356,21.88541770692325
202.36859197766893,124.68060917028764,8.665178432794018,21.24140583416111
202.50849237552902,124.81098303540496,7.924935947663681,21.44109979333657
202.50884655619672,124.48321313276597,7.924227586328305,21.646595027178595
200.868373361944,124.55384388016066,8.034358468424363,21.5053335323892
200.68310673449233,123.99414764762105,8.40489172332775,21.718850487511006
198.97566596207898,123.57627968777956,8.581145543268358,22.091925303638845
198.594840745573,123.10532851257014,8.871616036403697,22.562647714181086
197.1252818337897,122.92531329096629,8.91185246747373,22.922678157388788
197.1415017525112,123.22234503274115,9.368454691623192,22.81765673543152
196.7470548084499,123.18629666653864,9.661666808995825,22.889753467836528
196.06238653930964,123.462509966209,10.027148470722041,22.839254306772915
194.74194041384183,123.49009036926952,9.622114740422603,22.78409350065187
194.71427564162482,124.31174941876365,9.677444284856627,22.140175264407308
193.30167178038602,124.31311168513903,9.06312117488014,22.628812279149983
193.40526202818,124.55907563364478,8.855940679292187,22.624405299757843
193.13966573179056,124.63029026798637,8.41962490292036,22.48197603107467
191.55910706199535,124.81621720412971,8.26361821681213,22.583997019602066
191.667080106519,123.4842618546422,8.047672127764816,22.885300071168885
190.72572218393213,123.77357289714593,8.511640682205297,23.25250951331695
190.02133200986458,122.75858149004995,8.947280380330405,23.822781352494026
188.20277324876156,122.65453173744012,9.066226906849588,24.030880857713683
187.55619324635344,122.0264620841279,9.343946159554507,24.271579412226806
186.6530681821506,122.61574463323085,9.601703072757898,24.125343124155712
186.54802218978412,122.81438041391131,9.811795057490901,24.2467486131762
186.12165725209076,123.18445965338461,10.140351420435465,24.030763646671744
184.75907267211488,123.12774633818405,9.704146822394025,24.14419027707286
184.4725439163035,123.26063273499824,9.235650336069453,23.878417483444473
183.93146809713184,124.19254656512729,8.792074566085446,23.54031723151371
183.837570871516,123.23165132308807,8.48411711037875,23.974851994777048
182.34035079579323,123.85857740286328,8.500164305274318,23.71379748740994
181.3163062483022,123.70279653619825,8.576413026999212,24.02535922073999
181.4165047836319,124.35479738353912,8.37601595633981,23.718946817743667
179.87831522040693,124.32459875553818,8.50770398070632,23.779344073745566
179.74966275675703,123.72227162755267,8.765008908006116,23.99593127984277
178.7784938121845,123.37279459254256,9.201983613348421,24.193097621928764
178.5561434469232,123.76099031464278,9.646684343871067,24.441683149398674
177.74703210409007,123.91864220831448,10.216843268399586,24.126379362055268
176.85535370790666,124.8433724949054,10.411303027518183,23.86581582212171
175.88124098961833,123.95329938991051,10.242332374855078,24.058064965181693
174.95155739028894,124.36651240982094,9.985315401066906,24.28983101158437
174.38463499696178,124.25418645517567,9.53550962099077,24.514482920874922
174.06588818559317,124.23787417417749,9.126826731786778,24.54710748287126
173.53358686527056,124.83488459539859,8.64279737061486,24.385507974973777
173.21796931071827,124.55449957085098,8.263744661662821,24.441134115040743
171.58106008647354,125.25470367191028,8.044305969897927,24.038799381566264
171.3933071279595,124.42082800299943,7.930514264853448,24.23865785317021
170.47523375099487,124.36986049300876,8.296491333274224,24.34059287315152
169.92953313224143,124.1325340366969,8.391488363218206,24.317043681993795
167.8552905326099,124.51708536990262,8.5431894565057,24.04753902882929
167.53834953279033,125.16021537438576,8.678562458626923,23.758297014898734
166.98388301305573,124.61819209178661,8.793845747639967,24.842343580097037
166.47494978683432,123.19638059813245,8.782892127636384,25.113916386289272
166.26575093648486,123.0901006521466,8.683201601749769,25.84456450484649
164.6444383429714,122.01841647117283,8.239024990404769,26.93456092440205
164.55194482143133,122.85864574052636,8.424012033484871,26.856088522087806
164.1551638819212,124.6153615706311,8.681273056136828,26.024161143719788
163.097626865487,123.01141860104126,8.679518068126207,26.58601080680065
162.1972369977481,123.36140198506845,8.331631948324993,26.423210502566004
162.08735338874558,124.34062973635949,8.551399166330013,26.050125445574448
161.30964204480216,125.27941677003476,8.525228042284043,25.754145190156727
158.95267699804614,125.86196999391501,9.059087735338208,24.5890387423962
158.75474506668237,125.57058522363087,9.454951598065744,24.140630080624543
158.29198979074218,125.70657706719382,9.864189454090436,23.86864639349865
156.82433396062487,126.17371878150115,10.201227424184104,23.973672440940337
156.2830436911144,127.06142827132633,10.756659522612326,23.779698783068138
155.86183654582163,127.42589135930109,11.064948463166225,23.58489795715026
154.49194139826554,127.32016320474301,11.121299406433739,23.25966639589744
154.0298973559404,127.89539321983389,10.97952804127305,23.175065815526693
152.93644368823462,128.00434875314292,10.52030505488097,23.486380813269385
153.20888068141323,127.2854346347749,9.975431068523758,23.347059291859424
151.71546689826656,127.52906556386056,9.363610339018635,23.373890047373585
151.9003868080295,127.55930514023595,8.993770519492752,23.313410894622784
151.58735663783008,127.7770736909054,9.123707642498514,23.373997010676966
149.84053166333777,127.34031999730709,9.122099014564961,23.248859090182627
149.52108571251165,127.14982195306453,9.760990916217208,23.13236003538902
148.98997870613331,126.64388978568891,10.31601215904296,23.12983883027833
146.88318093641666,126.54048191721336,10.910942927777986,23.336654567229445
146.58964541952213,126.39346459522909,11.498013961567032,23.630689211198003
146.22457855765353,127.01164821037413,12.228147685304243,24.029012254584963
144.06552301795915,126.27466076015028,12.602687519286498,24.37625251348794
144.0548398462359,127.33814223644904,12.624053862733042,24.54896618133376
143.5278814852368,127.29499313153947,11.944503357005207,24.63526439115289
142.92031971213032,127.15422175863486,10.890322511967714,24.916807136962134
143.1070055937478,126.90614631525747,10.516950748732771,24.85998793129751
141.65096446903047,127.22099387480152,10.155733677888126,24.77584269892261
141.21152337561503,126.2207820049276,9.958769118632514,25.700419692583992
139.3881447364235,125.50951516527036,10.319255090913313,26.575241487548105
138.6787497261661,125.62064793581371,10.604563282251473,27.48645777563802
137.45512819298847,125.44470667205324,11.296971983515403,27.838340303158947
136.3151955020462,124.81812780538841,11.769685320078999,28.48911402138165
134.88267296278565,124.06657928852576,12.15401913885826,28.75185542523605
135.32824438436958,124.5026568198193,12.524457195366178,28.51049081248687
134.4654669492018,124.2140424398784,12.348486479031752,28.453877710145314
134.45713635393147,124.63649774949405,12.365147669572396,28.238885794993323
134.61646639154503,124.41225222114973,12.046487594345336,28.687376851681982
134.2675216475905,124.45938807436316,12.116423874367882,28.593105145255134
133.6884171145388,124.63926908682893,12.01897236293922,28.861173409089652
133.8049882121265,124.31089023942516,11.785830167763814,28.887956424209037
133.39845377239703,124.43937950007724,11.346465622882537,29.257194615075008
131.256700498879,124.64669021378808,11.887883578601862,28.842573187653322
130.83939698081437,125.47126023935607,12.095112928562859,27.820810822685658
129.69217648878904,127.31633518779009,11.308150051176803,27.212064787254278
129.37162321412535,127.29696857377421,10.762154432602419,26.657246931335163
127.85933796493116,126.41283648329336,10.33170114321192,26.697999218407432
127.68652927249944,126.50177185150517,10.677318528075347,26.520128481983818
126.54253942249333,127.19970463992617,11.820598784271475,25.696612627049863
125.55217212207178,127.86822716735479,12.640069992335182,24.94019926858234
125.1768557532073,129.69240733704584,13.390702730064142,24.211021651780165
123.70290842100745,130.12961425549986,13.408638308381358,23.336607814872142
122.47206562763827,128.38279315292067,11.85679891422797,25.11016788536264
120.98536398393107,129.11194762912447,10.821112750018269,25.370040126508183
118.9404175200804,129.08409537598158,10.444545487471043,25.425744632793972
115.67619458681246,129.14821831595387,11.448666680899276,25.84993122016016
113.60978201124831,129.99586615846667,11.547183059440837,25.883625009100268
111.66189692337377,129.80043965756244,10.235989988210413,26.27447801090876
111.80945232493761,130.94321171008934,9.37995163447416,25.671716557680604
110.46427891717495,130.49624779824308,8.849007696252155,26.0287625890819
110.53010864710284,130.72026903811343,8.717348236396388,25.5807201093412
108.77415899389591,130.88325972100196,9.08793918538185,24.731187350659415
107.78409343963182,131.56288077609221,10.03178017042428,23.89009030222177
106.60010365884462,131.4103459901462,10.830942687235854,23.67222085919284
105.04511273206532,131.7235427437614,11.271594078117818,23.579693444497767
104.90362410012702,131.63786976668715,11.554571341994425,23.210824550224473
104.12793978776365,132.3954739213981,12.02646291887076,23.31483181257826
102.95153984968663,132.40280466743533,12.181613589446915,23.30017032050377
102.7734398596919,131.88334548564848,11.434079254196508,23.7872215264575
103.07241402559274,132.110684070888,10.290060124959538,24.42468595084914
102.11344032561593,132.49458794786244,9.531807278192861,24.192118246244316
102.43041437066027,133.14528450039083,8.897859188104182,23.927501658756363
102.17892201252411,133.0616705231107,8.39443168860874,23.59152350543269
100.50045934198363,134.0395961625857,8.326284788028527,23.103560330051785
100.15208149698655,133.62782783957718,8.060866324334667,22.964922822380807
99.54774460820725,133.41263745843534,7.846663685390972,23.39530358466449
98.75970276043073,134.3733737736708,8.946224212285696,22.426877291510195
96.94683689844678,134.75973164541873,9.67679172930544,21.654161548014393
96.56776665722755,134.95575041194604,10.434932211743911,21.262124014959713
95.1436549805171,134.78659758100872,10.823995244521406,21.10859761270571
94.68011488790114,134.87638981604405,10.758451020460946,21.92163755192741
94.2197830557874,134.91566892449688,11.17202953632768,21.843079335021756
92.86956379070085,134.75305261494907,11.307025296222442,21.655223400061672
91.76141595929492,134.600623660843,10.447387833780391,21.960081308273814
92.80834123013864,134.36044287696038,9.358014110219539,22.44044287603908
92.73761133033283,135.3975658556064,8.51936704459968,22.32641064920999
92.82402780157506,135.90266558387802,7.873095945038588,21.789649349743335
91.40493132726408,136.3895829348836,7.532620559091026,21.26991012409924
89.91751594092513,136.54556314279642,7.4239736091575095,20.957949708273578
89.42091467415105,137.01463431898603,7.983106730136584,20.453876768463473
88.74691600480969,136.44659116572203,8.894175792273915,20.279178245355304
87.8501306277468,136.1108720995947,9.335970881064185,20.500024489164762
85.77456476983951,137.49799371119127,9.794608415362049,20.033590129419572
84.92927630228078,136.31375769410062,10.096890288756118,20.551002081303082
84.6233701739458,136.44267571574883,10.23312993446341,20.29316603800661
84.18715116838172,136.94860598709303,10.6314099989403,20.703779335272017
83.44645247567148,135.50963079472166,10.651649858291908,22.12057219394589
82.40935937745596,133.79256582070846,9.677021966062267,24.030295097641933
82.1887575814101,134.74470113612054,9.599572535808258,24.20063655620073
82.3629397671956,135.4434129959057,9.251208164237262,23.8426575330842
81.02481099620323,137.11511006296934,8.87741924074066,22.532627709277826
80.41627379213169,136.70488867383108,8.16321745343385,21.904613340966943
80.59738112776547,136.41572848496853,7.801002782166281,22.021952505732067
79.21055053292761,136.63907320454607,7.838011623377748,22.031371791321043
77.77442293509696,137.08950688051095,8.425693103400526,21.587419182518953
77.2079721220834,137.11179897168878,9.55859472942766,21.081689410685833
76.48735371280537,137.54357873507658,10.99983154798372,20.692046629903086
74.406984960538,137.68979173728692,11.708062167989617,20.39962062548241
73.94068649254913,138.22238811170615,12.139679222851885,20.336387638874818
72.87193074114113,138.1180827523254,12.247809259807092,20.544998357636345
71.89946247794867,137.90533472335966,12.143654050876844,20.970494415567813
72.57228403127851,137.5247354198409,10.798010944217168,21.214862745954356
71.61324389778538,136.9177409176249,9.731555885683928,21.931429196133074
71.55010888806474,137.77536523019523,9.368536974853374,21.68404736180786
71.01349652712726,137.5069314623636,9.48315013698414,21.741609117599005
69.49349292625283,137.85154937224038,9.14802356714337,21.534535265215418
69.27970773569237,138.12249041773856,8.629105550986129,21.465897372858162
68.437868963861,138.07121922251918,8.923683473797444,21.10540655634648
67.82291377349321,137.41868007252717,9.690524694482903,21.021277376180066
66.13984521471392,137.77582607711804,10.204560757091084,20.78233554282337
65.69189699654041,138.22490431842087,11.1004571934381,20.365001152749553
63.99191715685313,138.04524739222904,11.559697404753184,20.724315005133203
63.96636177745113,138.2789404350342,11.61080816355718,20.256928919522874
62.28516990992567,138.76090262565452,11.492687148288326,20.78464943127642
62.36963094228972,137.36422413886055,11.323765083560229,20.55993869756373
62.48268330074989,137.56178378895515,10.60084957144598,20.661630192568452
61.49608486964107,139.38391870473617,10.144510211651436,20.41871107182348
61.35321288502092,139.56949022701073,9.955791134448647,20.047568027274323
60.66732332408366,138.87295579162816,9.464514291843003,20.509108915799423
60.40265641606131,139.51219664416757,9.065957670396056,20.622462866958003
60.165051249611665,139.48713302630284,8.623981173642132,21.131183517514096
58.071247502196236,138.89766996035735,9.146632725965613,20.9357511709648
57.2157015410395,139.29154755400225,9.928615350595035,20.612550632517006
55.615161716451105,138.64184926747478,10.761950575075812,20.964849435693573
55.31518218006924,138.59861526481106,11.361909647839546,21.051317441021027
54.74856099578297,138.91334344123496,11.990441454987366,20.926571649597896
52.980801466062815,139.2464151526573,12.44447750414102,21.287589230182107
52.236244648405545,138.6189696241862,12.353700182658189,21.48921964925941
51.89872229686662,138.99020472691225,11.972579560425313,21.80291476911799
50.84458350658552,138.41041588652456,10.923445348122819,21.910021852271825
51.514039544302456,138.25716178364863,10.094307621964543,22.2165300580237
51.49652081323419,137.74409528082927,9.12974659696717,22.243064576528464
49.84974268557094,139.0100345781728,9.041253625134342,22.126935429812377
49.742802349856845,138.60649109237204,9.255134296562533,22.454121394331082
48.900795161246876,138.65546816758095,9.473878143248808,22.356167243913237
48.27849789485388,137.84030664996894,9.736692626102641,23.004710229205116
46.53180786809972,137.7598834183508,10.20056651304543,23.165556692441378
46.51116684467718,137.34670237022831,10.757287052125287,23.47648029645154
45.772349513039174,136.71944264649554,11.175461215084495,24.201269493758694
44.03643004789162,137.18507957147517,11.36175252948301,24.365178182431563
44.10020245547097,136.75197350744895,11.234207714324317,25.23139031048399
43.87216952090802,136.1698125866756,11.690273583450221,24.704954613723338
43.57885756758378,136.58674866372593,11.71298004008318,24.434999909638137
43.64798941862486,136.72112037036786,11.574716338001032,24.16625649635427
43.73813349980852,136.59859612033554,10.840379299028154,24.411304996418906
43.06640578025929,136.94641437066858,10.549544981510092,24.260431747958283
42.239733250931494,136.57406623400698,10.590531822379116,23.930222542757136
38.45154290714574,137.78710370112202,10.16605974242356,23.637708346534254
36.9326696261913,136.85155773834333,9.55213535485991,23.42213115810727
36.53634310102572,136.9408470645586,9.83712304949005,22.735887149975724
36.18798809765524,137.85759077011613,10.031027617861952,22.41081605396784
35.56378113047208,137.73207199097433,10.77793203710221,22.160344097125332
35.06632127644697,137.71852757829046,11.261940310754646,22.69834435689088
34.17108792695903,138.16370265137627,11.998063375610565,22.3351660277792
33.87887517923022,137.76240215722055,12.047969799754334,22.603247944776815
33.88292841235439,137.98656265336547,12.039863333506009,22.694248961264897
33.25146100856491,137.45290262273787,11.681231347117228,23.221046757864183
31.600805987881152,137.86718919770118,11.187985246741393,22.93455305675805
31.151752953341905,137.86027398169256,10.498062645784216,23.477726378787143
31.166793414348618,136.80686985816166,9.942781609935476,23.483734170507727
29.31112197367971,137.13732335499114,9.530198608062246,23.853808647651523
