40.0,90.0,16.0,40.0
41.853850137540704,88.52088497820029,18.322130296146398,38.65120820700814
41.370154454560144,88.74368550412498,19.289521662107518,39.08843054285465
42.61338405855318,88.52015175016545,20.427155600612018,39.53549805077372
42.34245640774294,88.67526511035813,20.969010902232498,39.22527133038839
43.67120409982906,88.68444212615576,21.122451341063584,39.206917298793115
44.26296748879305,88.31017680596445,20.87826140848494,39.016111093826396
50.114629980867875,89.0940508104243,22.227743701465876,39.31304983878246
49.70165005756086,88.67592995714139,23.05370354807989,40.14929154534828
50.450151966179654,87.22915344864364,23.52905597565784,41.07048831752825
50.43820946695142,86.77135537146819,23.552940974114314,41.98608447187918
40.67247277577712,86.74320656825877,22.64733123336838,43.06423623445273
42.492309910328785,86.92954853122984,23.096713371819426,42.691552308510566
40.442531519140516,87.23331661536594,23.098339936283935,42.08401614023838
35.90373399823338,89.3744382280647,24.05153733678285,40.84842203033411
35.720176415915745,89.27040991596792,24.41865250141811,40.04302572745611
31.35962686185839,88.76988818969907,24.070792742177026,41.044069179993784
31.005157922417972,88.60835760629118,23.763046414145535,41.36713034680956
25.154133463304866,90.54399925894487,25.302471984298478,40.544634045924155
23.757077490834757,90.32230092025344,26.03659681772583,40.98803072330701
17.48939369393231,93.47640769528729,28.08276539528648,40.97333658298586
16.285438055041716,92.55546298829582,29.407926094133927,41.73247541803508
10.074751668251645,91.91620640970689,30.668195428609952,41.894878231302535
9.36451555524928,91.38694158644218,30.94936640813878,42.95340787783195
5.149582417726631,91.85328260014956,28.9394249122383,43.18070449163338
5.156392260270161,91.33798898819919,27.795604482082847,43.08109097046571
4.886239602770498,91.39203328942958,27.226249541725615,42.97300236800492
2.11664217318069,92.17029949061302,26.174295558277837,42.51499477274259
3.237090094671778,90.84471624133005,25.00744132413235,43.018078053635136
36.019059691582,66.4161420555663,24.215719159725783,43.03060374724398
73.99213210129071,85.94160171486352,26.913326116318224,43.825851995161166
81.22729272678035,85.07864358175874,29.033222776943774,44.44575373393041
80.32385037905536,84.7915629866673,29.68933969956764,45.0199149241133
82.46153065471313,85.82868981461856,30.095237663053368,45.286290525611406
81.99085924833675,85.50943885566367,31.03658047580612,45.92479244352117
85.74977431393515,85.50215164805678,31.96290110757449,45.93936685873497
85.5891799450009,84.40131481877486,32.284089845443,46.9191791835657
87.45353711556918,83.59732444586636,32.2812579945163,48.52715992938272
87.19008703242045,83.40029204773886,32.80815816081375,48.92122472563772
86.84697274161266,83.0059551889358,33.49438674242933,49.70989844324385
91.02662262173999,83.54086388513664,34.263562874571974,49.94414903547033
90.79997005640992,83.53747968416212,34.716868005232094,49.95091743741938
94.57086282147392,83.28805514651653,33.8148038619148,50.449766512710575
95.6983193754032,83.67787149019435,34.200932324426624,49.67013382535493
96.26840654527093,83.43697318737199,34.37593375928591,50.151930430999656
96.91756664480779,83.32959811290273,34.40295233242794,50.36668057993816
98.29161632402673,84.2514564304822,34.31290060252645,49.85198775904743
98.50982518785659,84.3693164209223,33.87648287486671,49.61626777816721
103.25937967570897,83.88771935860453,33.540321143972704,50.579461902802755
102.61384401320184,83.8001623215262,33.5134831135205,50.754575976959416
105.55922335287863,83.72426129975285,34.223193909695496,50.90637802050611
105.22181260046625,82.70521967842615,34.89801541452029,51.61028957216158
106.79882191366666,82.842152469032,34.45592702680216,51.33642399094987
107.44588434640592,82.21367689812993,34.50630871046232,51.24886858361531
112.38565722780896,81.9863028045533,34.034939755469864,51.70361677076859
112.41550509022258,81.78651248983988,33.97524403064263,52.10319740019544
113.01365664916862,82.03147783716162,34.126970790391425,51.613266705551936
113.50264159222147,82.24064678648438,34.49220235582385,51.19492880690645
113.42115075157676,82.3511447212906,34.65518403711325,50.973932937293995
118.07011925159047,82.00938884538941,34.75372600845369,51.657444689096366
117.99090109984179,81.83602606680994,34.91216231195105,52.004170246255306
118.73147416045049,84.0431063604894,34.7931448747487,51.67639571094148
119.48630856523631,84.09339519079347,34.63869646598872,51.57581805033335
124.65566988613493,81.97337202818616,33.75797557694133,53.11357816047659
124.73448339168087,80.47098496257925,33.60034856584946,53.399271979963984
125.99187903284063,80.68025474869788,32.44673159072996,52.980732407726734
127.40206033434104,80.81263237279339,30.961932076391257,52.7159771595357
132.95555962588375,83.0300293791399,30.307590241889883,50.8943473339887
133.40549927994977,83.66012662715679,29.407710933757848,49.63415283795492
135.5514455723435,84.39627960207628,28.819387446422134,48.161846888115946
136.18411691004204,84.63962673292342,27.554044771025065,47.67515262642166
136.62795537802376,84.80608145237275,26.66636783506162,47.34224318752299
140.26577643186502,86.68918968754316,27.46916927544264,45.884153445200326
140.28090766492113,87.0379465850419,27.438906809330433,45.18663965020286
144.10966336137272,87.2586862022957,27.727373664553717,44.745160415695224
145.84910033130967,87.2139078420496,27.64871826320006,43.701310956680715
145.9537594406462,87.25410818213584,27.439400044527027,43.62091027650821
146.02373963848936,87.45767931176661,27.299439648840682,43.21376801724668
148.32392624818434,87.36498973384988,26.009119989503127,43.39914717308014
148.68801110824137,87.31246098496015,25.280950269389063,43.50420467085958
152.38678133207685,87.20986724603195,25.39920489431844,43.70939214871601
152.31924442668625,86.82646961217345,25.53427870509963,43.397455024262115
155.22254073036612,86.00385114874416,26.18601474254567,43.96630384365308
154.42715665052242,85.8173917844415,26.68092887055331,44.33922257225841
156.15055405373656,85.3188065703876,26.563387583365966,44.226641827285874
156.702544172839,85.11342733452571,26.565501211982273,44.637400299009634
161.64836229282457,85.99650127621197,25.571782982560606,45.09573191827448
161.90310518980948,86.21085986518625,25.062297188590748,44.66701474032594
161.95473453865964,86.49228730423326,24.959038490890435,44.104159862231896
165.90272960362844,87.60776468454941,24.602828263638653,44.02742793093838
165.92517802901284,88.27815624250596,24.557931412869827,43.756559085963445
169.73664347179744,86.66390381443534,25.4561592090415,44.854774271669456
169.47536474841354,85.54306811784963,25.97871665580929,45.99977296805905
173.61236366267735,84.94946697432455,25.56224364397756,47.18697525510919
173.5546435050511,84.47042814759578,25.677683959230052,48.14505290856674
174.21187744954767,82.94632355593842,25.512239847985555,47.7461907586357
174.28063261478766,82.66447438843059,25.37472951750555,48.30988909365136
178.6037895161651,85.47683271357889,25.898405728874828,48.41641620218233
177.95496264054108,84.6340829404186,26.0392566831011,48.94511295148116
178.86046131708218,85.56423812694416,26.56226128648037,48.25180355666074
179.3294796532271,85.74601242343667,26.789955053325343,47.88825496367575
183.5670754631522,86.42907775514587,27.628698736104507,47.686366213086
183.46282593139057,86.26280018464209,27.837197799627823,48.018921354093564
186.27993520158267,86.85554727970595,28.122817693123622,48.017394850741866
185.61454324996043,86.88261275660952,28.26481990336886,47.96326389693472
190.5589429069399,86.29153803878694,27.899058099168816,47.955033643860006
190.83418363623292,86.29134231163601,27.34857664058277,47.955425098161875
190.856699080248,85.8858574837216,27.303545752552594,47.59165787812573
192.21592755966458,86.13532031718051,26.922255766990062,47.0927322112079
192.8602794109305,86.19062900934225,26.78827118951665,46.98211482688444
197.42329471107675,86.46371208477261,26.868683238966476,46.43594867602371
197.43195649052242,87.02253087130879,26.851359680075113,46.46238685061486
198.9574535759742,87.68499549601577,27.232887895584796,46.2816317300053
198.97750281485764,87.51918360719935,27.192789417817895,46.61325550763816
202.600712158313,87.39441453969542,26.859551563035062,46.86279364264601
202.6820081634231,87.35995066556471,26.69695955281484,46.93172139090743
206.7823990528105,87.38014781157536,26.535732813391192,46.891327098886144
206.78925724744283,88.12716504451089,26.522016424126505,46.542462107307614
209.7005371618758,87.49284419549998,26.39831511400939,46.67133210157965
209.77822530229318,86.81665251874531,26.242938833174623,46.88413839181783
214.78242034665772,86.87033784796405,25.35519486610947,46.77676773338035
215.0357799365684,86.95172351344297,24.84847568628811,46.61399640242253
215.26056930707452,87.08386293972032,24.398896945275858,46.349717549867805
217.39567806994367,87.84209843482691,24.531331919465156,45.93390968463654
217.4349441864093,88.5387997727583,24.452799686533933,45.63732463868341
219.19474756770273,89.88133407606432,25.29761068195558,45.13446491107564
218.9659910167908,90.02785269705197,25.755123783779425,44.841427669100355
223.18753461472653,89.74543878041126,26.1244538497052,45.40625550238177
223.04640628658206,89.79072861011991,26.40671050599414,45.31567584296447
226.79358239166726,89.9810535197482,26.749768635266896,44.935026023707884
226.8092112608321,90.05558790458007,26.71851089693721,44.785957254044156
228.35520069977358,87.80285439862884,25.860595703616646,44.82329689682189
229.31615082948218,88.01337996994948,25.04176795596532,44.40224575418061
233.7332072298446,87.95223980814042,24.871089379424284,44.524526077798726
233.79925406922374,87.89843600665034,24.738995700665996,44.632133680778885
233.87970850842885,87.86422063537697,24.5780868222558,44.70056442332564
233.96352678481588,87.93519857899453,24.41045026948172,44.5586085360905
234.53367410934123,87.81894109833884,24.344633550188963,44.791123497401884
238.66865421625707,88.70771960810148,24.688936425096777,44.09034936396903
238.69648523709324,88.98262793363835,24.633274383424414,43.5405327128953
240.44948993644076,91.27168707588939,24.316957597078407,42.15210704074228
241.1122528685976,91.65718272129278,24.02872546110474,41.38111574993548
241.48441879938514,91.76777293832025,23.284393599529654,41.15993531588055
245.25841274337256,91.51523904464457,22.771850041166537,40.6599396275731
245.6515161697839,92.05946578879036,21.9856431883439,40.5604319238673
269.1341611685256,88.03963691763607,20.801087707994768,40.80762421645086
270.3162079619813,88.15419793075564,20.351677070600292,40.57850219021174
270.65335482719576,87.07232747031135,19.67738334017147,41.79602284753019
270.82616184934517,86.16289992930143,19.331769295872597,42.66258792634268
267.2321926162773,86.1087444607933,19.807762443748835,42.770898863358916
268.01997365943083,86.59815984060728,20.169723480113053,41.792068103730955
256.44021637350954,67.91351861893149,20.269838414844468,43.611442773202874
255.68722825427682,66.67082862239543,20.786741677597064,44.1186768148493
268.1473032536428,86.50095819840489,21.003758167179136,42.66691072506776
269.20532916290773,87.03706640443806,20.863850522167816,41.594694313001426
270.1109463085365,87.72336499807795,20.992535393044356,41.19205670678862
270.11744306187666,87.81844272695665,20.979541886364025,41.00190124903125
272.5965618965879,89.11907712180833,20.837650856927343,41.29044044331937
272.60760286092113,89.19147640246726,20.815568928260863,41.14564188200153
272.6326922947987,88.69367544793685,20.765390060505702,41.178697145304575
275.4150744798019,88.12868350126139,20.973609818658428,42.308681038655486
275.3436295881418,88.45741877447283,21.11649960197861,42.63352064226972
278.71954081927527,88.17392444942303,22.280980125071846,43.200509292369325
278.26751258229507,87.898311091037,23.185036599032248,43.75173600914139
281.4758219916775,88.08260068972949,24.059678609703635,44.42476550167586
281.1563416761933,87.92347790657536,24.698639240672016,44.74301106798413
283.9675423631271,87.76017972978195,25.56895758172074,45.06960742157093
283.43675363013557,87.57822379534913,26.630535047703795,45.433519290436585
286.1894192252385,88.00765391685209,27.876211304034314,45.69982695518671
285.965496811583,88.04689459884057,28.3240561313453,45.62134559120979
289.58963682596544,87.57617435149436,28.014789133165912,46.56278608590218
289.03904920356007,87.98299274208256,27.950630511608544,46.91448317109391
288.92121012519453,87.98752630617201,28.186308668339677,46.90541604291501
289.8290660129189,87.84451151176704,28.717247178174613,47.19144563172495
290.40005034119116,87.70254063152387,28.761807330767404,47.47538739221129
295.42915813706895,87.6140910537369,28.23566409659222,47.65228654778521
295.5916720942962,87.54042645116247,27.910636182137736,47.799615752934066
295.62064137181915,88.10544164075245,27.852697627091835,47.85154300330384
299.7857182966378,88.50626633176243,27.79477405894636,47.049893621283864
