119.0,101.0,9.0,19.0
116.71237731897205,101.42905055130174,10.10438493649222,18.57575645059198
117.9495394153353,101.39165444984434,10.756981578940593,19.543954606413866
118.17857042058202,100.90585896687885,11.243194444313755,20.043408134411557
119.28427146148286,101.37769432819675,11.95862492662822,20.07534826648114
119.42332058588276,101.02488434211072,12.180933887318638,20.280561029162975
121.18379007970464,101.22598795357422,12.210470079626585,21.399986026215284
122.8292566874646,100.00844744059475,11.541183234363087,23.310737778122935
122.99045701978143,99.20563401537004,11.218782569729438,24.916364628572342
124.4308273979252,99.59136604120478,11.690499435498593,25.262386450921774
124.18019300854017,100.9011714772989,12.191768214268656,26.075008477173668
125.66002040758374,103.75866135105757,12.787883759431686,26.286312635073322
125.63215763326954,100.51243185640837,12.843609308060092,27.93002920644976
125.28630140511778,99.0404917617383,12.904301152533186,29.611868172129057
127.86331235250236,99.32996187993149,13.002234613786364,30.345916774748247
128.8910091714949,97.84726894333669,12.953386938310036,31.304756685429176
129.9077214200722,99.54321615706037,14.329138553724453,29.958367925523238
129.07868824974662,99.91334720190048,15.300707210935713,29.904603519282876
131.24022282681855,99.23393104865345,15.192914567188094,31.26343582577694
131.19622618448804,98.41387980235987,15.28090785184912,32.18296871458003
132.82431844021957,98.04464172389137,14.966799338017733,32.92144487151704
132.8206854121815,97.49211085810593,14.974065394093898,34.02650660308792
133.15575782716212,97.21911146391764,15.060860010734494,34.57250539146449
135.433404769561,97.71195145990289,15.103846132601698,34.35320540060483
135.11977305638115,97.63385745534696,14.967148952404816,34.5093934097167
134.71774036928116,97.4151620048421,15.007401775244137,34.946784310726386
136.9513519098584,99.46761203151041,15.936155504829468,33.92529957781254
137.0876931661986,99.03911393689259,16.435811170972684,34.009957588224594
139.3702544232279,96.60817603577277,15.782072141649827,34.178173208781274
139.51301091876977,96.89520969596283,15.496559150566075,34.377432370275585
139.31977724092098,96.87340003994318,15.111808054791426,34.421051682314896
142.12603489387925,97.71818203986751,15.619965671915594,32.73148768246622
142.09476278567578,97.58154422664646,15.682509888322535,32.25533866422431
142.070889250745,97.82463390847572,15.730256958184107,31.769159300565782
144.6629589915477,98.56585943474671,15.707107193069078,31.761276738449588
145.00222197405424,98.88599751657515,15.76534903725231,31.12100057479274
146.72269294344287,99.2310039068909,15.9664102987894,30.43098779416122
148.99305963750032,98.4667364817241,15.756094990362262,29.79431360465094
148.55773291064162,98.6880371862794,15.917986976477938,29.35171219554032
147.8360982511221,99.6566465322791,17.36125629551698,26.7094758511289
150.24467180972383,99.22520738377686,16.68478616941168,27.57235414813338
150.01770340616974,99.17138253801821,16.447052709205547,27.680003839650677
151.8002283992985,99.37454030288151,17.017577427363452,26.58442585918817
152.3995351354629,98.05900369319222,16.501465098163052,28.532997935438292
152.44724284222156,97.9298992056772,16.406049684645758,29.494055055476267
152.73051342812929,97.8890143307001,16.55496077780518,30.291277070405364
153.51967060201525,99.79373522814053,16.436174942060966,30.13065655559375
156.26513268213375,99.35668852490939,16.02280467769019,31.004749962056053
156.22792457681402,98.6405952267384,16.09722088832965,30.24352994889032
156.1490397319658,99.42467793869426,16.254990578026117,29.396589238414645
158.14027203012552,99.9877514753519,16.541145698797482,28.27044216509934
158.11960052224282,99.84425394814205,16.582488714562864,28.557437219519045
158.21841474934698,99.70607992797964,16.384860260354586,28.83378525984387
158.89834153344822,99.65127814414406,16.435658347732847,28.94338882751503
160.56140032365798,99.40627967458799,17.35641129866224,27.309950500952706
162.32508376548003,99.72752319782197,17.324181237035333,26.66746345448476
163.0526947775551,99.57307540575195,16.55782364869848,26.976359038624803
164.22560793576423,100.24108026014676,16.93460460465132,25.64034932983516
164.18155433835446,100.66164858283217,16.35575353058374,25.466170953351444
165.04901171475365,101.60089581589197,17.23961733475211,24.24237112647352
164.99609032409023,101.22635810459099,17.34546011607892,24.340518144721294
167.19321389936283,101.00620476437754,16.876157339433547,25.434982220798165
168.1314437100714,99.69537850329365,16.325498352449152,26.730834108533244
168.4588657236501,99.74122680206413,16.343738531796557,27.312221717497074
169.12543543379567,99.78250822472661,16.374697184699098,27.91170790876897
170.73070692212974,99.79551008518013,15.930082455107884,28.57718624963117
170.47067905156734,99.19674236849951,16.450138196232658,29.080930245948956
170.4533881769991,99.48238319963784,17.1948136801444,28.509648583672323
171.3022688684953,99.68673303106043,17.63971209442729,28.10094892082713
172.2799902066762,99.2868663058141,17.11546961656571,28.90068237131979
172.9303262322809,99.42216162887567,17.97089062499812,27.911394038649384
175.61593034708,97.60831357864018,17.627808422967263,27.229267829776866
175.7611504465553,97.89834174287576,17.3373682240167,26.649211501305697
175.9974653127024,98.02803902985906,16.86473849172251,26.389816927339112
176.6325195550897,97.51354574279738,16.948695091575093,26.06473841683528
177.0013788753613,98.08356200725822,16.884539456807268,26.27183189946438
178.27191084868792,95.15709887468972,17.72145770060761,25.368793783694148
178.7003582002162,95.87953025951153,16.864562997551126,26.62756989218094
180.70075290824695,98.05742747754705,16.26671198143301,27.0358892160307
180.90525220106426,96.37073399601366,15.85771339579836,28.379362049069545
181.96500578187394,93.98143734148718,17.1863787212098,26.95124488146716
181.98450379342194,93.80190780951443,17.147382698113777,26.61948900112656
181.84078523146104,93.38530209472285,17.434819822035575,26.76750561462667
182.4639980414001,93.30171663120667,17.572813966779137,26.242466659348196
182.83643078788583,93.30003160324706,17.514567721223333,25.559217467851735
182.93001716942345,92.21753439054841,17.327394958148098,25.698122104789125
183.15111197190723,91.8751368477413,17.55955913005029,25.034209636663824
183.8198546835305,98.53355166495962,16.890254636105006,25.080998588252903
183.6591381899548,92.04260558496756,17.869498191565004,24.248868813756538
185.55168421783623,97.10997765285848,17.391289094296265,24.034773553457086
185.41434592962733,94.31749313104125,17.66596567071406,23.116959730521728
186.24730801493808,98.10383279628385,16.640856490166065,23.874875270992476
186.803520876374,97.38216501628276,16.16392613705333,24.04722009147649
188.06771533267639,96.77423645332091,16.156324148963737,24.002683755142588
187.27202965180246,96.55634901945207,16.48889492736889,23.179658039537564
188.04715518281557,98.09666332885635,16.183596232468204,23.211410338542777
188.06433192526822,98.47791127208151,16.767163677488984,21.830993522166306
189.63640504695258,98.66475977535475,16.65569656315861,21.457296515619817
189.7668253751144,98.85080088971414,16.394855906834927,21.684226928716562
189.9129767313922,98.9374192476186,16.102553194279338,21.510990212907615
189.8690155601881,99.00686793629696,15.599669114177388,21.372092835550916
190.0730691645335,98.81197951780393,15.772017547738967,21.181414030284586
191.07760745629656,98.71742535425743,15.504089818906927,21.37052235737758
191.54015305658336,98.69230414799299,15.157861054495681,20.841902333744116
191.4571074599366,98.53039947126301,14.758796253650882,20.60055569306569
