29.0,157.0,34.0,80.0
26.654214419385145,158.7008318029075,38.69157116122971,76.59833639418505
25.531968720781546,157.987453825346,40.93606255843691,76.2342058737635
26.861650032136716,156.4566482823863,41.92499674898657,77.47166855305288
26.424692919100895,156.1935403701117,44.65822418796751,77.99788437760216
25.417683235498625,154.081617244999,46.67224355517205,80.30806046762082
29.837104509098342,147.60088317763672,47.7437673449438,85.34123553276837
29.075840501439465,144.13572281977213,49.26629536026155,90.19674335202254
28.188715029177352,141.41761684059418,51.04054630478578,93.46046235174323
29.930558038452958,138.61304970298613,52.05877924202197,96.8186371490656
30.64628831785174,134.670379623075,52.94520338057811,100.06820791418042
30.743785792857274,132.9953173848927,55.13112954014298,103.41833239054506
31.36429183987307,131.59981314564567,56.35784043293931,106.2093408690391
32.08653192134871,127.64265615471508,57.44320177935289,109.06397183217055
33.16454336076857,123.5908314098883,57.87764453770434,111.98669004744177
33.18478002018006,119.01853540045985,57.837171218881366,115.84951861107737
32.57788340379724,119.66796300342864,59.050964451647005,117.24747451407143
34.380496901640754,113.7818075792475,58.18401317582603,120.80495820283552
34.78220229132814,112.77936322745286,57.38060239645125,122.80984690642478
36.17651934382111,107.74768112321351,57.38245332963763,121.7112709622142
37.08845878598178,108.33243337293717,58.33309036555552,123.31628238300607
38.9458890976585,106.66974713735858,57.432715834410445,123.82716876195488
39.7265966522582,103.99005233283803,58.67750493187104,123.57414995767598
39.27859661184007,103.07724615564341,59.5735050127073,119.75126395316167
41.11943650460235,102.25022804291832,58.67580070499631,118.62132470079828
42.26229140768617,95.76423614707747,56.39009089882866,115.08194579629208
44.0766058519589,97.09935472751566,55.42196951495519,109.75120113074374
46.2574114722786,97.61309983501408,53.62609201603014,106.1579771740325
48.80563717681741,95.58692001462337,51.01169469177278,102.7641745603531
50.6960699352998,95.72907728510664,49.61796470997718,102.47986001938656
51.13746307216019,90.23825202812114,48.73517843625641,101.66751932528793
51.02226439301451,90.35964922897918,48.96557579454776,99.09313787288028
50.92545980604915,88.6869648520107,49.159184968478485,95.54456042890973
52.70199352000067,88.8600392108819,47.85545652451853,92.94907272722423
53.500281918469426,87.53328109325017,46.25887972758101,93.41380763643332
54.88997663384497,84.63866340575595,45.64749513357567,90.53102366443886
56.18956772291827,83.58885655613705,45.16353542259506,90.51541489651065
56.632836195148734,79.52835316908178,44.27699847813413,88.10330182619633
56.804503802185565,80.09451495569564,43.93366326406046,84.91500909908342
57.35181530508539,78.37144039501288,42.83904025826082,84.35457764632302
57.85980506879684,77.17094003586848,41.82306073083792,84.77938353201849
58.21436877823335,75.84420335727852,41.1139333119649,85.46801825580528
59.749523708065226,73.74124525426468,40.006207890599676,85.7487655852359
59.97433468627672,73.77048187155542,39.5565859341767,85.69029235065443
60.26596684037993,69.49584111758652,38.97332162597027,86.4849640647403
60.62260728750387,68.24095305965677,38.2600407317224,87.05476150961334
60.57409006709834,67.39319764985842,38.35707517253346,86.81457285004481
61.25203167261045,63.61080861394502,38.93511878570614,84.70971680088711
60.76474481488901,63.62900291864885,39.90969250114901,82.75981489989073
60.36145089152306,60.01988267644757,40.71628034788091,80.4675041567043
60.160736366113255,60.884951415123744,41.11770939870052,78.73736667935195
60.22262503661764,59.684375822145,40.993932057691744,79.27442519258204
60.04622234604287,58.58260363079956,41.34673743884131,79.60811853454642
59.635599721695556,56.66160902899979,42.167982687535925,79.68845791236174
59.67548371672313,56.56732782992848,42.08821469748078,79.87702031050436
59.58485599666557,54.656491829108305,42.26947013759591,79.90364280822587
58.93459940795543,53.605848889841965,41.668954764093776,80.10390013583614
55.96601260330478,50.69267623915513,41.925172472904976,78.3556375698897
56.05466324326946,51.177849058730736,41.74787119297562,77.38529193073849
55.31736410647201,50.18468996540274,41.36746070566275,77.51660135648672
54.385303902470795,48.84700182877077,41.381155238927384,78.34155175501286
52.15982085930303,46.744721180778704,40.24372028413616,78.82051235691249
52.382051679687066,46.75641618289589,39.79925864336809,78.79712235267812
51.81599943578982,45.395462689088035,39.08911984871897,79.67678605785022
50.89251079081761,43.50199832511615,39.09327458170478,79.77806967187675
50.901292719035624,43.66944166850961,39.07571072526875,79.44318298508982
46.64363213735483,42.29746663480685,38.3951573846127,78.50878325088829
46.94672780370203,39.82449895802275,37.78896605191829,76.19988080814953
46.27397398221376,39.15309931956182,37.365036227665904,74.00380515061357
45.10906918817404,38.74580769986386,36.23494645697245,73.08843871062305
44.799521545662316,37.63587602620489,35.157045561278714,71.91430969650663
43.711918185491605,36.83128461190873,34.009977297955515,73.52349252509896
43.4510335433271,36.394792521336434,34.53174658228452,72.7318630208042
42.67828798413712,36.66460290797571,34.415042881572205,72.19224224752564
39.921906308136016,35.09970416888678,34.97092710161269,72.01745363772902
38.979696923726564,33.428487041986706,35.195933539087,72.04106322884
37.9859752049783,33.303723667214655,35.519712222047524,72.2905899783841
35.70951780493891,32.04314630431051,35.053837055171385,73.13881471520742
34.83852993427083,29.895963859269315,35.11858951435647,72.4015097588366
33.82309478153151,30.07779601345345,35.481872834300226,70.37025846493344
32.69731966578744,29.349414765118127,36.08925211411574,68.53867905825884
32.56441189546627,28.937691825670036,36.355067654758074,69.36212493715502
33.133354349455324,27.352150020626972,35.21718274677997,70.8887823617444
33.821636020549974,26.42979991283542,33.84061940459067,72.7334825773275
34.04207778352429,26.457592950177443,33.39973587864203,72.67789650264346
34.64865344185603,25.564733811155136,32.18658456197857,72.82198007627719
35.617842280000644,24.748709357513327,30.24820688568932,72.83160032989126
38.09245793153409,25.70765405278447,28.475570238122597,70.91371093934897
39.414792912479925,24.745186230764027,27.359999286224163,69.78044856340341
39.97684548242274,23.67407939379605,26.235894146338538,68.93694294972835
41.170104020320444,22.08941087450109,25.309961277539372,69.18511157432577
43.41684551346313,22.35997611576976,26.60629481966197,67.19652695968644
43.642780482460054,22.548194920543168,27.596645188726704,66.82008935013963
44.89956057224912,22.701326575991637,29.44642949943956,66.51382603924269
44.15755874537046,23.587539327356183,30.930433153196887,66.22413207644759
45.86425467311372,23.016535560870047,30.526126802018737,67.36613960941986
46.309659876447405,23.149668676359695,31.149389439584624,67.09987337844056
48.43914381897844,22.485457133270927,29.93265566192443,68.4282964646181
48.45785635043216,22.748783032906275,29.895230599016983,67.9016446653474
49.8573314223428,20.131499705761406,28.607033606562382,70.11470501690376
49.959195314468516,19.593314944757793,28.403305822310955,71.19107453891098
50.58511839643785,19.295606871456457,28.683261729826633,73.318292756968
50.747742467951014,20.435455137878705,29.92541711717326,72.60599975449647
50.14039055575326,20.891838377416327,31.140120941568775,71.69323327542122
50.49899304139549,22.275996934473923,32.010545625934,70.51254581695574
50.34547903417945,23.16273931561554,32.31757364036608,70.32487948112427
50.42058180074376,24.198748591654322,32.16736810723746,69.84133188168725
50.784529175556614,24.626190569742164,33.018282670355596,67.4076386127677
51.22310618520427,26.42831910728861,33.69928545223044,65.36153833884497
50.727450373658556,24.38479738076287,34.69059707532188,63.2887305470625
50.66048439134285,27.88304037388106,34.82452903995329,62.398090968931484
51.406807115844366,27.548785475041846,34.847476180343946,61.55100817721623
52.07267212312622,27.476169620462542,35.01920060715106,60.19278544500402
52.27031462473592,29.365288425064143,36.11015729493928,59.38703121781606
52.40979405151184,27.20041060416213,35.83119844138744,59.23873951987035
54.42239207766181,31.842894460147868,36.263330568738354,60.35420422708424
55.230227857405694,32.64174964700608,36.15732411039665,63.285489156805966
55.86624111953121,31.878869829311796,36.436689615915235,64.81124879219453
56.134615358691796,32.97913757479421,37.47866587133619,65.76816276871392
56.88741770461803,33.45959801480242,37.583664777376335,66.41784548659011
58.18843085199296,32.43606381268215,36.60364457054504,68.46491389083064
59.187532090889306,31.8779008260125,36.24093539144936,69.58123986416994
59.452024749515644,31.481262109986304,35.71195007419669,70.37451729622234
60.485279202004136,31.998372687281595,35.293648921514574,70.98850389392662
62.54789393484222,32.477446496414515,34.46835403028561,71.68032356288438
64.31559033187956,33.114415745429724,34.224466952595066,72.05213792304605
65.45464105791714,33.20056704649503,33.59329517430538,73.52676499470091
66.30035981061559,33.46730100395435,33.559223837580724,74.65066324845452
66.90122223742804,34.613928292797794,34.03059323073283,74.03050291754462
67.62639526424283,35.664976383187195,34.252596352857715,75.2731050882748
68.27835064090576,36.709187261104034,34.64298708076745,74.87898481367671
70.01822359837163,36.31477114590744,34.5540565275032,75.66781704406989
70.72972439644977,38.03158169740901,34.83637668573458,75.6448394498421
70.65923652789272,39.36622910251259,34.97735242284869,74.68547678154604
71.50430770317956,39.666011511148305,34.98564474742008,74.08591196427462
72.1529884931274,41.05016438297934,35.378128162630404,73.00745121571852
73.36610654645499,41.828210003073934,34.632838024383034,73.13230594393715
74.8883023041699,42.29151910298576,34.92803542238595,72.2056877441135
75.53970623582255,42.401350982669875,35.286643299562876,71.98602398474527
77.24968433593281,42.038771486200986,35.19555634599007,72.71118297768305
79.01125432560758,42.86959502907451,35.01930972673085,72.72298257198118
80.09872271551467,43.96704200520687,36.18548175400237,72.1986430232593
81.1806940881573,44.38586431279596,37.38777149744445,71.36099840808112
82.77401947540588,44.543122129835695,39.275794044892436,71.04648277400165
82.81755169822442,45.373298025841436,40.907983431504874,71.1053848142397
83.34605318410738,45.250384909537495,41.598871771645676,71.35121104684758
84.75735262921555,45.42638162869913,40.5395194815708,72.76246420866576
86.93869447338122,44.85484879581854,39.70913856070091,73.90552987442695
89.49180864655366,43.82375992624424,38.14057074955106,75.96770761357554
90.91261316611227,43.752270965425375,37.07108596077562,76.11068553521328
94.38818644629717,42.980267585807034,35.3869865981421,77.65469229444996
95.40202392288674,41.355512959744495,35.108107776985406,79.15540541455259
141.7481250698914,6.263228810868398,44.825599879751024,69.88417633549669
147.2057116941619,4.234783452226566,48.275587092836616,64.96284176426369
165.0871448464501,0.7129913468820952,51.638291025513794,59.557380899462856
163.19952928651114,2.7232377721715118,53.663519748026474,55.53688804888402
145.06640950288354,5.65505022461182,52.09793900426744,56.55177592782418
162.9911222817423,1.015030481589001,53.88302676924825,53.85719753846581
166.73895127075406,1.9528158508733284,53.17415452563037,53.67832323349856
164.52393512407747,1.8513396266889295,54.238763814184026,52.19856417946761
163.7419151656155,2.7881915165074282,54.126702321002995,52.00096180993562
163.23413435463647,1.6345930019248307,55.14226394296106,50.96572288111152
162.66741768228835,2.4022067684839534,54.605029010353626,51.101163625296905
162.69523130703075,3.054399184757475,54.5494017608688,51.46121459933656
161.98981708007102,3.1298954378732127,54.29094878887171,51.31022209310508
142.22929312274215,3.99189273172734,55.566563148611664,51.24907244256717
141.33577518961414,3.56878681963979,55.671806586084244,52.09528426674227
141.51878287106715,3.6600608620586073,55.30579122317822,53.60962205345995
142.92722836132145,3.1213278867281424,55.91920296279463,54.68708800412088
141.9289784068347,2.0533225303869003,56.17389853652398,56.823098716803365
143.25169347099734,1.1784108646148326,55.30794133768214,58.5729220483475
139.8484779858084,0.9169531637736519,56.73472686625183,59.09583745002986
140.47255960086815,0.4533763017816064,57.3105722660282,60.02299117401395
138.66714688584614,0.47873727760513063,59.073748479535666,59.972269222366904
137.76554397190594,1.0998076533273178,60.87695430741606,60.60485555723717
137.78846084137,-0.030442589735741876,60.83112056848793,62.86535604336329
135.53288366234662,-0.759252101610123,61.44645461726164,64.32297506711205
134.59454340767903,-0.8382708816451938,63.32313512659681,64.4810126271822
134.0954291493603,-0.8590157873759239,66.33400673744805,64.52250243864366
147.5951687798365,50.89845556606663,51.69862585038997,76.40581122143871
150.7929162822834,51.01166022060593,45.30313084549623,80.19538282828759
152.02574496829004,51.42318683241227,42.83747347348295,81.32949440287126
154.2089199777469,51.485108043531284,40.40287658516194,83.13740511122597
155.63408225936283,52.13336558141747,39.468747827701975,83.7570858412255
158.6734686898883,52.35080114566462,39.11689503175662,83.32221471273121
159.43946929699115,51.99388275881194,39.48139153258005,82.13955377140742
160.80730644980085,53.40417954300033,38.63132450859921,81.20456748466923
162.5179478513989,55.41264196988465,38.92437720209434,79.04481037924619
164.72056724627822,57.72564773205795,40.01131609642479,78.0802506442923
166.27301916495168,61.04385638029461,40.577197962804405,76.95001190340878
167.31138454087036,61.428472402812304,40.32899607396776,76.1807798583734
169.1114107109767,61.478559413447215,40.35484928406301,76.08060583710358
170.34962747787137,62.06424335076521,39.69033834734758,76.72116055954146
172.67112346490597,62.81200577387938,38.66717679784668,77.0355509255973
174.17023584663633,63.22998456646411,37.465821624389086,77.99646293043094
177.08489663891217,62.99892126394608,37.006733565697616,78.458589535467
178.28686734019718,63.28061029845531,36.39161027385042,77.89521146644854
182.41671326991815,63.52777783578411,35.211415213470815,77.40087639179094
182.99699466797037,64.26025387699553,35.79288230479723,75.9359243093681
183.74324950468753,65.76797762210288,36.03125683875407,74.65136102654462
184.62158973855745,66.66496493091987,35.990878008321296,74.57368804621773
188.70218951976008,70.14910891898131,38.11647221230401,74.46326258102013
188.56331592146233,71.01976296649893,40.143876338761316,72.7219544859849
188.88615673250587,71.57321190441705,41.25700118820757,73.37386308168195
191.38047166916903,72.93996295301311,41.63059931555032,74.21517965160254
193.75450447216116,74.33424999156898,40.49495581093927,75.03902767586399
197.14820366111627,75.47083364863508,40.90350234136947,72.76586036173178
197.91140589574104,76.70943858152788,41.14949817336938,70.2886504959462
198.47626267800828,77.53763616427545,41.75965264542674,68.63225533045103
202.95022054676198,79.88303387306068,41.439387319241504,69.11805015967391
203.63839168838166,82.75278219886138,41.79041242592157,70.28802306775032
203.9772569271931,83.42068478104933,42.863374910460074,70.70291086553578
209.19449019484335,85.51658083848484,44.85363142727127,73.6109604947286
208.78912511975523,85.08524765461897,45.66436157744752,74.47362686246035
209.9726500194619,84.66648714184896,45.17559995520212,75.31114788800036
212.08921528819513,84.42714428411378,44.70753605675206,75.78983360347073
213.96752389802276,84.41043480903497,44.714413543789355,75.82325255362834
216.46766227723256,84.96242079861807,43.4788569896422,76.60164067659838
223.46523643489144,84.43760924236199,42.59442739783745,77.65126378911054
223.42764212203372,84.07605287242981,42.669616023552884,78.3743765289749
227.73286545717542,84.69299988421331,43.48596147856361,80.91119935552555
226.45324070651012,85.77343260299693,46.045210979894186,78.75033391795832
227.2525371760574,87.14322053437607,46.39495707404538,79.90743612169148
230.10620264545545,88.91077174139386,46.60192315293829,80.31519838611524
230.47255667297162,90.509690042237,47.85020288348533,79.09834957000834
231.50010403711684,91.65295733642843,47.77909909554373,78.79580592197428
234.99342012995425,92.31555906482566,46.72732894592776,79.44888981053275
239.24986413831886,93.22876223137301,44.12519697109143,79.59273549140235
240.9940155509607,91.83540869210661,42.565088693964796,78.52305347362105
244.13719077302108,93.47920787890929,41.93602758612201,77.12121821210835
244.9108916283632,93.18847513624168,42.24296098867554,75.84834858420587
251.27360534765913,96.15414012380049,42.403024037080016,77.28015603022898
251.89141606065388,99.89553583010965,43.032062643281805,79.12066477856735
253.9252349002055,99.64152671848814,44.672108358872606,79.62868300181036
254.30308004400706,100.37484908571386,45.85446249050301,80.10008268659236
255.63866114258707,102.30528181886223,45.14842222748267,80.16946108857506
256.77036467459766,102.76340418767771,44.83916462735782,81.20736581484049
257.6301317592513,102.99338219946725,45.08385044680041,80.74740979126142
260.0255641837282,103.78167284077281,44.21617820084305,81.13242481014849
268.5547514163872,103.97186328150218,40.82512577592362,82.70451850588955
