91.0,9.0,15.0,17.0
94.25168311666745,8.044902943197513,13.029851729672203,19.917575883162108
96.52178887390974,6.463431868711448,12.101744582981166,22.564503122449448
97.87519886741619,5.825434234503616,12.093290628959977,23.84049839086511
99.72524776212542,5.286994158258139,12.301122005305587,24.917378543356065
101.87610158970581,5.13252561347252,12.042881773405593,25.803953836250273
102.31869767513595,4.643790941610806,12.329851540161066,26.7814231799737
104.46521921991408,4.464623687244867,12.879391104038222,27.13975768870558
106.46038251873631,4.493996135349816,13.230038597866063,27.701151948420293
107.51985029624223,4.700971485843395,13.648840796491207,27.92163568584238
107.56678806699927,4.524433454504393,13.554965254977134,28.27471174852038
110.09901156381832,4.358235981841688,13.678185289732383,28.607106693845793
111.73417089008612,4.7699146974653335,14.340582370118826,27.7837492625985
112.12454259032758,4.649397186477083,14.869590406101704,27.369908566342108
113.6704819159452,5.337986022708076,14.409177780445095,27.308463906669445
116.53119556641752,6.626433720927178,13.880325166938015,27.327855853950012
118.76741500644569,5.882581949558778,13.889643052802832,27.535057463566485
119.56929121208103,6.85657605469007,14.216236287829231,26.87396635083529
122.11303495622064,8.589173759830453,14.243694255948116,26.605611850803374
124.49589061873017,6.421629637642143,13.92920843370533,27.125363949943218
124.90739478779437,7.007199000551353,13.744324494666943,27.230474022304847
126.81473959117812,6.05586513971847,13.748483561162796,27.22371740733894
128.63926484815693,6.766743267144562,13.91811890006921,27.074856436774752
130.45535750787027,7.705050676206369,13.471894137027366,27.747010063759035
131.03997677510392,7.245280480271923,13.581276802501264,27.387929255686807
133.56676297224777,7.5998300927476485,13.615378309940072,27.31478926845117
136.15495099767668,7.346342546671327,13.522837822580186,28.457243806041056
136.32213673974144,6.7545889461922215,13.839027437387516,28.990189908062405
138.95909163863553,6.792089777555514,13.875846905426847,28.91518824533582
141.80842630579954,6.560736441131425,13.484281557296946,29.377894918183998
141.60259303560974,6.823952171856103,13.895948097676513,28.851463456734642
143.83160297089762,7.255053266332611,14.077582478003194,29.314876768039465
146.27422469316235,6.192092332556905,13.901454041248961,31.440798635590877
146.31875376460624,5.259915864793808,13.81239589836117,33.30515157111707
148.90491691418805,5.104792722725083,14.447754223652026,32.889437277197715
149.7766120455755,4.358800074903183,14.897928066625589,33.650234537592034
149.94294821284714,4.584026602460657,15.31539975987571,33.199781482477086
151.9829161930372,4.892710638320711,14.990106312820533,33.33334191342196
153.40228290838098,4.096577261318803,15.140040307500282,33.43127495474215
153.53181673951215,5.229752101018924,15.632193422029708,32.6673668289255
154.18866433356277,5.182315749324278,15.067200500475085,32.762239532314794
156.5281117628032,7.851564302754337,15.569849788992475,31.865065980024603
156.80373285990723,9.676211432798489,15.754512233146318,31.159390273383764
158.78300555345314,9.465271682984252,15.439847192777794,30.852493703667584
160.58787565249244,10.736327679122411,15.424311352196552,30.466904325889665
161.16171375488432,11.586938658118438,15.702483095635104,29.478606342008767
161.9327634648698,11.115076434386681,15.566775627477497,29.719134813565592
163.52298924360238,13.052718335187844,15.203939661526022,29.365870501355367
164.0027308620787,11.324230679624614,14.937428488423368,28.665013429381855
166.03406630607077,13.19370639763013,14.943306769377516,28.316519634152698
167.58504945065988,12.825533295541522,14.533619725795177,28.379796026930933
168.1512882221824,13.01534330726576,14.735041205833568,27.33322649194077
168.6270468903481,15.194326363271138,14.43854744289112,26.90540182026399
170.18009896446162,15.49380398749656,14.550659132050388,26.306446571813144
171.97358071512548,16.161840676976766,14.147324326543345,26.24382467118101
171.85073851663017,16.67248365190564,14.393008723533953,25.851448063503717
172.27012535476302,16.80418001768653,14.18155098710772,24.960739392102482
174.41543316810404,16.591165058599834,13.554191596178821,25.386769310275874
175.0699365944354,17.609995775229756,12.851309263287781,24.561356916559326
175.00117354847353,17.194308591409822,12.988835355211513,24.228899000151365
175.84515271970778,16.85394711137299,12.459647515653806,24.330236708769654
175.99529097275587,18.80646676053457,12.731149885494954,24.999428417945484
177.4214152241584,17.579806298820145,12.810287438536317,25.10764049669718
176.68550725843465,18.909151796795207,13.103644160215453,25.39509752516786
176.41517272209623,20.21950605668923,13.04580864742015,26.365416518212832
176.71379197944967,16.477835168260427,13.060293832761007,26.50807389449705
176.4536969848715,18.973034464803174,12.966422651552065,26.430164664334036
176.04284756347818,19.384793515902825,13.78812149433875,26.217940642405445
175.209586438422,18.555471225771544,13.58753949351689,26.0094809717338
175.26009548417005,18.735456886771548,13.486521402020804,26.265365989203083
174.93823896534417,18.327710398456958,13.512359900344613,26.46298442650431
174.28073717300094,19.4192505671315,13.584925243278139,26.76478057266111
174.42941619899918,19.891737311218655,13.287567191281626,27.70049688181473
194.05176040204904,35.785065672452795,13.439314922577914,29.591438792926894
175.83514877087126,20.188788302866683,13.929715203961987,29.50042538199429
191.20118109794475,37.828832667423534,14.149228821378774,29.20907730769186
188.04485393014235,35.919641612572356,15.08242500585261,30.33773034182873
185.0362466156783,34.1079927269764,15.458682370314017,31.84566913884564
174.11155376765956,18.775225201125444,15.297347452184475,30.962504643574807
173.9948502978413,19.417422654288067,16.248737635956154,29.678109737249553
179.10966654085317,34.2368323824478,16.751389974383663,32.236144754283686
178.90635974717736,33.63881808119586,17.158003561735235,33.43217335678757
174.18463534267354,33.41744958409525,18.73822535245569,33.874910350988785
171.5396641153501,32.73639099882769,19.108551309121054,35.23702752152391
168.33676707930113,31.98797770490453,18.74345657362084,38.426576311269756
164.18090717340067,38.315968238956636,19.07329994134624,39.07372264995804
161.79529976194664,36.99152616078926,20.23628531329645,39.918492080813856
155.03419339296366,39.10392760955286,19.740151537354958,40.36647135458912
151.3031158203952,38.45091356616825,19.742118753289272,41.67249944135833
147.6785280193594,39.0271751096181,20.329961236499194,41.4715953714389
144.60419007093418,39.663368534166636,19.766264845218398,41.15811884921771
140.6167316672498,39.85538453808001,20.18488013405744,40.774086841390954
135.16292131935424,40.91474151670179,20.68435014451028,40.54776391784527
131.5571302039243,40.52032567693705,20.283800616127436,41.33659559737476
127.9257956509827,40.19672334880274,19.897380517702842,41.983800253643366
124.13682208676752,40.4906664731933,19.80441971507235,42.354777496244864
120.50249818753458,39.79946113795294,19.371898289759166,43.73718816672559
115.86997870671868,40.12169624540479,19.860584074908836,44.06786830476434
112.15408534936272,39.521507209384154,19.38406235060607,44.279707821928774
108.92754025461618,28.59939105206052,18.954555777474383,45.47614984870175
105.32338316643107,29.449518644765966,18.219398430542974,44.768828603703554
101.62104794866549,29.260684102379976,17.86677468135715,44.17683591538591
98.52864902223925,41.029849738855425,18.32247477202326,41.64519643711833
95.3184334583571,41.23057095623088,18.258491080606447,41.24375400236743
91.70321426598278,42.03546646170726,18.133739883423985,39.63396299141467
90.90334954306955,42.886290837451924,18.839632564540352,37.93231423992533
87.74980971711264,43.278645794127726,18.096183539812266,38.02892041115396
84.45317318329502,43.351304622776965,17.730951876159285,37.88360275385548
83.44112558716114,42.04723503978051,17.171073072374085,37.90776792379542
80.83658462096244,42.036919965216285,16.41702134448978,37.92839807292387
77.9345426219026,42.68365290763687,17.187677939551072,35.7960276209063
77.1142866134613,42.71922947382881,17.18534329887306,35.72487448852242
76.0722826635168,42.24735323653184,17.628662479013972,36.66862696311635
76.66664655396814,40.38337114230304,18.123594617353884,37.02927131308877
75.09553471812556,40.3635041438108,18.698727708753346,37.069005310073244
71.5798977992488,41.452614095735086,19.66633474096717,38.3557378665331
69.58862780504911,42.13707183683877,20.943459298317013,36.08501724064254
68.56498618108282,42.27715097259137,21.210468034455932,35.80485896913734
65.4776687404528,40.97438092128712,21.15163847798441,36.62940923239397
64.6416854754077,40.83149121584842,21.020126269725445,36.01344927409677
62.72985823825441,39.63892660815854,20.391911672146534,38.398578489476535
62.32568288090985,39.34033337668777,20.285348958726026,38.08085152430848
59.4650969583723,39.54358378702032,19.64765511600175,37.67435070364337
59.28960376925711,38.888756485796506,19.107162148521216,38.984005306090985
56.936874774656005,41.279433651103304,19.305950413939648,38.70932069926117
56.83362837928365,39.85453854526787,18.611682097787316,39.757588697137926
54.84038812336465,40.88677072666138,18.982181694930148,38.597119563024705
53.37437308366561,41.77176921905305,19.23368098654126,36.82712257824137
51.85782915793816,41.371870289051444,18.779125490289555,36.75500960131794
51.37032794532973,41.3381537739955,18.028081288097507,36.82244263142982
50.3378454151187,40.32823608664866,18.391013276059898,36.289228397434
47.72877388502932,39.640844958613684,18.51218428977242,35.115524630270826
47.51699724664062,44.2403215152201,18.93573756654982,32.59137536200432
46.86058420191336,44.83329082355051,18.639973578660484,31.4054367453435
44.71966041236543,44.68304933802031,18.231737511790193,31.70591971640392
45.35537436264243,43.23675747493112,16.960309611236184,33.04004297763154
43.568242052839615,45.99916651846473,17.425929852248075,31.401030363806477
43.52821395629439,46.490376229920926,17.505986045338535,29.657597003929418
