97.0,62.0,29.0,23.0
98.39325734962235,65.25279281012385,30.30115375820961,23.034683911679203
98.93393715289986,65.5791585519007,30.89576095090777,23.21993582775209
101.59601424550763,66.33401642671858,30.672025525063663,23.410359664573498
102.52622286700561,66.69639786385042,31.360917061345738,23.53536638340249
102.22018287590329,67.12449866077358,31.97299704355038,23.541474440553788
104.43541854436597,69.37271281312077,32.77284078115038,23.403642031297217
104.80547615525279,69.27558388138617,32.91431321149206,23.597899894766403
106.24641085223108,70.28021724376977,32.69322658063507,24.24941593309878
107.00870732362728,71.13736377436699,32.95716636864958,24.323655602711252
110.53701768830513,73.68169957152016,32.19701061575182,24.63195398822602
111.54383575081336,73.57682169706122,31.969293942153087,24.84170973714389
112.03177272333542,73.76929968470031,31.88631942969572,25.34965319445248
112.22066252491851,73.72800934654367,32.40842299154259,25.432233870765756
113.45733779598254,74.37688711216983,32.6627284751957,25.952915690034235
115.74568171835392,75.36536252479664,31.772311825873885,26.740668261346308
117.11625309544111,75.72449259446854,31.793005448751348,26.94302024768644
117.43039276664665,76.28161453651855,32.088914214558116,27.677152580022153
120.01679960256645,76.67986235208073,31.618883609988963,27.82121356235185
121.70867088200345,78.8706747224452,31.041901363750366,28.117522676015245
124.28771433340762,80.19426091296988,31.47197365602933,28.264429892509554
124.37523224253187,80.63873100285196,32.23732950787895,28.31588138284353
124.52493282419792,81.94425832519059,32.89102217546632,28.56410823092473
124.88861992747633,81.94592322557074,33.1308454113825,30.49517331511044
127.39066141239468,82.59775320541536,34.1373800422939,31.19505255567055
129.27411384537632,83.89623728226869,33.456264148365086,31.683873373998388
130.12778632930036,85.02239616822031,32.774653182807214,31.48302360667545
130.52751554931746,85.81341093092297,32.98707555162183,30.91287489011897
133.76622810111473,87.86401524906196,32.54664576626621,30.836329799333605
136.01208643428328,88.83334902353751,33.04526031582275,30.893794736739988
136.11613741236073,87.37948808521287,32.837158359667825,31.78797314372814
137.88380578449377,92.82295136745313,32.35487684150119,30.06021225754604
137.99095023235475,93.51714896856942,32.140587945779274,28.67181705531347
140.21914353944481,96.99189257495262,33.42791793726493,26.50876034726855
142.27065394971635,98.01855803473447,34.03645227943,25.39774046024648
143.26107014579947,101.20198577929392,32.98911644202717,25.56536085447153
144.48298588264734,101.37959501007022,33.306074295511,25.210142392918925
149.20380477065555,104.39296060917026,33.0575130658683,25.618564777180456
153.44229843406606,104.21096152308122,33.80226912816858,25.98256294935854
153.29801319261452,103.88468970994604,33.151361731775935,26.635106575628896
154.15856520812287,103.77990429453212,33.310497849459495,26.844677406456743
154.23936195079023,106.72447304126413,33.148904364124775,27.577235610439317
157.44112318174655,107.05024368320628,33.43255418650616,27.88100465288276
158.32779398221533,107.1627454074993,32.62379045110136,28.620579069829446
159.01958897567386,109.79563880508141,32.20416349193634,28.17460741342566
162.55775599357054,111.12205989284298,31.78005027479714,28.37271701732572
166.29927550311277,115.46192855727215,30.92536489073911,28.21514864778711
167.71728860911435,116.49249492237013,30.88264512553907,27.08511806652551
167.72634133978477,116.688017149715,30.864539664198247,26.694073611835783
170.82381887776245,119.40158702290037,31.010463372424134,26.701972823334696
171.57567008710905,120.64816990868731,30.414984830558623,26.933478682243994
174.71868152155977,123.56733916873989,31.350636046486024,28.316814246967674
177.60434842980047,125.7985355733601,32.1546905143327,29.49046853857984
177.89925612026258,125.7604682809701,32.535438351596625,30.537166341547994
181.0910111070146,127.47938716695685,33.10394150596497,31.071907499787294
184.2512788308553,130.3034471605837,33.85702244901107,31.486887276014393
186.99312572813648,131.2007891494979,34.54654088138496,32.77880941165403
186.6761084631327,130.49479676025183,35.1805754113925,33.130643824371816
189.2148100942653,131.92984205550573,35.48140280483951,34.56313775843374
192.3673348574362,134.32561947997817,35.79459287892644,35.28678257651282
195.93872938244402,135.90589638230665,35.36811141709663,35.484382565948735
196.23509436764155,137.40914812574934,35.89116837792152,35.825239872723344
198.6340506036264,138.02513897628913,36.74021658899753,35.72265030825286
201.774258784631,140.81215885808038,37.306516515214675,36.99532683289674
205.55909227115708,141.57858903471237,37.9275859678513,37.80267688697248
206.70412726536077,143.49715076151514,38.022720297610064,38.73596206969923
210.03971649265276,145.5670361305423,37.39546734951507,39.43133173683603
210.2151168763947,145.4768695862424,37.0446665820312,39.61166482543588
213.54135954459142,146.7441660455151,37.63428381146863,39.49110609550077
217.71413260097677,148.72434755932392,37.790133166554405,39.17419826839308
217.73966171506365,149.88385971242235,38.95106265699185,39.279149399418515
221.6740722253702,151.37702456419265,39.70602558026431,39.98872710040034
225.904654056124,156.36864023115214,40.03009642724872,38.790730274973356
227.46938952627772,157.6939427090482,40.62432898528911,38.62259431807976
227.36984672577648,157.76979946490093,40.82341458629156,38.47088080637431
229.63676234523888,160.70337711906794,41.283949988472685,38.84668379942271
233.2687644840267,162.51330244448258,41.590468550316785,39.01209456830328
235.59503649525521,165.58440486215596,42.014601856622775,39.21573639391029
239.6995961235636,169.24026690543363,41.479651041534794,39.57818074888377
244.46210852492436,169.52099983019747,40.889520597315695,39.01671489935612
246.01231812656053,171.0612130491706,40.305660403906735,39.71112697620496
250.88800139844903,176.93654995160463,40.63507939678586,38.04123870799301
255.92682379433825,181.3724704617495,40.46806490382787,37.84119919917116
258.07562621836615,183.84298315073792,41.102633197807435,37.83234696322962
261.505901671415,184.70821140824646,40.45610137022272,38.58749807961778
261.26061884973996,184.36677160083858,40.946667013572906,39.27037769443353
264.72180841698497,187.4782047418667,41.60343741555082,39.363469359433964
268.5225601771275,192.47190409874446,42.9265657339171,38.30070248432976
273.23210473419437,195.8432332282768,42.458032835751865,37.95129866524263
278.28529466422145,198.02522457130848,41.21219250634438,38.650481425263145
282.529861467402,203.28030355948943,41.52568588618759,36.94295043510556
285.503332078512,205.0505235418587,41.754742616552505,37.108109241918015
289.2172311318631,208.95674570435835,41.77531821600461,37.985434240765485
290.82471104308723,209.90589634688692,42.327519311490754,39.85429387364263
291.0276882209315,208.81774294086213,43.21562021296401,42.030600685692185
290.8105874935679,209.2333185562111,44.992249411529166,42.54187719883218
297.7332519451161,213.1239263474435,44.93047199328545,44.4091476557642
302.42836750660746,215.8189850008104,45.38866096022228,44.64669897184172
307.67261914858494,220.13257296840501,44.82523121085903,44.526728923445276
313.09892582352427,224.7102633815986,43.822426496751866,45.22115673282967
319.09142321047057,231.29378141584297,43.05517493096883,44.674081773464174
323.95933145882304,233.43638480684342,42.98988845426543,44.533387857178255
328.90971073892587,238.50746566558647,42.73698999089269,45.417351964644055
329.0421483864813,238.25525098807168,42.47211469578183,45.92178131967365
337.67900002040756,244.4430139065543,41.89958926332767,46.07213885925718
