205.0,170.0,44.0,46.0
203.46134122103985,170.31015021151308,47.07731755792034,45.37969957697387
199.82818481921004,170.63333973288047,47.06385707231928,44.73332053423905
199.42353487029152,170.75099326253962,46.42764860191555,44.49801347492075
198.86654953003224,170.90263239163528,46.10979970661202,44.19473521672947
198.9385174304175,170.78266870886384,45.965863905841516,44.43466258227231
198.5441142000286,171.22239696693492,45.33109108315644,43.555206066130154
197.9795386024542,171.3587094879258,45.06052791730304,43.2825810241484
193.68455970406688,171.83048793027243,43.912368351441124,42.33902413945515
194.1388221417998,171.91212692281476,43.00384347597525,42.175746154370486
193.81997236780484,172.45427712424234,42.30014801133855,41.09144575151534
193.824907074466,172.61106107465335,42.29027859801617,40.77787785069329
193.6091730686461,173.00324998600183,41.4136408712223,39.993500027996305
193.6318170566609,173.18239333619255,41.368352895192686,39.63521332761492
192.72291296899394,173.29483605462644,40.63501364241746,39.41032789074713
192.45277388409667,173.3716130932139,39.914772138154525,39.25677381357217
192.54052225173544,173.40601292115994,39.73927540287699,39.18797415768013
191.46104283280116,172.8268702299648,39.41235177746768,39.10331830843141
191.86446578823657,172.7748905169265,38.60550586659683,39.20727773450808
190.33709601071075,173.20451358249744,37.984078404304924,38.34803160336614
190.42295222995193,173.37905792350864,37.81236596582256,37.99894292134377
190.04250787650713,173.7050605497613,37.37937669649527,37.34693766883848
190.3800476088321,173.6363303162973,36.70429723184535,37.48439813576645
189.95820254257177,173.9185539880291,36.3796776004841,36.91995079230286
190.20346192872663,173.91512530003368,35.889158828174416,36.92680816829368
189.95335762761948,173.7516032114839,35.2426883969828,36.10717331198737
189.35799418273547,173.8293941997552,35.30981603605128,35.95159133544482
189.50798206532136,173.31366623495643,35.009840270879536,35.8608317548873
189.18708934961626,173.3175872685109,34.53557224226802,35.85298968777836
189.17726795517538,173.28779408292394,34.55521503114977,35.912576058952226
189.00005259579177,173.31373597547093,34.90964574991702,35.86069227385829
188.76669219421228,173.37437255667447,35.376366553075975,35.73941911145117
189.01452698845821,173.14714413713722,34.88069696458413,36.19387595052568
189.00991277050102,173.25627949163527,34.8899254004985,35.975605241529564
188.86525690273206,172.9592108350004,34.063277269949836,35.45378268871273
188.4172081802981,172.99661910107648,33.8646726172181,35.37896615656058
187.8518415909149,173.3883038539496,33.90501998295583,34.59559665081433
188.20704747641324,173.52552853091316,33.19460821195913,34.32114729688719
187.89269513354964,173.66687736429586,32.7601096559673,34.038449630121825
188.03237158471805,173.53939863252097,32.480756753630494,34.29340709367158
187.5153152170589,173.72175161070774,32.46340472057084,33.928701137298056
187.57543857500585,173.92765224629025,32.343158004676994,33.51689986613303
187.77100973627097,174.1300517130694,31.952015682146765,33.11210093257469
188.06084238926596,173.80680376217924,31.37235037615674,32.734005794338344
188.14103865016023,173.87263742813752,31.211957854368233,32.602338462421784
188.30806181450654,173.8515816745148,30.877911525675565,32.644449969667214
188.64975751240328,173.9409695361947,30.1945201298821,32.46567424630739
188.64657151559163,174.12439084170674,30.20089212350541,32.09883163528333
188.4581942616215,174.2993736212474,30.57764663144573,31.748866076201956
188.57669767147476,174.59133966126487,30.340639811739173,31.164933996167086
188.61499966171854,174.6673870421512,30.264035831251604,31.012839234394374
188.79344557637793,174.7348725980981,29.9071440019328,30.87786812250063
189.28398175164585,174.6716798710261,29.883285420066546,31.004253576644608
189.44894055789817,174.6784693590612,29.553367807561926,30.99067460057438
189.21605223122074,174.93718446967594,30.019144460916788,30.47324437934494
189.09655020573973,174.89927025072862,31.210777846338324,30.549072817239537
189.92554334399148,174.565630725425,30.525373687242407,30.24376975043922
189.82864062730852,174.63788769242416,30.719179120608295,30.099255816440944
190.00899606928843,174.5646169475258,30.358468236648505,30.24579730623762
190.06140239836256,174.5056682828765,30.25365557850021,30.36369463553623
190.8607776010292,174.62276948187068,29.609508720327625,30.12949223754788
191.4621312054653,174.6093930903709,29.34756427045602,30.156245020547438
191.7536240559179,174.24325525905428,29.70162479770802,29.9514744550235
192.14829954180135,174.3122380320274,29.851690651839156,29.813508909077264
192.69549396891765,174.35091239608653,28.757301797606523,29.736160180959036
193.31378798506503,174.29900330697657,28.441838400831113,29.83997835917893
194.07337334823572,174.15131815787075,27.8404255336933,30.135348657390576
195.17575916559647,174.148848504634,27.461304851706817,30.140287963864086
195.28830536393548,174.4249710328999,28.143078851260483,29.5880429073323
194.82230405827858,174.5603573721199,28.166001135110463,29.317270228892234
194.81237948187749,174.43442247403226,28.185850287912615,29.569140025067565
196.3688958404877,174.77268017327418,27.80120412666224,28.89262462658371
196.1694451245579,174.96050923254995,27.307330719039847,28.516966508032176
197.6613106263028,174.9656366182924,26.960813293714317,28.506711736547267
197.3543362505129,175.2515428139629,27.574762045294122,27.93489934520624
198.90396678543297,175.1572792779661,27.097990864870823,28.123426417199852
199.0538321252495,175.069750438117,26.79826018523776,28.298484096898036
200.64261090791751,175.08541237085785,26.22345716466048,28.267160231416366
200.26958296106235,175.26691961044833,26.11154399906455,27.904145752235394
200.40000552458878,175.25894549073232,25.85069887201169,27.920093991667446
200.89069434661246,175.28412706206655,25.715948578078056,27.869730848998984
202.54911050653243,175.3398059046354,25.7739104249988,27.758373163861307
202.17835250069325,175.43788959168342,26.515426436677174,27.562205789765226
201.99387546763688,175.7332436158326,26.884380502789895,26.971497741466862
202.13863286253257,175.3394113621205,26.594865712998494,26.911038459455597
202.9942436861072,175.2942188700391,26.56886203857846,27.001423443618407
202.93769468583244,175.95112645955825,26.681960039127993,26.53122793202222
203.3295371464493,176.04530182239057,26.736277237587196,26.342877206357592
205.09996474518178,175.870543454003,26.538967865543313,26.69239394313267
205.0404887094865,176.02655312867165,26.65791993693389,26.38037459379543
204.6939811927163,175.43636967107875,26.5156890967149,26.7254956352218
206.03143807417425,175.56098578906818,26.356102013369895,26.47626339924293
205.96497145254204,175.657275502538,26.489035256634267,26.2836839723033
206.43916657294028,175.65064863323948,26.37170988741207,26.296937710900345
207.94965548117045,175.65580617322786,25.839014007770004,26.28662263092363
208.09141823604773,175.40552303128834,25.555488498015457,25.966320313568453
208.17841552209438,175.80916535163487,25.381493925922136,25.97039629203162
208.83271472062688,175.55724072947152,25.690251309048175,25.665567646262822
208.7640657139101,176.15274050110813,25.827549322481733,25.283321134049753
210.57000960678238,176.0161947207278,24.63031410764234,25.55641269481039
211.11915521482524,175.7147347166851,24.3223314047551,25.369024189697285
212.57089303944267,176.09310054804763,24.548846280971244,24.612292526972247
212.506957382528,176.6555305153844,24.676717594800625,24.261623593442913
214.75263943538823,176.57908122698026,24.80940713480473,24.41452217025121
214.23928702702847,176.13727178921627,25.060938198423024,24.52296729267791
214.27069705625755,175.92009876469305,24.998118139964838,24.176475926254817
213.81344203009078,176.0208594246184,25.13825216131589,23.974954606404086
214.23221064566627,176.06598099470463,25.074097015320383,23.884711466231636
215.34876155574906,175.74640733825532,25.153839126259072,23.75291080209545
215.3291540855311,176.14486198893522,25.193054066695026,23.72610753997808
216.5847642301752,175.9714615122905,24.9927154752016,23.30261459400267
216.6545475163071,175.8841922928988,24.853148902937768,23.477153032786045
219.0511222832405,176.0342798743638,24.62617934524198,23.176977869856046
218.48005893912745,176.48349882719145,25.015586897295194,22.27853996420074
219.1201313344384,176.51072514379987,25.224397149800474,22.224087330983863
218.6898090197129,176.5988990738253,26.085041779251547,22.047739470933017
219.56070868284655,176.5464431850372,25.857901737891005,22.15265124850925
219.6730275400885,176.52616128687418,25.633264023407087,22.19321504483525
221.1914372444606,176.9126327471266,24.854501608663732,22.17295778899739
221.3953164152015,177.00585357515214,25.18703212603372,21.986516132946285
221.59996454737305,177.04415829102624,24.777735861690637,21.909906701198082
223.48334594093546,177.07601761967484,24.685431145769684,21.84618804390088
222.84659396820223,176.63845923767417,24.494054501992608,21.988864513280447
223.01783412038375,176.6578509494247,24.883322840860522,21.950081089779403
223.43906608037213,176.88952097930394,25.515203304108077,21.486741030020944
223.02165789474083,176.82352981843445,26.350019675370646,21.618723351759908
222.77412027416676,176.95744664154475,26.845094916518832,21.350889705539323
225.86894031389872,176.48079889700062,26.71751851689709,21.54642723464731
225.54662795952626,176.4036760560615,27.362143225642015,21.700672916525537
227.1191760320377,176.48398692813223,27.302469872569347,21.540051172384082
227.16206795415408,176.49633870728704,27.21668602833659,21.515347614074447
228.17715095387325,176.4341636501831,26.718758915366266,21.6396977282823
228.23344990733483,176.40259218926136,25.84566133531834,21.702840650125815
229.08015177812186,176.42729479244338,24.900342017939295,21.653435443761765
229.11261242715315,176.66211860495986,24.835420719876726,21.18378781872886
230.1767424801086,176.69773508598408,23.431301945520545,21.112554856680383
230.62270359513627,176.74672736986196,22.539379715465223,21.014570288924645
230.83347579154832,176.81651126735187,22.11783532264111,20.875002493944777
232.62744359928573,176.8156464089091,21.237827053338773,20.87673221083036
232.6956651802368,176.79615144941053,21.101383891436644,20.91572212982748
232.97837943695436,176.97672861744834,21.197640472060712,20.55456779375185
233.32662500801328,176.86736989975714,21.15864492304261,20.77328522913427
235.56198742817833,177.20274557662813,21.310288779294854,20.102533875392258
235.2238959518947,177.64147787808773,21.33437063608787,19.877170368247395
234.40607265452314,177.53173491624014,22.32111802056636,19.44775708167797
234.3240311470169,177.54075835426107,22.48520103557881,19.429710205636145
234.0903806278423,177.60209583708865,23.612140810863963,19.307035239980934
234.1884027500723,177.60609412447533,24.091138501643343,19.299038665207583
234.27885716608927,177.94945266846653,23.910229669609407,19.294588829098338
234.5598875691264,177.6396814492059,24.707007837383593,19.23471178069535
234.92484023790925,177.65691950640772,24.667755257583092,19.200235666291757
235.5916525862201,177.62073099452724,24.023622325014315,19.2726126900527
235.24784751519346,177.79543256543997,24.711232467067642,18.92320954822725
235.20500805654078,178.18762421618132,24.796911384372983,18.824469790193696
235.60918177400615,178.21937440319198,23.988563949442266,18.760969416172372
236.96416953973613,178.37933516348505,24.63839566110431,18.441047895586237
237.19216080073627,178.34233190771673,24.182413139104046,18.515054407122893
237.22242023070945,178.34928784978197,24.12189427915771,18.501142522992378
237.19766330685152,177.71640945909286,24.841176378201546,18.427362801714526
236.90103324288367,177.6922418483473,24.754916295300163,18.47569802320568
239.95111731026333,177.44952582123972,23.407743426257902,18.961130077420812
238.86192438678836,177.60431837010535,24.253515122627178,18.651544979689582
240.51861377560377,178.04836371000545,23.63705185154776,18.43768317652723
240.78947761716165,177.87438890514167,23.756652428095155,18.124304526591615
240.96925397802158,178.06783764943958,24.055149574204215,17.737407037995805
241.75283995337566,178.42567193061944,23.800513204511304,17.678006266143633
242.76621772980758,178.26088125152774,22.42518127131811,18.007587624327094
243.6914006478308,177.89600750200105,21.210601132423513,18.1015494262286
246.17943425349125,177.9436539698798,19.946162562172756,18.006256490471095
246.32295968797362,177.89103663020646,19.061631024797613,18.111491169817803
246.484718171624,177.72512044183208,18.738114057496876,17.85796785538126
247.2991204611313,177.5418219327324,18.261858638996802,18.2245648735806
248.01512836561005,177.47786360233138,17.979021373274115,18.352481534382655
248.23890697793288,177.4048598886539,18.103606243805675,17.9263468665603
248.60023045752467,177.5607898158049,17.94835840431667,17.61448701225834
248.73651384034622,178.49282205411953,17.67579163867357,17.43053845410097
248.98627875788654,178.23774890673778,17.72911402287577,17.38783252958161
249.343090585474,178.3319579068272,17.568506619040804,17.199414529402773
249.33860665475606,178.31162019297153,17.57747448047669,17.240089957114087
250.8412913390073,178.24629585263463,17.313613440743715,17.370738637787916
250.83376085505387,178.3493049704372,17.328674408650585,17.164720402182745
252.87116375822447,177.79251016911573,17.056279339032976,17.19190693719039
252.9219060226423,177.89995446039686,16.95479481019732,16.97701835462809
252.50328355018567,178.03635294853783,17.257680521324424,16.70422137834617
252.46461517208687,178.11054304689995,17.335017277522006,16.55584118162193
252.55811719898713,177.94066829731358,17.68169226553662,16.895590680794648
253.50764736747394,177.85947503569304,17.41609880613005,17.057977204035733
253.5958126199183,177.84558616307905,17.239768301241327,17.085754949263755
253.91964487281584,178.4422971824986,17.13266185640866,16.432890971387078
254.3188052390395,178.16055896003277,16.862903788294105,16.46780475198596
