266.0,211.0,34.0,31.0
263.3957437346613,208.84381948915805,35.115114735225326,31.218963226231946
261.0738277709048,204.94649260711012,34.5380437815565,31.704352956673308
252.8179729374772,198.16771710125462,34.362574187212374,32.746519522484746
248.78017742158573,193.90938827423014,33.9840891238664,33.86586059329587
239.59731429837316,184.91114242984455,35.253771536463056,33.69780570862422
237.17612933055156,184.39792354495864,34.667229023130794,33.638460988600954
234.89856104839475,180.99421770729634,32.768467650153845,33.991974726635036
229.91386040152764,176.534229814804,33.27615626697903,34.50153924325612
226.5935711332545,175.91165462037134,33.51280477138699,34.67936796009836
222.3280437786111,171.82351870736017,36.67459348563743,33.1909609950553
213.7527352394218,167.2469190874666,36.22676306317618,32.44503351562003
213.57360913100877,164.60599716656787,36.58501528000229,32.32169945639978
207.5441799442518,161.03387005217027,36.71299042836307,30.788947703265443
204.8333563035942,159.02507657892363,36.8246440661695,30.558539734951623
201.10743013773165,156.43862189137118,36.85646254319913,30.431424928131285
198.31335804145095,153.32106812717404,36.0939463035306,30.315872024295558
195.7639491330062,150.03094887059152,34.92376121260763,29.582273811679418
194.85063786788353,147.68690212087213,34.72043971443117,28.180535225852815
188.43322883934235,144.37969881259465,34.69530522948368,27.870352012083973
186.82948470595323,142.14412381814964,33.96751628574063,27.42240548782243
185.48639947039777,139.27595213683654,32.79210354297393,27.366374029632293
181.6591212462921,137.24407550262862,32.87534941300984,25.751644364416556
179.45338644257586,135.44264827556643,30.83593931179107,25.668281842168746
178.3659371004874,134.93076844914904,29.455240295595257,24.914242644817122
177.7633144500173,134.72963033177274,28.09408936217291,23.605588056661375
174.70835153960223,129.94848720759754,27.69680967856621,22.59366536030192
172.3703339148256,129.83260585665852,28.418065072386845,22.034472091033507
166.3256336174505,126.90472624650059,29.406353272948778,21.54673851467032
163.7282759811433,124.34985285771963,29.800943762622786,21.856360509291875
163.5299331300768,123.76761203116473,29.386537351773804,22.209750049419718
159.98561065097752,118.6997695142289,28.369457236950936,22.618564995665608
158.17909690363433,116.09361293437698,27.172386029384846,22.219096336074912
156.47072816786533,116.85140740898458,25.928082566443255,21.480347542606278
154.4830458410786,113.55378696906165,25.428841674383662,22.109447694941405
152.50443625949652,111.66314998406153,24.896992349767864,21.401653177161663
151.8843491712397,112.00282919722989,23.95138785825645,20.722294750824954
151.74284989679148,109.67534800280042,23.531323454351927,20.45581647007732
147.97528029605573,107.53635850447642,22.759013379390996,19.88778338880638
145.51463933002512,106.80338061689076,22.981738066706384,20.011294236907467
142.82518911017758,104.24861774349708,22.947426453150996,19.70760793044441
142.07662633468476,102.79775054653172,22.430807264464043,19.253101091587368
141.27955727496786,102.81312447765478,22.057057993499633,18.56639076587518
138.62016337142248,100.35541005206767,21.623508067842806,18.368630521273758
136.5852097626448,98.70318434882805,21.288484894977998,17.89742730739289
135.4102086808016,98.64679487607738,21.172394886122028,17.39368320975861
133.92042042815459,96.6376627550305,21.118918601412716,17.772284103848357
132.22453339679964,94.87506012297459,20.83933629002688,17.62613299386447
132.13332535839064,93.23887808780097,20.41652554996068,17.872362979790438
130.11313833338883,92.83812863294412,19.63576557052742,18.071220135824518
128.1530480188418,90.6047386907639,19.40016522377638,17.788536047790462
126.42752659057145,90.55470117188192,19.338140054012083,17.30309974783693
124.45875056517822,88.2248355613557,19.238058051953914,16.771587186660554
122.2072605460777,87.54859894947336,19.20705112808522,16.42381529964911
122.07950091505512,86.2963415334165,18.901882513365774,16.685578624704362
120.21107052991007,84.2627174777908,18.717618469025474,16.831701921325376
118.37350005373526,83.24054407470761,18.475315574533923,16.077874551176592
118.04974451480086,83.05355969345683,18.03519229529579,15.908026135124693
116.43536393305655,81.13353625392224,17.52401869363247,15.473861854020246
114.07200730869994,79.6779724979894,17.056723330470188,15.787985059948175
