148.0,15.0,10.0,20.0
147.10141074588904,14.195170611271166,9.933846293072433,20.677992669882926
145.7576516093959,14.715211764077221,10.24838975561433,20.587100288448553
141.9821694193764,16.049309927233452,10.618464637718827,21.74871169436783
140.19330986102204,16.226916697070727,11.183412618787447,21.89562667729997
139.09393720306235,17.225631470231097,11.325935385853827,21.954419679832235
137.70311146028018,17.696673464848413,11.003335833909421,22.047086036433853
135.62783182817446,18.71509408296638,11.04858795030807,23.602388554534123
133.4077209165074,20.421478218727874,11.195554274552268,22.87290496994234
132.48707028027746,20.612988187698406,10.92256184715575,23.018458456965377
130.24087975158173,21.876226029530667,11.207342025890746,22.595783212629094
128.78070074637472,22.777781795651222,10.979346876224874,22.36684826042793
127.13511234549084,23.79738459121683,10.648546728169872,22.39734378348117
127.16604845322853,23.80094035673711,10.58667451269449,22.390232252440605
125.15444324435224,25.321903388271846,10.522389244661115,22.41392795371059
122.86061391812834,24.85753867887627,11.028763179873565,23.34265737250174
120.88792052597472,26.213887436570047,11.246459474568965,24.357650346726043
120.36896941368154,26.820612232435806,11.182144923755935,23.695309142694214
117.98862316223214,26.916451323078363,11.07976343557355,23.5036309614091
115.92082749819693,28.480596310693326,11.465017045983103,24.66144123493445
113.88255751455061,29.430672483044404,11.626099627542182,24.43934205554668
113.57724628590222,29.234250285217538,11.67779534158407,24.832186451200407
111.44524213608416,31.541341723146623,11.41737382291464,25.30798712093596
109.88371495785641,31.379464453193215,11.132933524823938,26.767573212358176
109.6516836580933,31.977231299019998,11.596996124350127,26.740088298239243
107.06831248444237,34.779203825986386,12.029003329344514,28.238245957767717
104.86705030047386,33.766266725750256,12.083457773947668,28.40066161966832
104.91195425191992,35.22531367526104,11.993649871055524,27.35596206211633
104.61904246228491,35.59720640347197,11.971715352706951,27.827692800931693
104.33342153394088,36.5877142236488,11.928755739386101,27.075080100595862
104.57535370723608,37.91054239583003,11.44489139279571,28.647232729411282
104.70101596706186,39.557978649319196,11.19356687314414,28.435716891506488
104.81983204307784,39.57593291403149,10.955934721112191,27.790671491545393
104.6796654371366,41.74058168748836,11.236267932994657,27.63064625529139
104.76291313519832,44.30246974534491,11.66808232855648,26.096728889689786
106.33659935742537,42.85787952280256,12.02332282385826,27.818371688189174
114.48191021722164,42.657236404651634,12.95209122378597,27.604679705936736
116.51647964379409,43.219379699248776,13.908408881157623,26.48039311674244
116.40624215230942,43.51653180375639,14.128883864126937,26.514382401029316
111.92776212644674,46.93855334222074,13.597173185185131,25.99611981121206
118.75181890535734,46.84536269232228,14.113049236702707,26.182501111008975
121.16687481338045,48.57050111123293,14.302288936124004,27.124156849221755
123.03759200497024,48.42012263128433,14.42800845619808,27.424913809118948
125.18384612190023,48.59269337246175,14.04214660752852,28.381987788494236
128.17282558618305,48.34181858504735,13.99056243526857,28.88373736332303
132.66375288063296,49.227049939651124,14.317643111811279,27.778198601647084
134.75097798952464,49.940860198248785,14.723986383586848,28.313775294262776
142.59006477725887,51.60748183399137,13.769522559120261,28.32682969345985
145.38586294839527,52.44195796957955,13.401525731924586,27.31082736166814
148.21750186086058,52.085079452134096,13.423688829914276,26.761153080354543
154.6899334640391,50.60756248947385,12.959970805492699,27.844015228384727
157.6200945461421,49.09031072752993,12.154085302154336,29.614909587055646
164.07738511276096,46.93890134255083,14.034265196684895,29.414975000736547
164.66691143060507,46.888529094115476,14.875523233657782,26.821971934059125
173.9231203536992,47.394720668530745,14.55977232483146,28.40911263342315
176.13479277425654,46.77106348807533,15.479071913058707,26.985104779663033
182.94464434082894,47.22813666172135,15.110601715680492,26.070958432370993
184.04243347633138,46.09078751401714,15.486065831091429,24.489093148155696
187.94005116725853,45.38993171720636,14.57161586908866,24.014226899999574
192.64123578539667,45.35633991164948,13.612438852453305,24.081410511113333
195.24572457861916,45.50596409583831,13.106280490270796,23.78216214273568
202.0937878878142,42.681395005271405,12.630693730485234,24.832851677398367
204.26948898117118,42.51536375376907,12.353998741074982,24.582813152216787
208.68901105915953,40.7163568476286,12.119808861609549,24.165228302125783
210.8319513111532,40.088131811933906,11.778369013486298,24.2946953289826
215.24840451820089,40.543091151413556,11.896912298442608,23.384776650023298
217.6281591361736,39.60223588094337,11.523039224143204,23.621873630346435
220.05790000381737,38.4786382792299,11.570380420913148,24.233461189754202
224.41658484592833,37.30071486118295,11.17731652148842,23.814539430915683
226.47142966838337,36.41590312994278,11.403581565055287,22.874191213097966
228.0287034040873,35.13550287002445,11.48222044536562,22.24180538121636
229.80842476573085,35.18494146462436,11.59277933616766,22.142928192016562
233.65803418269675,33.80386203293411,11.239864848371717,22.281406931777084
235.21239180216546,33.78956148227249,11.255262298505446,21.789322584921813
238.10728757307112,33.905124174948426,11.116547379857149,21.558197199569932
240.2277549337864,30.64422260198445,10.939228642938032,20.96867237260289
241.97431431324316,30.48327727344001,10.919804691479715,21.290563029691768
243.4810282933202,30.605195294141907,10.910179340791775,21.54736075653233
244.95113412640973,29.123305041140583,10.995367499496146,21.48574143765158
245.1117628812766,29.362095092853355,11.178910050781422,21.512961395245135
260.82447332905616,26.82883734882759,10.763544114540998,22.00422287290539
262.9580234550523,24.240484073446936,10.56348858716954,21.588742927313024
263.62107985233814,24.123689263031395,10.733885663477139,20.82465930089121
253.34769314879753,24.511577516420356,11.166367963256464,20.04888279411329
254.96972820295994,24.223535529660168,11.328342181176884,19.651811245849306
256.39757415978386,24.258375492742683,10.889921641015576,20.065585594381567
256.5956946180026,24.036800499108917,10.493680724578141,20.5087355816491
259.7102871703554,22.294389450110366,11.009923672347261,19.657211074483882
261.521664713799,21.766765939145372,10.73403039243858,20.71245809641387
263.12074397985276,20.433213858647093,10.46955801058487,21.912719182283553
263.0664974878791,18.52036841590688,10.578050994532187,21.72293917799408
264.4827686411478,18.502250455805296,10.751810209874291,21.75917509819725
265.1680233053318,17.707756907303757,10.895084273967207,21.834378802739387
264.8285798721076,16.587536448101215,11.06579489826618,21.533938510397036
277.2234116399801,15.164829114889368,11.612202337176988,20.32558182087579
277.6343429142288,14.783312218714826,11.28859548784376,20.09210421489658
278.8822067714332,13.212343728697677,11.239359911018804,19.808952202313552
279.82696894096614,13.272693035090533,11.771192342405195,19.203982235437365
281.65328789893135,11.843299923296417,11.508474771391297,19.157122449097173
281.9540872952958,11.566225750227026,11.386028670808372,19.232118103090038
